5.212179704  
4.432175164  
3.438899611  
2.776494049  
2.761022805  
3.374422242  
4.292402176  
5.033546397  
5.170735109  
4.521552688  
3.241290359  
1.778358072  
0.7046492719  
0.4826776556  
1.258731952  
2.7654119  
4.378980501  
5.320013753  
4.930748768  
2.929843896  
-0.4515285144  
-4.509402259  
-8.277664056  
-10.84192154  
-11.64828232  
-10.69604893  
-8.541159308  
-6.102747435  
-4.336142517  
-3.885771362  
-4.842403183  
-6.69553498  
-8.504364643  
-9.232930733  
-8.134422264  
-5.048364583  
-0.5012927154  
4.432054908  
8.466362292  
10.53040887  
10.13340567  
7.544427541  
3.718581265  
-0.01017635044  
-2.368775967  
-2.56962523  
-0.575940079  
2.883048687  
6.553228597  
9.072284109  
9.421985056  
7.264924794  
3.054974043  
-2.111653981  
-6.850193935  
-9.923977668  
-10.61752277  
-8.925732875  
-5.505365958  
-1.417431691  
2.240954888  
4.683864175  
5.645712454  
5.389629247  
4.526823057  
3.725692808  
3.425453547  
3.661996836  
4.06777862  
4.040394682  
3.011322535  
0.7099971559  
-2.678526716  
-6.52357038  
-9.925531263  
-11.99751301  
-12.15268351  
-10.29729152  
-6.8640571  
-2.677838025  
1.296440162  
4.23528853  
5.67389136  
5.593195958  
4.360465848  
2.558913986  
0.7774174741  
-0.5620025473  
-1.283874048  
-1.43258858  
-1.168966731  
-0.6473741174  
0.06725539775  
1.006501206  
2.231540643  
3.730373706  
5.336112182  
6.716326534  
7.453324225  
7.193789242  
5.811103832  
3.51006903  
0.8191309803  
-1.544826984  
-2.903839925  
-2.862197622  
-1.475029067  
0.7291847021  
2.894978338  
4.117016192  
3.758494227  
1.699590091  
-1.577717553  
-5.109573452  
-7.745701618  
-8.527723431  
-7.024214949  
-3.505919844  
1.104740097  
5.500530429  
8.389302148  
8.896796548  
6.839397585  
2.776403478  
-2.174723697  
-6.697190546  
-9.686996901  
-10.58136772  
-9.497351314  
-7.141022863  
-4.526835331  
-2.610131362  
-1.96239595  
-2.599481973  
-4.015770213  
-5.40306899  
-5.968492716  
-5.233343031  
-3.205787421  
-0.3689650562  
2.505394116  
4.644733057  
5.556837293  
5.201564226  
3.992740122  
2.633393314  
1.848440596  
2.11528682  
3.491463561  
5.600900279  
7.780736793  
9.331381013  
9.775215907  
9.027605318  
7.41771484  
5.553139415  
4.080548919  
3.432946336  
3.658646762  
4.396603632  
5.008432322  
4.819615368  
3.382103933  
0.6623379422  
-2.914545365  
-6.581867543  
-9.469864186  
-10.88248745  
-10.51686112  
-8.551052258  
-5.573377372  
-2.382202741  
0.2704045615  
1.900855606  
2.407481017  
2.042439406  
1.261682211  
0.5158411072  
0.06403973848  
-0.1192097091  
-0.3112064946  
-0.8984263033  
-2.182054685  
-4.209466588  
-6.69990802  
-9.097558815  
-10.73774074  
-11.06944475  
-9.855335486  
-7.276581989  
-3.902295818  
-0.5299654855  
2.051960884  
3.301430669  
3.082129231  
1.693372516  
-0.2374474794  
-1.962594241  
-2.852921256  
-2.590988574  
-1.258847301  
0.7028735392  
2.645929947  
3.923058594  
4.086800139  
3.018546242  
0.9536554479  
-1.597012359  
-3.997441606  
-5.658496838  
-6.180482587  
-5.429838964  
-3.537724952  
-0.8327258832  
2.262985774  
5.339291237  
8.076964069  
10.28471159  
11.89488281  
12.93005343  
13.45802089  
13.5512454  
13.26094998  
12.6088898  
11.59436286  
10.21111718  
8.468578717  
6.41247663  
4.140615087  
1.809417975  
-0.3731035844  
-2.171150348  
-3.361415645  
-3.784121699  
-3.393167051  
-2.289947933  
-0.7262863311  
0.9315400131  
2.274570872  
2.94326572  
2.715373314  
1.563191356  
-0.3390400569  
-2.662306457  
-5.011790043  
-7.030725969  
-8.486658658  
-9.313364461  
-9.59706054  
-9.515330885  
-9.254166473  
-8.935956519  
-8.586278036  
-8.151194724  
-7.555639321  
-6.775510911  
-5.888892175  
-5.078668154  
-4.578143326  
-4.575679226  
-5.11462732  
-6.031855474  
-6.968298645  
-7.460096864  
-7.087802292  
-5.635131321  
-3.198722342  
-0.2014182399  
2.708081637  
4.846664301  
5.721444901  
5.212140144  
3.643600446  
1.71356017  
0.2880664079  
0.1234129971  
1.60256156  
4.574750231  
8.357644672  
11.91055788  
14.13155151  
14.1890854  
11.78508293  
7.265812604  
1.544159559  
-4.143945106  
-8.574303747  
-10.85837267  
-10.66011044  
-8.245915188  
-4.362450542  
0.009112829321  
3.938249111  
6.779384015  
8.288979899  
8.603256238  
8.102673011  
7.224695009  
6.29746176  
5.451258533  
3.41771778  
5.477283097  
6.105543848  
5.347464141  
3.692257354  
1.89818027  
0.7260817838  
0.6749481994  
1.811278916  
3.750665901  
5.796510358  
7.186069582  
7.357155839  
6.142508627  
3.825120731  
1.036889137  
-1.462094989  
-3.045171034  
-3.429837317  
-2.764709325  
-1.563981415  
-0.5144766512  
-0.2246852812  
-1.00473765  
-2.754434656  
-4.997664443  
-7.049734888  
-8.257593123  
-8.227799929  
-6.962159174  
-4.853907258  
-2.546564104  
-0.7056188728  
0.2166004981  
0.1405527409  
-0.6120172186  
-1.430692762  
-1.631338247  
-0.6997300958  
1.519073049  
4.749450041  
8.355339901  
11.52747436  
13.52498392  
13.89220571  
12.58204165  
9.95026486  
6.628758518  
3.324780079  
0.6148493525  
-1.200680965  
-2.140810144  
-2.480277784  
-2.610729798  
-2.881099697  
-3.474110581  
-4.358310086  
-5.324877039  
-6.087317929  
-6.400985968  
-6.155620309  
-5.407641513  
-4.344323846  
-3.198652504  
-2.151982483  
-1.26465583  
-0.4621568736  
0.4186174884  
1.542676347  
2.985651801  
4.675635666  
6.392963935  
7.830048022  
8.689819656  
8.785752309  
8.105142185  
6.810705835  
5.178768297  
3.496720313  
1.95853486  
0.598958048  
-0.7066037416  
-2.173771299  
-3.99575863  
-6.22645405  
-8.705204455  
-11.05560228  
-12.76548028  
-13.32675291  
-12.39166597  
-9.894525412  
-6.097712583  
-1.544754591  
3.066888711  
7.054898713  
9.911835266  
11.40860829  
11.61429121  
10.83279316  
9.483297413  
7.967446163  
6.566782492  
5.399637688  
4.443006897  
3.601114191  
2.786718626  
1.979430164  
1.237254202  
0.6586022078  
0.3135722073  
0.1772747915  
0.09860896188  
-0.1750605788  
-0.9188713701  
-2.321415712  
-4.384917467  
-6.874783795  
-9.344638603  
-11.23830862  
-12.04314878  
-11.44940524  
-9.464823061  
-6.44513297  
-3.025878629  
0.02854762463  
2.016848133  
2.478902986  
1.309297651  
-1.224585833  
-4.56177887  
-7.997586212  
-10.85817579  
-12.64999635  
-13.14562542  
-12.39027546  
-10.63858208  
-8.251256479  
-5.589330138  
-2.938455035  
-0.4801628325  
1.692605517  
3.534306869  
5.005575097  
6.053495101  
6.622366483  
6.688296192  
6.298916226  
5.595777651  
4.803242224  
4.181268855  
3.955047039  
4.245662613  
5.027988538  
6.13385835  
7.302771352  
8.264833761  
8.82796579  
8.938662754  
8.694092165  
8.300383646  
7.991409845  
7.937188368  
8.175375438  
8.591660081  
8.957334362  
9.011537532  
8.558899484  
7.547008463  
6.094810577  
4.460310963  
2.957998213  
1.854778465  
1.281511875  
1.191891076  
1.383470792  
1.572998212  
1.498334223  
1.009437888  
0.1150243268  
-1.031815552  
-2.202606329  
-3.189704209  
-3.891626696  
-4.353146823  
-4.743045602  
-5.276889906  
-6.114566987  
-7.273936828  
-8.597766775  
-9.791987606  
-10.52596836  
-10.56001927  
-9.851751404  
-8.597273396  
-7.184865916  
-6.070806086  
-5.617707094  
-5.953550268  
-6.90661203  
-8.047621542  
-8.832753371  
-8.802850414  
-7.769476968  
-5.917164096  
-3.77593417  
-2.061624769  
-1.429275945  
-2.22030924  
-4.293465691  
-7.007570922  
-9.376726441  
-10.36029332  
-9.200763181  
-5.699846515  
-0.3363215119  
5.824265139  
11.41188589  
15.14615761  
16.22176302  
14.56216051  
10.85664827  
6.362782473  
2.53098236  
0.5661953043  
1.063427619  
3.831816687  
7.962521338  
12.1179266  
14.94923739  
15.50914234  
13.52950099  
9.479398574  
4.391355934  
-0.4813555256  
-4.060212855  
-5.759999539  
-5.630187582  
-4.280996758  
-2.629010229  
-1.556357834  
-1.603009764  
-2.795772503  
-4.66673706  
-6.446443485  
-7.356903453  
-6.897252593  
-5.021112943  
-2.14631627  
1.000882856  
3.645869259  
5.233022624  
5.603353384  
5.020431613  
4.039530746  
3.272796149  
3.141059455  
3.706971692  
4.653218853  
5.414929419  
5.417202942  
4.328136766  
2.229926425  
-0.3612938944  
-2.642069046  
-3.788940084  
-3.255013313  
-0.9905849111  
2.493893507  
6.25105859  
9.170605503  
10.31576485  
9.211451271  
5.988788814  
1.338979522  
-3.705963295  
-8.090315418  
-11.04264533  
-12.27359063  
-12.00283249  
-10.81536503  
-9.406448732  
-8.311671687  
-7.720498928  
-7.43845178  
-7.006927835  
-5.931100472  
-3.926428521  
-1.087428217  
2.089205037  
4.84138594  
6.393338569  
6.233524708  
4.318057944  
1.122825299  
-2.480390936  
-5.486916322  
-7.074729082  
-6.866013422  
-5.045045019  
-2.290829357  
0.4542253055  
2.30251933  
2.719591107  
1.702411825  
-0.2219494224  
-2.176435336  
-3.232348145  
-2.726526708  
-0.4928015134  
3.067263892  
7.095476359  
10.53166487  
12.42822643  
12.22441314  
9.896868993  
5.9457694  
1.230020165  
-3.288560284  
-6.807693521  
-8.873943448  
-9.449140526  
-8.847820709  
-7.581377016  
-6.170413544  
-4.989470899  
-4.188966203  
-3.706741462  
-3.348670623  
-2.896436918  
-2.197173637  
-1.203954788  
0.03925073305  
1.45004058  
2.964783179  
4.568697345  
6.281900088  
8.107002814  
9.963995247  
11.64736023  
12.834465  
13.15487948  
12.30499689  
10.17097202  
6.914261081  
2.982384849  
-0.9694731921  
-4.230265653  
-6.215983088  
-6.628069221  
-5.536937574  
-3.362564124  
-0.7563235164  
1.580434203  
3.085828577  
3.478009863  
2.806734429  
1.405184894  
-0.2368722016  
-1.633891117  
-2.446658586  
-2.562836667  
-2.09644384  
-1.315066633  
-0.527022482  
0.02856728575  
0.2507191442  
0.1843487595  
-0.02961348177  
-0.2372108679  
-0.3523721604  
-0.4033362497  
-0.5268704919  
-0.9132126813  
-1.723489114  
-3.011522559  
-4.680008239  
-6.488121025  
-8.108674053  
-9.215159149  
-9.568700562  
-9.075751929  
-7.798671897  
-5.918668661  
-3.667723413  
-1.25651579  
1.174322157  
3.562322368  
5.889659733  
8.123715741  
10.15830888  
11.78331115  
12.70097591  
12.5907388  
11.2061195  
8.473938927  
4.562095634  
-0.110551079  
-4.932421675  
-9.215411293  
-12.34078576  
-13.89645232  
-13.76830165  
-12.16032877  
-9.537691773  
-6.507991591  
-3.672860487  
-1.489512367  
-0.1783459649  
0.3008631222  
0.2012075957  
-0.1137444347  
-0.2952820725  
-0.1206548189  
0.4421538791  
1.233958664  
1.967057872  
2.331297401  
2.110719873  
1.274483949  
0.01266675977  
-1.296748896  
-2.183423413  
-2.217627215  
-1.143362213  
1.027296359  
3.98824985  
7.192971178  
9.976780753  
11.71704281  
11.98908468  
10.67575771  
8.000786058  
4.476824036  
0.7826258031  
-2.396942917  
-4.524920114  
-5.32026592  
-4.794572308  
-3.213611786  
-1.001559912  
1.379140542  
3.535308623  
5.208759609  
6.287768284  
6.771341307  
6.709078535  
6.145903259  
5.096136238  
3.557462318  
1.557327505  
-0.7908078818  
-3.250408588  
-5.468198878  
-7.032998775  
-7.576331874  
-6.886175014  
-4.996295526  
-2.21727038  
0.9088163299  
3.724694969  
5.616671948  
6.17189281  
5.288133612  
3.202501572  
0.4287625264  
-2.380033787  
-4.604789568  
-5.820196462  
-5.896398891  
-5.015650969  
-3.602546929  
-2.191489699  
-1.272030203  
-1.156862503  
-1.907955756  
-3.337195775  
-5.075349842  
-6.684349248  
-7.777937014  
-8.116957935  
-7.656291669  
-6.53656421  
-5.029654543  
-3.458226102  
-2.113359689  
-1.19092206  
-0.7591179608  
-0.7596838456  
-1.036934712  
-1.38382035  
-1.592999412  
-1.5023819  
-1.027396178  
-0.1753125512  
0.9603036186  
2.224151724  
3.438650049  
4.450536962  
5.173630361  
5.615290943  
5.87619943  
6.118987851  
6.510630884  
7.153367413  
8.026078572  
8.958800366  
9.655894416  
9.769228793  
9.00533673  
7.235862788  
4.574220829  
1.387084157  
-1.773201215  
-4.304418645  
-5.723377231  
-5.817341777  
-4.727407429  
-2.930195468  
-1.114165525  
0.01924546396  
-0.0276057033  
-1.381280535  
-3.735795699  
-6.423011249  
-8.60009724  
-9.50118206  
-8.677081027  
-6.147589465  
-2.415659058  
1.665029047  
5.131387995  
7.188168875  
7.435527641  
5.976121475  
3.368765846  
0.4444025902  
-1.955880739  
-3.236473249  
-3.215014543  
-2.150377409  
-0.6253328558  
0.673727983  
1.204091753  
0.7571730025  
-0.4716694428  
-1.956307971  
-3.029775696  
-3.125186722  
-1.98470021  
0.2354115271  
3.000414863  
5.562731311  
7.202878485  
7.465695644  
6.313149367  
4.142612508  
1.663968885  
-0.3246588923  
-1.189809648  
-0.6626094212  
1.077885539  
3.463184344  
5.714961571  
7.086733092  
7.090189967  
5.635681543  
3.045796625  
-0.0575031298  
-2.951819485  
-5.033504135  
-5.987964849  
-5.860747357  
-5.013121364  
-3.983094653  
-3.301495097  
-3.323691215  
-4.128536949  
-5.511294414  
-7.065529653  
-8.321271242  
-8.891648382  
-8.581708656  
-7.429540234  
-5.674264205  
-3.669532042  
-1.776422034  
-0.2721821616  
0.6989201378  
1.124375912  
1.082457797  
0.6850242769  
0.03038493763  
-0.8150342808  
-1.80195957  
-2.861503565  
-3.867671006  
-4.621832919  
-4.873710695  
-4.378981094  
-2.978092128  
-0.6701581576  
2.345976368  
5.68325976  
8.834562827  
11.28318135  
12.62668613  
12.67888774  
11.51905851  
9.471893544  
7.021427186  
4.681603771  
2.859461399  
1.749882886  
1.292538162  
1.204349545  
1.079276697  
0.5277063394  
-0.6843278462  
-2.537001632  
-4.730132456  
-6.739709308  
-7.946241999  
-7.803369576  
-6.002772076  
-2.590426661  
1.999801502  
7.009089876  
11.50247842  
14.5705644  
15.53645603  
14.11765628  
10.50237099  
5.320085952  
-0.4881384636  
-5.869735972  
-9.884097687  
-11.89711597  
-11.70231637  
-9.542800891  
-6.032966723  
-2.003196288  
1.691750403  
4.353544306  
5.56901279  
5.261499022  
3.660957195  
1.209534319  
-1.566155864  
-4.180055889  
-6.278370003  
-7.680511234  
-8.368228904  
-8.436523285  
-8.028690524  
-7.278735416  
-6.277993287  
-5.072034146  
-3.682537705  
-2.140688305  
-0.5159962537  
1.072330409  
2.466961305  
3.503725062  
4.052376009  
4.053589625  
3.540445118  
2.637921671  
1.540638853  
0.4751761844  
-0.3433448201  
-0.7505806883  
-0.6609357632  
-0.08086755802  
0.892256554  
2.083391061  
3.262484698  
4.174662101  
4.576644925  
4.277629579  
3.180785781  
1.318490345  
-1.128072169  
-3.834676085  
-6.371678485  
-8.273245779  
-9.128883244  
-8.67927707  
-6.893124686  
-4.002221139  
-0.4794893454  
3.042202918  
5.896956902  
7.531065051  
7.631529041  
6.2042876  
3.579468875  
0.3391851862  
-2.816212432  
-5.23031592  
-6.439613187  
-6.270304671  
-4.857986362  
-2.586538638  
0.03464201689  
2.518334426  
4.528301934  
5.951325523  
6.891980293  
7.593629668  
8.31251077  
9.187413099  
10.15018623  
10.91082028  
11.02805938  
10.04906416  
7.677811199  
3.919320496  
-0.8499647367  
-5.916426812  
-10.36924589  
-13.31509139  
-14.11172689  
-12.55498604  
-8.962736271  
-4.125604185  
0.8694078757  
4.90013193  
7.087518313  
7.016240978  
4.837016909  
1.221575524  
-2.818403232  
-6.199529863  
-8.049262843  
-7.926406168  
-5.921205834  
-2.610867144  
1.113267171  
4.295729044  
6.173404855  
6.368738626  
4.970416522  
2.485703776  
-0.3152952647  
-2.614958005  
-3.761734992  
-3.426065582  
-1.663223305  
1.123884319  
4.301488052  
7.162504993  
9.080989777  
9.627741869  
8.62810266  
6.162044904  
2.521337525  
-1.854950946  
-6.447750569  
-10.71756676  
-14.15536175  
-16.32988103  
-16.93653918  
-15.84728983  
-13.15250135  
-9.179462797  
-4.471599265  
0.2803565131  
4.350742902  
7.115220721  
8.179729712  
7.468118729  
5.24218776  
2.044765752  
-1.422316844  
-4.454810788  
-6.496482163  
-7.24470617  
-6.686170702  
-5.058604369  
-2.756001649  
-0.2098558986  
2.216829332  
4.2939204  
5.934481373  
7.157843872  
8.027360165  
8.590924019  
8.847799604  
8.752438355  
8.249978187  
7.325076889  
6.040591417  
4.547032501  
3.055790166  
1.783987634  
0.8908040325  
0.4293252079  
0.3329937819  
0.4431449605  
0.5688412389  
0.5577927099  
0.3526504315  
0.01170289464  
-0.3142043198  
-0.4408157935  
-0.2247425276  
0.3738322921  
1.262827332  
2.235033356  
3.02473269  
3.385031611  
3.159765405  
2.326205828  
0.995628014  
-0.6262487651  
-2.303125825  
-3.832965206  
-5.091640837  
-6.042616645  
-6.713276764  
-7.151354687  
-7.38170321  
-7.382528201  
-7.091355247  
-6.438289179  
-5.392395534  
-4.000977844  
-2.403493261  
-0.8112213287  
0.543050253  
1.469117745  
1.874842919  
1.79277403  
1.367398392  
0.806357064  
0.311877045  
0.01592143844  
-0.05856301785  
0.003000457322  
0.04645021312  
-0.08652161395  
-0.4912418669  
-1.153488762  
-1.939153607  
-2.623431591  
-2.949688664  
-2.699175733  
-1.750398679  
-0.1119606858  
2.077588058  
4.578558571  
7.095473373  
9.324438227  
10.99124633  
11.87580075  
11.82542277  
10.76379704  
8.701768618  
5.75146647  
2.138735138  
-1.796142091  
-5.620095225  
-8.857075793  
-11.06277875  
-11.91076725  
-11.26915226  
-9.245634517  
-6.184596063  
-2.611752583  
0.8639049707  
3.669089187  
5.378207457  
5.79217974  
4.966955033  
3.187827689  
0.8990246821  
-1.392370863  
-3.215562301  
-4.218361491  
-4.219829291  
-3.228777973  
-1.430807285  
0.8494010094  
3.202647124  
5.199410116  
6.457027223  
6.702884559  
5.82505768  
3.90064344  
1.19280737  
-1.888232766  
-4.857455346  
-7.248378177  
-8.707435269  
-9.066149881  
-8.371393368  
-6.864325418  
-4.912868377  
-2.916422485  
-1.210093078  
0.004294762541  
0.6820925071  
0.9114555944  
0.8536426555  
0.6722140691  
0.4776803855  
0.306559793  
0.1391503527  
-0.05581548372  
-0.2727027857  
-0.4415051713  
-0.4374159862  
-0.1273669657  
0.5636626088  
1.594884727  
2.788827369  
3.863618958  
4.514657566  
4.520983121  
3.838473103  
2.64235786  
1.296532602  
0.2523514765  
-0.09393144311  
0.4619822511  
1.850200239  
3.731830699  
5.595228414  
6.914575757  
7.318331704  
6.709267575  
5.29273314  
3.501417117  
1.841738567  
0.7162387995  
0.2865146309  
0.4278121533  
0.7935627562  
0.9671173695  
0.6439086672  
-0.2266756783  
-1.39830626  
-2.40690648  
-2.749385854  
-2.099082338  
-0.4761818157  
1.697847842  
3.694664662  
4.702149975  
4.106678124  
1.737755098  
-2.015939825  
-6.271062345  
-9.886834525  
-11.80660205  
-11.39535803  
-8.660655711  
-4.278574415  
0.5910451382  
4.645963611  
6.831789605  
6.65509706  
4.317465314  
0.6272795705  
-3.279813743  
-6.31696137  
-7.792007319  
-7.607888643  
-6.252994257  
-4.589739425  
-3.519053293  
-3.640725325  
-5.029648933  
-7.206302533  
-9.31080256  
-10.41790973  
-9.880609501  
-7.579923289  
-3.991483412  
-0.04392471804  
3.18295622  
4.816183288  
4.480229248  
2.420488311  
-0.5818420037  
-3.472579879  
-5.273282534  
-5.395766979  
-3.816051089  
-1.05186141  
2.043096982  
4.591636262  
6.000498458  
6.155205879  
5.436669067  
4.557948225  
4.28279797  
5.128159492  
7.156650667  
9.931957031  
12.65207642  
14.41351822  
14.51525933  
12.69941256  
9.249255196  
4.915143892  
0.6967973741  
-2.443739187  
-3.845320145  
-3.307459474  
-1.105859058  
2.127357873  
5.607427174  
8.612194896  
10.64185816  
11.48413026  
11.18378149  
9.948899963  
8.042863187  
5.70661993  
3.134068326  
0.4948015501  
-2.024273735  
-4.194624556  
-5.76501797  
-6.526479325  
-6.40054014  
-5.511336305  
-4.20240923  
-2.976976913  
-2.369530782  
-2.78554761  
-4.362886158  
-6.905732857  
-9.919665364  
-12.74207703  
-14.72846777  
-15.43451793  
-14.73456118  
-12.83885671  
-10.20754837  
-7.39495904  
-4.880906771  
-2.947714604  
-1.641814127  
-0.8253681734  
-0.2888657338  
0.126419758  
0.448634152  
0.5710783521  
0.3236092182  
-0.4128761621  
-1.601010713  
-3.000904377  
-4.210937594  
-4.787618225  
-4.402805281  
-2.977950662  
-0.7395705069  
1.832681797  
4.153850949  
5.728059728  
6.319230417  
6.033081481  
5.275595931  
4.598292381  
4.483795011  
5.150150901  
6.448792293  
7.89903729  
8.852706543  
8.733250748  
7.263599141  
4.597145489  
1.298578055  
-1.825799018  
-3.99327042  
-4.713456038  
-3.963844624  
-2.205690079  
-0.2293176599  
1.121050126  
1.248119274  
0.02135261455  
-2.164541487  
-4.51723454  
-6.11950245  
-6.253677804  
-4.664319852  
-1.665425719  
1.948115507  
5.156965974  
7.054637182  
7.149755886  
5.529054591  
2.825152987  
0.001113276972  
-1.972786535  
-2.437910383  
-1.252667325  
1.183297925  
4.089194201  
6.585802762  
7.99744912  
8.065839607  
7.002997896  
5.370732273  
3.837778132  
2.909599888  
2.734035944  
3.055844175  
3.335971535  
2.988558616  
1.643457592  
-0.6686303635  
-3.483309776  
-6.040173636  
-7.544951311  
-7.461650699  
-5.726140389  
-2.798518751  
0.4712432449  
3.122023112  
4.408239246  
4.05800654  
2.368025834  
0.09700972788  
-1.808852939  
-2.563784102  
-1.840428238  
0.09026060841  
2.431801445  
4.127833343  
4.232176138  
2.255937836  
-1.630484808  
-6.614741468  
-11.47880024  
-14.97827945  
-16.23875078  
-15.03549952  
-11.86170646  
-7.761128839  
-3.981010753  
-1.56189189  
-1.002292624  
-2.110631036  
-4.093103201  
-5.846237322  
-6.353604696  
-5.051294853  
-2.03773415  
1.9436655  
5.743697781  
8.188452868  
8.474770597  
6.447869404  
2.668209047  
-1.75538525  
-5.512354619  
-7.504016747  
-7.190064464  
-4.756342937  
-1.050617818  
2.692067416  
5.246057254  
5.787609992  
4.160046366  
0.9298324489  
-2.781828316  
-5.637836686  
-6.489363294  
-4.722741463  
-0.4468586739  
5.530752724  
11.9268617  
17.33435929  
20.59826745  
21.10890099  
18.93408963  
14.76229018  
9.683334828  
4.87756123  
1.304794348  
-0.521733595  
-0.6214586998  
0.5193098836  
2.133862328  
3.420138478  
3.77116701  
2.928086997  
1.019932  
-1.510891561  
-4.066179097  
-6.08041776  
-7.183347738  
-7.291555637  
-6.60766817  
-5.534057  
-4.532476069  
-3.975237921  
-4.033702409  
-4.636581452  
-5.508078373  
-6.271075923  
-6.580680855  
-6.244399977  
-5.289723902  
-3.95662  
-2.616385469  
-1.642252997  
-1.273640602  
-1.519438663  
-2.134913179  
-2.684348032  
-2.674147668  
-1.717370726  
0.321762193  
3.25143612  
6.572944929  
9.598429428  
11.63489575  
12.1815859  
11.0810327  
8.576160925  
5.252878654  
1.882264946  
-0.7925194618  
-2.261584006  
-2.384335599  
-1.415232573  
0.08811911432  
1.445688748  
2.068349168  
1.637765317  
0.1976333073  
-1.87072631  
-3.978890185  
-5.525113858  
-6.089006532  
-5.565234729  
-4.194355327  
-2.482129074  
-1.034096191  
-0.3588667768  
-0.702879882  
-1.968819626  
-3.74291125  
-5.421966264  
-6.40004816  
-6.256752507  
-4.889534801  
-2.550667953  
0.2208478395  
2.750270906  
4.414843265  
4.812712028  
3.865210248  
1.82608454  
-0.8005601824  
-3.405685382  
-5.439828509  
-6.549867544  
-6.652369726  
-5.928415015  
-4.748030241  
-3.551263823  
-2.722508992  
-2.492993993  
-2.894948458  
-3.774203259  
-4.851056801  
-5.807116858  
-6.371256991  
-6.381375039  
-5.808132256  
-4.739171837  
-3.333515871  
-1.763060326  
-0.1596765639  
1.417099605  
2.984332948  
4.613082491  
6.387750769  
8.360707755  
10.51610747  
12.753523  
14.89608993  
16.72092515  
18.00354532  
18.5645202  
18.30637458  
17.23189749  
15.44050013  
13.10553412  
10.44053498  
7.664788325  
4.977578264  
2.54629155  
0.5076661156  
-1.024139554  
-1.951998224  
-2.201471532  
-1.741598155  
-0.617398888  
1.016742997  
2.878346803  
4.567817589  
5.617917229  
5.579366598  
4.12753425  
1.164686466  
-3.111926355  
-8.201593879  
-13.36403198  
-17.7500854  
-20.5746464  
-21.29292918  
-19.73634139  
-16.17103624  
-11.25938682  
-5.928494198  
-1.173651421  
2.157681632  
3.549556503  
2.924094814  
0.6448718246  
-2.58326591  
-5.892490008  
-8.463667582  
-9.718900839  
-9.448047949  
-7.839787622  
-5.41226094  
-2.863616741  
-0.8823516022  
0.03356400755  
-0.2968387109  
-1.696306021  
-3.682075866  
-5.59741658  
-6.787127285  
-6.771606159  
-5.375006605  
-2.775057753  
0.5376721742  
3.880226962  
6.546341289  
7.9808115  
7.914747223  
6.427695239  
3.921808188  
1.016300656  
-1.608844017  
-3.378048777  
-3.950891312  
-3.285508732  
-1.62104338  
0.6116153643  
2.921898045  
4.894548841  
6.288693002  
7.074684117  
7.402483601  
7.516765747  
7.649870451  
7.929406678  
8.330816598  
8.689093702  
8.763384267  
8.330283441  
7.272321418  
5.630439294  
3.602382861  
1.488110047  
-0.398027058  
-1.817099719  
-2.665951231  
-2.98772087  
-2.930599128  
-2.672027021  
-2.338407964  
-1.952076057  
-1.426999745  
-0.6159937785  
0.6080763496  
2.269038843  
4.236712639  
6.232982506  
7.898438475  
8.900240625  
9.044410627  
8.350775623  
7.059178638  
5.558097582  
4.254517103  
3.426707464  
3.11126169  
3.067791548  
2.84090633  
1.906797745  
-0.1384634659  
-3.409293323  
-7.638211037  
-12.19772927  
-16.23857337  
-18.9088097  
-19.59087051  
-18.08491424  
-14.68105018  
-10.09551095  
-5.286905487  
-1.205346641  
1.452244788  
2.409407172  
1.852868005  
0.3417944434  
-1.384752781  
-2.640764258  
-2.994851286  
-2.380987347  
-1.089036019  
0.3560204555  
1.383273309  
1.571198469  
0.7875082507  
-0.768175982  
-2.628658643  
-4.206809417  
-4.978037584  
-4.640522548  
-3.205257742  
-0.9912959665  
1.468934362  
3.58298218  
4.863516586  
5.057557526  
4.20518948  
2.615269185  
0.7697615826  
-0.8127470002  
-1.714946915  
-1.723365188  
-0.8712753477  
0.5846750912  
2.243021462  
3.667102174  
4.496023148  
4.52965171  
3.7691104  
2.406549005  
0.7703888064  
-0.7579051607  
-1.834310159  
-2.228710858  
-1.870792648  
-0.8568485136  
0.5815373058  
2.137257025  
3.500179032  
4.424529252  
4.775706961  
4.547194487  
3.84646966  
2.856940528  
1.788542691  
0.8311985506  
0.1224961734  
-0.2652221078  
-0.3203508784  
-0.0775952183  
0.3969942973  
1.014701489  
1.665445809  
2.216932534  
2.52077671  
2.433767801  
1.856281406  
0.7803812493  
-0.6689054133  
-2.219842193  
-3.484773687  
-4.040379161  
-3.544756749  
-1.861558603  
0.8488252808  
4.108811592  
7.195622453  
9.300731944  
9.742054265  
8.171498425  
4.713395974  
-0.01721373534  
-5.036047333  
-9.228601449  
-11.64587038  
-11.77271486  
-9.68646  
-6.05122851  
-1.940489623  
1.467084777  
3.232076462  
2.936275543  
0.8144430536  
-2.308655324  
-5.261790758  
-6.881198729  
-6.369234735  
-3.548749884  
1.065125187  
6.398804552  
11.11990074  
14.0124899  
14.31568922  
11.92618058  
7.408873849  
1.819731515  
-3.598545764  
-7.751601671  
-9.959134544  
-10.07895733  
-8.466399132  
-5.799500281  
-2.840158664  
-0.2149125701  
1.716639964  
2.875647192  
3.375226254  
3.380573846  
2.983952194  
2.148993874  
0.7463159081  
-1.337596771  
-4.068803791  
-7.174113505  
-10.13853501  
-12.30779832  
-13.07024162  
-12.05850604  
-9.298480965  
-5.246637986  
-0.6929394498  
3.447053642  
6.38737746  
7.691530869  
7.38378239  
5.913918051  
3.986637347  
2.313219757  
1.370058441  
1.246805974  
1.636172369  
1.968433032  
1.643264293  
0.2770785646  
-2.122080262  
-5.115793147  
-7.949731663  
-9.785566258  
-9.973653027  
-8.275005244  
-4.95741737  
-0.7324715421  
3.446827174  
6.662052387  
8.289838007  
8.16447925  
6.5945272  
4.234755413  
1.862395391  
0.135966873  
-0.5832212192  
-0.2926141676  
0.7178873458  
2.025531127  
3.261757612  
4.254299344  
5.071856368  
5.957602785  
7.180784549  
8.867459379  
10.8802651  
12.80001493  
14.02478227  
13.95845871  
12.22605463  
8.839891252  
4.254255029  
-0.7182982132  
-5.109861159  
-8.059865392  
-9.05677767  
-8.083279532  
-5.619285893  
-2.501777331  
0.3150682512  
2.025919101  
2.186932376  
0.8145435384  
-1.652750061  
-4.509905466  
-7.004066088  
-8.546901126  
-8.85826405  
-8.005066617  
-6.334689149  
-4.334807503  
-2.470919714  
-1.054164154  
-0.1763539321  
0.2765308459  
0.5473861282  
0.9006561234  
1.522645192  
2.459266769  
3.604407479  
4.733891517  
5.566996415  
5.833287558  
5.327110295  
3.941671655  
1.684439461  
-1.319286978  
-4.828734514  
-8.495849606  
-11.88587504  
-14.51975649  
-15.94400533  
-15.82334238  
-14.03813391  
-10.75818271  
-6.462285622  
-1.882432902  
2.128771167  
4.784245867  
5.55755854  
4.332544874  
1.45942349  
-2.307856857  
-5.985233312  
-8.601696599  
-9.447383497  
-8.257248526  
-5.277145631  
-1.19212197  
3.063267151  
6.558254107  
8.609959954  
8.949116057  
7.762803539  
5.607208901  
3.222277469  
1.308027668  
0.3308742911  
0.4154300714  
1.347872686  
2.681089783  
3.900996314  
4.597446813  
4.586090744  
3.94738881  
2.978148159  
2.079290016  
1.621718295  
1.835109365  
2.752132132  
4.218852877  
5.958863948  
7.66237301  
9.067149113  
10.00613353  
10.41280612  
10.29291357  
9.683233686  
8.620305824  
7.134161838  
5.268159009  
3.111911504  
0.8264322004  
-1.357792538  
-3.17822304  
-4.405945505  
-4.918166988  
-4.749573933  
-4.098864223  
-3.281162293  
-2.63640717  
-2.421151677  
-2.719811994  
-3.40731628  
-4.179277684  
-4.643339259  
-4.444000293  
-3.380923729  
-1.481868614  
0.9938827055  
3.622431359  
5.929723442  
7.515120115  
8.143567543  
7.778253581  
6.547879281  
4.666623251  
2.341716842  
-0.2930187534  
-3.190831501  
-6.348164714  
-9.723101172  
-13.15342581  
-16.31510122  
-18.74914016  
-19.9600264  
-19.56049697  
-17.41618526  
-13.73776115  
-9.080849409  
-4.241984375  
-0.07304481882  
2.734610835  
3.831847063  
3.302468674  
1.632688593  
-0.4336033965  
-2.111021378  
-2.795150179  
-2.224535907  
-0.535317615  
1.80398825  
4.152175367  
5.895811845  
6.626531196  
6.242352157  
4.94771208  
3.1613365  
1.370061462  
-0.01900828621  
-0.7801775932  
-0.8975624915  
-0.5214775706  
0.1205730407  
0.8183509737  
1.441893404  
1.953300552  
2.371321796  
2.713344827  
2.948485872  
2.989300435  
2.731051087  
2.123858986  
1.244760207  
0.3315199864  
-0.2485025795  
-0.09682032545  
1.076480436  
3.319276149  
6.362631253  
9.642356198  
12.4236086  
13.99866499  
13.89867131  
12.04976192  
8.817329672  
4.916503613  
1.210914329  
-1.539218856  
-2.898919565  
-2.876639657  
-1.898058735  
-0.6427307704  
0.2022230475  
0.1876426516  
-0.7379695603  
-2.211517793  
-3.589398501  
-4.188262659  
-3.54963786  
-1.635120483  
1.119382632  
3.914698794  
5.832323678  
6.132011166  
4.503289636  
1.184600296  
-3.093045828  
-7.322350826  
-10.52624335  
-12.05406946  
-11.76978615  
-10.07073019  
-7.732577296  
-5.6346998  
-4.460073098  
-4.471541743  
-5.439154787  
-6.740660436  
-7.597537548  
-7.362635755  
-5.758554002  
-2.983980685  
0.3481103897  
