-8.250879233  
-6.172846017  
-4.298331664  
-3.089968343  
-2.69229902  
-2.943649302  
-3.497884847  
-3.999762342  
-4.241399447  
-4.238852582  
-4.201680564  
-4.411550977  
-5.062067605  
-6.127645716  
-7.31882805  
-8.148795212  
-8.093202149  
-6.788504697  
-4.196526557  
-0.6715216507  
3.101954215  
6.287771509  
8.139940033  
8.230236116  
6.587291854  
3.700445848  
0.385242174  
-2.447918552  
-4.049772201  
-4.033923592  
-2.464460108  
0.1925176568  
3.231639856  
5.928515543  
7.745664936  
8.461287859  
8.187054334  
7.27945906  
6.183920587  
5.27017611  
4.716071172  
4.476068595  
4.338855914  
4.046542513  
3.42731106  
2.49023866  
1.446067147  
0.644904597  
0.4517469981  
1.102923623  
2.594024036  
4.640102827  
6.725853062  
8.234389963  
8.618001055  
7.56032301  
5.081247689  
1.552347973  
-2.383381827  
-5.966200164  
-8.506435328  
-9.5525572  
-8.995498921  
-7.082438486  
-4.338432368  
-1.419325507  
1.062611078  
2.6924915  
3.345003994  
3.191711971  
2.624083207  
2.11627911  
2.06838822  
2.676002799  
3.864362236  
5.306599768  
6.521097526  
7.019386437  
6.460342932  
4.763543657  
2.145911279  
-0.931608947  
-3.893043072  
-6.213556479  
-7.571288101  
-7.936059091  
-7.564835756  
-6.903032025  
-6.421744903  
-6.44366539  
-7.01675153  
-7.881691485  
-8.549962502  
-8.47262332  
-7.247713114  
-4.797424005  
-1.451530318  
2.099441418  
4.976894694  
6.366260429  
5.772896622  
3.20003567  
-0.8125751962  
-5.309511423  
-9.170477911  
-11.41940653  
-11.49945396  
-9.429547588  
-5.79328308  
-1.562295261  
2.192288602  
4.611794839  
5.289820701  
4.36755794  
2.458477556  
0.4301814757  
-0.8841422416  
-0.9515256641  
0.3013769101  
2.48282601  
4.881364424  
6.710512211  
7.37087057  
6.644543352  
4.761359163  
2.319546387  
0.09090200067  
-1.223745338  
-1.209790929  
0.1413450122  
2.440652317  
5.028963019  
7.177509389  
8.296125237  
8.086126703  
6.59722805  
4.181107147  
1.366640308  
-1.296987936  
-3.379113453  
-4.650649245  
-5.096682698  
-4.868364803  
-4.20120676  
-3.332304235  
-2.4422333  
-1.632996989  
-0.9378438468  
-0.3483944311  
0.1576911809  
0.5997037474  
0.9894923287  
1.333508529  
1.632399494  
1.872801216  
2.013727383  
1.977370418  
1.656736704  
0.9478024576  
-0.1971411514  
-1.711151878  
-3.374361228  
-4.820290691  
-5.599730855  
-5.29517514  
-3.657253611  
-0.7198422004  
3.150366112  
7.298660788  
10.92198855  
13.2716495  
13.86180542  
12.6182466  
9.91505689  
6.479031013  
3.183160312  
0.7880245303  
-0.2898185319  
-0.107955203  
0.8183566546  
1.679032634  
1.631108034  
0.07949614867  
-3.111733231  
-7.545477145  
-12.38055459  
-16.55809438  
-19.09687727  
-19.36825845  
-17.26860149  
-13.24038464  
-8.140726453  
-3.002425797  
1.237059916  
3.958199884  
4.973592533  
4.511753887  
3.090563203  
1.332250933  
-0.2162383935  
-1.203975492  
-1.511599075  
-1.208262383  
-0.4630266108  
0.5453352518  
1.683438325  
2.867618007  
4.027269445  
5.056007381  
5.784630855  
5.999138816  
5.505168472  
4.216542122  
2.230212103  
-0.1501761901  
-2.463539039  
-4.207769521  
-4.989941001  
-4.659565231  
-3.374731421  
-1.570635557  
0.1674418793  
1.290191434  
1.469223509  
0.7170559084  
-0.6031769931  
-1.88808265  
-2.4936284  
-1.961209604  
-0.1955330147  
2.467585714  
5.33137041  
7.529976328  
8.285976864  
7.154962391  
4.181253495  
-0.08464839125  
-4.714118053  
-8.637307433  
-10.92031399  
-11.00388465  
-8.838722037  
-4.885108718  
0.01548545983  
4.854082882  
8.690946093  
10.85358134  
11.05214174  
9.39648619  
6.327111608  
2.491711989  
-1.394826832  
-4.675259218  
-6.841780823  
-7.591257426  
-6.849576594  
-4.772536062  
-1.726208585  
1.75621219  
5.046512898  
7.523515763  
8.695233872  
8.317952847  
6.479750649  
3.616325123  
0.4398645166  
-2.215039293  
-3.597487451  
-3.246014948  
-1.134153214  
2.292718916  
6.20961801  
9.616142314  
11.60010804  
11.58696707  
9.501747152  
5.793711853  
1.313705509  
-2.921741193  
-6.011016743  
-7.410350356  
-7.068276778  
-5.414244456  
-3.208679567  
-1.303597681  
-0.3886202013  
-0.7990066441  
-2.440260172  
-4.845502775  
-7.34000419  
-9.255583791  
-10.12552789  
-9.80157736  
-8.46328671  
-6.526739991  
-4.491267617  
-2.779715084  
-1.624878142  
-1.034381993  
-0.8366347593  
6.332363976  
6.400740599  
5.597062499  
4.431201597  
3.414628283  
2.904328895  
3.008976954  
3.580742633  
4.2874838  
4.735435345  
4.599706432  
3.721808911  
2.148240155  
0.1056050037  
-2.071698136  
-4.032481702  
-5.488015144  
-6.25784196  
-6.275522043  
-5.562810112  
-4.190785927  
-2.248061177  
0.170286419  
2.950926151  
5.937087432  
8.906717061  
11.57087381  
13.60224252  
14.69226328  
14.62361934  
13.33706895  
10.97055749  
7.854949667  
4.462367305  
1.316736198  
-1.112657689  
-2.508226909  
-2.767097701  
-2.014004205  
-0.5608028566  
1.176749135  
2.78340778  
3.943102664  
4.506558402  
4.510782117  
4.146065413  
3.680183599  
3.361349252  
3.327906882  
3.551924026  
3.835466747  
3.86412842  
3.305873249  
1.928705359  
-0.2974092096  
-3.14777512  
-6.161450059  
-8.734122706  
-10.26648896  
-10.33061969  
-8.807412978  
-5.952111023  
-2.361979381  
1.153129278  
3.767868243  
4.85439385  
4.15119775  
1.83693226  
-1.516288464  
-5.100960679  
-8.100678286  
-9.91969767  
-10.34701138  
-9.604150886  
-8.2604448  
-7.040148929  
-6.580391032  
-7.215852408  
-8.859416242  
-11.0190425  
-12.94843396  
-13.88592271  
-13.30648472  
-11.10563157  
-7.654038634  
-3.701981283  
-0.1606612723  
2.172325865  
2.856948213  
1.946103666  
-0.03176611574  
-2.238440192  
-3.788010388  
-4.022005196  
-2.709875281  
-0.111114944  
3.119807514  
6.153574119  
8.258564112  
9.036448898  
8.544164253  
7.263331723  
5.928638119  
5.273080886  
5.774992221  
7.490581031  
10.02687073  
12.66316655  
14.58018902  
15.12104709  
13.99883533  
11.38451256  
7.849309103  
4.184244186  
1.15908007  
-0.6989287194  
-1.23553285  
-0.6713002315  
0.5181769247  
1.795435633  
2.756036521  
3.255793968  
3.42760077  
3.586303738  
4.061230009  
5.02234731  
6.368320382  
7.722144603  
8.540611938  
8.30148744  
6.702415331  
3.798676778  
0.02633485496  
-3.903875654  
-7.211235483  
-9.282056463  
-9.859350431  
-9.119543375  
-7.607793547  
-6.051225115  
-5.111503013  
-5.159869961  
-6.151374065  
-7.642127806  
-8.94515481  
-9.372886614  
-8.484068154  
-6.25032169  
-3.084086715  
0.2836346067  
3.035990179  
4.535451907  
4.531356064  
3.238294699  
1.257119988  
-0.6362417033  
-1.763395811  
-1.784733117  
-0.8258409935  
0.556540833  
1.560792999  
1.41871986  
-0.3265146717  
-3.636877876  
-7.954436281  
-12.34693484  
-15.77971272  
-17.42717548  
-16.92322507  
-14.46918656  
-10.76409207  
-6.780067835  
-3.456138267  
-1.410075741  
-0.7615033525  
-1.122277866  
-1.754913513  
-1.844462193  
-0.7923720507  
1.565714464  
4.890458597  
8.440421513  
11.31107213  
12.73236205  
12.32726357  
10.24674502  
7.137288104  
3.951319933  
1.661254841  
0.9677221344  
2.0929675  
4.721754569  
8.104357994  
11.2853419  
13.3840871  
13.84011463  
12.55129896  
9.869992691  
6.468030351  
3.121392286  
0.4864188445  
-1.063726643  
-1.498615654  
-1.079544758  
-0.2275971478  
0.6362483721  
1.222316438  
1.434021581  
1.347991258  
1.130683902  
0.9310602212  
0.794484693  
0.6316788403  
0.2534147147  
-0.5443212734  
-1.87923156  
-3.705926996  
-5.794436984  
-7.774520633  
-9.232391723  
-9.827864867  
-9.393084231  
-7.980928913  
-5.848913864  
-3.386322954  
-1.010406388  
0.9342731754  
2.24331407  
2.870744932  
2.900451769  
2.488844146  
1.804304315  
0.9860788238  
0.1337682168  
-0.6763006206  
-1.363657474  
-1.825474241  
-1.942859274  
-1.614712534  
-0.8078918787  
0.3979192948  
1.793981156  
3.069986696  
3.884818252  
3.96279048  
3.185336952  
1.645868214  
-0.3550197351  
-2.378328915  
-3.962382447  
-4.751646038  
-4.598719468  
-3.6066496  
-2.09717555  
-0.5141387964  
0.7078136335  
1.267908244  
1.07858681  
0.2760896465  
-0.838197927  
-1.903474904  
-2.615466132  
-2.813831426  
-2.513731812  
-1.874693633  
-1.122128529  
-0.4531107581  
0.03751650418  
0.3831071009  
0.714193145  
1.183046973  
1.87354118  
2.732407732  
3.551239515  
4.011037626  
3.778631414  
2.624927327  
0.5253648739  
-2.293391584  
-5.380375235  
-8.157646627  
-10.06207775  
-10.69090764  
-9.908290001  
-7.881425036  
-5.035862699  
-1.943571498  
0.8232157053  
2.830351973  
3.87424556  
4.005423802  
3.481498735  
2.668360557  
1.922294108  
1.488900785  
1.447022181  
1.710296195  
2.080796593  
2.333977742  
2.30622368  
1.95749906  
1.390856272  
0.8245579695  
0.5268449008  
0.7338907322  
1.575449229  
3.02952795  
4.918578904  
6.947818846  
8.77491513  
10.09220625  
10.6997204  
10.55012333  
9.754218031  
8.545972845  
7.216517432  
6.03468734  
5.175441039  
4.675761717  
4.430668009  
4.231267253  
3.834974712  
3.048212188  
1.797051845  
0.1632100505  
-1.628294015  
-3.269760194  
-4.464524769  
-5.026780736  
-4.955917781  
-4.458744496  
-3.906785165  
-3.735181194  
-4.308936149  
-5.795201587  
-8.082274122  
-10.77526376  
-13.27737525  
-14.93999425  
-15.24233661  
-13.9493408  
-11.19948527  
-7.492364357  
-3.574122953  
-0.2493869063  
1.828666741  
2.33018403  
1.332276651  
-0.710554105  
-3.100808991  
-5.097569986  
-6.122155463  
-5.909297428  
-4.560442041  
-2.486264449  
-0.2596370555  
1.5724654  
2.658109374  
2.93803774  
2.643350518  
2.197394315  
2.056755275  
2.545114386  
3.734885882  
5.414910901  
7.15371418  
8.436608203  
8.831190814  
8.127424759  
6.40752644  
4.024369245  
1.496737552  
-0.6439140855  
-2.006109615  
-2.44300423  
-2.078348921  
-1.249025349  
-0.3856977412  
0.1283921913  
0.07557649279  
-0.5365128391  
-1.48888253  
-2.43019693  
-2.992603747  
-2.906614751  
-2.080113627  
-0.6202054515  
1.204319061  
3.044015912  
4.5657661  
5.536283895  
5.869879732  
5.631421304  
4.999661868  
4.206794881  
3.474420161  
2.963545097  
2.748950319  
2.81918965  
3.096159664  
3.46444559  
3.800962839  
3.998611042  
3.981555794  
3.712750162  
3.195300549  
2.468675433  
1.599686586  
0.6679247418  
-0.2533039529  
-1.116965699  
-1.917146341  
-2.692014216  
-3.510368077  
-4.442354608  
-5.521517526  
-6.71067257  
-7.88582785  
-8.848721978  
-9.369990762  
-9.253944214  
-8.406251802  
-6.881447378  
-4.890570861  
-2.760349351  
-0.8510206355  
0.5448698579  
1.29111946  
1.453180354  
1.280955569  
1.129259247  
1.337324379  
2.104455147  
3.403363377  
4.96332971  
6.334415223  
7.017682687  
6.623456847  
5.007904836  
2.342366381  
-0.9107033531  
-4.112251572  
-6.619324214  
-7.963630804  
-7.980186119  
-6.844776846  
-5.007594933  
-3.043656412  
-1.467949194  
-0.5751841531  
-0.3564621713  
-0.5201108127  
-0.6095741903  
-0.1787576976  
1.034437597  
2.995735183  
5.362817209  
7.580631406  
9.054049448  
9.341774671  
8.307289822  
6.175769597  
3.476175107  
0.885225974  
-0.977677797  
-1.739047796  
-1.382773376  
-0.2485793225  
1.081942005  
1.974882586  
1.948221126  
0.8254215796  
-1.209892311  
-3.674291049  
-5.939041186  
-7.428295761  
-7.797655421  
-7.037548828  
-5.47112245  
-3.650334979  
-2.185668799  
-1.563909837  
-2.009504675  
-3.428432814  
-5.445791409  
-7.518914753  
-9.08656563  
-9.707799023  
-9.152640953  
-7.426484554  
-4.733342533  
-1.401355903  
2.198495723  
5.714408024  
8.844322473  
11.33941169  
12.99695725  
13.6617457  
13.24771132  
11.77728894  
9.421721842  
6.517696551  
3.538949081  
1.015434939  
-0.5868487307  
-0.9934353655  
-0.214711516  
1.431995879  
3.389402103  
5.006117183  
5.723295857  
5.246483187  
3.646795317  
1.354276202  
-0.9611822106  
-2.589706246  
-3.002475847  
-2.024596149  
0.09699460853  
2.755598991  
5.16084675  
6.575719179  
6.54068307  
5.013951646  
2.382882494  
-0.657524598  
-3.320385623  
-4.968027541  
-5.3016077  
-4.439647003  
-2.862513919  
-1.24373453  
-0.2254942235  
-0.2127396042  
-1.252384659  
-3.034254752  
-5.008899764  
-6.578533535  
-7.294238524  
-6.992828133  
-5.829859623  
-4.202767244  
-2.596694443  
-1.411621726  
-0.833991535  
-0.7977857437  
-1.045821654  
-1.264251418  
-1.235929604  
-0.9510638216  
-0.6295655544  
-0.6427394199  
-1.360648418  
-2.981309408  
-5.407635642  
-8.223641603  
-10.78730366  
-12.41546947  
-12.60135703  
-11.19013703  
-8.449223633  
-5.003778761  
-1.65363944  
0.8706377079  
2.132234521  
2.117280281  
1.224101161  
0.115055999  
-0.5192396037  
-0.2025574488  
1.161501411  
3.259489519  
5.485092818  
7.163232573  
7.802936447  
7.288904603  
5.941327015  
4.418339822  
3.490230864  
3.760612665  
5.430713395  
8.191132069  
11.28418575  
13.72286233  
14.59885997  
13.3803349  
10.10123729  
5.378253939  
0.247371224  
-4.12898534  
-6.791131864  
-7.243395989  
-5.566913695  
-2.353491014  
1.510358378  
5.131503583  
7.871478277  
9.495086948  
10.16284248  
10.28036262  
10.26866173  
10.3464942  
10.41001916  
10.05805534  
8.756489209  
6.082283495  
1.955174887  
-3.234500231  
-8.659790202  
-13.25517056  
-16.02232138  
-16.3461171  
-14.21462999  
-10.26425082  
-5.626181174  
-1.615069274  
0.6467890263  
0.5535270394  
-1.813187754  
-5.719284893  
-10.00768035  
-13.44870639  
-15.10135807  
-14.57385239  
-12.10665489  
-8.459529156  
-4.646840117  
-1.611720148  
0.05488069811  
0.2637532327  
-0.5940369333  
-1.821703859  
-2.677479471  
-2.630290658  
-1.526271076  
0.3831845452  
2.551807087  
4.340731995  
5.238229956  
5.021500652  
3.810134207  
2.001653006  
0.1209609675  
-1.356920372  
-2.146815361  
-2.210615776  
-1.720219977  
-0.9504997171  
-0.1512014207  
0.5487559006  
1.167555532  
1.820721757  
2.621024366  
3.57528973  
4.527690126  
5.181120443  
5.196670704  
4.338065462  
2.6060232  
0.3058087709  
-1.98857047  
-3.574577147  
-3.828332488  
-2.413717054  
0.57776482  
4.609125131  
8.81706767  
12.2386241  
14.07909659  
13.93920007  
11.92996678  
8.637939265  
4.949953196  
1.790764675  
-0.1459792656  
-0.59155619  
0.2367442957  
1.722541417  
3.054524278  
3.481909711  
2.541856774  
0.1914539193  
-3.190657786  
-6.926193921  
-10.23849707  
-12.46773898  
-13.23526398  
-12.51326308  
-10.5890464  
-7.946893216  
-5.113708584  
-2.520754024  
-0.4220235721  
1.114147888  
2.150761788  
2.796186512  
3.12508549  
3.137620177  
2.770101331  
1.948587595  
0.6597193183  
-0.993455978  
-2.776859953  
-4.362325769  
-5.406813696  
-5.648514957  
-4.987493614  
-3.523022291  
-1.533891129  
0.5933731046  
2.46667477  
3.789883017  
4.433607002  
4.455475254  
4.066209811  
3.554183631  
3.192638697  
3.157306992  
3.477284794  
4.030983798  
4.585607944  
4.866986589  
4.639743089  
3.776880039  
2.302198218  
0.3966096655  
-1.632054389  
-3.408664257  
-4.567591375  
-4.831670039  
-4.078099467  
-2.377757211  
0.001772084657  
2.633517033  
5.005410066  
6.62001367  
7.100724875  
6.281068806  
4.254263747  
1.366874879  
-1.847434097  
-4.782931636  
-6.900350536  
-7.854922885  
-7.579889056  
-6.301180274  
-4.476538687  
-2.673008544  
-1.414697845  
-1.042143304  
-1.622413987  
-2.935281527  
-4.539235345  
-5.898166386  
-6.532145844  
-6.149154598  
-4.721101697  
-2.48460955  
0.1302216155  
2.618950389  
4.532889436  
5.582304131  
5.685645534  
4.956318571  
3.638457926  
2.018103357  
0.341241636  
-1.235480115  
-2.649735834  
-3.899596786  
-4.990138528  
-5.886062602  
-6.492041921  
-6.670504941  
-6.291153085  
-5.292930845  
-3.733126759  
-1.801427554  
0.2113898105  
1.98424829  
3.255222673  
3.900601412  
3.976001789  
3.703190185  
3.403536898  
3.396857475  
3.896688038  
4.935642258  
6.34616991  
7.805278013  
8.931544698  
9.405804837  
9.078170814  
8.027019554  
6.54925173  
5.081606238  
4.074053159  
3.851726649  
4.506729543  
5.853791724  
7.466059276  
8.78426794  
9.270792858  
8.566016283  
6.602204476  
3.640696726  
0.2187856377  
-2.98229644  
-5.314413448  
-6.33717037  
-5.94212884  
-4.391238616  
-2.256895861  
-0.2777121235  
0.8326826308  
0.5731500811  
-1.211229325  
-4.28512407  
-8.080143095  
-11.83737643  
-14.79631146  
-16.37908389  
-16.32141994  
-14.71745212  
-11.97061616  
-8.669257258  
-5.42590715  
-2.727442595  
-0.8372910997  
0.227277436  
0.6440735764  
0.6851975073  
0.6045998807  
0.5530459074  
0.5474785072  
0.5009425521  
0.2969123134  
-0.1243427145  
-0.7040888071  
-1.255838557  
-1.516664913  
-1.244124003  
-0.32502887  
1.145203911  
2.846926596  
4.299006968  
4.988331864  
4.530354663  
2.811224959  
0.06380104291  
-3.152698504  
-6.071567472  
-7.907997274  
-8.068185215  
-6.319368447  
-2.87131424  
1.655985938  
6.371970053  
10.32625947  
12.73506875  
13.16453585  
11.62524119  
8.557060852  
4.712504198  
0.9718862463  
-1.86184117  
-3.239509176  
-2.975263537  
-1.269856344  
1.350734321  
4.162151456  
6.403646056  
7.441395659  
6.902212273  
4.754117163  
1.31994348  
-2.77907995  
-6.741654894  
-9.747539083  
-11.13259492  
-10.5424386  
-8.028822023  
-4.060546556  
0.5629461211  
4.884397848  
8.012878865  
9.345827371  
8.729570868  
6.509549944  
3.447895011  
0.5223167838  
-1.343829119  
-1.546146429  
0.01930517063  
2.915326296  
6.282052442  
9.08522312  
10.42366205  
9.804092921  
7.298135917  
3.530207657  
-0.5035515468  
-3.732264694  
-5.332698092  
-4.977093215  
-2.929050989  
0.04241714679  
2.902881443  
4.669823439  
4.70660282  
2.901110617  
-0.3240845188  
-4.167517625  
-7.714021217  
-10.2186408  
-11.31560972  
-11.08744879  
-9.97946648  
-8.598755451  
-7.475678494  
-6.87604962  
-6.730844478  
-6.705037342  
-6.374732425  
-5.441104061  
-3.895504218  
-2.067890542  
-0.5339479069  
0.09040050612  
-0.6054637252  
-2.632115988  
-5.532537468  
-8.475420067  
-10.48681652  
-10.74782102  
-8.860307795  
-4.99081072  
0.1580726101  
5.542093358  
10.07357654  
12.92721357  
13.75572677  
12.74958754  
10.52842163  
7.908351364  
5.629234267  
4.135340156  
3.479718848  
3.375605194  
3.364889985  
3.033343951  
2.189023556  
0.9381371624  
-0.3657861653  
-1.274362619  
-1.43500393  
-0.7430154434  
0.6051481194  
2.178341778  
3.470418773  
4.08995773  
3.9046742  
3.082565541  
2.012315756  
1.133488792  
0.7441074599  
0.8644955192  
1.216628827  
1.334320484  
0.7674582412  
-0.6967867817  
-2.885397846  
-5.231532314  
-6.925906916  
-7.18647532  
-5.55698623  
-2.126469828  
2.418247762  
6.941736984  
10.17660334  
11.11245756  
9.331292149  
5.174690606  
-0.3206454189  
-5.70791089  
-9.551443343  
-10.85304032  
-9.348068955  
-5.576762163  
-0.7081713929  
3.825970898  
6.769662374  
7.413883106  
5.785596818  
2.600834821  
-0.9943612869  
-3.803985061  
-4.956700066  
-4.156262655  
-1.73523613  
1.492605823  
4.519878091  
6.470236646  
6.852324447  
5.667033239  
3.347226891  
0.567264303  
-1.999649568  
-3.888000255  
-4.943809265  
-5.302882335  
-5.268674299  
-5.149626957  
-5.125011557  
-5.190189602  
-5.195478151  
-4.952774435  
-4.356815785  
-3.463727506  
-2.489512143  
-1.726618264  
-1.413166613  
-1.611656352  
-2.152958796  
-2.676759832  
-2.761027566  
-2.095307952  
-0.6311401627  
1.353374546  
3.309013173  
4.581369201  
4.635118484  
3.259084568  
0.676725609  
-2.483594622  
-5.35662859  
-7.096159028  
-7.136270951  
-5.371508728  
-2.195474684  
1.615577356  
5.135853429  
7.563290203  
8.444708015  
7.783016413  
5.998246564  
3.763813848  
1.779485564  
0.5595634411  
0.3037052996  
0.8841061315  
1.939624208  
3.031074849  
3.795170229  
4.042427381  
3.772190014  
3.113757332  
2.231706577  
1.244601688  
0.1954125794  
-0.9155050398  
-2.056092865  
-3.090691576  
-3.75714968  
-3.720367818  
-2.695663269  
-0.60014151  
2.330949002  
5.522707493  
8.164796324  
9.426693998  
8.723454463  
5.943302423  
1.550563938  
-3.488035394  
-7.948666006  
-10.70167935  
-11.06090425  
-9.015087718  
-5.257446831  
-0.9919753376  
2.431295524  
3.940366841  
3.088500266  
0.2088081882  
-3.679827816  
-7.191174186  
-9.015870829  
-8.349639111  
-5.166585992  
-0.2472883945  
5.049856326  
9.202516694  
10.99223501  
9.877839952  
6.157430695  
0.8707507153  
-4.522830701  
-8.585025676  
-10.31757022  
-9.430369124  
-6.382363262  
-2.193886065  
1.898290572  
4.825802927  
5.990254156  
5.392752395  
3.564055883  
1.334567224  
-0.4673113404  
-1.283302895  
-0.9742647577  
0.1885356516  
1.671920967  
2.904780703  
3.492420435  
3.346323101  
2.689894247  
1.947625335  
1.566109341  
1.836414155  
2.782345261  
4.151470938  
5.506785176  
6.38102074  
6.435636476  
5.568366957  
3.934977478  
1.883411654  
-0.1705756652  
-1.878813834  
-3.059650531  
-3.729843139  
-4.065378451  
-4.31286661  
-4.68873709  
-5.303823255  
-6.137374708  
-7.063174533  
-7.910196017  
-8.528757742  
-8.834391995  
-8.814188257  
-8.498252793  
-7.914759273  
-7.053855798  
-5.861202451  
-4.267857005  
-2.245803851  
0.1351034329  
2.67670136  
5.068423057  
6.952301307  
8.020136882  
8.111321791  
7.276204564  
5.779306593  
4.036055309  
2.499434096  
1.530804222  
1.29583606  
1.719215366  
2.51307239  
3.270284802  
3.592873046  
3.21490247  
2.081818085  
0.3630018031  
-1.60386807  
-3.41670093  
-4.727131128  
-5.336472016  
-5.242053983  
-4.623544206  
-3.777655587  
-3.02425823  
-2.613182851  
-2.657804269  
-3.111048931  
-3.785860287  
-4.409959148  
-4.697264022  
-4.417027794  
-3.44531709  
-1.790230523  
0.4110372464  
2.919642756  
5.440299157  
7.675858908  
9.382282592  
10.41474066  
10.75581517  
10.51839927  
9.919710861  
9.228928458  
8.698333338  
8.494318047  
8.647393676  
9.037641201  
9.423312991  
9.507822995  
9.027512641  
7.834388999  
5.947420849  
3.554637024  
0.963473733  
-1.485819827  
-3.515751524  
-4.984071432  
-5.908259537  
-6.43361373  
-6.756838733  
-7.033957914  
-7.308376309  
-7.488822562  
-7.389118425  
-6.818286136  
-5.688681947  
-4.099724354  
-2.359910512  
-0.9293520404  
-0.2929606503  
-0.8010823178  
-2.530070688  
-5.213655345  
-8.276322512  
-10.96808191  
-12.56618698  
-12.58505096  
-10.92950349  
-7.941447938  
-4.321543732  
-0.9460384401  
1.3684687  
2.083187808  
1.074612833  
-1.346952492  
-4.539042853  
-7.713772452  
-10.1504683  
-11.3705276  
-11.22677035  
-9.889526031  
-7.74541174  
-5.250659381  
-2.790961547  
-0.591785797  
1.299101883  
2.962590754  
4.521255456  
6.053427368  
7.542464125  
8.878125353  
9.904689034  
10.49187808  
10.59657882  
10.28862702  
9.72966018  
9.113850758  
8.595152456  
8.231348882  
7.968492051  
7.673039012  
7.19954535  
6.466915571  
5.511792247  
4.495679746  
3.659793485  
3.242009279  
3.385692251  
4.074740187  
5.120804965  
6.210355129  
6.997539654  
7.211808819  
6.743227637  
5.675702043  
4.256402128  
2.812026221  
1.64106067  
0.9192333402  
0.6501923305  
0.6768102923  
0.7468720533  
0.6078069214  
0.09566224603  
-0.8132454437  
-2.004944789  
-3.28124743  
-4.441933657  
-5.36356776  
-6.044809365  
-6.601231472  
-7.211891873  
-8.038004107  
-9.144553736  
-10.45461357  
-11.75427356  
-12.74774546  
-13.14432082  
-12.74766885  
-11.51756035  
-9.584190892  
-7.21195715  
-4.726754608  
-2.432250684  
-0.542521243  
0.8494290922  
1.761950912  
2.28359672  
2.520569047  
2.554731536  
2.42747224  
2.15246503  
1.747547304  
1.26773516  
0.8208330431  
0.5544952657  
0.6157299869  
1.096148108  
1.98364451  
3.140860461  
4.322523777  
5.230593943  
5.592731492  
5.240831352  
4.165293591  
2.527721046  
0.627352809  
-1.169536161  
-2.517452055  
-3.172807399  
-3.047678446  
-2.224466802  
-0.9310107947  
0.5144247959  
1.773007035  
2.553961827  
2.669110355  
2.065687903  
0.8348392693  
-0.8034192052  
-2.536082118  
-4.010121317  
-4.896959594  
-4.959973598  
-4.113033745  
-2.455689983  
-0.271705917  
2.016527736  
3.934646118  
5.068225965  
5.173251619  
4.253687164  
2.579321158  
0.6311045115  
-1.018366497  
-1.860707631  
-1.601120561  
-0.2561798732  
1.833262809  
4.083873249  
5.827779237  
6.503565816  
5.824743038  
3.874387322  
1.095176895  
-1.825141147  
-4.141004853  
-5.254705939  
-4.880061607  
-3.116381401  
-0.4124260924  
2.566464996  
5.12596175  
6.72772533  
7.117581803  
6.362669054  
4.79330005  
2.875255038  
1.05840015  
-0.348248955  
-1.237357583  
-1.686582178  
-1.878363771  
-1.99128466  
-2.105956951  
-2.160926498  
-1.974324389  
-1.322344407  
-0.04475866249  
1.862201705  
4.201068299  
6.595274789  
8.574062667  
9.694565912  
9.662877337  
8.416108709  
6.140125673  
3.218111242  
0.1267028691  
-2.688200355  
-4.919004823  
-6.457378063  
-7.39426171  
-7.963669327  
-8.45119756  
-9.096848117  
-10.02071784  
-11.19083294  
-12.43829238  
-13.51083519  
-14.14610754  
-14.14259837  
-13.40954999  
-11.98507984  
-10.02149379  
-7.745143544  
-5.4032945  
-3.211767706  
-1.314965623  
0.2342799408  
1.472409017  
2.502380633  
3.456135596  
4.45062011  
5.547204125  
6.724335893  
7.871393061  
8.807743654  
9.325222926  
9.245686765  
8.479707038  
7.069862289  
5.203866512  
3.189437648  
1.392950148  
0.1549091441  
-0.2962768946  
0.09197480784  
1.174997231  
2.640579442  
4.084152338  
5.110020124  
5.43075185  
4.936553311  
3.715025417  
2.016449061  
0.1764226139  
-1.479348676  
-2.718151455  
-3.44587368  
-3.702682583  
-3.613280822  
-3.311867851  
-2.870565324  
-2.259010877  
-1.352045788  
0.01458577102  
1.958116341  
4.462098951  
7.321644835  
10.14475812  
12.41717629  
13.61787897  
13.35525466  
11.48513035  
8.174659289  
3.889868069  
-0.6944536051  
-4.841825552  
-7.920850488  
-9.548039175  
-9.668865881  
-8.555650116  
-6.723225818  
-4.785530025  
-3.292084964  
-2.588407612  
-2.737527325  
-3.522802483  
-4.529769058  
-5.283017433  
-5.398843625  
-4.709954345  
-3.325981252  
-1.611232203  
-0.08416309795  
0.7345629348  
0.4832057312  
-0.9169924496  
-3.212213351  
-5.858564989  
-8.148884056  
-9.391834764  
-9.095274688  
-7.103016687  
-3.645667022  
0.7104526576  
5.203671524  
9.068262754  
11.72311795  
12.90464653  
12.70683765  
11.51901045  
9.882406634  
8.311409671  
7.135648497  
6.412279018  
5.935065679  
5.335497771  
4.241002173  
2.436288719  
-0.02781685486  
-2.816936082  
-5.396144092  
-7.189024591  
-7.762420759  
-6.976795673  
-5.051957376  
-2.524540778  
-0.1082719693  
1.500700066  
1.813476047  
0.6752500893  
-1.70773439  
-4.845468942  
-8.116700001  
-10.94478364  
-12.94007354  
-13.96652945  
-14.11851353  
-13.62578973  
-12.72896538  
-11.57577585  
-10.177788  
-8.44180354  
-6.259829508  
-3.617405631  
-0.6715123646  
2.240353275  
4.672475474  
6.205214991  
6.595712259  
5.889029188  
4.443786531  
2.853997424  
1.78474526  
1.771037284  
3.045051664  
5.45068124  
8.477487672  
11.40723959  
13.52853353  
14.35148317  
13.75340672  
12.00861564  
9.693372947  
7.498169502  
6.009630468  
5.533457153  
6.014881084  
7.079504431  
8.176605043  
8.773307553  
8.532489863  
7.415134635  
5.675657497  
3.756572923  
2.12336199  
1.099628062  
0.7603753435  
0.9188168555  
1.20794592  
1.224492869  
0.681685476  
-0.4844210253  
-2.09231218  
-3.78261784  
-5.150199284  
-5.892585538  
-5.921808021  
-5.400566296  
-4.690961291  
-4.234507202  
-4.405286798  
-5.385807234  
-7.105543154  
-9.25935936  
-11.39558565  
-13.04144501  
-13.82404909  
-13.55088431  
-12.23132687  
-10.0428717  
-7.263908263  
-4.202664041  
-1.147080858  
1.653766513  
3.983062145  
5.643114085  
6.456506433  
6.293681564  
5.123207318  
3.065104893  
0.4190742127  
-2.357022774  
-4.727524603  
-6.204866208  
-6.486847812  
-5.560361455  
-3.73141716  
-1.561531089  
0.2797519221  
1.207083027  
0.8986810618  
-0.5950277611  
-2.852205496  
-5.195227321  
-6.889720357  
-7.367470466  
-6.403878155  
-4.19311522  
-1.29530805  
1.529897576  
3.552885037  
4.295917305  
3.678461409  
2.040983033  
0.04015436755  
-1.551573267  
-2.079894828  
-1.204297252  
1.00340743  
4.08577229  
7.341023722  
10.03398354  
11.61179109  
11.86010094  
10.95508878  
9.398818723  
7.860209944  
6.970348922  
7.132364687  
8.399561829  
10.45431298  
12.69103346  
14.37802094  
14.85287026  
13.69920386  
10.85959133  
6.657667283  
1.726433189  
-3.137046342  
-7.153230538  
-9.733367366  
-10.60344002  
-9.850833012  
-7.88496729  
-5.323903863  
-2.836533081  
-0.9803971063  
-0.07581398093  
-0.1475224306  
-0.9474211043  
-2.050431935  
-2.995467682  
-3.430639916  
-3.220100748  
-2.48053754  
-1.535913481  
-0.8039191127  
-0.6494047076  
-1.251788971  
-2.530624434  
-4.15635051  
-5.646360023  
-6.518267481  
-6.451863274  
-5.406064753  
-3.649647931  
-1.691511468  
-0.1292046578  
0.5374044197  
0.06698628086  
-1.441762018  
-3.576894805  
-5.741527161  
-7.342438453  
-7.976458915  
-7.551781724  
-6.302778587  
-4.693206253  
-3.241714378  
-2.331412598  
-2.071956719  
-2.265053988  
-2.487929355  
-2.266700755  
-1.277672797  
0.4981113001  
2.72783005  
4.811692733  
6.076980705  
6.017865383  
4.497382839  
1.83676447  
-1.247045897  
-3.843683072  
-5.130295473  
-4.639895398  
-2.426293184  
0.9337322183  
4.507412617  
7.291977822  
8.528400259  
7.940578029  
5.820806629  
2.932504156  
0.2615315293  
-1.302274894  
-1.24874225  
0.3963720033  
3.091859261  
5.968190986  
8.115751866  
8.876008835  
8.038679687  
5.882242733  
3.050230788  
0.3123700729  
-1.701924035  
-2.703095137  
-2.805813142  
-2.439999412  
-2.146244627  
-2.335000555  
-3.101668014  
-4.168887273  
-4.980586349  
-4.916197799  
-3.548105864  
-0.84713244  
2.743428062  
6.400192225  
9.155408511  
10.20164328  
9.164329553  
6.248835618  
2.208265612  
-1.863220704  
-4.849273514  
-5.942824148  
-4.885985868  
-2.04375756  
1.709704331  
5.254069693  
7.551079553  
7.936531709  
6.289919655  
3.037860275  
-0.9985564951  
-4.854814208  
-7.688850195  
-8.981135616  
-8.617224674  
-6.844264506  
-4.134824588  
-1.017622942  
2.062559159  
4.813264095  
7.081880713  
8.786560241  
9.835648351  
10.08176629  
9.338211792  
7.455456013  
4.426383577  
0.4721908786  
-3.936340172  
-8.145847383  
-11.4665352  
-13.35657184  
-13.5851845  
-12.31687627  
-10.08197871  
-7.63505087  
-5.740148744  
-4.947667429  
-5.432305098  
-6.943649547  
-8.885651981  
-10.5005446  
-11.09991119  
-10.27137392  
-7.998125572  
-4.657183247  
-0.900807539  
2.538274775  
5.055398409  
