-1.523893571  
-1.786392633  
-2.676257995  
-4.184871849  
-6.094461063  
-8.012590374  
-9.466375904  
-10.03302136  
-9.468692831  
-7.794447543  
-5.308299521  
-2.514040081  
0.01613323829  
1.805673143  
2.614018236  
2.508097831  
1.840108132  
1.135941621  
0.9274494953  
1.580277546  
3.171325096  
5.45439049  
7.92467818  
9.961411201  
11.00351169  
10.70393407  
9.016970082  
6.195934668  
2.70848104  
-0.8975050206  
-4.131130746  
-6.655871184  
-8.322065577  
-9.134950386  
-9.18216676  
-8.557337842  
-7.314196512  
-5.469766505  
-3.052171422  
-0.167716399  
2.948468982  
5.929479517  
8.334613047  
9.756775124  
9.945650757  
8.902349539  
6.906956191  
4.460957585  
2.155522274  
0.503329925  
-0.2131985947  
-0.02712835144  
0.7244815167  
1.508008615  
1.764409128  
1.090620404  
-0.6260049106  
-3.162430438  
-6.017473206  
-8.553287216  
-10.17635386  
-10.50308194  
-9.462369204  
-7.3093015  
-4.552289221  
-1.8207818  
0.2854579868  
1.325135864  
1.094614802  
-0.3512731287  
-2.728323753  
-5.583755208  
-8.370286745  
-10.52205486  
-11.52973476  
-11.01689085  
-8.817054103  
-5.041845049  
-0.1196959546  
5.220804518  
10.04338845  
13.37460415  
14.4276743  
12.82838441  
8.776400557  
3.080022273  
-2.970260941  
-7.879550825  
-10.31880498  
-9.491432699  
-5.388915633  
1.150215522  
8.612342258  
15.1791681  
19.20181507  
19.64680878  
16.38357991  
10.22512303  
2.704433725  
-4.351884437  
-9.32938827  
-11.26245418  
-10.07379551  
-6.549057285  
-2.059973547  
1.873738377  
4.045840741  
3.906780248  
1.687910808  
-1.72210661  
-5.098408115  
-7.287555577  
-7.567670142  
-5.848168423  
-2.653388807  
1.092502883  
4.397309849  
6.532459322  
7.253252338  
6.838952535  
5.948002526  
5.34665772  
5.610184639  
6.901237958  
8.899874614  
10.9051587  
12.06932601  
11.68196576  
9.408046161  
5.403027821  
0.2726366795  
-5.102255136  
-9.812274226  
-13.15548623  
-14.79052509  
-14.76847316  
-13.44883123  
-11.34280435  
-8.946112221  
-6.618398786  
-4.541196302  
-2.752201823  
-1.224245677  
0.0561463903  
1.049272561  
1.677889099  
1.885662647  
1.704333755  
1.289557907  
0.8981170928  
0.8053596266  
1.190475055  
2.036223926  
3.090176441  
3.914877977  
4.02114531  
3.044372308  
0.9019604521  
-2.12969212  
-5.456226048  
-8.321736915  
-10.03555491  
-10.19554586  
-8.830200833  
-6.405737985  
-3.688923456  
-1.506198154  
-0.4773825754  
-0.8137228186  
-2.250366033  
-4.13851664  
-5.667741076  
-6.143210508  
-5.222544989  
-3.029916858  
-0.1071949454  
2.781177956  
4.921093169  
5.902794353  
5.764961664  
4.975768455  
4.255302816  
4.300387282  
5.508955271  
7.803326916  
10.61906927  
13.06928545  
14.23285319  
13.47077227  
10.66270325  
6.280919157  
1.272502873  
-3.215152837  
-6.177806055  
-7.055645661  
-5.89514198  
-3.320428273  
-0.3258416907  
2.040780982  
3.000613099  
2.269777378  
0.1209505711  
-2.731261265  
-5.375657778  
-6.99497565  
-7.106382483  
-5.679029131  
-3.101012546  
-0.01969705277  
2.88064179  
5.084485836  
6.367663193  
6.805373822  
6.677259597  
6.316512158  
5.965499105  
5.691658025  
5.389453086  
4.858541796  
3.918997674  
2.512366631  
0.7461723973  
-1.135150667  
-2.838638386  
-4.131927713  
-4.926517611  
-5.300054794  
-5.448396626  
-5.588081466  
-5.851339583  
-6.219997829  
-6.52950876  
-6.545487883  
-6.083876823  
-5.12489684  
-3.869305215  
-2.704828057  
-2.084580694  
-2.355243257  
-3.596771719  
-5.537390737  
-7.585397978  
-8.979723633  
-9.017861799  
-7.28874548  
-3.831092025  
0.841165761  
5.862207815  
10.25198914  
13.19388343  
14.26237508  
13.52596986  
11.49177339  
8.911718465  
6.51776664  
4.777870324  
3.75730114  
3.133057919  
2.355261731  
0.8971146219  
-1.497273488  
-4.658700603  
-7.99249823  
-10.63918168  
-11.74688054  
-10.76595988  
-7.665934348  
-2.998365037  
2.220865355  
6.777499349  
9.592162301  
10.01814687  
8.012820638  
4.132877751  
-0.6400014649  
-5.183990538  
-8.541600992  
-10.15187842  
-9.946736883  
-8.295232595  
-5.828941776  
-3.216702169  
-0.9667287316  
0.6830808647  
1.762205517  
2.469226028  
3.027713044  
3.557485072  
4.011175026  
4.197011682  
3.873766435  
2.876064533  
1.217642382  
-0.870244344  
-2.982459394  
-4.651530145  
-5.487644567  
-5.297471999  
-4.14054899  
-2.304966884  
-8.002730325  
-4.538120345  
0.1966424151  
5.157824799  
9.20732901  
11.41066132  
11.28495443  
8.926178159  
4.978534751  
0.4541969801  
-3.545467373  
-6.127778118  
-6.841514953  
-5.780019346  
-3.528515061  
-0.9747598943  
0.958846466  
1.582667658  
0.6302186575  
-1.680039195  
-4.724111212  
-7.664323477  
-9.693597572  
-10.25976622  
-9.206835509  
-6.797489214  
-3.617489349  
-0.3968794737  
2.195097659  
3.720495365  
4.061984871  
3.411679606  
2.171366371  
0.8017778593  
-0.3286953372  
-1.048740179  
-1.41258863  
-1.647957384  
-2.04464963  
-2.822775634  
-4.02455733  
-5.465251057  
-6.759779741  
-7.418314404  
-6.983394819  
-5.168985325  
-1.961484029  
2.346492528  
7.19987881  
11.89173656  
15.71238532  
18.09944935  
18.75198562  
17.68244235  
15.19673665  
11.81116268  
8.129726384  
4.713674492  
1.974343903  
0.1121028672  
-0.8893728253  
-1.218987018  
-1.161756494  
-1.013669154  
-1.010794049  
-1.288585098  
-1.876562342  
-2.722466152  
-3.731804789  
-4.805836376  
-5.86398762  
-6.844329893  
-7.685259656  
-8.29978564  
-8.557762177  
-8.28968612  
-7.31840804  
-5.514806587  
-2.863051207  
0.485354101  
4.18994797  
7.746574047  
10.56176976  
12.06420003  
11.82875669  
9.682656245  
5.764918162  
0.5207598176  
-5.371502401  
-11.12619158  
-15.9998379  
-19.42923368  
-21.12556976  
-21.10359813  
-19.64181209  
-17.18729722  
-14.23249075  
-11.19712707  
-8.345320821  
-5.756720611  
-3.354876964  
-0.9801452428  
1.517291718  
4.193200808  
6.959246307  
9.582160849  
11.73308314  
13.07397421  
13.35772632  
12.51440162  
10.69910317  
8.286054875  
5.806619317  
3.842874439  
2.899755205  
3.285196201  
5.027299554  
7.850392172  
11.21913923  
14.44421617  
16.82798388  
17.81772103  
17.13018936  
14.81634545  
11.24815729  
7.028347735  
2.843683083  
-0.7017078324  
-3.229582642  
-4.668469109  
-5.248891237  
-5.412834382  
-5.661888716  
-6.387343678  
-7.732626601  
-9.530949794  
-11.34020816  
-12.56859512  
-12.65629921  
-11.25986967  
-8.382455919  
-4.407323535  
-0.01990213458  
3.962673693  
6.806502247  
8.05712889  
7.657851165  
5.953521659  
3.577806701  
1.257759379  
-0.4045494455  
-1.106248753  
-0.9203231826  
-0.252175857  
0.3084061737  
0.1911170791  
-0.9613676901  
-3.172507039  
-6.121665504  
-9.246039037  
-11.91944463  
-13.6477942  
-14.21627586  
-13.74023416  
-12.60457596  
-11.3142957  
-10.30857417  
-9.802826016  
-9.713081227  
-9.688618043  
-9.241608013  
-7.92918716  
-5.525515047  
-2.124595018  
1.861812382  
5.811468354  
9.06899545  
11.13500621  
11.80543374  
11.21700882  
9.78689644  
8.069950701  
6.583725292  
5.660266009  
5.372226865  
5.553357034  
5.899810241  
6.110990784  
6.016308321  
5.641266966  
5.190000967  
4.952807286  
5.175127539  
5.938808872  
7.102231924  
8.324642381  
9.169471966  
9.252474664  
8.383444003  
6.651218412  
4.420239362  
2.236658481  
0.6724857379  
0.1570253608  
0.8488821554  
2.587938524  
4.940137197  
7.31784695  
9.135485857  
9.951326802  
9.554540313  
7.977705404  
5.441390427  
2.259332021  
-1.257107489  
-4.861344911  
-8.383744167  
-11.69868252  
-14.67039331  
-17.10973699  
-18.76890344  
-19.38468726  
-18.75964745  
-16.85266287  
-13.84283595  
-10.13683504  
-6.307419484  
-2.97422277  
-0.6586378667  
0.3448357307  
0.04151890874  
-1.269264569  
-3.077992544  
-4.802490447  
-5.939346602  
-6.186452069  
-5.504181565  
-4.102304628  
-2.361913546  
-0.7193540798  
0.4527063476  
0.9350486913  
0.7025709619  
-0.08778292432  
-1.150635194  
-2.147094769  
-2.759444113  
-2.74922585  
-1.991058432  
-0.4828234148  
1.662025705  
4.233375016  
6.950207217  
9.491994644  
11.53631642  
12.80218413  
13.09527107  
12.34707127  
10.63779926  
8.193987144  
5.356926581  
2.525824688  
0.08716110219  
-1.653463494  
-2.520799723  
-2.489624225  
-1.671967948  
-0.2781619146  
1.435639148  
3.218858928  
4.865001964  
6.231347487  
7.240452353  
7.868761392  
8.12914433  
8.052722927  
7.672518308  
7.009331303  
6.060124805  
4.791179841  
3.140800329  
1.037098186  
-1.566504487  
-4.642256855  
-8.038504916  
-11.44958677  
-14.42619884  
-16.43973327  
-16.99812915  
-15.79078986  
-12.82262449  
-8.490068161  
-3.559891384  
0.9646907381  
4.07210209  
5.012042253  
3.53166769  
0.002104994479  
-4.617221548  
-8.985289696  
-11.71427592  
-11.74592754  
-8.662576404  
-2.837316472  
4.629877406  
12.18167025  
18.20776858  
21.47000093  
21.42447753  
18.34579385  
13.21737339  
7.423101223  
2.336256408  
-1.0673885  
-2.455011709  
-2.170203581  
-1.052901262  
-0.1127631591  
-0.1684299739  
-1.572757866  
-4.111856201  
-7.104821863  
-9.662479196  
-11.01051001  
-10.76288559  
-9.051686739  
-6.471582876  
-3.862955349  
-2.0137655  
-1.387400765  
-1.972651593  
-3.307134303  
-4.662977507  
-5.325750466  
-4.864910933  
-3.297825281  
-1.088151608  
1.020862166  
2.278335517  
2.205191333  
0.7802887953  
-1.534709038  
-3.942728135  
-5.581060235  
-5.820286023  
-4.488418116  
-1.942063056  
1.040971733  
3.511902504  
4.659975293  
4.077194556  
1.892242315  
-1.267483119  
-4.468493351  
-6.750840885  
-7.401331752  
-6.133999001  
-3.127544921  
1.079300478  
5.78575493  
10.34378619  
14.31441152  
17.5182348  
19.9763575  
21.77994317  
22.95166998  
23.36206937  
22.73848051  
20.76525987  
17.23578157  
12.19434007  
6.007841732  
-0.6676580471  
-7.021806119  
-12.28450192  
-15.91575953  
-17.72729143  
-17.89616836  
-16.86896415  
-15.19303512  
-13.33577516  
-11.5545808  
-9.859422896  
-8.074482334  
-5.968892174  
-3.402339578  
-0.4279937394  
2.686485754  
5.526647678  
7.660393683  
8.778427618  
8.792583563  
7.855792312  
6.297953367  
4.504153611  
2.782999659  
1.275428049  
-0.0625152076  
-1.399076245  
-2.915268806  
-4.689277779  
-6.625163705  
-8.45662171  
-9.826871642  
-10.41521072  
-10.06154761  
-8.839681164  
-7.048706325  
-5.122804612  
-3.490984851  
-2.438125384  
-2.019080314  
-2.058304462  
-2.235319824  
-2.223629493  
-1.829628283  
-1.077113994  
-0.2027882692  
0.4383491194  
0.5238210617  
-0.08622302904  
-1.25902752  
-2.598783518  
-3.559698851  
-3.628224842  
-2.512723201  
-0.2728614009  
2.6609813  
5.591728782  
7.754419826  
8.547886305  
7.724553532  
5.475908035  
2.384537507  
-0.7431567823  
-3.111093504  
-4.161027116  
-3.723263907  
-2.046212461  
0.3002160412  
2.612725554  
4.272600622  
4.925616475  
4.571321346  
3.540194329  
2.372673203  
1.642847715  
1.782899818  
2.959464122  
5.033289015  
7.60643927  
10.13611842  
12.07802567  
13.0189443  
12.76643652  
11.37903837  
9.137259497  
6.468994246  
3.850300942  
1.703599394  
0.3123302902  
-0.2338037864  
-0.05428148692  
0.5495040309  
1.161523844  
1.348409726  
0.7688768401  
-0.7290690755  
-3.04946789  
-5.849427071  
-8.607870139  
-10.75135112  
-11.80714659  
-11.54092127  
-10.03546077  
-7.680529972  
-5.069457498  
-2.828228156  
-1.427561662  
-1.038536304  
-1.482443056  
-2.297313103  
-2.905078648  
-2.827311455  
-1.876797591  
-0.2553785506  
1.483678998  
2.606033301  
2.449772167  
0.6796317488  
-2.547045522  
-6.567798414  
-10.37325855  
-12.89653126  
-13.3471909  
-11.48268008  
-7.724252841  
-3.070233021  
1.176982563  
3.792887862  
4.006416592  
1.751552045  
-2.286945666  
-6.853300388  
-10.47572686  
-11.8917936  
-10.41685228  
-6.145611117  
0.07195208371  
6.870430237  
12.75022689  
16.48565338  
17.44113296  
15.7086221  
12.03607635  
7.579591294  
3.561427862  
0.9377650852  
0.1692665275  
1.149901666  
3.298603513  
5.770999812  
7.718597326  
8.517788918  
7.909447161  
6.023374955  
3.298111632  
0.3341312794  
-2.269669103  
-4.051200357  
-4.764172898  
-4.394235364  
-3.123751835  
-1.266462877  
0.8060680168  
2.730398513  
4.201837597  
5.008413925  
5.049317856  
4.338332904  
2.991245793  
1.196646372  
-0.8270038387  
-2.879553256  
-4.819159708  
-6.579746532  
-8.156739323  
-9.562585624  
-10.76644059  
-11.64221382  
-11.95105386  
-11.37581795  
-9.607760003  
-6.464806176  
-2.004205927  
3.413106992  
9.13940802  
14.34832371  
18.21433037  
20.11713387  
19.81073979  
17.50229296  
13.80982605  
9.604090621  
5.776386488  
2.999363438  
1.552497169  
1.265587603  
1.597856049  
1.828036234  
1.296009551  
-0.3795833934  
-3.175287537  
-6.666389975  
-10.15681198  
-12.89232222  
-14.28886659  
-14.10481683  
-12.50568494  
-10.00525933  
-7.306204885  
-5.093332264  
-3.844608237  
-3.715703819  
-4.527545597  
-5.852473126  
-7.164465043  
-8.001964153  
-8.092576094  
-7.405603163  
-6.124440174  
-4.556945311  
-3.019637898  
-1.736044954  
-0.7804849481  
-0.0805153994  
0.5292568474  
1.225152555  
2.114277227  
3.18289563  
4.288673728  
5.197356936  
5.651045933  
5.447055508  
4.504785122  
2.902625867  
0.8755154955  
-1.226413803  
-3.008766762  
-4.117688214  
-4.319772648  
-3.55866673  
-1.973905615  
0.1253509602  
2.329161303  
4.224942409  
5.502088055  
6.035237964  
5.920303998  
5.447494038  
5.012444676  
4.986128092  
5.580426633  
6.752988489  
8.188284579  
9.371636774  
9.744184034  
8.897822982  
6.750114898  
3.637675699  
0.2856510367  
-2.353653397  
-3.357947718  
-2.117942268  
1.439493611  
6.762965786  
12.7622312  
18.05600362  
21.31919047  
21.63259233  
18.73270651  
13.08565996  
5.760500641  
-1.862526166  
-8.462575628  
-13.1171701  
-15.50937194  
-15.94479427  
-15.18039843  
-14.12631892  
-13.52091918  
-13.68560529  
-14.43741163  
-15.18389194  
-15.1640593  
-13.75111839  
-10.71323458  
-6.343553092  
-1.414812917  
3.027966666  
5.970201911  
6.728957325  
5.157340247  
1.689005134  
-2.788467337  
-7.188727855  
-10.52921028  
-12.18845355  
-12.04377505  
-10.45543284  
-8.112386328  
-5.795938972  
-4.138571956  
-3.450654464  
-3.660886283  
-4.377472647  
-5.03946896  
-5.103207571  
-4.203791187  
-2.246048084  
0.5937316835  
3.944109436  
7.359079053  
10.4399473  
12.92117782  
14.69960147  
15.80761269  
16.34899032  
16.42573849  
16.08358194  
15.29425943  
13.97838246  
12.05874421  
9.524263227  
6.481803627  
3.176885585  
-0.02701965904  
-2.709496323  
-4.482540012  
-5.0877568  
-4.476898017  
-2.852435914  
-0.6519036156  
1.528340293  
3.059258501  
3.429586055  
2.384375179  
0.01286265815  
-3.244859311  
-6.684361387  
-9.503348687  
-11.00972369  
-10.81577728  
-8.960906359  
-5.920689597  
-2.49066797  
0.4293163406  
2.091529998  
2.121746879  
0.6358503184  
-1.789155611  
-4.28638338  
-5.963417604  
-6.178636429  
-4.741509452  
-1.971051367  
1.408445714  
4.501727387  
6.530184619  
7.076874011  
6.20641268  
4.419277386  
2.457158503  
1.028263157  
0.5504551388  
1.004780106  
1.953299949  
2.716320311  
2.645657945  
1.393748126  
-0.9227421478  
-3.730209323  
-6.180568513  
-7.448357644  
-7.037107518  
-4.981849587  
-1.868021068  
1.348972406  
3.667076109  
4.392753257  
3.400680588  
1.19983577  
-1.226348216  
-2.758099737  
-2.542239722  
-0.3189261251  
3.44694778  
7.683888787  
11.04940971  
12.3736982  
11.06089563  
7.30849504  
2.0653662  
-3.262089561  
-7.259056537  
-8.955414256  
-8.129094259  
-5.35694669  
-1.797533951  
1.216948539  
2.636467576  
2.037997979  
-0.2590721428  
-3.343401501  
-6.069830759  
-7.493369628  
-7.220814692  
-5.552209329  
-3.360634468  
-1.753902763  
-1.641402412  
-3.364955089  
-6.531203006  
-10.11182314  
-12.78223012  
-13.38312884  
-11.34340001  
-6.913674758  
-1.12428357  
4.523660519  
8.532574567  
9.889053743  
8.389164513  
4.699901259  
0.1383532899  
-3.754415408  
-5.700181898  
-5.069443523  
-2.043304394  
2.492290568  
7.271781039  
11.07458607  
13.10121189  
13.17758861  
11.73072787  
9.561903725  
7.513340112  
6.156450676  
5.614143088  
5.573959686  
5.474911645  
4.786207971  
3.264439332  
1.087613598  
-1.185932217  
-2.817537837  
-3.170380083  
-1.966057875  
0.582092501  
3.810462249  
6.80814322  
8.709004686  
8.968865701  
7.530617914  
4.822190562  
1.593363147  
-1.345460089  
-3.386892886  
-4.300427984  
-4.261158861  
-3.733573981  
-3.263558834  
-3.262467135  
-3.864906923  
-4.908799662  
-6.036138227  
-6.865538201  
-7.161449121  
-6.929472534  
-6.400092594  
-5.910572498  
-5.737724326  
-5.955255809  
-6.380002171  
-6.635057824  
-6.30896493  
-5.148315422  
-3.203407551  
-0.8611024441  
1.259070391  
2.515676457  
2.488228933  
1.159433722  
-1.038518635  
-3.341528345  
-4.902268798  
-5.085761442  
-3.705639437  
-1.111390415  
1.912188621  
4.404927447  
5.56268162  
5.023028137  
3.000622505  
0.218879253  
-2.343091064  
-3.80170212  
-3.693549926  
-2.154784531  
0.1144089865  
2.094058358  
2.815736392  
1.730881251  
-1.05689881  
-4.784201366  
-8.256298174  
-10.23987542  
-9.888160975  
-7.051350019  
-2.361059712  
2.947229729  
7.420593975  
9.858539704  
9.710297268  
7.265845052  
3.574568  
0.1157745896  
-1.672388789  
-0.8525986019  
2.711805113  
8.311326653  
14.60932728  
20.04960359  
23.31748854  
23.70657852  
21.27950799  
16.7832478  
11.36165319  
6.172419193  
2.041104599  
-0.7357675749  
-2.384410288  
-3.463917115  
-4.57582259  
-6.087420686  
-7.972462272  
-9.825419207  
-11.03904881  
-11.07380785  
-9.713580419  
-7.206928512  
-4.234705351  
-1.708229663  
-0.4647600573  
-0.9663818905  
-3.110787374  
-6.22643231  
-9.262540453  
-11.11745527  
-10.9998601  
-8.703265969  
-4.700043474  
-0.01891801164  
4.059847321  
6.397137542  
6.351295261  
3.983842635  
0.04750359711  
-4.241744022  
-7.578291054  
-8.969482013  
-8.041064093  
-5.149748841  
-1.267682195  
2.324981693  
4.443357571  
4.3712809  
2.08895016  
-1.715486927  
-5.853411956  
-8.997498547  
-10.08576306  
-8.64369262  
-4.926477669  
0.1602252375  
5.33401215  
9.317327766  
11.20826845  
10.72716562  
8.265926592  
4.730049568  
1.228435255  
-1.286693804  
-2.313395038  
-1.933860383  
-0.7482780535  
0.3659100393  
0.58674199  
-0.5402878978  
-2.916987943  
-5.898152527  
-8.489186396  
-9.672360439  
-8.754537303  
-5.620126845  
-0.8025603852  
4.653774205  
9.500234518  
12.66195722  
13.56488547  
12.30467034  
9.601168312  
6.552506729  
4.268894365  
3.506666657  
4.423456294  
6.535549542  
8.891233569  
10.40179873  
10.21891069  
8.031443098  
4.181918579  
-0.4364471642  
-4.66707792  
-7.464542541  
-8.22997101  
-6.995151815  
-4.395155198  
-1.441831235  
0.8218496456  
1.66696975  
0.9057646945  
-1.074201885  
-3.475380933  
-5.391821027  
-6.137013031  
-5.480685629  
-3.711788189  
-1.508727757  
0.3317868493  
1.204617807  
0.9282594065  
-0.188725652  
-1.473442244  
-2.161512828  
-1.715971181  
-0.0713611963  
2.293385709  
4.489232637  
5.519055727  
4.64469556  
1.688281094  
-2.844714603  
-7.874225671  
-12.05971079  
-14.22025031  
-13.72100292  
-10.69372231  
-6.012369528  
-1.026143903  
2.865611846  
4.658023669  
4.058238713  
1.570891403  
-1.676673618  
-4.311315135  
-5.168609589  
-3.675981569  
-0.04069821103  
4.815105866  
9.546629732  
12.8067875  
13.65712392  
11.83926899  
7.826964478  
2.652658597  
-2.424721386  
-6.297256904  
-8.30993314  
-8.398876617  
-7.037176902  
-5.023952496  
-3.199662927  
-2.18645961  
-2.233554812  
-3.203715945  
-4.685247864  
-6.173133536  
-7.24655369  
-7.681347708  
-7.46831212  
-6.747432509  
-5.699012314  
-4.444152181  
-2.996494748  
-1.280691371  
0.7974321265  
3.265936325  
6.028667868  
8.862212334  
11.47088489  
13.57693612  
15.00759599  
15.74178204  
15.89662228  
15.65993122  
15.19831112  
14.581628  
13.75817718  
12.59333185  
10.95643034  
8.818016329  
6.311975438  
3.728872518  
1.433767688  
-0.2659433749  
-1.252851253  
-1.676235885  
-1.933524492  
-2.550467229  
-3.992916338  
-6.472979587  
-9.820802976  
-13.47600811  
-16.61441948  
-18.37918299  
-18.14693958  
-15.74345339  
-11.53560172  
-6.36435999  
-1.334045274  
2.480614581  
4.321475726  
3.942211593  
1.655781763  
-1.774837784  
-5.363541618  
-8.17312459  
-9.551463079  
-9.268500768  
-7.526641161  
-4.857897531  
-1.952854883  
0.5207613097  
2.05991716  
2.40137141  
1.530203459  
-0.3575120374  
-2.909996816  
-5.672210655  
-8.129815776  
-9.753644167  
-10.05917496  
-8.688717668  
-5.507498027  
-0.6866530815  
5.263595986  
11.54182612  
17.19364266  
21.31771455  
23.28705462  
22.9177032  
20.52454349  
16.83516786  
12.7780954  
9.206280501  
6.643696085  
5.140776103  
4.291621799  
3.412203381  
1.821944038  
-0.8683475359  
-4.566077488  
-8.677967193  
-12.27864147  
-14.41619422  
-14.45249626  
-12.31832074  
-8.587509298  
-4.333592281  
-0.8068551111  
0.9655466141  
0.5228620913  
-1.862094973  
-5.255189196  
-8.356312867  
-9.924996457  
-9.196924208  
-6.151667269  
-1.539214347  
3.347872343  
7.085000707  
8.575417262  
7.408482832  
3.998240181  
-0.5438201609  
-4.760426153  
-7.310121663  
-7.389179814  
-4.97885819  
-0.8413467533  
3.729725747  
7.319898566  
8.83198586  
7.813592146  
4.576003739  
0.07635186648  
-4.38936689  
-7.578112167  
-8.651952136  
-7.386661186  
-4.185090493  
0.09163011523  
4.406671244  
7.846877112  
9.847017622  
10.281083  
9.411760406  
7.73549449  
5.788837452  
3.984686153  
2.526478552  
1.414375157  
0.5232364714  
-0.2899342584  
-1.095400913  
-1.849870211  
-2.414746809  
-2.61901612  
-2.337094438  
-1.549972755  
-0.3679750828  
0.9898470034  
2.248743713  
3.143438406  
3.475005397  
3.146296985  
2.173113129  
0.6764811738  
-1.135607613  
-2.991369294  
-4.582950482  
-5.602437692  
-5.789314217  
-4.986709865  
-3.195202542  
-0.6062067465  
2.403522968  
5.326577529  
7.623937561  
8.846622215  
8.746063864  
7.338246342  
4.898155059  
1.882773679  
-1.195031842  
-3.901565136  
-5.982109388  
-7.393456394  
-8.261745553  
-8.786315763  
-9.131036349  
-9.349405662  
-9.375737875  
-9.086742918  
-8.406355411  
-7.40454481  
-6.338095146  
-5.60085152  
-5.586837731  
-6.508850668  
-8.241983022  
-10.26374184  
-11.73611175  
-11.72701637  
-9.515074195  
-4.881916319  
1.712856129  
9.15141969  
15.89129499  
20.36108215  
21.4072987  
18.65476236  
12.6609967  
4.804172007  
-3.073298573  
-9.164418525  
-12.19039548  
-11.73515415  
-8.318328421  
-3.186327756  
2.108496926  
6.202623691  
8.329461512  
8.510929595  
7.476230715  
6.343514515  
6.179038251  
7.587918952  
10.4773133  
14.07190362  
17.17417376  
18.57817077  
17.49391403  
13.83762084  
8.290132415  
2.105681818  
-3.262685006  
-6.595031888  
-7.25219082  
-5.33058511  
-1.584089791  
2.84776181  
6.803456993  
9.428873  
10.36657632  
9.755678416  
8.063429385  
5.828764028  
3.424475415  
0.9303450725  
-1.838985904  
-5.171022549  
-9.231157205  
-13.87561907  
-18.58611966  
-22.56375315  
-24.95742037  
-25.14808028  
-22.98478973  
-18.88161153  
-13.73167216  
-8.659179533  
-4.688587705  
-2.441253988  
-1.962259189  
-2.736271116  
-3.886480209  
-4.487967421  
-3.888074118  
-1.925186587  
1.026387103  
4.196886389  
6.694694764  
7.81635969  
7.286255329  
5.346078267  
2.668126712  
0.127345532  
-1.485889948  
-1.713284309  
-0.5553646901  
1.558539459  
3.937546243  
5.868252571  
6.839431758  
6.677151572  
5.551850768  
3.867425416  
2.084183558  
0.5479485417  
-0.6100639652  
-1.469570022  
-2.22351617  
-3.033499431  
-3.9034107  
-4.628345647  
-4.845293838  
-4.170873814  
-2.375243816  
0.4759437978  
3.9713258  
7.423987841  
10.0477991  
11.18666114  
10.52236509  
8.191156244  
4.76780628  
1.118850279  
-1.831041985  
-3.34824663  
-3.080070183  
-1.131466912  
1.987956988  
5.522297513  
8.678397972  
10.82024856  
11.59487249  
10.96367462  
9.146551501  
6.513043816  
3.466250947  
0.3590086218  
-2.53836024  
-5.024246091  
-6.930790463  
-8.099205651  
-8.388438488  
-7.721127128  
-6.14924953  
-3.907275711  
-1.419492804  
0.7582111935  
2.058075287  
2.052557959  
0.5929081742  
-2.113199545  
-5.517048231  
-8.841725364  
-11.26602967  
-12.12947617  
-11.10023513  
-8.258085586  
-4.069889808  
0.7326612385  
5.334863776  
9.026440965  
11.34260587  
12.12465029  
11.49354227  
9.757376934  
7.291831063  
4.436352838  
1.437423851  
-1.55103957  
-4.423096983  
-7.061314649  
-9.295520633  
-10.90347852  
-11.65820925  
-11.40574401  
-10.14218029  
-8.055880514  
-5.510948901  
-2.968560834  
-0.8657938358  
0.5105631395  
1.112409577  
1.1474114  
1.01305831  
1.163298691  
1.947191767  
3.471172424  
5.532278018  
7.649695071  
9.191834861  
9.565310505  
8.410281559  
5.741208094  
1.985422149  
-2.09924857  
-5.610638183  
-7.742721868  
-8.012365251  
-6.405513044  
-3.397218311  
0.1645806139  
3.2821189  
5.076559235  
5.026876697  
3.110824325  
-0.1924607096  
-4.038912934  
-7.455635149  
-9.608459721  
-10.02419488  
-8.704811624  
-6.1033622  
-2.972582229  
-0.1344510105  
1.758636124  
2.400030969  
1.892257974  
0.683647334  
-0.5963947535  
-1.347519343  
-1.1857711  
-0.04962190076  
1.805551857  
3.917571346  
5.790943869  
7.072673395  
7.670017215  
7.770696593  
7.760012687  
8.06483544  
8.979633821  
10.53613729  
12.46358993  
14.25592844  
15.32571858  
15.19473767  
13.65780444  
10.86428893  
7.288407349  
3.595788124  
0.4480454711  
-1.692363038  
-2.694609035  
-2.78722244  
-2.472963067  
-2.35902271  
-2.95744349  
-4.519217738  
-6.95342745  
-9.854484255  
-12.62565901  
-14.65724273  
-15.50227626  
-14.9964593  
-13.28937044  
-10.78393774  
-8.010092575  
-5.476939437  
-3.550359599  
-2.389941573  
-1.955921289  
-2.072445599  
-2.516075022  
-3.094024591  
-3.685382296  
-4.236481771  
-4.721236491  
-5.091124273  
-5.242525816  
-5.020662404  
-4.262982752  
-2.867311212  
-0.8581041049  
1.577407799  
4.102047472  
6.292406126  
7.737195677  
8.14118483  
7.402982494  
5.643097667  
3.174773592  
0.4282243462  
-2.147362313  
-4.174887276  
-5.409495913  
-5.756759977  
-5.252906541  
-4.023045249  
-2.237596734  
-0.0830112999  
2.247445259  
4.548753766  
6.598869096  
8.167691922  
9.048043701  
9.104690735  
8.3260833  
6.857338107  
4.995318844  
3.137489138  
1.692083094  
0.9721516646  
1.104844361  
1.985691581  
3.295752335  
4.580716  
5.371525195  
5.31240524  
4.259121189  
2.318980339  
-0.1782252475  
-2.768285861  
-4.972368533  
-6.413122586  
-6.894960105  
-6.429387632  
-5.204367214  
-3.513539542  
-1.671379929  
0.05885661525  
1.505726566  
2.59335376  
3.316479255  
3.703626334  
3.786581327  
3.588397569  
3.132121042  
2.462125519  
1.664008173  
0.8691389995  
0.2363253608  
-0.08725700273  
-0.01438722979  
0.4413600284  
1.148199296  
1.871538963  
2.321475882  
2.221659676  
1.382018834  
-0.2435216082  
-2.529208746  
-5.186548381  
-7.808425645  
-9.938875077  
-11.15466833  
-11.14402553  
-9.769448323  
-7.104850076  
-3.440682389  
0.7457071427  
4.853426745  
8.249292346  
10.37552651  
10.85656767  
9.583665563  
6.755708584  
2.860505273  
-1.407831811  
-5.284126578  
-8.093325092  
-9.400354202  
-9.109920952  
-7.487156129  
-5.089175242  
-2.621588663  
-0.755811902  
0.04416748566  
-0.3621400532  
-1.765500841  
-3.677849945  
-5.479382674  
-6.598532995  
-6.672036548  
-5.63877537  
-3.741827304  
-1.441387868  
0.7317254159  
2.335121408  
3.137548032  
3.169775979  
2.692362653  
2.095746806  
1.768768282  
1.979537725  
2.805718053  
4.132460652  
5.712388509  
7.26143138  
8.553842616  
9.482569293  
10.06582305  
10.40148875  
10.59050968  
10.66157407  
10.5286181  
10.00024521  
8.840851759  
6.863746684  
4.023988612  
0.4770378043  
-3.420435113  
-7.172894261  
-10.25634485  
-12.24587024  
-12.92330983  
-12.33341938  
-10.77182997  
-8.707724483  
-6.662542112  
-5.077754337  
-4.2068097  
-4.058764436  
-4.406643561  
-4.856492172  
-4.958145553  
-4.32936894  
-2.763051092  
-0.292104773  
2.802875107  
6.045277463  
8.862575417  
10.71350786  
11.21477536  
10.23858004  
7.957199444  
4.820828333  
1.469040737  
-1.408250305  
-3.230677184  
-3.670433597  
-2.741124729  
-0.8054496951  
1.506459039  
3.452977236  
4.374634176  
3.875374217  
1.941071921  
-1.040999916  
-4.372152516  
-7.221451642  
-8.847045108  
-8.798376216  
-7.041226294  
-3.968445601  
-0.2918754841  
3.153834198  
5.638310161  
6.726658154  
6.378921377  
4.930221752  
2.961036824  
1.101054863  
-0.1698641373  
-0.6603461821  
-0.5032770262  
-0.08048726224  
0.1351956314  
-0.2349771622  
-1.327261759  
-2.974530715  
-4.753734732  
-6.125725517  
-6.620013114  
-6.001577531  
-4.36263008  
-2.107131277  
0.1683484916  
1.859186949  
2.542561289  
2.110500031  
0.8026543651  
-0.871901151  
-2.298325403  
-2.952172552  
-2.56511561  
-1.207861645  
0.7347339997  
2.686552939  
4.060394178  
4.43768181  
3.691830419  
2.018978913  
-0.1298716125  
-2.190296518  
-3.652781452  
-4.20536922  
-3.808952624  
-2.686852178  
-1.237850649  
0.09534182443  
0.9591682015  
1.183972025  
0.8158495873  
0.08254507596  
-0.6893964749  
-1.176249332  
-1.145628025  
-0.5082966044  
0.6757465257  
2.230693923  
3.92068015  
5.507321473  
6.792400183  
7.638059538  
7.966542074  
7.748545546  
6.990972766  
5.731784511  
4.043359789  
2.0396814  
-0.1207007661  
-2.24315073  
-4.11951289  
-5.561164054  
-6.433684253  
-6.682259895  
-6.339142607  
-5.51007728  
-4.343599447  
-2.992771289  
-1.581349024  
-0.1844392043  
1.171465296  
2.490995737  
3.782661662  
5.032407887  
6.187640228  
7.157270413  
7.827611154  
8.08874528  
7.862928552  
7.126491648  
5.919313018  
4.339863227  
2.527902821  
0.6395539627  
-1.17952228  
-2.817688894  
-4.213956003  
-5.365418207  
-6.324419253  
-7.185207835  
-8.060843356  
-9.052711508  
-10.21725342  
-11.53684357  
-12.90305057  
-14.11974366  
-14.92988943  
-15.06392213  
-14.30070767  
-12.52652718  
-9.775632803  
-6.239057611  
-2.236227952  
1.845397493  
5.627302839  
8.812122576  
11.23036164  
12.84841749  
13.73732488  
14.01496237  
13.7840731  
13.09035179  
11.91792361  
10.22557598  
8.010771626  
5.375500255  
2.563905276  
-0.05158509805  
-2.042213487  
-3.038216127  
-2.853999202  
-1.58050752  
0.3930936967  
2.447646252  
3.883780327  
4.116953747  
2.862353005  
0.2512803191  
-3.163742738  
-6.52743668  
-8.899101116  
-9.512184621  
