4.187403674  
3.385286225  
1.926371274  
0.2245719776  
-1.220361504  
-1.981551341  
-1.827325353  
-0.7682625947  
0.9787541391  
3.085570038  
5.223117092  
7.142472776  
8.699394684  
9.823002864  
10.45560733  
10.50418005  
9.838644676  
8.349613655  
6.047658623  
3.16022084  
0.1728979084  
-2.225085069  
-3.298842704  
-2.495256443  
0.3289412747  
4.761239547  
9.837430083  
14.22189477  
16.53372501  
15.73535707  
11.46968736  
4.235634224  
-4.667545321  
-13.43076481  
-20.19182013  
-23.53435952  
-22.88517066  
-18.68928306  
-12.30381105  
-5.632988013  
-0.6041344905  
1.366705647  
-0.2345976493  
-4.886645265  
-11.19433619  
-17.29791615  
-21.4087151  
-22.31475371  
-19.70992758  
-14.254081  
-7.351954709  
-0.72154446  
4.116768866  
6.278525679  
5.753707215  
3.379838564  
0.5635762867  
-1.161832365  
-0.609874475  
2.694200038  
8.36064287  
15.23450311  
21.712831  
26.1842281  
27.46345276  
25.09988492  
19.47946638  
11.70149112  
3.276010211  
-4.264596425  
-9.72817505  
-12.50285341  
-12.62027636  
-10.64293579  
-7.427714257  
-3.849374601  
-0.5715802894  
2.070634731  
4.05533107  
5.549620835  
6.736904933  
7.668023463  
8.196060267  
8.020756858  
6.825872001  
4.456090549  
1.062163987  
-2.8495117  
-6.495648403  
-9.011328303  
-9.706860364  
-8.30447468  
-5.072672189  
-0.8036506087  
3.373222254  
6.295851862  
7.10475401  
5.507243682  
1.885565456  
-2.790953997  
-7.230071556  
-10.18210211  
-10.79832155  
-8.873860506  
-4.900735992  
0.08539828237  
4.817359811  
8.17070316  
9.484489849  
8.73053917  
6.481931794  
3.695592343  
1.382629587  
0.2746509475  
0.5933912236  
1.995462467  
3.705690993  
4.790722564  
4.479831541  
2.426484637  
-1.173727522  
-5.643778205  
-10.0396044  
-13.4431818  
-15.23551221  
-15.26067082  
-13.83177724  
-11.58468121  
-9.236761181  
-7.338399723  
-6.104053104  
-5.378944261  
-4.747810297  
-3.741388099  
-2.062029713  
0.2562178673  
2.813954121  
4.954987917  
5.982600468  
5.410666944  
3.163668225  
-0.3442622413  
-4.281625886  
-7.604334428  
-9.331850541  
-8.8119253  
-5.896544942  
-0.9811699632  
5.097762374  
11.27047912  
16.48275191  
19.91685695  
21.13155017  
20.09825673  
17.14337834  
12.83079602  
7.82760381  
2.789244457  
-1.717047485  
-5.2509456  
-7.513429345  
-8.353250509  
-7.774739028  
-5.944406277  
-3.184237854  
0.06219870676  
3.296858862  
6.059185784  
8.020093135  
9.047795118  
9.219857963  
8.772019479  
7.996967087  
7.126660332  
6.241307616  
5.241671475  
3.899990667  
1.975355487  
-0.6472500784  
-3.848325435  
-7.24326166  
-10.25211916  
-12.25605527  
-12.79252222  
-11.72238114  
-9.305944883  
-6.152632351  
-3.0511316  
-0.7300360553  
0.3732396312  
0.2552617469  
-0.652763312  
-1.634035347  
-1.940965405  
-1.073079268  
1.016599057  
3.861281657  
6.594512109  
8.209204914  
7.882448185  
5.262109893  
0.6203695532  
-5.180111602  
-10.90262113  
-15.27237798  
-17.33059332  
-16.69918038  
-13.67669266  
-9.139041437  
-4.278548973  
-0.2632505965  
2.080616272  
2.471220792  
1.206340356  
-0.9684077978  
-3.108297532  
-4.354306041  
-4.169306005  
-2.463015899  
0.4181560546  
3.818430521  
6.967885889  
9.183858766  
10.02451049  
9.36308766  
7.379070361  
4.485501455  
1.223558807  
-1.845146815  
-4.228026309  
-5.564792613  
-5.666191372  
-4.532809856  
-2.355767798  
0.5040222575  
3.563814624  
6.296640162  
8.231649345  
9.058491866  
8.708289934  
7.383497382  
5.519266498  
3.678300488  
2.403003388  
2.065637613  
2.76169464  
4.281202216  
6.16934132  
7.859291796  
8.83612457  
8.779974127  
7.643445564  
5.640759227  
3.156430965  
0.6088306203  
-1.681384554  
-3.571381005  
-5.098741344  
-6.410314772  
-7.649435911  
-8.849602102  
-9.880344109  
-10.47089885  
-10.30681913  
-9.16517053  
-7.03663355  
-4.184625504  
-1.112219559  
1.559881456  
3.268462909  
3.679308116  
2.797160333  
0.9752712201  
-1.181340949  
-2.989561531  
-3.88404096  
-3.573954247  
-2.113423934  
0.132191407  
2.607683037  
4.73362853  
6.061977416  
6.375404882  
5.707408178  
4.28884466  
2.450412204  
0.521113423  
-1.242676378  
-2.680761719  
-3.71056969  
-4.288964195  
-4.38213142  
-3.963387141  
-3.041529905  
-1.703988166  
-0.1479104598  
1.326167252  
2.36926523  
2.677404282  
2.093916438  
-1.48849929  
-5.217198294  
-8.266067175  
-10.12750308  
-10.50304579  
-9.357125444  
-6.921383123  
-3.650581776  
-0.1401973735  
2.977977329  
5.143188757  
5.958072055  
5.252008796  
3.107149176  
-0.1552560801  
-4.02535271  
-7.88483011  
-11.10627859  
-13.15863215  
-13.70343584  
-12.66565605  
-10.26360978  
-6.986736819  
-3.517614924  
-0.6057921851  
1.086697024  
1.137729926  
-0.5200110176  
-3.553698771  
-7.274009734  
-10.76713929  
-13.09167783  
-13.49722321  
-11.61166749  
-7.547625278  
-1.896168729  
4.396086451  
10.23954924  
14.65177363  
16.98133716  
17.04747378  
15.15976481  
12.0148925  
8.501284481  
5.467201931  
3.516449549  
2.885538431  
3.430401339  
4.717625025  
6.184988979  
7.318040281  
7.788769701  
7.518598494  
6.65494428  
5.47937604  
4.286082619  
3.275769304  
2.500560372  
1.874212196  
1.236894936  
0.4441650552  
-0.5577038018  
-1.700652176  
-2.819933027  
-3.724240471  
-4.281225399  
-4.481803402  
-4.454103099  
-4.417195627  
-4.588724077  
-5.080229637  
-5.821709905  
-6.549127054  
-6.867592573  
-6.375604567  
-4.812024544  
-2.175936389  
1.224812715  
4.819227099  
7.905301851  
9.83175091  
10.1745838  
8.853576472  
6.151953539  
2.633159568  
-1.018519221  
-4.182568764  
-6.45414686  
-7.717433314  
-8.122019349  
-7.976820204  
-7.603447184  
-7.203209812  
-6.785177257  
-6.179470115  
-5.128413363  
-3.419789647  
-1.010985686  
1.904040692  
4.912616613  
7.483134204  
9.114175207  
9.482133254  
8.536250051  
6.507994786  
3.831632492  
1.00410711  
-1.566186961  
-3.668275587  
-5.316980825  
-6.691868328  
-8.010712504  
-9.386266538  
-10.72279296  
-11.69620085  
-11.83264072  
-10.66498162  
-7.916808006  
-3.650315588  
1.677302264  
7.276747338  
12.19834285  
15.56595733  
16.8045128  
15.79216272  
12.89016305  
8.840579563  
4.56241719  
0.9074140545  
-1.552117335  
-2.642781635  
-2.586735825  
-1.884289374  
-1.126013563  
-0.7974387192  
-1.137814678  
-2.093130901  
-3.370408733  
-4.56647542  
-5.32150994  
-5.442577245  
-4.956249563  
-4.076647648  
-3.105963565  
-2.307985643  
-1.803396494  
-1.52615401  
-1.256853044  
-0.7201982851  
0.2902447857  
1.807359943  
3.646728097  
5.443303437  
6.759377168  
7.228592209  
6.686629942  
5.241882517  
3.258552079  
1.253739736  
-0.2604437788  
-0.9389125586  
-0.7157608745  
0.1726651322  
1.264614194  
2.02779669  
2.043767278  
1.16193636  
-0.4290663176  
-2.240029928  
-3.622797213  
-3.974547571  
-2.942803002  
-0.5663797517  
2.695295814  
6.059681852  
8.622571854  
9.608513378  
8.598645526  
5.668728751  
1.394361533  
-3.282462419  
-7.291699461  
-9.714458249  
-10.02649159  
-8.238621445  
-4.894809823  
-0.9278203065  
2.588507874  
4.723160148  
4.93138952  
3.192726225  
0.007944759201  
-3.74214149  
-7.036068767  
-8.983843583  
-9.059068837  
-7.230806243  
-3.963129466  
-0.08616254731  
3.424046631  
5.696966205  
6.184770625  
4.791319342  
1.884080466  
-1.80864813  
-5.384076313  
-7.984607178  
-8.995729576  
-8.176086622  
-5.693713953  
-2.067044368  
1.968090865  
5.628834262  
8.2515861  
9.417990219  
9.017443613  
7.239537401  
4.505597791  
1.360147773  
-1.651199981  
-4.091262351  
-5.707317882  
-6.461094821  
-6.509774479  
-6.144404827  
-5.700030394  
-5.457375258  
-5.558267984  
-5.955362258  
-6.410708721  
-6.54777914  
-5.948973313  
-4.278099521  
-1.398081481  
2.548590138  
7.123427467  
11.65237427  
15.35632478  
17.52489401  
17.69160651  
15.76395442  
12.07000318  
7.302955409  
2.37199964  
-1.805979261  
-4.521054877  
-5.434635621  
-4.649003829  
-2.66285161  
-0.2251527589  
1.871807477  
3.002481887  
2.863388676  
1.532708131  
-0.5781556426  
-2.86168703  
-4.695650197  
-5.613591537  
-5.41576748  
-4.192891958  
-2.26373071  
-0.05422365674  
2.037943766  
3.748509551  
4.990626665  
5.830236451  
6.409862184  
6.85494128  
7.200750891  
7.367957208  
7.194844431  
6.511848178  
5.227545765  
3.390495989  
1.200212395  
-1.040382549  
-3.016377054  
-4.504140646  
-5.44852183  
-5.983939124  
-6.388385019  
-6.983012187  
-8.009867088  
-9.52927913  
-11.37327515  
-13.17348338  
-14.45770101  
-14.78646748  
-13.88764094  
-11.7473152  
-8.629232516  
-5.01728075  
-1.499185638  
1.373636945  
3.210009702  
3.85422017  
3.397079919  
2.127433074  
0.445143387  
-1.235724713  
-2.567195043  
-3.315224153  
-3.372666405  
-2.746132706  
-1.530695842  
0.1155239947  
1.991664882  
3.871716825  
5.52619742  
6.75344646  
7.419636745  
7.498173858  
7.093105395  
6.431322893  
5.816063971  
5.547430608  
5.829782521  
6.694955883  
7.969812783  
9.30541675  
10.26593946  
10.45448096  
9.637958999  
7.830055577  
5.302209532  
2.514818999  
-0.01272257286  
-1.853177811  
-2.795107998  
-2.898028877  
-2.460260367  
-1.909805057  
-1.654930424  
-1.945185975  
-2.790160227  
-3.963370564  
-5.088885256  
-5.779276584  
-5.775423325  
-5.038288834  
-3.760205267  
-2.292418968  
-1.016075353  
-0.2044367135  
0.07260950593  
-0.03375586394  
-0.2182123414  
-0.148135366  
0.3969903278  
1.426321759  
2.717100321  
3.882557066  
4.505223026  
4.287628051  
3.164918377  
1.336846307  
-0.7944359697  
-2.759762799  
-4.18302543  
-4.907425437  
-5.040828631  
-4.902253858  
-4.887886745  
-5.305320897  
-6.23765502  
-7.489543377  
-8.638272147  
-9.174781617  
-8.686066879  
-7.01392475  
-4.331929778  
-1.110762383  
2.018550444  
4.457178025  
5.82015932  
6.044009553  
5.383284285  
4.298948956  
3.280237884  
2.665518205  
2.527666387  
2.665477241  
2.703366052  
2.261363532  
1.13092826  
-0.6106347757  
-2.592460028  
-4.25541508  
-5.035135941  
-4.558433507  
-2.782907182  
-0.02934895701  
3.105470036  
5.925472409  
7.839939532  
8.52587273  
7.994626209  
6.545423134  
4.629952235  
2.683845146  
0.9904685594  
-0.3731455998  
-1.493213707  
-2.504231457  
-3.457346862  
-4.234833348  
-4.555096739  
-4.075025596  
-2.55411821  
-0.014400974  
3.175257453  
6.338717302  
8.659718148  
9.430451729  
8.298967135  
5.424801357  
1.477597766  
-2.535157774  
-5.564991253  
-6.850317058  
-6.165119684  
-3.899951943  
-0.9407329492  
1.620664624  
2.850752642  
2.291663454  
0.1221306188  
-2.895818713  
-5.669980652  
-7.147478671  
-6.676064863  
-4.233915877  
-0.4487331615  
3.601308558  
6.737406294  
8.061793378  
7.24181421  
4.601536793  
0.9932810703  
-2.502182907  
-4.939547018  
-5.809610542  
-5.174377088  
-3.59527619  
-1.88793868  
-0.7985513943  
-0.7231694839  
-1.573181733  
-2.834336236  
-3.793850952  
-3.847012859  
-2.764402533  
-0.8149688617  
1.306582242  
2.726382799  
2.723947185  
1.027832691  
-2.038518954  
-5.621872202  
-8.600959341  
-9.958611703  
-9.135603427  
-6.240565778  
-2.038208359  
2.285380499  
5.50380693  
6.749390797  
5.794645302  
3.120807202  
-0.2485595833  
-3.090210718  
-4.381819511  
-3.624375225  
-0.9800487457  
2.814558211  
6.7211369  
9.756619972  
11.30710139  
11.29191243  
10.12884589  
8.525043867  
7.180141377  
6.516587896  
6.537064548  
6.857203289  
6.893270076  
6.125502989  
4.330125149  
1.687251797  
-1.278110009  
-3.898127621  
-5.62601067  
-6.254441805  
-5.997461445  
-5.3972537  
-5.086739635  
-5.498661666  
-6.638411874  
-8.019583383  
-8.803359887  
-8.105683345  
-5.368020844  
-0.654745272  
5.243449266  
10.95853884  
14.91764214  
15.82802866  
13.11657811  
7.171813795  
-0.7041263295  
-8.632628706  
-14.6875025  
-17.45207194  
-16.42824418  
-12.16726803  
-6.081552586  
-0.0001735757379  
4.387147295  
6.01941194  
4.734861207  
1.246353053  
-3.15540204  
-7.059212502  
-9.39173266  
-9.724756527  
-8.338592671  
-6.037079385  
-3.796112372  
-2.381474861  
-2.07568444  
-2.607545552  
-3.300285417  
-3.373214152  
-2.277171149  
0.06541791173  
3.20680179  
6.326263589  
8.531035692  
9.19286824  
8.194143641  
5.990583834  
3.464945019  
1.62255591  
1.237518928  
2.576770386  
5.301446306  
8.581413578  
11.38230678  
12.82267883  
12.47391848  
10.49641232  
7.564178508  
4.606079304  
2.457217542  
1.546423526  
1.732975275  
2.35302611  
2.461979623  
1.189645311  
-1.915302936  
-6.672493663  
-12.26517675  
-17.44972367  
-20.91328052  
-21.66433127  
-19.33098745  
-14.27378714  
-7.481422789  
-0.2882784799  
5.992431215  
10.40407571  
12.55141195  
12.62362398  
11.24598853  
9.224367839  
7.275258593  
5.829591658  
4.96480453  
4.470525549  
4.00675235  
3.285406901  
2.205039475  
0.8924474877  
-0.356436336  
-1.205798846  
-1.424559388  
-0.9893481265  
-0.1076415283  
0.8453831977  
1.450594561  
1.382780984  
0.5135381884  
-1.054670736  
-3.030718608  
-5.033552379  
-6.709734093  
-7.829062143  
-8.329297062  
-8.302044225  
-7.933380655  
-7.426966026  
-6.93935817  
-6.547843958  
-6.254952828  
-6.018315053  
-5.785846247  
-5.517475643  
-5.184383878  
-4.750134142  
-4.148797151  
-3.278151722  
-2.019968927  
-0.2864657581  
1.921949654  
4.471400558  
7.08500146  
9.381699926  
10.95910807  
11.49866809  
10.86085886  
9.138511415  
6.648105416  
3.858401388  
1.27594905  
-0.6789940242  
-1.769767077  
-1.986691761  
-1.527068467  
-0.7221218891  
0.06358485364  
0.5291375763  
0.5045679601  
-0.0249230604  
-0.9359341306  
-2.011361615  
-2.994107618  
-3.63474916  
-3.726082699  
-3.12600795  
-1.774896709  
0.2876059525  
2.907559617  
5.811997173  
8.626741608  
10.92593664  
12.31220278  
12.51233403  
11.46140761  
9.344419836  
6.57240046  
3.688697343  
1.225235606  
-0.4505338044  
-1.248160324  
-1.384036529  
-1.310384733  
-1.55841942  
-2.542234285  
-4.388034805  
-6.85040311  
-9.352286546  
-11.14557436  
-11.54730746  
-10.17718349  
-7.116423035  
-2.92937821  
1.468012562  
5.05854048  
7.017198411  
6.95473601  
5.031336393  
1.900774358  
-1.499756691  
-4.2478475  
-5.725725217  
-5.806890513  
-4.877948498  
-3.688185694  
-3.076647925  
-3.667451759  
-5.634918985  
-8.617228262  
-11.80809919  
-14.19726264  
-14.88167308  
-13.34694667  
-9.62950763  
-4.310180643  
1.654373643  
7.203997273  
11.46168369  
13.94468428  
14.6396738  
13.92967944  
12.41033848  
10.66714525  
9.093032824  
7.804981172  
6.678312571  
5.472795864  
3.992059478  
2.208537047  
0.3029275319  
-1.396989191  
-2.552235656  
-2.96653521  
-2.692917982  
-2.044520878  
-1.497437421  
-1.515748491  
-2.361584775  
-3.963231048  
-5.897627684  
-7.504947576  
-8.105454313  
-7.249390206  
-4.91347979  
-1.569930709  
1.907510808  
4.482883956  
5.275390734  
3.857568852  
0.4375566938  
-4.139451773  
-8.581925964  
-11.48752793  
-11.73054709  
-8.790246343  
-2.924317533  
4.864671296  
13.06288589  
20.01545309  
24.33236658  
25.221163  
22.66051411  
17.37483918  
10.6252565  
3.880201916  
-1.542947351  
-4.772394731  
-5.543361809  
-4.197363512  
-1.534697362  
1.428352721  
3.726949546  
4.670666465  
3.972117782  
1.761322702  
-1.502641736  
-5.186751384  
-8.657894602  
-11.42932964  
-13.24699347  
-14.1027244  
-14.1820076  
-13.76958067  
-13.14409997  
-12.49207073  
-11.86271539  
-11.17234408  
-10.25277071  
-8.926705259  
-7.086656988  
-4.753649198  
-2.098055478  
0.5846880148  
2.938447902  
4.634582009  
5.460643258  
5.385170045  
4.579464881  
3.3879675  
2.252165561  
1.605528085  
1.765318738  
2.848849883  
4.736202271  
7.089960461  
9.428058341  
11.23238593  
12.06677394  
11.67596721  
10.04237743  
7.388335202  
4.125181243  
0.7631114118  
-2.195827891  
-4.356657798  
-5.500948162  
-5.613722391  
-4.865129123  
-3.554294556  
-2.030330781  
-0.6091671597  
0.4954639799  
1.212387229  
1.616595037  
1.895592324  
2.285813476  
2.993084492  
4.115669323  
5.589631187  
7.173283542  
8.480241979  
9.05969578  
8.510013644  
6.600690828  
3.371093084  
-0.8244565537  
-5.346176607  
-9.376826923  
-12.09131704  
-12.85197557  
-11.3817978  
-7.868151844  
-2.962707163  
2.332299039  
6.872075862  
9.625594271  
9.918232579  
7.598726363  
3.085173365  
-2.725166051  
-8.662296053  
-13.55523972  
-16.50052675  
-17.05952749  
-15.33590881  
-11.91698706  
-7.699222012  
-3.648448521  
-0.5609575114  
1.111776207  
1.332740561  
0.4332324742  
-1.026131764  
-2.439551841  
-3.328224989  
-3.451665301  
-2.831649894  
-1.691458025  
-0.3395865132  
0.957156155  
2.066052157  
3.015952385  
3.953824547  
5.050059204  
6.390766404  
7.900162815  
9.326019373  
10.29902285  
10.45037205  
9.549751612  
7.615854652  
4.957514625  
2.124151392  
-0.226839559  
-1.509879297  
-1.384343846  
0.1342321805  
2.66372491  
5.554676539  
8.073749084  
9.617948127  
9.893787541  
9.003670643  
7.408551004  
5.773927125  
4.743738516  
4.71187747  
5.665210317  
7.152893924  
8.39935252  
8.533529808  
6.868677966  
3.147387679  
-2.327181791  
-8.721755183  
-14.86547384  
-19.55523771  
-21.88794967  
-21.52204771  
-18.78817232  
-14.61126276  
-10.26125399  
-7.000704708  
-5.729492524  
-6.729062189  
-9.58082528  
-13.28295083  
-16.53230621  
-18.09054949  
-17.12979785  
-13.460709  
-7.581360791  
-0.5381015346  
6.356520647  
11.86487354  
15.12751943  
15.84776196  
14.3150688  
11.27364203  
7.685895385  
4.466260893  
2.262125193  
1.337196966  
1.576657582  
2.595378789  
3.902305252  
5.063499359  
5.815051591  
6.099903428  
6.030837706  
5.805418218  
5.610325594  
5.549876124  
5.619260744  
5.723759812  
5.728426257  
5.514208547  
5.01839265  
4.247327639  
3.262742105  
2.153607515  
1.009445219  
-0.09287444774  
-1.0860265  
-1.899841558  
-2.452527725  
-2.657186714  
-2.44765597  
-1.816638863  
-0.8499794374  
0.261852445  
1.24823134  
1.819175648  
1.747679009  
0.9471994656  
-0.4845731641  
-2.276269815  
-4.050931604  
-5.434395077  
-6.170542803  
-6.20451037  
-5.703010176  
-5.00074482  
-4.486895396  
-4.467381856  
-5.049043076  
-6.086765988  
-7.215023615  
-7.957369614  
-7.880711739  
-6.744608084  
-4.595765889  
-1.774378629  
1.172809113  
3.64753974  
5.175349818  
5.5461535  
4.875663074  
3.568043035  
2.191148363  
1.302693295  
1.280301534  
2.206212938  
3.839864422  
5.684636923  
7.127535767  
7.610772278  
6.787474957  
4.62093129  
1.404446998  
-2.299140758  
-5.779580335  
-8.331730078  
-9.403937642  
-8.71241478  
-6.301572409  
-2.541782703  
1.93327671  
6.33881516  
9.882775448  
11.91800153  
12.07560829  
10.35184137  
7.12517722  
3.091314707  
-0.8790350415  
-3.934624769  
-5.447567352  
-5.174863032  
-3.330344888  
-0.5395403241  
2.3192533  
4.350481312  
4.890192952  
3.696011253  
1.01907016  
-2.468321864  
-5.871894301  
-8.343342843  
-9.334731923  
-8.758655842  
-7.001705793  
-4.785408789  
-2.919123042  
-2.026158527  
-2.334963794  
-3.606648143  
-5.224711578  
-6.417459934  
-6.537033578  
-5.2978727  
-2.889736023  
0.07729032022  
2.780010483  
4.471614271  
4.752600023  
3.726214416  
1.979643144  
0.3920992024  
-0.168113353  
0.8450891366  
3.444122984  
7.072132632  
10.75992643  
13.42597131  
14.22011059  
12.79568957  
9.418664635  
4.877891249  
0.2289718846  
-3.53927229  
-5.801238338  
-6.454365971  
-5.892512975  
-4.81001882  
-3.91337625  
-3.649073083  
-4.047827785  
-4.740740689  
-5.137698344  
-4.69700986  
-3.180148047  
-0.7900034144  
1.86608746  
3.981326286  
4.850484048  
4.15541528  
2.124569947  
-0.5016424642  
-2.698566984  
-3.505572299  
-2.374844693  
0.6049199692  
4.695798338  
8.722793049  
11.44539937  
11.9647599  
10.02644553  
6.111832459  
1.282609313  
-3.171775558  
-6.164158333  
-7.168942795  
-6.385042675  
-4.644038649  
-3.093657922  
-2.765939904  
-4.181416775  
-7.130181689  
-10.71095243  
-13.62024542  
-14.59660708  
-12.86933235  
-8.457239981  
-2.212160479  
4.41256595  
9.795467482  
12.6408126  
12.37121918  
9.29148294  
4.472948268  
-0.5991985472  
-4.495940201  
-6.276080698  
-5.741041551  
-3.437419115  
-0.4186094641  
2.143194456  
3.357067638  
2.890197529  
1.03478598  
-1.445251873  
-3.621156066  
-4.742608471  
-4.493040163  
-3.069664592  
-1.067873663  
0.778398464  
1.897546649  
2.107225011  
1.68205109  
1.237463982  
1.473999655  
2.878424191  
5.494729217  
8.853387378  
12.09039839  
14.21919612  
14.462768  
12.53031086  
8.740417967  
3.944904229  
-0.7243995412  
-4.202956757  
-5.820007954  
-5.496648571  
-3.751506001  
-1.514813268  
0.1850516722  
0.5577507191  
-0.6997165621  
-3.318492478  
-6.559530771  
-9.461291981  
-11.14745291  
-11.09322199  
-9.267613978  
-6.114252322  
-2.388236419  
1.087440309  
3.660723259  
5.007713355  
5.165240002  
4.442007815  
3.253318465  
1.947570411  
0.6902010823  
-0.5553601316  
-1.949119281  
-3.635400846  
-5.602854787  
-7.603477571  
-9.168627699  
-9.724430855  
-8.772315843  
-6.07554414  
-1.787884469  
3.522688743  
8.970005825  
13.54300645  
16.34396726  
16.80583966  
14.82934274  
10.80423383  
5.512116278  
-0.05983832794  
-4.943098034  
-8.392356654  
-10.02262319  
-9.852221062  
-8.250999422  
-5.81622212  
-3.213162556  
-1.021106652  
0.3812029855  
0.8701778703  
0.5677439811  
-0.2223370776  
-1.111673536  
-1.733004524  
-1.830457607  
-1.315678193  
-0.279596158  
1.040616663  
2.330232685  
3.284266707  
3.691830536  
3.495933759  
2.812266616  
1.900103185  
1.090743226  
0.690988898  
0.8874000056  
1.678992728  
2.860051402  
4.062036212  
4.847084915  
4.830050887  
3.795997348  
1.779059786  
-0.9225534834  
-3.803936788  
-6.271599588  
-7.7928859  
-8.03704895  
-6.968940542  
-4.867839847  
-2.263581878  
0.1954856627  
1.909336909  
2.484296982  
1.840000143  
0.2358141334  
-1.791995202  
-3.567744186  
-4.453940166  
-4.023487779  
-2.181504562  
0.7959349431  
4.317927311  
7.617218956  
9.936983628  
10.71870002  
9.742764252  
7.184825696  
3.572322127  
-0.3483824881  
-3.799817732  
-6.166571129  
-7.142003756  
-6.788842628  
-5.497495043  
-3.854541333  
-2.459686003  
-1.744725167  
-1.847975001  
-2.581647606  
-3.501967697  
-4.060618826  
-3.790736046  
-2.469381689  
-0.2050081269  
2.578525749  
5.257425666  
7.187222731  
7.88960234  
7.187964429  
5.2496502  
2.523380065  
-0.4049269073  
-2.987949375  
-4.86470917  
-5.931445894  
-6.315022029  
-6.263752458  
-6.001181782  
-5.602428422  
-4.94503413  
-3.758549448  
-1.758925518  
1.181245049  
4.894165766  
8.871784785  
12.34657365  
14.48629702  
14.64735957  
12.60397836  
8.670607519  
3.664378994  
-1.295242515  
-5.097298146  
-6.967236416  
-6.706540585  
-4.761539264  
-2.090695238  
0.1357066028  
0.9132153697  
-0.2608956028  
-3.20325904  
-7.075700721  
-10.62839069  
-12.58269071  
-12.03516214  
-8.755544954  
-3.283705286  
3.206287963  
9.233412433  
13.42665717  
14.90321154  
13.49379218  
9.751775685  
4.752460654  
-0.2455689055  
-4.165057834  
-6.386659459  
-6.858622149  
-6.020139673  
-4.58142058  
-3.247959258  
-2.488318818  
-2.421407205  
-2.850451464  
-3.415044714  
-3.790169269  
-3.847043378  
-3.70924778  
-3.681508913  
-4.080693474  
-5.039513595  
-6.367495196  
-7.535253348  
-7.803506191  
-6.463325333  
-3.109140621  
2.152408232  
8.638817859  
15.20877935  
20.5355248  
23.45808004  
23.30312941  
20.07646466  
14.46313945  
7.635781735  
0.9314918592  
-4.501728869  
-7.980764871  
-9.405530988  
-9.193261696  
-8.0634878  
-6.755290824  
-5.776321698  
-5.266587106  
-5.015732598  
-4.616427973  
-3.688427638  
-2.084323224  
0.003182538818  
2.075179999  
3.491805943  
3.710029036  
2.50714768  
0.1058758098  
-2.85046828  
-5.472814537  
-6.89895504  
-6.576128584  
-4.459427126  
-1.057044881  
2.698109149  
5.715015286  
7.068962996  
6.283922571  
3.485335513  
-0.6243604679  
-4.960586955  
-8.363051131  
-9.921922704  
-9.227555437  
-6.472524477  
-2.380509436  
2.011496264  
5.649032771  
7.745526669  
7.975761443  
6.527128472  
4.002588291  
1.212980688  
-1.073485624  
-2.348391628  
-2.48526202  
-1.737008966  
-0.6176653515  
0.2886914013  
0.5297570073  
-0.06440048113  
-1.325605004  
-2.800063485  
-3.889915411  
-4.039052678  
-2.907082506  
-0.4805802678  
2.909462434  
6.667196696  
10.08379748  
12.51716554  
13.54841462  
13.07233789  
11.29932294  
8.67221981  
5.726170063  
2.934910679  
0.5896782313  
-1.254478044  
-2.751598935  
-4.168934734  
-5.755664741  
-7.620776602  
-9.661740694  
-11.56963188  
-12.91176741  
-13.26757493  
-12.37492561  
-10.2389841  
-7.165491871  
-3.702993913  
-0.5067798335  
1.837198578  
2.975917378  
2.889623951  
1.895895738  
0.5531417872  
-0.5098604939  
-0.7882459209  
-0.06047150291  
1.536501607  
3.540861125  
5.300432694  
6.16933785  
5.709022901  
3.833976768  
0.8584681031  
-2.57038373  
-5.634915242  
-7.559011453  
-7.810940162  
-6.241665012  
-3.122787946  
0.9230921861  
5.077446045  
8.522590313  
10.62817264  
11.08161121  
9.934602944  
7.561329813  
4.546195502  
1.53424757  
-0.9173293441  
-2.452864805  
-2.975124245  
-2.638694968  
-1.787470068  
-0.8545434745  
-0.248591713  
-0.2514972909  
-0.9483662996  
-2.20430273  
-3.69319745  
-4.973649846  
-5.596962627  
-5.224038563  
-3.723761797  
-1.227140365  
1.880202367  
5.030491461  
7.59768231  
9.044074089  
9.052298701  
7.60668564  
4.999967991  
1.761362997  
-1.475544815  
-4.128817106  
-5.804360937  
-6.374586996  
-5.979613452  
-4.955278874  
-3.714679651  
-2.623293093  
-1.907213466  
-1.620071858  
-1.671839009  
-1.900155247  
-2.150616806  
-2.331724776  
-2.423438065  
-2.440063262  
-2.369901791  
-2.12644511  
-1.543260435  
-0.4269584351  
1.343840156  
3.710474346  
6.366517742  
8.77277485  
10.27148538  
10.27892764  
8.500425797  
5.092529277  
0.7035782895  
-3.643136841  
-6.808704246  
-7.873422668  
-6.445310728  
-2.837185607  
1.960210948  
6.52094386  
9.384083962  
9.496383968  
6.559691335  
1.166588205  
-5.331143395  
-11.19379882  
-14.79911997  
-15.12861622  
-12.08208716  
-6.517677104  
0.0003364638371  
5.670769781  
8.996089328  
9.224194657  
6.551988193  
2.027913452  
-2.811837664  
-6.452091082  
-7.884469213  
-6.911180541  
-4.169653518  
-0.8750117681  
1.627923961  
2.347945783  
1.000202699  
-1.891883357  
-5.179434891  
-7.491895146  
-7.722375153  
-5.427323697  
-1.002700188  
4.424715208  
9.354984191  
12.40100616  
12.738982  
10.37224683  
6.121544748  
1.348019005  
-2.494682856  
-4.326548217  
-3.769521133  
-1.23184986  
2.272333826  
5.498034629  
7.403935845  
7.49433739  
5.952768934  
3.52744469  
1.217397815  
-0.1220289286  
-0.1088200099  
1.021256692  
2.507740195  
3.362264697  
2.761280925  
0.3914518435  
-3.380086782  
-7.577527894  
-10.91229173  
-12.20584059  
-10.79640344  
-6.790129925  
-1.068554771  
4.953987278  
9.745820295  
12.11193592  
11.54076755  
8.335238449  
3.492251414  
-1.622638587  
-5.694084939  
-7.832706704  
-7.792206906  
-5.970666819  
-3.213248981  
-0.4977069979  
1.383275079  
2.037504618  
1.525474838  
0.2509194412  
-1.251248171  
-2.538813677  
-3.411023603  
-3.931755017  
-4.330153782  
-4.831579508  
-5.49849785  
-6.155061602  
-6.433210289  
-5.926636671  
-4.391979676  
-1.913033573  
1.047077364  
3.740950085  
5.358790181  
5.305766091  
3.436737451  
0.1589346602  
-3.644814368  
-6.858222869  
-8.465860621  
-7.871019092  
-5.0900804  
-0.7555009906  
4.076851385  
8.253843144  
10.87675779  
11.56147632  
10.52133009  
8.448009722  
6.235523077  
4.646486782  
4.039547518  
4.254760734  
4.697623978  
4.59172421  
3.309233156  
0.6591157969  
-2.974514487  
-6.700976422  
-9.384227229  
-10.01461855  
-8.068208112  
-3.730939334  
2.093232237  
8.001707533  
12.47735967  
14.32049475  
12.99537551  
8.784681596  
2.70585963  
-3.782214859  
-9.18978562  
-12.39815454  
-12.93438897  
-11.04427803  
-7.554458861  
-3.579800317  
-0.1759510626  
1.953198288  
2.608914992  
2.078227317  
0.9656114326  
-0.0548406359  
-0.4780182158  
-0.1196069539  
0.860512177  
2.05811209  
3.00126324  
3.335081893  
2.948728128  
2.003981833  
0.8620118182  
-0.05926596584  
-0.4426692236  
-0.1875936978  
0.5545851341  
1.434617278  
2.02707205  
1.976106914  
1.116228537  
-0.4700410081  
-2.473029751  
-4.444918962  
-5.926160967  
-6.569944019  
-6.229544587  
-4.987958861  
-3.127705345  
-1.055201071  
0.7964532635  
2.061285173  
2.511602662  
2.096227843  
0.9440390496  
-0.6632590659  
-2.342819917  
-3.679852876  
-4.306553353  
-3.980712989  
-2.650508835  
-0.4895454726  
2.112617511  
4.612317998  
6.421504489  
7.045678932  
6.217555722  
3.988649248  
0.7468809513  
-2.854233109  
-6.04466073  
-8.12997955  
-8.674809041  
-7.623767412  
-5.32109348  
-2.418421604  
0.306165765  
2.166572343  
2.759986361  
2.073074703  
0.4704006739  
-1.431228276  
-2.962806202  
-3.614061755  
-3.188124418  
-1.850813281  
-0.05955947865  
1.60384531  
2.641055814  
2.816626538  
2.249367023  
1.384565661  
0.854762841  
1.272852882  
3.023024887  
6.115540689  
10.15085241  
14.40409875  
18.00401354  
20.1526855  
20.3226077  
18.37771279  
14.5904958  
9.559609557  
4.059885281  
-1.128271028  
-5.364425642  
-8.238149738  
-9.595164272  
-9.511774681  
-8.24137192  
-6.1567629  
-3.702215523  
-1.355277779  
0.4121071682  
1.185755948  
0.6793281585  
-1.187444303  
-4.22635866  
-7.964655151  
-11.6996895  
-14.62990607  
-16.04141272  
-15.5048472  
-13.02412556  
-9.083838758  
-4.566388983  
-0.5473741016  
1.982969866  
2.396383201  
0.6190677042  
-2.822962329  
-6.92804324  
-10.48464096  
-12.40643192  
-12.04017003  
-9.354499962  
-4.9510634  
0.1084971689  
4.610523959  
7.541615076  
8.380107134  
7.239255171  
4.81919626  
2.182579346  
0.422246845  
0.3218462288  
2.111950654  
5.394804755  
9.259395786  
12.55116684  
14.2148012  
13.60785077  
10.6933169  
6.056658268  
0.7454040808  
-4.018793402  
-7.170394016  
-8.077969486  
-6.693995357  
-3.540203562  
0.4595264506  
4.244487446  
6.901994399  
7.892571246  
7.158162396  
5.092626629  
2.393464421  
-0.1549106107  
-1.90134316  
-2.491078602  
-1.932373471  
-0.5570476818  
1.104729451  
2.493625492  
3.184398479  
2.999396699  
2.045617885  
0.6711290282  
-0.6420397002  
-1.41647299  
-1.312091646  
-0.2198616911  
1.704607047  
4.073082385  
6.352170551  
7.984164386  
8.513072815  
7.688034787  
5.522495728  
2.297766566  
