0.02826107039  
1.701607917  
2.245812604  
1.756328342  
0.6555973241  
-0.450194532  
-0.9642511412  
-0.4823327663  
1.087865893  
3.502947465  
6.257110685  
8.725306611  
10.33073012  
10.68797138  
9.684794841  
7.48699342  
4.474473543  
1.135001596  
-2.050006764  
-4.69686379  
-6.569581447  
-7.585598922  
-7.787925308  
-7.301567309  
-6.291710496  
-4.934839287  
-3.405197008  
-1.871571888  
-0.4961367044  
0.5716658896  
1.208534603  
1.335182091  
0.9324155639  
0.04914151956  
-1.201078063  
-2.654003109  
-4.114873803  
-5.37942047  
-6.252254462  
-6.56262979  
-6.180495343  
-5.036324334  
-3.145396363  
-0.6319460864  
2.256641043  
5.157775865  
7.6331443  
9.240810167  
9.62933569  
8.632190385  
6.334760198  
3.088777927  
-0.539259269  
-3.880766808  
-6.314612355  
-7.415100025  
-7.056726338  
-5.443574398  
-3.051657682  
-0.4979607218  
1.627543702  
2.918482311  
3.251425332  
2.799116197  
1.955044251  
1.194170661  
0.9143373374  
1.308403879  
2.306727913  
3.606669785  
4.777635221  
5.40615341  
5.233213552  
4.239453578  
2.651449299  
0.8682543614  
-0.6669176882  
-1.607908253  
-1.814467617  
-1.394738233  
-0.6690412621  
-0.0674735746  
0.006047224998  
-0.6984338217  
-2.195119522  
-4.249159729  
-6.433403698  
-8.236591588  
-9.191304023  
-8.986969411  
-7.540334034  
-5.009619987  
-1.754325837  
1.74433999  
4.980612058  
7.516803874  
9.054467889  
9.47472454  
8.845816722  
7.40115539  
5.493929058  
3.535395354  
1.924486141  
0.9775020306  
0.8680749141  
1.588610462  
2.943284709  
4.578573175  
6.049910643  
6.914157795  
6.829250912  
5.638077299  
3.414797384  
0.4595566988  
-2.760251617  
-5.710286065  
-7.907961444  
-9.031006034  
-8.989494467  
-7.944061418  
-6.266516719  
-4.453193022  
-3.012235224  
-2.351089453  
-2.688870432  
-4.011199521  
-6.074752289  
-8.458228557  
-10.6477355  
-12.13930444  
-12.53945516  
-11.64588692  
-9.493801444  
-6.358530894  
-2.711554143  
0.8652698429  
3.79415386  
5.623862183  
6.134590823  
5.399548433  
3.783718027  
1.872834162  
0.3423553996  
-0.2068146999  
0.59312621  
2.766069388  
5.962487383  
9.525737786  
12.64360447  
14.54999942  
14.72537442  
13.04148103  
9.80875284  
5.709671831  
1.632616712  
-1.551307305  
-3.209231502  
-3.105807852  
-1.458004522  
1.128688657  
3.824103448  
5.791782385  
6.40273431  
5.388496753  
2.896040071  
-0.5648731162  
-4.262166561  
-7.428131023  
-9.441697862  
-9.96105507  
-8.978508562  
-6.792195287  
-3.91105671  
-0.9240604639  
1.630711743  
3.36685142  
4.102266499  
3.860300714  
2.828740433  
1.293910485  
-0.4309339941  
-2.066737847  
-3.409059131  
-4.344206561  
-4.843237101  
-4.939900512  
-4.700606367  
-4.194983891  
-3.474684202  
-2.565876576  
-1.477363323  
-0.2218064205  
1.157223518  
2.56305777  
3.839909658  
4.791092444  
5.222331639  
5.001746455  
4.119436723  
2.725242762  
1.125673152  
-0.2691706086  
-1.042585084  
-0.8899937415  
0.2743197588  
2.258068801  
4.605374373  
6.690801488  
7.874647564  
7.679496198  
5.937134592  
2.859047247  
-0.9965457219  
-4.858369998  
-7.942495029  
-9.663012383  
-9.790641643  
-8.51030985  
-6.358404559  
-4.056908191  
-2.294128472  
-1.519110187  
-1.813395251  
-2.880032866  
-4.153024123  
-4.992285845  
-4.902027934  
-3.7029399  
-1.603314747  
0.8536420603  
2.949884602  
4.010005278  
3.608706965  
1.705146062  
-1.335287768  
-4.835683166  
-7.98752787  
-10.06045287  
-10.58072224  
-9.430724901  
-6.848795612  
-3.339732678  
0.468767903  
3.977307169  
6.731915739  
8.482668107  
9.181954236  
8.939727406  
7.962775107  
6.502557206  
4.82457436  
3.197062415  
1.885449029  
1.136081523  
1.139613298  
1.977866176  
3.571643298  
5.654549631  
7.794747594  
9.472852264  
10.2040294  
9.67333354  
7.842886724  
4.992723607  
1.674424941  
-1.417158937  
-3.621860472  
-4.491455888  
-3.913067486  
-2.140002332  
0.281284674  
2.66741219  
4.390880667  
5.05134242  
4.574218621  
3.208619858  
1.42839971  
-0.2297072305  
-1.338183308  
-1.706865131  
-1.428719154  
-0.8323848835  
-0.3606283456  
-0.4165411851  
-1.22772739  
-2.770631343  
-4.776174164  
-6.811161074  
-8.406610635  
-9.191418689  
-8.991023506  
-7.86447172  
-6.074350535  
-4.004714171  
-2.056155184  
-0.5504178566  
0.3302286436  
0.5578308527  
0.232368519  
-0.4697076289  
14.26409853  
16.76482148  
16.79807869  
14.53753765  
10.59725513  
5.841663789  
1.15593111  
-2.758741901  
-5.513309125  
-7.058293204  
-7.618039836  
-7.565678098  
-7.285484853  
-7.065566458  
-7.046651581  
-7.229237558  
-7.520690366  
-7.793221846  
-7.926089284  
-7.818596028  
-7.378065134  
-6.501070645  
-5.070425098  
-2.982810611  
-0.2056128593  
3.156617296  
6.81712155  
10.31332903  
13.07978485  
14.57841539  
14.45217479  
12.65256321  
9.492876094  
5.598394393  
1.757305156  
-1.289257924  
-3.054990943  
-3.446358156  
-2.781633421  
-1.678976789  
-0.8451132327  
-0.8315738282  
-1.839694898  
-3.642640805  
-5.655557069  
-7.135396117  
-7.446565121  
-6.303185402  
-3.903045886  
-0.9019556992  
1.77034667  
3.197577903  
2.77540547  
0.4219624204  
-3.372313675  
-7.676478384  
-11.3935722  
-13.59068837  
-13.77785943  
-12.04472463  
-9.010555465  
-5.604954196  
-2.753058951  
-1.070813222  
-0.6722487337  
-1.152525726  
-1.750738071  
-1.635374539  
-0.2137208492  
2.641409015  
6.52568853  
10.62089049  
13.95599551  
15.72254811  
15.53671878  
13.5590878  
10.43238054  
7.060144691  
4.303860674  
2.703613044  
2.318425058  
2.740100699  
3.273333826  
3.216491067  
2.142006905  
0.07527262516  
-2.493579953  
-4.771772147  
-5.94480727  
-5.478163857  
-3.332397481  
-0.01255706251  
3.570812758  
6.38666859  
7.620403183  
6.948582958  
4.656235843  
1.553075597  
-1.287520412  
-2.882797252  
-2.671524136  
-0.7111553268  
2.325858792  
5.357755261  
7.235654391  
7.111719844  
4.714251576  
0.4414957832  
-4.754521703  
-9.654311796  
-13.13315095  
-14.4824192  
-13.58938852  
-10.92405153  
-7.346414644  
-3.806401082  
-1.041512528  
0.6261496135  
1.329760937  
1.529600954  
1.771102063  
2.422504979  
3.491463086  
4.590749279  
5.069314002  
4.264985336  
1.789899283  
-2.255028011  
-7.219230445  
-12.02776261  
-15.4628844  
-16.51812852  
-14.71384058  
-10.27181779  
-4.089032668  
2.487530147  
8.020502861  
11.36972622  
11.99235375  
10.06722383  
6.409532756  
2.205876761  
-1.346470718  
-3.385357618  
-3.611590884  
-2.334673629  
-0.3297859493  
1.443122125  
2.166935237  
1.439392131  
-0.5926495643  
-3.274531836  
-5.644522361  
-6.730571306  
-5.852978614  
-2.843717734  
1.880164032  
7.407880572  
12.56285724  
16.20186938  
17.50296989  
16.16600597  
12.47612416  
7.219003165  
1.475722237  
-3.64524979  
-7.26831666  
-8.938372634  
-8.692482354  
-7.003703775  
-4.617799206  
-2.329698471  
-0.7601389817  
-0.1911417274  
-0.5027464598  
-1.226719309  
-1.702304636  
-1.291771849  
0.4034698548  
3.387595813  
7.223200104  
11.11195923  
14.08828554  
15.27833264  
14.15514646  
10.71692127  
5.532242895  
-0.3697776591  
-5.74362413  
-9.445053614  
-10.73678702  
-9.495226656  
-6.255201051  
-2.073595076  
1.755629521  
4.057967286  
4.106012811  
1.823342356  
-2.196178978  
-6.861204678  
-10.89872693  
-13.22083451  
-13.23465518  
-11.00450783  
-7.219817923  
-2.981057058  
0.5292614064  
2.389807095  
2.194834739  
0.1463315259  
-3.037591957  
-6.362320192  
-8.863994904  
-9.886376183  
-9.243236866  
-7.222749639  
-4.443249203  
-1.617552523  
0.690055221  
2.232062787  
3.118648693  
3.724763802  
4.503475301  
5.776895527  
7.5816627  
9.624776222  
11.36556679  
12.19497915  
11.64952542  
9.585673968  
6.25453694  
2.250966412  
-1.646488827  
-4.692489251  
-6.379094188  
-6.563926166  
-5.485894376  
-3.66966686  
-1.755269074  
-0.3103267976  
0.3166942398  
0.0621656765  
-0.8781611852  
-2.145423779  
-3.343922412  
-4.152294153  
-4.38643461  
-4.003226718  
-3.05764717  
-1.641634509  
0.1639832337  
2.303291454  
4.721617975  
7.319387673  
9.909470838  
12.20347305  
13.84105235  
14.45896918  
13.78021175  
11.69485198  
8.306256731  
3.928107974  
-0.9658305822  
-5.822533788  
-10.09706836  
-13.32474462  
-15.16649534  
-15.42873395  
-14.06854114  
-11.19692619  
-7.086342935  
-2.177105318  
2.933083405  
7.535487122  
10.90394293  
12.42992162  
11.77237363  
8.979674935  
4.537835674  
-0.6871205376  
-5.616200156  
-9.202415475  
-10.69238058  
-9.829945056  
-6.937141207  
-2.839864545  
1.348925987  
4.531169281  
5.924593997  
5.273666874  
2.907040406  
-0.3757482532  
-3.553007514  
-5.687894916  
-6.199152759  
-5.013843108  
-2.559244469  
0.3970863917  
3.002285644  
4.583349367  
4.838124635  
3.895643918  
2.234617162  
0.4956052538  
-0.7449097065  
-1.162154484  
-0.7736998896  
0.08946718153  
0.9127946478  
1.17853808  
0.5341066697  
-1.10404743  
-3.536394781  
-6.348896434  
-9.030667556  
-11.09660135  
-12.17763846  
-12.06129058  
-10.68812968  
-8.126372341  
-4.549730014  
-0.2330077262  
4.438562313  
8.966893069  
12.7720948  
15.27422808  
16.02086192  
14.8292846  
11.89366083  
7.806359075  
3.46292595  
-0.1429586272  
-2.186712858  
-2.264031179  
-0.5412709834  
2.256574725  
5.034292379  
6.647430212  
6.26369449  
3.65126757  
-0.7041227174  
-5.702272058  
-9.93203351  
-12.0896607  
-11.38536838  
-7.810058552  
-2.174310575  
4.09870222  
9.367771762  
12.23774383  
11.95301133  
8.602464064  
3.077295448  
-3.199967503  
-8.687327972  
-12.14824547  
-12.96356584  
-11.24563485  
-7.735697372  
-3.533560335  
0.2437449322  
2.764347523  
3.658392489  
3.032270802  
1.340095163  
-0.8233234851  
-2.92606032  
-4.630254245  
-5.818114046  
-6.524159612  
-6.820305258  
-6.713890067  
-6.107088985  
-4.835384263  
-2.766309948  
0.08778580778  
3.496686605  
7.017734557  
10.08740559  
12.1718192  
12.9244256  
12.29423521  
10.54490015  
8.176798692  
5.779093978  
3.862900371  
2.73154066  
2.427834675  
2.768293862  
3.441945142  
4.129678904  
4.596964696  
4.728561742  
4.501831279  
3.923007132  
2.966850126  
1.557353205  
-0.3934443291  
-2.901280618  
-5.819176576  
-8.790345935  
-11.28313485  
-12.71666619  
-12.6472326  
-10.95404164  
-7.951699932  
-4.37303843  
-1.205938158  
0.5810023785  
0.3448882788  
-1.992323979  
-5.858394361  
-10.14155882  
-13.47807162  
-14.63788444  
-12.89357723  
-8.25762129  
-1.510734861  
5.992349123  
12.68408202  
17.20465733  
18.75646131  
17.28909331  
13.4659213  
8.431685368  
3.460547181  
-0.4034200714  
-2.605797984  
-3.172013144  
-2.616231978  
-1.714262307  
-1.2238246  
-1.643741557  
-3.081577369  
-5.257217033  
-7.623704911  
-9.552322234  
-10.51656456  
-10.22076759  
-8.646453043  
-6.021024383  
-2.736897675  
0.7427199462  
3.96292866  
6.52980252  
8.14247995  
8.619233682  
7.928412217  
6.222123644  
3.855500573  
1.366626707  
-0.6021286722  
-1.441319844  
-0.7437829845  
1.542678431  
5.035788884  
8.955405413  
12.28645773  
14.0361761  
13.51665434  
10.56678024  
5.638672757  
-0.288239309  
-5.949068983  
-10.12368113  
-11.95703888  
-11.17257237  
-8.115192211  
-3.61587124  
1.272188825  
5.575330972  
8.639991535  
10.23893939  
10.52133434  
9.842285071  
8.550164727  
6.821905347  
4.613403736  
1.742939503  
-1.931029925  
-6.318113214  
-10.98100004  
-15.1617279  
-17.9597904  
-18.61100955  
-16.7703284  
-12.69048015  
-7.217871407  
-1.588473321  
2.921573387  
5.379595676  
5.484211579  
3.654179814  
0.8804847556  
-1.614576313  
-2.798357369  
-2.184571549  
-0.0001880351235  
2.899147703  
5.339468267  
6.258432332  
5.104059727  
2.059247654  
-1.992163175  
-5.752047319  
-7.951782762  
-7.799575703  
-5.272877864  
-1.14843486  
3.247483067  
6.488040806  
7.541490231  
6.141065978  
2.896407574  
-0.8994517181  
-3.709063848  
-4.290875258  
-2.157936317  
2.204269658  
7.44221932  
11.73574582  
13.37181244  
11.30717619  
5.537645744  
-2.84739025  
-11.94615497  
-19.57585124  
-23.89052197  
-23.89684962  
-19.71448354  
-12.50985515  
-4.134277549  
3.414532741  
8.540823302  
10.44863495  
9.28373109  
5.998069249  
1.999580413  
-1.291324382  
-2.840476482  
-2.242725495  
0.2442973109  
3.860445898  
7.626434186  
10.65175975  
12.37432571  
12.67198864  
11.83254889  
10.4120689  
9.038589751  
8.223972029  
8.232750718  
9.031938985  
10.31981161  
11.61297191  
12.3631757  
12.07721885  
10.42012015  
7.289124462  
2.85053231  
-2.466585785  
-8.02380206  
-13.07280714  
-16.89034421  
-18.9259001  
-18.92897844  
-17.0200922  
-13.67814693  
-9.637061549  
-5.711056715  
-2.592830626  
-0.6820106668  
0.00303369445  
-0.2001430285  
-0.7320877794  
-1.013289888  
-0.6486420434  
0.4338944032  
1.958612528  
3.401588008  
4.181693819  
3.877253465  
2.391636769  
0.006923118146  
-2.697149105  
-5.034338215  
-6.448391346  
-6.71173606  
-6.013767466  
-4.902811019  
-4.096241965  
-4.220164944  
-5.566738987  
-7.954089205  
-10.74122215  
-12.99909511  
-13.78665843  
-12.44474611  
-8.813824966  
-3.305860854  
3.192289195  
9.552483904  
14.70171852  
17.88975403  
18.84922783  
17.80746301  
15.35848922  
12.24755097  
9.144036573  
6.475704252  
4.369798945  
2.706004422  
1.247288755  
-0.2092387718  
-1.720693156  
-3.165201371  
-4.293423429  
-4.838230437  
-4.635022526  
-3.703433209  
-2.257987016  
-0.6438593696  
0.7773015211  
1.747948877  
2.196388811  
2.249794036  
2.174436428  
2.265832806  
2.729322579  
3.594142865  
4.691298542  
5.702314457  
6.261163269  
6.07402594  
5.016845308  
3.179718184  
0.8461400197  
-1.583388257  
-3.697076773  
-5.173846576  
-5.852936277  
-5.755285826  
-5.056782698  
-4.026921145  
-2.953503767  
-2.073787474  
-1.526613928  
-1.332046445  
-1.397961342  
-1.548908003  
-1.571031834  
-1.266652597  
-0.5112471144  
0.6965271164  
2.203718486  
3.703591346  
4.777103073  
4.975938428  
3.93508887  
1.489904307  
-2.235445495  
-6.799977107  
-11.49782715  
-15.48820557  
-17.97712706  
-18.40547964  
-16.59108915  
-12.7818691  
-7.600981937  
-1.896610275  
3.461856947  
7.782646272  
10.68843119  
12.15437002  
12.44284832  
11.96370952  
11.11197633  
10.13978165  
9.10405432  
7.901992425  
6.373192103  
4.422799222  
2.113119849  
-0.3156228004  
-2.5060822  
-4.10390848  
-4.890051317  
-4.871101229  
-4.287672968  
-3.531111813  
-2.994505996  
-2.911327811  
-3.243529313  
-3.666456829  
-3.664939679  
-2.714838145  
-0.4914574243  
2.967089962  
7.20202783  
11.40890015  
14.6292941  
16.00410181  
15.01207914  
11.62146723  
6.310109004  
-0.04898259745  
-6.398575082  
-11.7396907  
-15.3361421  
-16.82984942  
-16.24868516  
-13.9240122  
-10.36017023  
-6.105371414  
-1.661732656  
2.55156603  
6.193286914  
8.980739826  
10.68445502  
11.15194811  
10.3545578  
8.432962007  
5.710277095  
2.650493293  
-0.2383990898  
-2.531770077  
-4.003347703  
-4.68306407  
-4.82994035  
-4.822832892  
-5.004720678  
-5.538009132  
-6.329081165  
-7.057751638  
-7.308286416  
-6.757373224  
-5.34701454  
-3.368883161  
-1.414083398  
-0.1905362901  
-0.2624166559  
-1.802662741  
-4.455085856  
-7.372283039  
-9.437604122  
-9.612977506  
-7.30308248  
-2.610111577  
3.619432592  
9.990423731  
14.95105751  
17.26474489  
16.41133607  
12.78199301  
7.593943573  
2.540585443  
-0.7198735702  
-1.07789482  
1.675979116  
6.776608025  
12.71325697  
17.69066427  
20.17533149  
19.35275753  
15.35134968  
9.165945354  
2.312564631  
-3.666839759  
-7.684422363  
-9.4149877  
-9.337518775  
-8.505312699  
-8.130788871  
-9.130465396  
-11.78478656  
-15.62463521  
-19.57739475  
-22.31795391  
-22.70363774  
-20.1485289  
-14.81784628  
-7.586894321  
0.2119590736  
7.163800772  
12.14361488  
14.5729887  
14.49422354  
12.4602082  
9.298436575  
5.841908541  
2.71875266  
0.2591981357  
-1.471759497  
-2.555629664  
-3.082785953  
-3.061706052  
-2.413061369  
-1.045118143  
1.030803043  
3.604985674  
6.247038009  
8.379724996  
9.43146632  
9.015663294  
7.07031253  
3.90261759  
0.1165955643  
-3.555843455  
-6.463993775  
-8.216180816  
-8.765929634  
-8.379580415  
-7.501628228  
-6.570726893  
-5.856003332  
-5.37359787  
-4.911628224  
-4.149724182  
-2.823312643  
-0.8662231891  
1.525816614  
3.937230692  
5.865639358  
6.896060125  
6.850169878  
5.853696753  
4.295731032  
2.694599347  
1.520131737  
1.038304251  
1.235303416  
1.847365554  
2.482164918  
2.782547758  
2.567652349  
1.895915814  
1.025743956  
0.2907102985  
-0.05900087427  
0.01780220787  
0.3160605556  
0.4570041351  
0.04802943854  
-1.129720517  
-2.981420789  
-5.068686813  
-6.714247093  
-7.215880886  
-6.100790191  
-3.330785771  
0.6204746101  
4.856940011  
8.299017399  
10.00161871  
9.450381995  
6.737706501  
2.556613324  
-1.991375179  
-5.717230474  
-7.694418573  
-7.527803448  
-5.457223321  
-2.264907784  
0.9811285496  
3.263958802  
3.927522143  
2.863747008  
0.5234766402  
-2.244533628  
-4.468390339  
-5.350778149  
-4.497085141  
-2.009355811  
1.571719375  
5.445623133  
8.785709384  
10.95155714  
11.61931024  
10.80326981  
8.780710004  
5.96193961  
2.758966204  
-0.502901552  
-3.610321436  
-6.432292953  
-8.865320725  
-10.78962265  
-12.06288737  
-12.55716854  
-12.22163438  
-11.13906091  
-9.543371573  
-7.779774559  
-6.212455921  
-5.108091518  
-4.537108617  
-4.33259679  
-4.129130849  
-3.476303327  
-1.994219187  
0.4790511384  
3.79878978  
7.51744735  
10.98553876  
13.52264107  
14.60803862  
14.03315987  
11.96901831  
8.92770526  
5.628979059  
2.811101535  
1.040312821  
0.5718487613  
1.298333469  
2.794874377  
4.443036828  
5.595945634  
5.739369295  
4.60941214  
2.243114339  
-1.04220962  
-4.727513688  
-8.204248281  
-10.89335906  
-12.34824855  
-12.3268326  
-10.82618568  
-8.079546397  
-4.519379976  
-0.7120758279  
2.728360429  
5.237752695  
6.397232961  
6.010847047  
4.149162589  
1.146494973  
-2.452501528  
-5.9899797  
-8.817858417  
-10.42093025  
-10.5130167  
-9.084812127  
-6.393679613  
-2.89987128  
0.8334518991  
4.251500962  
6.905022864  
8.514277869  
8.991462534  
8.424757501  
7.035839802  
5.126416886  
3.027659784  
1.060805921  
-0.4895288186  
-1.393143142  
-1.489002654  
-0.7011359039  
0.9440988861  
3.303842175  
6.115077804  
9.009035703  
11.54812467  
13.2844719  
13.83301489  
12.94691514  
10.58018444  
6.922624267  
2.395518896  
-2.397378692  
-6.76094343  
-10.03031575  
-11.70307265  
-11.5559624  
-9.718404801  
-6.679257173  
-3.214380734  
-0.2392129456  
1.389902517  
1.084523597  
-1.307847813  
-5.424948911  
-10.43212872  
-15.18960508  
-18.51440928  
-19.4769504  
-17.65547856  
-13.27555804  
-7.187099207  
-0.6735621982  
4.86461004  
8.271213437  
8.941166644  
6.984350107  
3.195192742  
-1.168496417  
-4.737793213  
-6.415943749  
-5.681290786  
-2.720602392  
1.646380778  
6.227495258  
9.823701971  
11.58740526  
11.26408887  
9.244713374  
6.416124309  
3.860226607  
2.499730572  
2.803766828  
4.64573827  
7.355535369  
9.945172158  
11.43164718  
11.15132771  
8.965447261  
5.294147704  
0.9737796112  
-3.010543084  
-5.826456258  
-7.031696904  
-6.6740091  
-5.228628471  
-3.402962895  
-1.880722632  
-1.094340778  
-1.100653158  
-1.596269102  
-2.059882594  
-1.966186096  
-0.994156514  
0.8421577805  
3.182529079  
5.428788132  
6.931714953  
7.191492674  
6.005700619  
3.520224261  
0.1736757338  
-3.438399944  
-6.729098297  
-9.260377491  
-10.81739008  
-11.4036555  
-11.17283766  
-10.33303954  
-9.064132772  
-7.477462327  
-5.625933131  
-3.550266088  
-1.333007074  
0.8692373586  
2.833046099  
4.313777172  
5.110701375  
5.123896699  
4.378750998  
3.008285927  
1.202459831  
-0.8513992857  
-3.008425274  
-5.166538563  
-7.226219468  
-9.029621253  
-10.31298548  
-10.70645599  
-9.79990361  
-7.267166353  
-3.013603971  
2.705645646  
9.248791664  
15.66320245  
20.87004695  
23.91561392  
24.21959198  
21.74434224  
17.02813945  
11.06462381  
5.057885582  
0.1220806515  
-2.987186018  
-4.032143644  
-3.299892109  
-1.462688353  
0.6572332934  
2.339103445  
3.151350161  
3.021609919  
2.178301033  
0.997938563  
-0.1768552139  
-1.177556521  
-2.057261066  
-3.032862674  
-4.351128092  
-6.137663304  
-8.29418892  
-10.49037456  
-12.25885702  
-13.16040423  
-12.95629898  
-11.71887505  
-9.831682912  
-7.871002039  
-6.405835619  
-5.787080145  
-6.005041742  
-6.673634553  
-7.156009359  
-6.794686242  
-5.16869088  
-2.285287159  
1.368083004  
4.940634224  
7.47473843  
8.222317105  
6.916111522  
3.9008586  
0.07232393653  
-3.36565733  
-5.255125668  
-4.839050908  
-2.004288303  
2.666954508  
8.056302018  
12.83120689  
15.83017818  
16.39222197  
14.53022626  
10.89878173  
6.572426868  
2.709206533  
0.2077136524  
-0.5365401983  
0.2942429721  
2.047445128  
3.84387872  
4.872186513  
4.637246962  
3.087472995  
0.5905227868  
-2.221425128  
-4.674474307  
-6.264172226  
-6.785991964  
-6.349456336  
-5.283489994  
-3.977993141  
-2.725782058  
-1.624055282  
-0.5686536341  
0.6620737297  
2.270706321  
4.307134957  
6.591515093  
8.725831691  
10.19341097  
10.51380685  
9.400525499  
6.867643176  
3.248628756  
-0.8800774487  
-4.846951584  
-8.058510368  
-10.1447307  
-11.03428247  
-10.94065564  
-10.26841892  
-9.472440754  
-8.914942049  
-8.762599949  
-8.950906983  
-9.221158819  
-9.214113376  
-8.589773278  
-7.13819997  
-4.852004099  
-1.943723278  
1.193351996  
4.068903586  
6.202953614  
7.232722225  
6.996597378  
5.578114215  
3.300383246  
0.6699664905  
-1.721627305  
-3.321834244  
-3.741985013  
-2.855225767  
-0.8412327908  
1.839713665  
4.545259556  
6.605134494  
7.496149572  
6.992518859  
5.247023396  
2.773035415  
0.322969957  
-1.311240686  
-1.524350378  
-0.08673300314  
2.762162192  
6.350007805  
9.735219292  
11.95745823  
12.30626012  
10.53012532  
6.922867737  
2.258216934  
-2.412083432  
-6.040671476  
-7.866749915  
-7.616788105  
-5.566438352  
-2.447673582  
0.7689240477  
3.150439402  
4.054584915  
3.286964786  
1.121529935  
-1.814247071  
-4.747442981  
-6.993194709  
-8.142147778  
-8.148926616  
-7.302566928  
-6.097566204  
-5.053482969  
-4.543313138  
-4.683204218  
-5.312497728  
-6.062259699  
-6.482938693  
-6.186282547  
-4.956957926  
-2.803997617  
0.05519570463  
3.263410025  
6.415689214  
9.143517259  
11.16867539  
12.31986398  
12.52058666  
11.7661339  
10.10764405  
7.65303897  
4.582036318  
1.161655338  
-2.255732673  
-5.265191784  
-7.474308427  
-8.587326907  
-8.483552797  
-7.262129094  
-5.232535283  
-2.846163287  
-0.5839171569  
1.168929618  
2.222470221  
2.623808233  
2.624879371  
2.583930635  
2.830306555  
3.535707395  
4.635330888  
5.828293466  
6.662604272  
6.682747751  
5.596341791  
3.407096083  
0.4680008209  
-2.570134238  
-4.909796795  
-5.822258916  
-4.870543654  
-2.076302307  
2.021954272  
6.445588134  
9.978955165  
11.45575398  
10.06049762  
5.56858552  
-1.540544403  
-10.13426389  
-18.6394895  
-25.37448941  
-28.92524633  
-28.47721454  
-24.02049557  
-16.37429262  
-7.018858726  
2.229598616  
9.626103849  
13.88888008  
14.48073606  
11.71062961  
6.630434254  
0.7537280188  
-4.331311008  
-7.355563591  
-7.668659959  
-5.369490073  
-1.237615946  
3.51109121  
7.57481856  
9.925261452  
10.07892243  
8.209368847  
5.074677177  
1.78565433  
-0.5168902322  
-0.9848715712  
0.7020749287  
4.249861945  
8.829501816  
13.29564836  
16.48141706  
17.4904397  
15.91273178  
11.91544422  
6.194341115  
-0.1931848498  
-6.066869525  
-10.37586401  
-12.40991301  
-11.92980985  
-9.198477535  
-4.914497246  
-0.06651765003  
4.262705991  
7.108707028  
7.819064858  
6.195255985  
2.554346823  
-2.308386268  
-7.259969732  
-11.05745914  
-12.62498705  
-11.32351731  
-7.148233727  
-0.7954514988  
6.434491958  
12.89380315  
16.95542007  
17.4092325  
13.78607572  
6.519299823  
-3.109578372  
-13.23948563  
-21.85241145  
-27.24482153  
-28.42558285  
-25.33523694  
-18.82921054  
-10.43232916  
-1.93518402  
5.054570531  
9.483497111  
11.05013547  
10.18661815  
7.845470632  
5.167458963  
3.135520795  
2.315562477  
2.750721997  
4.023816237  
5.450506158  
6.329920689  
6.169828512  
4.820958872  
2.491321109  
-0.3473155048  
-3.116579611  
-5.295008227  
-6.538496544  
-6.73158045  
-5.971391402  
-4.507835193  
-2.671306956  
-0.8125764624  
0.7366282602  
1.690079521  
1.83630709  
1.08192658  
-0.4945689073  
-2.599625724  
-4.723706914  
-6.209778353  
-6.397616764  
-4.81901982  
-1.389159122  
3.475739043  
8.874597354  
13.59671889  
16.42926049  
16.51857839  
13.67500376  
8.512711866  
2.356636037  
-3.082589583  
-6.187749713  
-5.931281433  
-2.232498229  
3.949196019  
10.83518236  
16.31529732  
18.5663749  
16.61552862  
10.66942652  
2.096319692  
-6.947282424  
-14.1411402  
-17.69005095  
-16.86418457  
-12.220003  
-5.428319158  
1.241281962  
5.621256353  
6.313936489  
3.117401809  
-2.923652354  
-9.856412415  
-15.43913073  
-17.8442505  
-16.22397325  
-10.96286545  
-3.54344609  
3.925923521  
9.366122068  
11.35668949  
9.544671136  
4.71329888  
-1.498332908  
-7.123562554  
-10.47020684  
-10.60720301  
-7.592735696  
-2.389819894  
3.483307073  
8.440622487  
11.29215942  
11.54310588  
9.451409644  
5.851328025  
1.825103841  
-1.654010051  
-3.988085023  
-5.054689799  
-5.130878712  
-4.693387664  
-4.185338566  
-3.841391033  
-3.631176485  
-3.329260376  
-2.669287723  
-1.509525935  
0.06328865185  
1.736154302  
3.07738479  
3.705409504  
3.44950421  
2.435926396  
1.061660587  
-0.1384074835  
-0.6836548869  
-0.3284136746  
0.8365124159  
2.400833486  
3.766587863  
4.349646137  
3.780916712  
2.037915541  
-0.5372922191  
-3.337461847  
-5.67031825  
-6.957113107  
-6.884751335  
-5.466951518  
-3.004666325  
0.02855566354  
3.127629987  
5.872057585  
7.98294069  
9.315616762  
9.810724054  
9.44222814  
8.1976953  
6.106067119  
3.300050639  
0.07680336447  
-3.087037901  
-5.596909787  
-6.879429024  
-6.564191658  
-4.646582556  
-1.564188955  
1.859976591  
4.612319403  
5.776739349  
4.831572054  
1.85717747  
-2.424591899  
-6.809199013  
-9.933457984  
-10.6748184  
-8.505210395  
-3.686021839  
2.76431561  
9.329641578  
14.41027375  
16.76985004  
15.88013889  
12.05942577  
6.363785501  
0.2670700501  
-4.76967541  
-7.706434963  
-8.187485725  
-6.586065228  
-3.827888052  
-1.060469256  
0.7191839517  
0.9583829157  
-0.3242821623  
-2.608091571  
-5.098711076  
-7.028633898  
-7.922922787  
-7.741262901  
-6.854184083  
-5.870612744  
-5.38483264  
-5.736611988  
-6.870658644  
-8.344428006  
-9.480212783  
-9.607069902  
-8.307607427  
-5.58378687  
-1.884406627  
2.015759272  
5.24535216  
7.098982278  
7.247892593  
5.832176397  
3.407853609  
0.7694363065  
-1.292314564  
-2.219465369  
-1.832365179  
-0.3509305987  
1.707330607  
3.712535123  
5.126742817  
5.661110594  
5.339098382  
4.452390203  
3.432257783  
2.685418726  
2.452391176  
2.73543998  
3.317257293  
3.859562516  
4.043747493  
3.702118262  
2.892456029  
1.888403536  
1.087201921  
0.8645759004  
1.425302085  
2.701153413  
4.334332199  
5.758564336  
6.359387397  
5.669244753  
3.539589605  
0.2356308776  
-3.581013541  
-6.985960495  
-9.013060384  
-8.907589998  
-6.344430989  
-1.550262406  
4.708091236  
11.27265332  
16.84773654  
20.29610187  
20.90321779  
18.54165058  
13.69282493  
7.320365634  
0.6284941488  
-5.230665342  
-9.423707605  
-11.60723679  
-11.96163918  
-11.08378749  
-9.77462573  
-8.786273897  
-8.603122382  
-9.319371084  
-10.64514505  
-12.033912  
-12.88712906  
-12.76924335  
-11.56403433  
-9.522540951  
-7.187553566  
-5.218810957  
-4.174705558  
-4.320357665  
-5.524149291  
-7.277507661  
-8.834521931  
-9.430789502  
-8.516124483  
-5.931145122  
-1.974554075  
2.659502621  
7.056082392  
10.31578527  
11.78574997  
11.22165293  
8.838984559  
5.244823047  
1.275040059  
-2.21373262  
-4.539499849  
-5.328640754  
-4.560818759  
-2.525351319  
0.2866844736  
3.316530967  
6.059365687  
8.145931144  
9.374235867  
9.698661193  
9.195094568  
8.022761707  
6.397037936  
4.576334857  
2.855384513  
1.551525316  
0.972528973  
1.362974558  
2.838082813  
5.324038723  
8.527805177  
11.95495966  
14.98182777  
16.97181252  
17.41071382  
16.02710796  
12.86503056  
8.287245246  
2.905705712  
-2.54432806  
-7.35444278  
-10.97899443  
-13.12299087  
-13.76276517  
-13.10015268  
-11.47016477  
-9.234702115  
-6.696888496  
-4.061447137  
-1.449144702  
1.04671672  
3.289821603  
5.050975135  
6.007695203  
5.805374892  
4.169181339  
1.034180898  
-3.351820859  
-8.397097858  
-13.23430631  
-16.8877732  
-18.50694931  
-17.60682109  
-14.24489669  
-9.073613821  
-3.236375296  
1.882070181  
4.996102089  
5.263442993  
2.536479736  
-2.557618648  
-8.743175083  
-14.40686525  
-18.01649721  
-18.53507361  
-15.71248291  
-10.16667599  
-3.223399075  
3.447156091  
8.29741587  
10.33996007  
9.426942032  
6.286324609  
2.300284872  
-0.9119682708  
-1.98475195  
-0.2234560959  
4.177428324  
10.18329188  
16.22241809  
20.65249726  
22.24953187  
20.57078691  
16.08174102  
10.00969263  
3.971011372  
-0.5116784502  
-2.453024547  
-1.674058567  
1.18202242  
4.885791958  
8.028846234  
9.469890489  
8.678263783  
5.869917556  
1.900195554  
-2.042953524  
-4.838528364  
-5.79114332  
-4.832901415  
-2.507981379  
0.2463142458  
2.44055196  
3.375797728  
2.870049453  
1.293182361  
-0.5973812682  
-1.958820146  
-2.193985738  
-1.192928778  
0.602327629  
2.335617103  
3.032471755  
1.953823895  
-1.114373265  
-5.738100308  
-10.92683893  
-15.41658845  
-18.056677  
-18.17641852  
-15.81174682  
-11.71499299  
-7.139473808  
-3.461986817  
-1.758349473  
-2.462846582  
-5.217454774  
-8.958936489  
-12.21982508  
-13.55505639  
-11.96927579  
-7.220768725  
0.08432144155  
8.632141121  
16.73310171  
22.75064289  
25.5081387  
24.56601091  
20.30126492  
13.77807655  
6.454228318  
-0.191348887  
-5.009711196  
-7.424064287  
-7.509671471  
-5.903606648  
-3.58017243  
-1.558821876  
-0.6233648124  
-1.122714426  
-2.8986822  
-5.352248573  
-7.62536975  
-8.848264875  
-8.388029291  
-6.03569112  
-2.084659155  
2.720003335  
7.350730217  
10.74526556  
12.07316127  
10.95476014  
7.576186334  
2.668011731  
-2.651536237  
-7.133461054  
-9.693161135  
-9.670418864  
-6.988402843  
-2.170955466  
3.785918968  
9.654429755  
