-7.372782043  
-8.026336724  
-7.484977983  
-5.952883118  
-3.807052396  
-1.489994807  
0.6020516057  
2.203750328  
3.217292088  
3.696604803  
3.791011667  
3.671371149  
3.464604205  
3.216767779  
2.893177678  
2.410790054  
1.687691757  
0.6902787315  
-0.5385967293  
-1.8791391  
-3.160248504  
-4.201042592  
-4.85377733  
-5.034768549  
-4.735406865  
-4.012916272  
-2.967189741  
-1.713617706  
-0.3614124333  
0.9968390328  
2.284048065  
3.430312351  
4.364279342  
5.010498971  
5.296075335  
5.165740113  
4.600808501  
3.635549919  
2.364817585  
0.9390062504  
-0.4543281078  
-1.619643777  
-2.388348661  
-2.653211437  
-2.395696141  
-1.700309952  
-0.7513988647  
0.1900398009  
0.8288978457  
0.893178152  
0.1968020118  
-1.304886391  
-3.481493114  
-6.028545484  
-8.509708372  
-10.43733765  
-11.37748807  
-11.05615592  
-9.439403317  
-6.762985616  
-3.497938424  
-0.2547148245  
2.35416308  
3.859591442  
4.051341033  
3.031240096  
1.187565906  
-0.9044619187  
-2.630347555  
-3.492372711  
-3.231675734  
-1.883667098  
0.2465004011  
2.678666928  
4.893089075  
6.466632907  
7.171684622  
7.01296792  
6.197373138  
5.052096211  
3.920286203  
3.067156797  
2.622600007  
2.571846223  
2.789256456  
3.097449441  
3.328860905  
3.370243529  
3.180373158  
2.782823739  
2.244352769  
1.652053266  
1.098608367  
0.6770869925  
0.4791005643  
0.5865916325  
1.05036538  
1.856747524  
2.893748665  
3.934996769  
4.659076743  
4.712407252  
3.807665896  
1.832583849  
-1.067223768  
-4.467187942  
-7.72588693  
-10.12671433  
-11.06727828  
-10.24326324  
-7.767400727  
-4.177676698  
-0.3197079464  
2.872606297  
4.638704362  
4.617016893  
2.961745119  
0.3075892789  
-2.414758504  
-4.261450181  
-4.571503006  
-3.182480779  
-0.4941199457  
2.645667332  
5.201448429  
6.278143459  
5.412325466  
2.732051301  
-1.069476643  
-4.941894214  
-7.803539062  
-8.881662638  
-7.956951195  
-5.431661956  
-2.197231783  
0.6575195798  
2.203677467  
1.978597917  
0.1404849939  
-2.580783388  
-5.12202018  
-6.4375185  
-5.848153619  
-3.274653925  
0.7215915145  
5.104107677  
8.679970506  
10.46856157  
10.00182356  
7.460623901  
3.606022462  
-0.468793314  
-3.682668683  
-5.294225453  
-5.10897154  
-3.503756727  
-1.268101923  
0.678189403  
1.593348874  
1.145508817  
-0.5045591056  
-2.789511771  
-4.952325744  
-6.313525411  
-6.494730008  
-5.523900512  
-3.791870231  
-1.883078743  
-0.3466070906  
0.5077020189  
0.7151554118  
0.6286717417  
0.7711199126  
1.62385532  
3.429560006  
6.080961213  
9.135193118  
11.94802842  
13.8798176  
14.50030382  
13.72124811  
11.81264282  
9.300112723  
6.782746426  
4.73724834  
3.376802996  
2.611194254  
2.11695313  
1.486699771  
0.3996287788  
-1.250203313  
-3.313207307  
-5.442690634  
-7.226780746  
-8.341731784  
-8.66812448  
-8.327075694  
-7.624920486  
-6.929855555  
-6.529430962  
-6.524288302  
-6.798696469  
-7.078346149  
-7.051819467  
-6.507436553  
-5.431004738  
-4.024911991  
-2.639327013  
-1.640524181  
-1.266400559  
-1.525528307  
-2.180669396  
-2.826339839  
-3.034201042  
-2.513343493  
-1.225193433  
0.5918680671  
2.500557139  
4.019560455  
4.799945747  
4.758037296  
4.113916106  
3.31791434  
2.888175791  
3.215403262  
4.404422905  
6.21075148  
8.097755297  
9.397868412  
9.524623359  
8.164241829  
5.382530572  
1.612459582  
-2.470951237  
-6.143599315  
-8.826903361  
-10.22048745  
-10.33463591  
-9.422138541  
-7.845311554  
-5.935123913  
-3.897662215  
-1.800091321  
0.3668617362  
2.585847739  
4.72290496  
6.4991849  
7.547174487  
7.537300084  
6.327774789  
4.074985571  
1.250931085  
-1.453921346  
-3.320802404  
-3.82600297  
-2.819382827  
-0.5902890796  
2.210396114  
4.772817348  
6.389728206  
6.686947949  
5.739838231  
4.031142353  
2.261703996  
1.079897278  
0.8279963206  
1.401127214  
2.276524497  
2.709903236  
2.033258049  
-0.05285144431  
-3.303374546  
-6.943626281  
-9.883946627  
-11.07125475  
-9.861647775  
-6.284075367  
-1.096399967  
4.397508466  
8.72004828  
10.66517586  
9.671645243  
5.999482838  
0.6482961472  
-4.958352656  
-9.419711524  
-11.78843856  
-11.84298622  
-10.11331066  
-7.655167483  
-5.653621031  
-4.99369575  
-5.946046417  
-8.074547483  
-10.39520511  
-11.72893511  
-11.12432714  
-8.20361651  
-3.313089757  
2.572299316  
-14.71674005  
-12.5494814  
-10.60317729  
-9.54853945  
-9.69065855  
-10.90412154  
-12.70512138  
-14.42673608  
-15.43418685  
-15.31024367  
-13.95726636  
-11.59399207  
-8.660498713  
-5.671384119  
-3.067892974  
-1.112353769  
0.1516117026  
0.8739706977  
1.328591803  
1.828086895  
2.649177403  
3.983228309  
5.913177655  
8.408839343  
11.33074563  
14.43778375  
17.40198858  
19.83938285  
21.3648229  
21.67023776  
20.61258727  
18.28606466  
15.04880837  
11.48153227  
8.273774113  
6.057553713  
5.230185997  
5.818971225  
7.435138829  
9.342394517  
10.63244185  
10.4660446  
8.314498997  
4.131473751  
-1.598368401  
-7.953732099  
-13.7926822  
-18.03294404  
-19.9197634  
-19.20760992  
-16.2070775  
-11.68720411  
-6.664770139  
-2.142973088  
1.126472865  
2.794342773  
2.943197634  
1.997550335  
0.5519265108  
-0.8249491807  
-1.749267616  
-2.100125993  
-2.0006602  
-1.718176249  
-1.523870105  
-1.563261014  
-1.78233792  
-1.93430462  
-1.664457426  
-0.6450188717  
1.284840805  
4.020744715  
7.171416202  
10.12535306  
12.19095197  
12.77248876  
11.53240848  
8.492681131  
4.044021906  
-1.142679733  
-6.280617921  
-10.66254484  
-13.83279438  
-15.6863538  
-16.46520208  
-16.65131186  
-16.78633786  
-17.27114079  
-18.20674772  
-19.32880103  
-20.06172749  
-19.68357109  
-17.55785706  
-13.36525781  
-7.263479318  
0.07931604157  
7.597417592  
14.06407223  
18.39065489  
19.90600611  
18.53560013  
14.82672879  
9.809228863  
4.729064793  
0.7294313792  
-1.430407699  
-1.54000836  
0.05698672568  
2.612274266  
5.226114154  
7.12390284  
7.871810833  
7.469698202  
6.300865204  
4.964393898  
4.052067143  
3.946316224  
4.704458504  
6.062147425  
7.547038132  
8.656773388  
9.035792643  
8.589425396  
7.49881269  
6.137043418  
4.921987544  
4.162248075  
3.952517242  
4.154075824  
4.463337603  
4.538628044  
4.134704562  
3.193437003  
1.857330464  
0.403116037  
-0.8763285127  
-1.793695741  
-2.343542369  
-2.702115037  
-3.149809245  
-3.946223171  
-5.207286759  
-6.834636418  
-8.528533413  
-9.884045895  
-10.53772395  
-10.31085965  
-9.294012447  
-7.836993356  
-6.44212001  
-5.594399022  
-5.5870784  
-6.405276135  
-7.712203999  
-8.947563597  
-9.508423255  
-8.953039421  
-7.158545186  
-4.377770642  
-1.174037523  
1.746133162  
3.747915591  
4.460366473  
3.883535191  
2.377293092  
0.5383353787  
-0.9914763065  
-1.721078617  
-1.447278967  
-0.2921087311  
1.36536652  
3.033221109  
4.273912081  
4.83760793  
4.720273657  
4.133929878  
3.407519482  
2.859140324  
2.68663601  
2.912729517  
3.398155173  
3.910662487  
4.218883732  
4.174322401  
3.7530267  
3.046700715  
2.213158252  
1.410385467  
0.7418315383  
0.2325686876  
-0.1590766301  
-0.5052843615  
-0.8679122231  
-1.272665457  
-1.708420307  
-2.148266632  
-2.577533891  
-3.010259301  
-3.481451485  
-4.015312752  
-4.583722635  
-5.077796235  
-5.313539054  
-5.080038546  
-4.21973069  
-2.712735219  
-0.7290663495  
1.381279474  
3.17043647  
4.229624687  
4.338881219  
3.575633832  
2.335472132  
1.244314697  
0.9780396362  
2.040633089  
4.572376479  
8.256323071  
12.3638676  
15.93616839  
18.0521359  
18.10147215  
15.97496505  
12.10737804  
7.354214209  
2.737664542  
-0.8590582841  
-2.951258644  
-3.582067901  
-3.27948191  
-2.855587032  
-3.114717002  
-4.567462637  
-7.245409897  
-10.67777922  
-14.03721347  
-16.40593095  
-17.07431271  
-15.77440959  
-12.77378581  
-8.801920677  
-4.836218919  
-1.81869536  
-0.3935929635  
-0.7450666107  
-2.577803542  
-5.235581536  
-7.909854972  
-9.866724332  
-10.62260818  
-10.02382761  
-8.222373817  
-5.575359523  
-2.516392896  
0.5525711663  
3.318369166  
5.559678611  
7.117520357  
7.866607902  
7.715427939  
6.643426428  
4.75934964  
2.34699196  
-0.137779222  
-2.139401078  
-3.136974416  
-2.803576804  
-1.134856549  
1.507115281  
4.465142403  
6.965121358  
8.352603846  
8.312399425  
6.994043113  
4.991801613  
3.174256431  
2.410112292  
3.275809142  
5.842036208  
9.614922104  
13.65924449  
16.87099378  
18.31533748  
17.52128334  
14.63558218  
10.38262839  
5.840275542  
2.102377421  
-0.0630074352  
-0.4485663807  
0.5404684452  
2.033688404  
2.992408999  
2.557513819  
0.3338954002  
-3.480589802  
-8.160889581  
-12.68958988  
-16.079756  
-17.67767287  
-17.3470509  
-15.478728  
-12.83008486  
-10.2553994  
-8.422885464  
-7.615031544  
-7.676555087  
-8.120795472  
-8.349801335  
-7.904816358  
-6.655448131  
-4.859688829  
-3.074183378  
-1.947756367  
-1.972455533  
-3.281034286  
-5.563438433  
-8.133355463  
-10.1243777  
-10.7513319  
-9.551080697  
-6.525138021  
-2.140407379  
2.808083471  
7.42389286  
10.95012358  
12.94905957  
13.3699519  
12.49498242  
10.79497652  
8.754326208  
6.729729087  
4.889135925  
3.243188715  
1.744646647  
0.4054225728  
-0.6247139745  
-1.057331636  
-0.5499072014  
1.152277132  
4.070706747  
7.904421119  
12.04036287  
15.67311328  
18.00490581  
18.46626747  
16.88653027  
13.55629249  
9.15702059  
4.575369176  
0.6576151005  
-2.020334352  
-3.296070895  
-3.43329465  
-3.002084435  
-2.66754461  
-2.956583514  
-4.078924941  
-5.85989407  
-7.805492868  
-9.2768816  
-9.715916704  
-8.847257112  
-6.790686636  
-4.046899279  
-1.36093362  
0.4935350576  
0.941292794  
-0.2261448403  
-2.791439781  
-6.176579567  
-9.60845932  
-12.33098931  
-13.79805497  
-13.79110038  
-12.43202364  
-10.09694825  
-7.267674183  
-4.375033179  
-1.687054027  
0.7242766194  
2.933367547  
5.054029606  
7.12055031  
9.005740726  
10.41106966  
10.93794826  
10.21979559  
8.07176808  
4.606504568  
0.2727927709  
-4.203075799  
-7.963604227  
-10.21710879  
-10.43221286  
-8.476159066  
-4.658704261  
0.3305294521  
5.57435375  
10.12992216  
13.22891987  
14.42805449  
13.67754429  
11.29822678  
7.881039805  
4.139706442  
0.754827814  
-1.75551902  
-3.114613308  
-3.306234689  
-2.539347541  
-1.173958572  
0.371262346  
1.709299402  
2.556640572  
2.776068044  
2.385874364  
1.536659249  
0.4618765581  
-0.5874583441  
-1.41014879  
-1.909191106  
-2.119330525  
-2.198908032  
-2.385128635  
-2.921699285  
-3.976680428  
-5.573420105  
-7.556357512  
-9.605557358  
-11.30081256  
-12.22141892  
-12.05599668  
-10.69185842  
-8.257629301  
-5.105227656  
-1.734461931  
1.319939567  
3.608253419  
4.860600897  
5.032858046  
4.29501667  
2.970395767  
1.447431218  
0.09111556341  
-0.8225837605  
-1.136954533  
-0.8106734448  
0.1078515438  
1.511132303  
3.254536213  
5.164758543  
7.040267787  
8.655920534  
9.783732085  
10.23429927  
9.911532916  
8.862361687  
7.298300856  
5.570592138  
4.094626311  
3.238177661  
3.204771431  
3.951205274  
5.172523372  
6.368995315  
6.983161055  
6.569572959  
4.944860128  
2.267458342  
-0.9842768767  
-4.135329318  
-6.504695302  
-7.605300871  
-7.289246971  
-5.79000959  
-3.645827914  
-1.527678198  
-0.02756128329  
0.5227931671  
0.1421330659  
-0.8316287057  
-1.883201219  
-2.522783074  
-2.478774951  
-1.811512581  
-0.9057797732  
-0.3415748467  
-0.6852662972  
-2.272156709  
-5.056112158  
-8.580639274  
-12.08545136  
-14.7170095  
-15.77631276  
-14.92453059  
-12.28106102  
-8.38450049  
-4.032232597  
-0.05325888045  
2.91141583  
4.552707583  
4.922406303  
4.348821249  
3.279140628  
2.110718393  
1.072477477  
0.1944918082  
-0.6320452382  
-1.537287745  
-2.551594532  
-3.534528142  
-4.186540512  
-4.142356066  
-3.111813889  
-1.013891575  
1.949732063  
5.314031796  
8.461532671  
10.78964383  
11.87819061  
11.60036633  
10.14050238  
7.915426818  
5.430292901  
3.122103663  
1.24628353  
-0.156585652  
-1.20857348  
-2.084394204  
-2.892834913  
-3.600863964  
-4.033335781  
-3.949738496  
-3.166927841  
-1.676155318  
0.2977855547  
2.327064491  
3.898631934  
4.582129243  
4.188223998  
2.856974916  
1.037791194  
-0.6399700124  
-1.56705658  
-1.359031136  
0.005070589746  
2.160519121  
4.462808988  
6.189734754  
6.774213578  
5.99110764  
4.036136815  
1.470780458  
-0.9484663927  
-2.500477768  
-2.715224408  
-1.507616988  
0.8087840192  
3.626079133  
6.22470707  
7.972911391  
8.481391181  
7.672111821  
5.752533551  
3.118325245  
0.2275723885  
-2.508437272  
-4.787501278  
-6.425539641  
-7.329111602  
-7.460521706  
-6.822166064  
-5.47141742  
-3.556562649  
-1.34801723  
0.7648544594  
2.329955734  
2.938023705  
2.349409363  
0.5977538559  
-1.973616304  
-4.768745256  
-7.084855439  
-8.309601181  
-8.11004112  
-6.550868913  
-4.098380543  
-1.502111114  
0.4141175431  
0.9893598091  
-0.08188326714  
-2.660843684  
-6.205377669  
-9.925123104  
-13.00007417  
-14.79420766  
-15.00145323  
-13.68723039  
-11.22493701  
-8.160040947  
-5.053349271  
-2.354028562  
-0.3342807531  
0.9101302981  
1.414526413  
1.288914461  
0.680625489  
-0.2312360018  
-1.218936091  
-1.992635104  
-2.218464057  
-1.582815481  
0.1065680916  
2.816468283  
6.227542892  
9.757403578  
12.68207451  
14.33362064  
14.31736227  
12.67437772  
9.923313433  
6.949811541  
4.762064369  
4.180345715  
5.558425504  
8.633004603  
12.56181306  
16.15171159  
18.21432294  
17.94034544  
15.17169913  
10.47893229  
5.011747305  
0.1638121817  
-2.845338877  
-3.339555431  
-1.388852107  
2.218777745  
6.226466031  
9.29717735  
10.41671518  
9.183285864  
5.895630252  
1.419488978  
-3.115103041  
-6.68013817  
-8.657750581  
-8.993287458  
-8.152801566  
-6.911731559  
-6.056702066  
-6.106909645  
-7.148697021  
-8.832722608  
-10.52460362  
-11.54787242  
-11.43030995  
-10.06931599  
-7.765314359  
-5.1207116  
-2.847538487  
-1.553750075  
-1.578404764  
-2.921727354  
-5.278638565  
-8.148453063  
-10.97254457  
-13.2517542  
-14.6139012  
-14.82902376  
-13.79329241  
-11.51201973  
-8.104215984  
-3.830613398  
0.8759032437  
5.411684055  
9.065655869  
11.15276649  
11.19376178  
9.0888056  
5.22019228  
0.4315086905  
-4.134498891  
-7.309783777  
-8.214230477  
-6.513962704  
-2.53939972  
2.78308383  
8.174346806  
12.35204013  
14.38160184  
13.92121254  
11.28640674  
7.318377529  
3.103518324  
-0.3609411291  
-2.445880746  
-3.027302672  
-2.446713754  
-1.322304129  
-0.2885774465  
0.2370528822  
0.1776475324  
-0.2277295663  
-0.5764560223  
-0.5143688467  
0.08250175004  
1.03267778  
1.913540102  
2.242042858  
1.700858289  
0.3179244641  
-1.478287159  
-2.960608813  
-3.335838632  
-2.030369638  
1.073360853  
5.539298989  
10.46290325  
14.71960861  
17.29908373  
17.61558255  
15.69029418  
12.1435581  
7.998389551  
4.360108064  
2.077597528  
1.496370131  
2.380659188  
4.023544169  
5.501153474  
5.981103312  
4.9817302  
2.500788963  
-1.019054768  
-4.863687571  
-8.290660459  
-10.75467304  
-12.04188679  
-12.27809576  
-11.82346753  
-11.10570831  
-10.4600066  
-10.03381047  
-9.782969783  
-9.546874233  
-9.159538644  
-8.542840581  
-7.74059616  
-6.881577477  
-6.093078193  
-5.409933107  
-4.727049553  
-3.825156339  
-2.466918126  
-0.5275570915  
1.895624475  
4.447583717  
6.581310464  
7.713865133  
7.424053258  
5.622102812  
2.625860601  
-0.8924287873  
-4.080198588  
-6.147304489  
-6.598830167  
-5.380389477  
-2.887002029  
0.1669507875  
2.971731296  
4.86382849  
5.504688546  
4.940671431  
3.532149086  
1.786434602  
0.1618218299  
-1.083421882  
-1.944337224  
-2.612294041  
-3.338672286  
-4.280203641  
-5.392242676  
-6.415044181  
-6.959340171  
-6.656497056  
-5.311858047  
-2.998037741  
-0.04888480621  
3.044966269  
5.797836776  
7.882876752  
9.215478774  
9.932203407  
10.27495541  
10.43150996  
10.40505404  
9.977357484  
8.793798158  
6.547096721  
3.19012503  
-0.9138485028  
-4.981703607  
-7.973238698  
-8.892989383  
-7.138946506  
-2.775940129  
3.375670543  
9.890823804  
15.10530395  
17.59378587  
16.61086976  
12.34743779  
5.907858346  
-0.9979149079  
-6.558420086  
-9.403748734  
-9.013066212  
-5.853501375  
-1.2045144  
3.273785675  
6.084318923  
6.367345371  
4.148427203  
0.2812801905  
-3.888089997  
-7.013898091  
-8.224825362  
-7.41372982  
-5.243527765  
-2.871868069  
-1.497769503  
-1.897092176  
-4.117509846  
-7.446076706  
-10.66380596  
-12.49695819  
-12.10169261  
-9.403743403  
-5.164295346  
-0.7399031334  
2.385473962  
3.133974353  
1.242724023  
-2.602570195  
-6.965988082  
-10.13232731  
-10.69363309  
-8.050035401  
-2.648964072  
4.126130673  
10.38690307  
14.34992924  
14.92082034  
12.05471757  
6.769746366  
0.8074344213  
-3.945957276  
-6.081721583  
-5.124357796  
-1.6673612  
2.854810596  
6.678462667  
8.329535188  
7.137367535  
3.46798037  
-1.401927622  
-5.726005761  
-7.892806511  
-6.98731091  
-3.118406943  
2.598327723  
8.396069874  
12.43004686  
13.37622954  
10.85669959  
5.55347237  
-1.021403102  
-7.016962356  
-10.82841876  
-11.58238117  
-9.367323161  
-5.144342104  
-0.3821142221  
3.449526123  
5.351104461  
5.07357808  
3.122789359  
0.50296066  
-1.696102025  
-2.71300529  
-2.380617464  
-1.152708315  
0.1105963678  
0.5128270251  
-0.4944069372  
-2.857480028  
-5.893967001  
-8.50697813  
-9.567133049  
-8.327456318  
-4.722945337  
0.5546160751  
6.238568337  
10.86912753  
13.24867563  
12.81837488  
9.830303891  
5.258502352  
0.4805771105  
-3.162011164  
-4.777658429  
-4.176512701  
-1.882020689  
1.093544624  
3.625363797  
4.870713879  
4.545851182  
2.993363269  
1.023177949  
-0.410227769  
-0.575921633  
0.7523746985  
3.201658079  
5.923880733  
7.893707361  
8.273441602  
6.715554004  
3.495736116  
-0.5708630695  
-4.401307386  
-7.009847098  
-7.839029013  
-6.941719168  
-4.950810088  
-2.847378045  
-1.608168852  
-1.855232091  
-3.629930601  
-6.370552482  
-9.102405055  
-10.77578861  
-10.6359834  
-8.497928103  
-4.83033551  
-0.6188113332  
2.947588631  
4.86195548  
4.628596484  
2.42600951  
-0.9499755027  
-4.343207818  
-6.608660996  
-6.975826  
-5.286141985  
-2.030035241  
1.823723185  
5.145595739  
7.003079696  
6.942499125  
5.107694404  
2.165217555  
-0.9300695793  
-3.244951562  
-4.149456547  
-3.481906372  
-1.553294313  
0.9970397687  
3.434168285  
5.164164591  
5.896182759  
5.684639208  
4.852125241  
3.835521682  
3.020642046  
2.627442421  
2.681396588  
3.068544906  
3.63744412  
4.29412837  
5.042675554  
5.950778778  
7.055781735  
8.256887402  
9.250811734  
9.555373001  
8.632211854  
6.078195453  
1.821269463  
-3.755507259  
-9.821740127  
-15.258578  
-18.93610145  
-20.03154868  
-18.28922453  
-14.13402139  
-8.592074707  
-3.03176328  
1.203943864  
3.165779725  
2.556196667  
-0.2012025539  
-4.101057532  
-7.860076494  
-10.29059963  
-10.62965254  
-8.726172522  
-5.036685758  
-0.4414742182  
4.050830788  
7.610685408  
9.809293021  
10.69019488  
10.67919484  
10.37489207  
10.29904717  
10.69483165  
11.43994804  
12.09940453  
12.09434232  
10.92533315  
8.372945474  
4.608957185  
0.1834093917  
-4.106187798  
-7.420701218  
-9.097079636  
-8.815503469  
-6.673299063  
-3.153341297  
0.995098959  
4.924273904  
7.859567971  
9.237082897  
8.785564834  
6.548573851  
2.855828131  
-1.741733831  
-6.559479334  
-10.8791162  
-14.05368737  
-15.60862962  
-15.32573389  
-13.29255841  
-9.899894317  
-5.777356707  
-1.671584381  
1.710522274  
3.856457511  
4.558490057  
3.946030196  
2.427248132  
0.554861145  
-1.143784419  
-2.318908449  
-2.883445897  
-3.003390289  
-2.997813144  
-3.185075333  
-3.731953354  
-4.562864855  
-5.366068521  
-5.698955737  
-5.157553939  
-3.549457287  
-1.004648653  
2.022277603  
4.867864425  
6.860560242  
7.540861502  
6.824582063  
5.049007059  
2.879809449  
1.104076834  
0.3752333382  
0.9945857502  
2.804426876  
5.231791553  
7.471760562  
8.751867444  
8.590760698  
6.965025451  
4.327784728  
1.471622956  
-0.7201401311  
-1.552995317  
-0.7411490858  
1.502300303  
4.531808014  
7.468039083  
9.462412562  
9.942149876  
8.760080646  
6.207466157  
2.894129367  
-0.4573246549  
-3.231909253  
-5.086164814  
-6.008284472  
-6.264927999  
-6.263350276  
-6.383221434  
-6.837733565  
-7.608486016  
-8.469502205  
-9.084051976  
-9.134656537  
-8.439055144  
-7.014177308  
-5.071441663  
-2.951301919  
-1.024064282  
0.4085093242  
1.181451001  
1.289604486  
0.8671922452  
0.1387066315  
-0.6391262067  
-1.227851104  
-1.442197516  
-1.170054098  
-0.3829543776  
0.858224968  
2.40260834  
4.019323795  
5.425634113  
6.336690835  
6.531289812  
5.917760527  
4.57759886  
2.766140473  
0.8607094135  
-0.7358105425  
-1.71012731  
-1.935672039  
-1.516527405  
-0.7580324259  
-0.06837166609  
0.1791865621  
-0.2229965967  
-1.240609811  
-2.606219925  
-3.91456967  
-4.773761666  
-4.958806023  
-4.50953023  
-3.7317311  
-3.093772653  
-3.049442406  
-3.847625735  
-5.398944789  
-7.253972431  
-8.711187817  
-9.027638925  
-7.666802197  
-4.50094154  
0.1040313188  
5.356634548  
10.24616812  
13.82555678  
15.48167141  
15.10626137  
13.11224176  
10.29062557  
7.555739457  
5.662586339  
4.988069109  
5.44464357  
6.549130009  
7.616929051  
8.010915091  
7.358673821  
5.666271886  
3.295447712  
0.8197742069  
-1.183545  
-2.33007877  
-2.544953165  
-2.064191268  
-1.327909575  
-0.8110537981  
-0.8569413487  
-1.573531203  
-2.82510285  
-4.313921137  
-5.712533934  
-6.79026198  
-7.483234537  
-7.883002688  
-8.153709117  
-8.417846802  
-8.663909786  
-8.720242792  
-8.31186437  
-7.181640586  
-5.228285928  
-2.603016802  
0.2809413174  
2.840194377  
4.489697596  
4.831752893  
3.797766914  
1.68849525  
-0.9071080246  
-3.291157224  
-4.875011221  
-5.361626789  
-4.828566874  
-3.682519174  
-2.501340968  
-1.819531283  
-1.933034164  
-2.79209326  
-4.019133612  
-5.043892361  
-5.306451965  
-4.455490751  
-2.472231803  
0.3213552666  
3.369193663  
6.06071291  
7.917150908  
8.718854917  
8.532768951  
7.638581413  
6.390314305  
5.073149042  
3.814117717  
2.580991006  
1.265688704  
-0.1877729584  
-1.671203337  
-2.872387863  
-3.336263873  
-2.615128511  
-0.4573926323  
3.036635488  
7.357964945  
11.6660579  
14.98854788  
16.48723105  
15.70690266  
12.72474722  
8.1478012  
2.954689191  
-1.771329054  
-5.135627595  
-6.661597135  
-6.388251661  
-4.812424802  
-2.70254651  
-0.8505442383  
0.1562194158  
0.07403274862  
-0.9806956116  
-2.627224611  
-4.381491867  
-5.818627204  
-6.681011898  
-6.903526921  
-6.563087678  
-5.788705847  
-4.680029539  
-3.273025517  
-1.565984658  
0.4112788218  
2.524242015  
4.5000149  
5.961172299  
6.525686795  
5.940632961  
4.197835007  
1.580581218  
-1.387172052  
-4.081758155  
-5.967531414  
-6.766341412  
-6.545704111  
-5.689084956  
-4.753647463  
-4.263133122  
-4.510026241  
-5.441052712  
-6.672181759  
-7.632740451  
-7.789758192  
-6.871207757  
-5.00310203  
-2.703082273  
-0.7234044867  
0.2087617138  
-0.3344900217  
-2.291377465  
-5.077261343  
-7.730242277  
-9.19564943  
-8.659868641  
-5.824078217  
-1.025621951  
4.836243842  
10.54920503  
14.93281405  
17.16980174  
17.01989314  
14.8526552  
11.49657753  
7.961469221  
5.129996036  
3.518974637  
3.181608549  
3.769559122  
4.717838418  
5.475894524  
5.698112778  
5.328744641  
4.560561159  
3.696045506  
2.976102148  
2.450943683  
1.948037508  
1.15105327  
-0.2422675429  
-2.348710214  
-4.987674287  
-7.680764221  
-9.772865946  
-10.6376507  
-9.895987213  
-7.567329631  
-4.095329679  
-0.2324665404  
3.181258898  
5.471874622  
6.330712133  
5.890842981  
4.654661327  
3.298685892  
2.424603009  
2.34413683  
2.972958434  
3.869845725  
4.405872487  
4.002646774  
2.35485396  
-0.4414362276  
-3.899338194  
-7.286319313  
-9.852873241  
-11.0656113  
-10.76588027  
-9.202605052  
-6.932900594  
-4.629635263  
-2.86552143  
-1.94818412  
-1.859175581  
-2.310489557  
-2.88966713  
-3.234255468  
-3.168953682  
-2.755866651  
-2.24319363  
-1.936710351  
-2.047379926  
-2.576585669  
-3.28548325  
-3.762628406  
-3.566691951  
-2.392545244  
-0.1997511527  
2.74431189  
5.923948642  
8.717857407  
10.57646197  
11.17369743  
10.48340912  
8.75818229  
6.423466003  
3.929133105  
1.613828577  
-0.3699420536  
-2.046806522  
-3.535259799  
-4.928178657  
-6.188898229  
-7.108532328  
-7.346696998  
-6.545615456  
-4.478413723  
-1.177259267  
3.008852127  
7.454282666  
11.38969917  
14.09067918  
15.0651654  
14.18205002  
11.70142442  
8.197929645  
4.401867249  
1.007105855  
-1.497219618  
-2.924616455  
-3.396661745  
-3.263499526  
-2.971945497  
-2.926026742  
-3.381630655  
-4.40060981  
-5.867217209  
-7.549336461  
-9.175550033  
-10.49980218  
-11.33632373  
-11.56347418  
-11.1090635  
-9.936104716  
-8.044542035  
-5.493192516  
-2.432211325  
0.8737875272  
4.053289265  
6.678734482  
8.356979483  
8.837789433  
8.106420286  
6.425088903  
4.299730557  
2.370262382  
1.247676671  
1.341471697  
2.728606385  
5.107004367  
7.854019231  
10.17973585  
11.33579726  
10.82193818  
8.53081052  
4.788061871  
0.2743747626  
-4.149484018  
-7.665066274  
-9.702721209  
-10.07379231  
-8.992613024  
-6.985466042  
-4.717137171  
-2.789587189  
-1.574128511  
-1.126668973  
-1.208610202  
-1.402674926  
-1.283300627  
-0.5847632464  
0.6883829031  
2.244984609  
3.591227718  
4.188662124  
3.636188411  
1.81755893  
-1.033865242  
-4.376056345  
-7.495112635  
-9.698107433  
-10.50446006  
-9.778129914  
-7.760764648  
-4.995845786  
-2.167024766  
0.100395277  
1.415148872  
1.720900223  
1.293876428  
0.6406008109  
0.3293352432  
0.8080680374  
2.264286507  
4.567226792  
7.30644845  
9.910694373  
11.80725335  
12.5720478  
12.02692322  
10.26036754  
7.574072427  
4.381175544  
1.095082904  
-1.95373996  
-4.550168485  
-6.575164049  
-7.954847563  
-8.609835469  
-8.435195398  
-7.326975316  
-5.249375105  
-2.315761833  
1.154608659  
4.639072958  
7.490123402  
9.079951743  
8.973992316  
7.079918486  
3.71918079  
-0.4126418405  
-4.39754013  
-7.323584152  
-8.527434951  
-7.778983017  
-5.349778515  
-1.939967501  
1.5188272  
4.128321967  
5.277196991  
4.806534392  
3.036355542  
0.6454367217  
-1.557240636  
-2.896558423  
-3.046341501  
-2.12635486  
-0.6499313176  
0.6607279413  
1.131224128  
0.3791274807  
-1.535888888  
-4.107857056  
-6.531290107  
-7.954721834  
-7.761097176  
-5.784561348  
-2.391638561  
1.603396962  
5.167071526  
7.351293097  
7.580888026  
5.834710067  
2.662684734  
-0.9689618593  
-3.959350453  
-5.397413103  
-4.831787215  
-2.405051669  
1.187595017  
4.90226364  
7.651175475  
8.617112418  
7.484580944  
4.521024396  
0.4873221953  
-3.59207322  
-6.727926067  
-8.244025205  
-7.952840961  
-6.180805589  
-3.641425257  
-1.199862092  
0.3963728848  
0.7386024123  
-0.1345320727  
-1.769446173  
-3.455560187  
-4.456140248  
-4.23945297  
-2.64029419  
0.09426952425  
3.384309222  
6.492885892  
8.741789801  
9.701071444  
9.297104642  
7.810990955  
5.773357822  
3.79229543  
2.369245091  
1.758135915  
1.906861589  
2.493274945  
3.03890758  
3.061825465  
2.221355295  
0.4137302967  
-2.204267415  
-5.263236328  
-8.279457196  
-10.77029284  
-12.3530824  
-12.80412131  
-12.07044851  
-10.24319239  
-7.511576356  
-4.118400016  
-0.3313228348  
3.56700953  
7.277996352  
10.48945278  
12.89429488  
14.23053658  
14.3360499  
13.20146419  
11.00020202  
8.07849289  
4.899491806  
1.950654966  
-0.362868733  
-1.809092665  
-2.377003622  
-2.265770173  
-1.817187408  
-1.410700513  
-1.352114917  
-1.789150445  
-2.678521521  
-3.812893951  
-4.897317781  
-5.649478191  
-5.891379197  
-5.603849534  
-4.927948225  
-4.114826055  
-3.4418458  
-3.122848179  
-3.241233896  
-3.726294627  
-4.378973974  
-4.937787195  
-5.163765065  
-4.918477113  
-4.212272502  
-3.209339687  
-2.188678679  
-1.471846153  
-1.336290398  
-1.935662181  
-3.245955365  
-5.049940184  
-6.964273736  
-8.505361805  
-9.182940118  
-8.604913276  
-6.573578209  
-3.152834789  
1.311401206  
6.228507597  
10.85839426  
14.45154113  
16.40748555  
16.41634214  
14.5464866  
11.25032276  
7.278041593  
3.513215556  
0.7670049176  
-0.4171118982  
0.1050415448  
2.049070271  
4.78643002  
7.521233862  
9.510007561  
10.26077431  
9.652921756  
7.943064169  
5.657628036  
3.408905024  
1.695878042  
0.7556441601  
0.5135821414  
0.6460779272  
0.7301180053  
0.423056593  
-0.3953604127  
-1.573497199  
-2.752052624  
-3.520582029  
-3.608402087  
-3.03530787  
-2.157708006  
-1.580755238  
-1.955302615  
-3.723500499  
-6.901961774  
-10.98640936  
-15.02638195  
-17.86338318  
-18.46891252  
-16.27970366  
-11.42066517  
-4.735518455  
2.397312787  
8.418233636  
12.00840287  
12.45405904  
9.842066394  
5.026075396  
-0.6267680596  
-5.63082171  
-8.797848781  
-9.548330035  
-8.027928542  
-5.001985918  
-1.57107469  
1.194852089  
2.584814588  
2.436449139  
1.13527129  
-0.5638707536  
-1.823571604  
-2.017946941  
-0.9366010284  
1.163289148  
3.664392356  
5.81028021  
6.959361142  
6.785473008  
5.36290296  
3.1170435  
0.6684363439  
-1.368553848  
-2.561670005  
-2.756428286  
-2.070370948  
-0.8028131632  
0.6949256334  
2.135224686  
3.354857551  
4.30713192  
5.002286881  
5.43391928  
5.532786444  
5.174566537  
4.241735425  
2.712856331  
0.7367266777  
-1.349144701  
-3.07638396  
-3.970428953  
-3.703758168  
-2.223733708  
0.1947718443  
2.998241847  
5.496431995  
7.055387236  
7.279887342  
6.1252062  
3.900937726  
1.165927816  
-1.449986637  
-3.437394665  
-4.54889065  
-4.846591384  
-4.6452732  
-4.377074786  
-4.429430228  
-5.014160765  
-6.11066195  
-7.496425662  
-8.845129876  
-9.848843977  
-10.3151834  
-10.20402951  
-9.595688114  
-8.611770261  
-7.329856508  
-5.734831004  
-3.733033364  
-1.226668246  
1.783072473  
5.11261086  
8.377871832  
11.06421191  
12.6723083  
12.89423748  
11.755138  
9.660529432  
7.317671708  
5.542626484  
5.007625579  
6.010257125  
8.345602805  
11.33331557  
14.002185  
15.38132606  
14.80825351  
12.1539232  
7.88788252  
2.95654737  
-1.492074588  
-4.452938928  
-5.369459812  
-4.302672285  
-1.909813138  
0.7610421489  
2.594874901  
2.749583558  
0.9054091182  
-2.65180004  
-7.134949357  
-11.50922549  
-14.81054773  
-16.42741691  
-16.26048434  
