-0.5113357373  
2.684531005  
4.915717721  
5.748114889  
5.08800973  
3.200456547  
0.6338044125  
-1.927592391  
-3.840653454  
-4.661830332  
-4.244624532  
-2.753745737  
-0.5980138842  
1.693273998  
3.611941537  
4.790516431  
5.070352887  
4.506983737  
3.321040942  
1.81760906  
0.3024845078  
-0.9805131186  
-1.878524459  
-2.326127629  
-2.321550499  
-1.899341758  
-1.113376186  
-0.03566666359  
1.233312169  
2.554116746  
3.750203945  
4.629708932  
5.025546794  
4.842734255  
4.096223212  
2.923128409  
1.560494859  
0.2911338762  
-0.6285916378  
-1.037883352  
-0.916248949  
-0.3896384377  
0.3042542826  
0.8809787375  
1.08501543  
0.754187544  
-0.1443087199  
-1.513172008  
-3.155056716  
-4.820168024  
-6.25517289  
-7.240446013  
-7.610218814  
-7.258621859  
-6.140016148  
-4.272353598  
-1.747415824  
1.25576165  
4.464494698  
7.525283226  
10.04374041  
11.64986885  
12.07554448  
11.22256611  
9.198173357  
6.302165799  
2.964156225  
-0.3538738903  
-3.261415797  
-5.517451404  
-7.057729827  
-7.96331976  
-8.383402393  
-8.442588679  
-8.170123437  
-7.481473046  
-6.223801977  
-4.271743131  
-1.637857669  
1.448196567  
4.531468832  
7.012018735  
8.299988969  
8.001903389  
6.077374079  
2.907951569  
-0.7568416814  
-3.973656209  
-5.856834373  
-5.835486991  
-3.836847948  
-0.3346503818  
3.759809274  
7.338292039  
9.400532211  
9.334308629  
7.087360564  
3.179830501  
-1.445596835  
-5.689619496  
-8.597485538  
-9.605984298  
-8.666272432  
-6.213298502  
-3.001012805  
0.1373739923  
2.525547275  
3.80534773  
3.981480531  
3.34931934  
2.343727133  
1.369175824  
0.6714010579  
0.2897041952  
0.0957938587  
-0.1074272131  
-0.4737802977  
-1.035783492  
-1.690432829  
-2.250156634  
-2.532925187  
-2.44975396  
-2.050005988  
-1.503558882  
-1.026587228  
-0.7827833776  
-0.8040016546  
-0.9680904868  
-1.048918291  
-0.8230856517  
-0.1916184671  
0.7357544627  
1.636046844  
2.062002919  
1.601732637  
0.05487919345  
-2.441686469  
-5.393759736  
-8.0564268  
-9.643365277  
-9.574835256  
-7.680552067  
-4.282992416  
-0.1235649636  
3.853033499  
6.790174932  
8.189993665  
8.069209516  
6.941474401  
5.625733156  
4.941208544  
5.392353025  
6.955510661  
9.048605174  
10.70486002  
10.90111978  
8.934778339  
4.720949554  
-1.097740065  
-7.277944602  
-12.31057947  
-14.86459811  
-14.20010123  
-10.41623145  
-4.449046621  
2.186560633  
7.834553691  
11.17987566  
11.62439132  
9.439178571  
5.64707655  
1.675395417  
-1.108348953  
-1.828955721  
-0.3679917591  
2.620122036  
5.939657338  
8.253050609  
8.516977976  
6.315667463  
1.989057347  
-3.477986372  
-8.762235818  
-12.60115477  
-14.15671525  
-13.23377791  
-10.29477445  
-6.27989128  
-2.302380622  
0.6774477505  
2.097940031  
1.894569464  
0.4378179612  
-1.649681539  
-3.721951933  
-5.303236547  
-6.187168572  
-6.422598068  
-6.20997518  
-5.761905746  
-5.188700867  
-4.453282143  
-3.407894307  
-1.890563028  
0.1642289102  
2.650373878  
5.284297121  
7.673118854  
9.431308159  
10.30050458  
10.22584752  
9.359131486  
7.987975107  
6.419325637  
4.863831806  
3.367591292  
1.819494758  
0.0326205904  
-2.131751097  
-4.647495109  
-7.264116999  
-9.534762878  
-10.93037767  
-11.00592081  
-9.562890083  
-6.750078556  
-3.062836449  
0.7660149282  
3.954108127  
5.879843408  
6.250152516  
5.173944773  
3.119560874  
0.7714014943  
-1.167946115  
-2.168557958  
-2.000670237  
-0.7655160666  
1.171253303  
3.313832777  
5.189837341  
6.473604565  
7.045016668  
6.97485002  
6.453496373  
5.696999651  
4.86765392  
4.035789695  
3.19016996  
2.284387593  
1.293584645  
0.2541551872  
-0.7312817952  
-1.525028949  
-2.006939634  
-2.124670168  
-1.918872663  
-1.511588195  
-1.061935902  
-0.7075196969  
-0.5165064742  
-0.47143744  
-0.4927353747  
-0.4927904679  
-0.4374349731  
-0.3864951982  
-0.4915821743  
-0.9454928226  
-1.897566547  
-3.365490213  
-5.179628533  
-6.987972249  
-8.330283752  
-8.765248757  
-8.013365807  
-6.068557534  
-3.237658038  
-0.08752699161  
2.691466521  
4.46912128  
4.852564335  
3.802730211  
1.652904733  
-0.9787138132  
-3.358243809  
-4.837807276  
-5.030589408  
-3.908567657  
-1.796192772  
0.735090177  
3.037158576  
4.568097816  
5.033894627  
4.45012183  
3.110769842  
1.479790472  
0.04296389231  
-0.8331278033  
-0.993906897  
-0.5180215892  
-6.104943238  
-3.870244883  
-0.8559549204  
2.020935439  
3.885918867  
4.176551727  
2.816211616  
0.2364835098  
-2.75814205  
-5.239156632  
-6.437139526  
-5.970891206  
-3.953938578  
-0.9501068889  
2.202562231  
4.64128169  
5.724164661  
5.200886575  
3.264269404  
0.4768668872  
-2.396903218  
-4.598709288  
-5.564673414  
-5.047001447  
-3.146062518  
-0.2570817622  
3.043010402  
6.132692721  
8.472547515  
9.697250473  
9.662289069  
8.446782629  
6.321152497  
3.69044463  
1.023111866  
-1.226762656  
-2.696010494  
-3.17835036  
-2.668344114  
-1.371777464  
0.3255083508  
1.930297117  
2.945518735  
2.983861582  
1.864807539  
-0.3303320399  
-3.262241532  
-6.398764147  
-9.128176726  
-10.89442095  
-11.32219171  
-10.30224241  
-8.017267634  
-4.903343195  
-1.556931601  
1.390779173  
3.404547068  
4.153456942  
3.575757319  
1.888198348  
-0.4611251742  
-2.887114253  
-4.791024748  
-5.688733552  
-5.31742198  
-3.696409055  
-1.125434655  
1.883809465  
4.731425648  
6.881190557  
8.002607062  
8.063078317  
7.339595454  
6.339306127  
5.64455765  
5.72283314  
6.75746003  
8.554438757  
10.56241809  
12.01064279  
12.13249837  
10.41191859  
6.777024423  
1.675724909  
-3.999734381  
-9.127168586  
-12.65134655  
-13.87807153  
-12.67683915  
-9.528167608  
-5.397375843  
-1.469440734  
1.177519901  
1.863528076  
0.4774841691  
-2.519849348  
-6.2551725  
-9.709118868  
-12.0039246  
-12.62439323  
-11.51090297  
-9.008621062  
-5.705232404  
-2.223646286  
0.9548522146  
3.579990689  
5.61521095  
7.137235202  
8.207384015  
8.777998907  
8.679904015  
7.700629893  
5.722308117  
2.858923827  
-0.4730514717  
-3.59554717  
-5.725324459  
-6.20417009  
-4.727724166  
-1.490103441  
2.815967469  
7.15780945  
10.44038475  
11.8198292  
10.95348797  
8.103963966  
4.060429659  
-0.1004235625  
-3.338601926  
-4.956878601  
-4.791715941  
-3.230656805  
-1.055713765  
0.8304644003  
1.701650446  
1.229624902  
-0.4395928257  
-2.772982779  
-5.062896203  
-6.684836979  
-7.308423002  
-6.989459117  
-6.11580815  
-5.232773945  
-4.81609234  
-5.077613096  
-5.874942874  
-6.757348197  
-7.130493818  
-6.479992151  
-4.57327569  
-1.567615116  
2.014184312  
5.432490129  
7.953318077  
9.069822093  
8.650320067  
6.967270001  
4.602856961  
2.267573951  
0.5943196725  
-0.02604587937  
0.4790986349  
1.88954394  
3.797688446  
5.748451416  
7.362798798  
8.407674566  
8.800816225  
8.565986097  
7.77160033  
6.487412908  
4.780225974  
2.746912164  
0.5617037331  
-1.495965505  
-3.061708371  
-3.763799634  
-3.341374511  
-1.764149579  
0.6942185658  
3.46748814  
5.805626247  
6.96023653  
6.396357575  
3.965966592  
-0.01484240346  
-4.816234097  
-9.465376707  
-12.99238297  
-14.6817396  
-14.25628945  
-11.94055469  
-8.386281279  
-4.484194136  
-1.119081716  
1.059863204  
1.788762527  
1.220686549  
-0.1623658811  
-1.723577931  
-2.874948967  
-3.249087282  
-2.791475797  
-1.752097659  
-0.5860029326  
0.2021164698  
0.2209624006  
-0.6836938792  
-2.377394186  
-4.46815464  
-6.408312921  
-7.63728752  
-7.726844809  
-6.492076054  
-4.041506598  
-0.7555965053  
2.799844076  
6.003670336  
8.321303282  
9.424312558  
9.25853639  
8.043761472  
6.20468489  
4.250840823  
2.637403369  
1.645575727  
1.31732716  
1.46487709  
1.753378904  
1.83197565  
1.471018137  
0.6582252814  
-0.3829264268  
-1.265265054  
-1.582162874  
-1.077952755  
0.21592823  
1.934105288  
3.44921102  
4.053122129  
3.197991551  
0.7204012596  
-3.031455606  
-7.223727076  
-10.72639803  
-12.42293323  
-11.55224931  
-7.976357441  
-2.28184816  
4.330198925  
10.34682408  
14.35672399  
15.45338967  
13.50381254  
9.195720919  
3.842619636  
-0.9988947099  
-3.985234531  
-4.376210642  
-2.239697057  
1.591865923  
5.797676799  
8.988842148  
10.13930054  
8.892195577  
5.647987717  
1.411816333  
-2.545164655  
-5.097447128  
-5.616438253  
-4.151100825  
-1.386152908  
1.600660617  
3.696630106  
4.108078599  
2.597309169  
-0.4674604016  
-4.255149488  
-7.751129679  
-10.07519873  
-10.73434571  
-9.734785246  
-7.529303565  
-4.831983563  
-2.373391951  
-0.6824772123  
0.03600522032  
-0.1004914476  
-0.7614218736  
-1.565738881  
-2.230734273  
-2.652214484  
-2.893204065  
-3.096784464  
-3.368620326  
-3.685018403  
-3.869835851  
-3.653727186  
-2.794185465  
-1.208257997  
0.937951724  
3.224857652  
5.071310881  
5.898381372  
5.312833067  
3.248829592  
0.0186573963  
-3.747106227  
-7.253382152  
-9.741585152  
-10.67718459  
-9.869857874  
-7.496091468  
-4.026196695  
-0.08663976166  
3.695374112  
6.819089479  
8.979430028  
10.07236294  
10.15273878  
9.373316602  
7.932968385  
6.049911237  
3.958960459  
1.917723319  
0.2018603507  
-0.9244350162  
-1.262446888  
-0.7416199765  
0.5345831548  
2.284064482  
4.094767258  
5.519465753  
6.19081657  
5.92047127  
4.748613363  
2.925784726  
0.8317877339  
-1.141346352  
-2.702455276  
-3.73190278  
-4.286822924  
-4.542007579  
-4.691236304  
-4.848278796  
-4.986529413  
-4.941242882  
-4.474160089  
-3.376140533  
-1.568387417  
0.8373110491  
3.543914018  
6.140245164  
8.213425253  
9.462568601  
9.773341022  
9.227792361  
8.048573635  
6.501556689  
4.79653652  
3.025914128  
1.165732412  
-0.862056332  
-3.092814545  
-5.430525728  
-7.609190054  
-9.228922511  
-9.863231928  
-9.205120669  
-7.201403476  
-4.123846461  
-0.543993116  
2.790188764  
5.144116961  
5.996804222  
5.189353674  
2.974162843  
-0.05217459886  
-3.112908675  
-5.46278504  
-6.584181871  
-6.311332717  
-4.85047981  
-2.697122688  
-0.4823396451  
1.201302199  
1.942860109  
1.589210182  
0.2437544127  
-1.797568979  
-4.141337243  
-6.387907816  
-8.193871226  
-9.298098117  
-9.520993033  
-8.756427201  
-6.974628461  
-4.243480313  
-0.760386059  
3.125321167  
6.922764974  
10.05781624  
11.97733156  
12.27763256  
10.82113014  
7.802339289  
3.735548081  
-0.6414049154  
-4.526932165  
-7.237853099  
-8.364191725  
-7.853935268  
-6.00558014  
-3.373443955  
-0.6156590456  
1.670459573  
3.080706493  
3.472306149  
2.95843667  
1.841380842  
0.5124540821  
-0.6486666323  
-1.3491804  
-1.420683046  
-0.8216978656  
0.3817555334  
2.041988316  
3.95125715  
5.8574925  
7.480455358  
8.537511512  
8.784450503  
8.06793074  
6.376579898  
3.872139668  
0.8839501293  
-2.140365366  
-4.720780058  
-6.446435073  
-7.064442298  
-6.529643526  
-5.000595693  
-2.784419312  
-0.2497674265  
2.262816243  
4.504705553  
6.339702384  
7.721211899  
8.642726033  
9.088039711  
9.006220815  
8.324548212  
6.994842429  
5.05223854  
2.657298677  
0.09639309715  
-2.269533087  
-4.096727297  
-5.161419124  
-5.435707938  
-5.104666869  
-4.511763417  
-4.04550618  
-4.003285414  
-4.479736262  
-5.321611077  
-6.169923436  
-6.579996676  
-6.181539185  
-4.824489522  
-2.658567804  
-0.1153122233  
2.205949269  
3.713478683  
4.003053353  
2.982838846  
0.9014156516  
-1.730337258  
-4.296972937  
-6.262625724  
-7.320335427  
-7.458564953  
-6.926720787  
-6.117001894  
-5.408429168  
-5.030324404  
-4.99305231  
-5.10725384  
-5.079297376  
-4.642643599  
-3.672639745  
-2.240256573  
-0.5851547315  
0.9795160174  
2.191252907  
2.940571926  
3.309531909  
3.529738896  
3.875538686  
4.534973044  
5.511599945  
6.600000234  
7.449936263  
7.699067235  
7.125301274  
5.75867798  
3.904490168  
2.060664209  
0.7521871945  
0.3390906008  
0.8687652051  
2.031995742  
3.247798515  
3.856275304  
3.357721051  
1.61516225  
-1.054923568  
-3.9440044  
-6.154295706  
-6.882398371  
-5.692246107  
-2.685129256  
1.494505134  
5.825934775  
9.203060735  
10.75859086  
10.11837449  
7.504637833  
3.655929245  
-0.4085561762  
-3.702169152  
-5.559286057  
-5.807119914  
-4.769737068  
-3.110423842  
-1.572464482  
-0.7108804474  
-0.7077423141  
-1.332015505  
-2.052972946  
-2.262183401  
-1.521871087  
0.250523979  
2.727938286  
5.269167822  
7.130902178  
7.722119547  
6.811992443  
4.618774376  
1.748408162  
-0.996780236  
-2.874828484  
-3.440296461  
-2.681805307  
-1.017115266  
0.8498178701  
2.159740475  
2.339367184  
1.174645328  
-1.136913899  
-4.065658594  
-6.927995558  
-9.099659391  
-10.19265288  
-10.1412103  
-9.17645433  
-7.708496941  
-6.164813984  
-4.845012782  
-3.841409842  
-3.047484933  
-2.242772545  
-1.215512181  
0.1270893329  
1.703381707  
3.275846115  
4.533709421  
5.205246583  
5.155194134  
4.429770224  
3.233186866  
1.846804229  
0.5244269307  
-0.593578265  
-1.51243455  
-2.348142567  
-3.239804985  
-4.245618217  
-5.267836873  
-6.043198337  
-6.211466205  
-5.444449811  
-3.592042219  
-0.7904634133  
2.51398443  
5.646428266  
7.875580969  
8.628886356  
7.683922219  
5.271574251  
2.050407826  
-1.049842689  
-3.076509518  
-3.324197057  
-1.547412273  
1.949377487  
6.374344409  
10.64892834  
13.69116674  
14.7019832  
13.37405404  
9.96593569  
5.223543917  
0.1748798448  
-4.141218494  
-6.935339621  
-7.846536607  
-6.99640872  
-4.911954693  
-2.347944896  
-0.06515283339  
1.371450589  
1.721576763  
1.097629887  
-0.1054739708  
-1.349384106  
-2.115519481  
-2.046515816  
-1.031773435  
0.7775604512  
3.018377475  
5.20897348  
6.858061228  
7.563480962  
7.082908236  
5.369316045  
2.572588217  
-0.9863826506  
-4.861984027  
-8.544751173  
-11.5322444  
-13.40455059  
-13.89602696  
-12.95104192  
-10.74940067  
-7.689390814  
-4.323744981  
-1.255585473  
0.9859487078  
2.061524788  
1.898106031  
0.702872902  
-1.093067417  
-2.949017855  
-4.357202537  
-4.973723794  
-4.700152977  
-3.691812326  
-2.290801316  
-0.9052133383  
0.1267680475  
0.6440505021  
0.7062654398  
0.5597010423  
0.5372041958  
0.9262020833  
1.850531404  
3.208145805  
4.688768964  
5.868955233  
6.35525219  
5.928571906  
4.640413699  
2.825544026  
1.022078974  
-0.1799701898  
-0.3164782042  
0.8019757797  
3.017997222  
5.856609308  
8.649230911  
10.71626576  
11.55388686  
10.96941845  
9.125792908  
6.48387837  
3.662540414  
1.260615299  
-0.3052173762  
-0.899874608  
-0.6811719107  
-0.02566454323  
0.6025145741  
0.7960737851  
0.3178446533  
-0.8481629245  
-2.516991705  
-4.380294054  
-6.110712167  
-7.457415377  
-8.303959716  
-8.675129034  
-8.697542685  
-8.533328986  
-8.312493753  
-8.086632791  
-7.816450959  
-7.392630621  
-6.678775378  
-5.560001019  
-3.982052588  
-1.972144452  
0.3595195364  
2.832647656  
5.217390895  
7.257686351  
8.696658892  
9.306336797  
8.92381343  
7.491950731  
5.096559595  
1.986709726  
-1.435976329  
-4.66773569  
-7.190192747  
-8.578775164  
-8.604738835  
-7.300018686  
-4.960945788  
-2.082962544  
0.760410109  
3.062150534  
4.507629517  
5.042934879  
4.863417306  
4.325425804  
3.809645498  
3.581485075  
3.695999082  
3.980676785  
4.10315178  
3.701377878  
2.531138248  
0.5783448528  
-1.905558625  
-4.460893465  
-6.553224873  
-7.73904776  
-7.807100984  
-6.845599125  
-5.210462873  
-3.403676719  
-1.902687904  
-0.9996925386  
-0.7072456241  
-0.7641697016  
-0.7407817043  
-0.2071655461  
1.094872207  
3.138026667  
5.596280702  
7.939684299  
9.606263309  
10.19203199  
9.592188467  
8.042366204  
6.042844952  
4.189593451  
2.969406949  
2.590440885  
2.9087699  
3.479542187  
3.718578715  
3.121436366  
1.465589697  
-1.075106998  
-3.946748473  
-6.362950893  
-7.540509451  
-6.950231706  
-4.503664979  
-0.6157852369  
3.878032226  
7.927620226  
10.53629015  
11.01449848  
9.148379441  
5.240352516  
0.01784949513  
-5.556377037  
-10.51458363  
-14.0918917  
-15.86228551  
-15.77946661  
-14.12827451  
-11.41481455  
-8.233484835  
-5.145856992  
-2.593691699  
-0.8528027431  
-0.02215755477  
-0.03725008526  
-0.6982741671  
-1.708881502  
-2.725529758  
-3.417581525  
-3.533345194  
-2.959847134  
-1.758647694  
-0.1608585933  
1.486498037  
2.815172647  
3.547273886  
3.588696884  
3.069849271  
2.312807978  
1.727736981  
1.667432038  
2.287518164  
3.463371701  
4.799975251  
5.741337916  
5.751132718  
4.508091861  
2.049176713  
-1.193962543  
-4.487185497  
-6.993839724  
-8.023317123  
-7.248661819  
-4.81973221  
-1.329999119  
2.357607146  
5.372783795  
7.103833214  
7.379937611  
6.508486213  
5.153990159  
4.098557217  
3.964495923  
4.993300015  
6.956710379  
9.23073131  
11.00770206  
11.57379268  
10.55653121  
8.056959335  
4.620840109  
1.058953007  
-1.821182137  
-3.479307523  
-3.81106263  
-3.163931061  
-2.196717239  
-1.633607089  
-2.000381596  
-3.435967206  
-5.645131677  
-8.007585847  
-9.803136611  
-10.47147037  
-9.81334698  
-8.061414239  
-5.796022164  
-3.737041106  
-2.487196654  
-2.319525357  
-3.085407025  
-4.27582215  
-5.213003991  
-5.302379942  
-4.25274803  
-2.184159039  
0.4163054231  
2.875087228  
4.583064521  
5.224276065  
4.896700103  
4.077685375  
3.442813942  
3.601137112  
4.842230853  
6.98928167  
9.417215795  
11.23776568  
11.59394095  
9.96576319  
6.381727456  
1.459621912  
-3.743856386  
-8.031252649  
-10.41687364  
-10.42109812  
-8.212318717  
-4.551816581  
-0.5609005749  
2.613615176  
4.128628261  
3.666609969  
1.486217407  
-1.704511469  
-5.001037372  
-7.591991553  
-8.989833682  
-9.132524885  
-8.334229683  
-7.115707109  
-5.984250853  
-5.24560742  
-4.913399858  
-4.742295873  
-4.364480007  
-3.471799978  
-1.971084106  
-0.05226361699  
1.857356405  
3.2366302  
3.65987785  
2.963235686  
1.32757902  
-0.7529038813  
-2.607476509  
-3.58581499  
-3.250394159  
-1.502479056  
1.396254079  
4.908727044  
8.38168243  
11.22478824  
13.05291777  
13.75178488  
13.45597242  
12.45845244  
11.09132942  
9.622100232  
8.198181697  
6.850204456  
5.540892906  
4.230327012  
2.925539522  
1.692787953  
0.6296316736  
-0.1873367534  
-0.7519380608  
-1.148956753  
-1.532166522  
-2.065126051  
-2.847321063  
-3.856709588  
-4.935527868  
-5.830587059  
-6.278026684  
-6.103795768  
-5.302591803  
-4.063295095  
-2.726752142  
-1.685913612  
-1.259959245  
-1.585024291  
-2.560247698  
-3.869814012  
-5.075924184  
-5.753011843  
-5.619060175  
-4.620620948  
-2.944012366  
-0.9506091169  
0.9399997177  
2.377870146  
3.177929441  
3.351750969  
3.068599484  
2.564097128  
2.033377154  
1.550329401  
1.043925546  
0.3406405677  
-0.743369383  
-2.29612822  
-4.231878029  
-6.274429156  
-8.013469674  
-9.019235645  
-8.979047004  
-7.809627221  
-5.705241428  
-3.101671644  
-0.563334483  
1.373843833  
2.356102782  
2.314592524  
1.485023644  
0.337472043  
-0.5631399914  
-0.7247131665  
0.1251775139  
1.955218531  
4.432054891  
7.005796334  
9.054201546  
10.04545573  
9.676397267  
7.951616463  
5.185898015  
1.932476186  
-1.142765009  
-3.409817284  
-4.411579209  
-3.960080348  
-2.173206216  
0.5534470993  
3.631718125  
6.404268425  
8.280579448  
8.857686464  
8.000733763  
5.866172041  
2.861991833  
-0.4469955685  
-3.467963539  
-5.713098134  
-6.904677455  
-7.025808313  
-6.303815175  
-5.130996032  
-3.945040569  
-3.103286773  
-2.78724159  
-2.965095319  
-3.422245739  
-3.848587491  
-3.953040493  
-3.566871036  
-2.700927342  
-1.537397594  
-0.3591062988  
0.5587628792  
1.055901466  
1.153897085  
1.057161494  
1.084703094  
1.554324999  
2.658611589  
4.376470205  
6.45308683  
8.458362988  
9.90697084  
10.40153199  
9.751793131  
8.030447462  
5.54765832  
2.754262346  
0.1079177139  
-2.051539932  
-3.575756954  
-4.508428727  
-5.018077068  
-5.29357952  
-5.446488005  
-5.460777338  
-5.211347335  
-4.544420408  
-3.386582598  
-1.834892431  
-0.1844216578  
1.128798043  
1.659320851  
1.117255566  
-0.4924042742  
-2.81251167  
-5.19115338  
-6.848357707  
-7.107656327  
-5.621352164  
-2.514423145  
1.606430184  
5.791200617  
8.997700765  
10.38266881  
9.544560051  
6.642428724  
2.352823394  
-2.322975923  
-6.342224216  
-8.907285669  
-9.668469895  
-8.784102529  
-6.825433506  
-4.563534504  
-2.711648876  
-1.707672868  
-1.604573553  
-2.09788238  
-2.672521089  
-2.812065765  
-2.195089312  
-0.8110613202  
1.041174858  
2.867153429  
4.158715267  
4.577685583  
4.076240246  
2.912784743  
1.559655332  
0.5367558749  
0.2301665923  
0.7588007416  
1.934299952  
3.32664318  
4.411683531  
4.749821283  
4.135792431  
2.670736616  
0.7346571838  
-1.129566211  
-2.381538209  
-2.645040597  
-1.81686611  
-0.09266677205  
2.093187321  
4.190935673  
5.682647093  
6.211113519  
5.65808544  
4.157463429  
2.048295656  
-0.2130911483  
-2.156260671  
-3.391531733  
-3.680271024  
-2.972985498  
-1.414381703  
0.6820017683  
2.885861455  
4.724224938  
5.770148577  
5.733637074  
4.536830183  
2.352749183  
-0.4099320478  
-3.182920651  
-5.365374606  
-6.474413329  
-6.278851041  
-4.874466157  
-2.671377965  
-0.2883459927  
1.621936814  
2.567561212  
2.371869371  
1.235185622  
-0.3225928591  
-1.627684245  
-2.078958128  
-1.364396174  
0.4049332075  
2.693248634  
4.680159819  
5.50603815  
4.549833283  
1.652268844  
-2.78927799  
-7.890260905  
-12.49842352  
-15.50171439  
-16.13447486  
-14.19106291  
-10.08369842  
-4.728486713  
0.7046739832  
5.10295406  
7.691135435  
8.203551696  
6.905200388  
4.466839741  
1.741655281  
-0.4837305176  
-1.690126081  
-1.726466366  
-0.7939488264  
0.6659356152  
2.132904405  
3.164212645  
3.501478064  
3.106643404  
2.131646313  
0.8460050783  
-0.4462235682  
-1.474109778  
-2.039900588  
-2.03398931  
-1.43649505  
-0.3172643972  
1.161621744  
2.747315886  
4.115034018  
4.91618968  
4.857075215  
3.793153649  
1.809687922  
-0.7458222403  
-3.3053942  
-5.201024092  
-5.840387104  
-4.889791699  
-2.405532947  
1.136433396  
4.934784023  
8.064482102  
9.731947391  
9.507588149  
7.461278522  
4.153181651  
0.4768137807  
-2.601174216  
-4.324995048  
-4.368382732  
-2.918386858  
-0.5979786119  
1.746233928  
3.320581099  
3.633694219  
2.637060449  
0.7127710162  
-1.483224681  
-3.264794402  
-4.159616907  
-4.068066023  
-3.282431254  
-2.361700044  
-1.908291988  
-2.32776806  
-3.658427587  
-5.532987595  
-7.287831424  
-8.183241543  
-7.658753527  
-5.535304469  
-2.094110598  
1.995064302  
5.871737603  
8.741288965  
10.10393961  
9.881075274  
8.400790421  
6.254003816  
4.076639273  
2.336880574  
1.20165115  
0.5253371222  
-0.04173873628  
-0.870975939  
-2.17102115  
-3.872102221  
-5.623591028  
-6.906862112  
-7.222827906  
-6.285971171  
-4.153902664  
-1.244139769  
1.770415367  
4.153490416  
5.321024773  
5.00924779  
3.341561398  
0.7761049695  
-2.043648128  
-4.481762288  
-6.081332223  
-6.661503728  
-6.316241251  
-5.326879342  
-4.029487871  
-2.690136271  
-1.432965576  
-0.2416455442  
0.9756752659  
2.292415875  
3.684809124  
5.004049923  
6.01241592  
6.468931274  
6.228812841  
5.314333655  
3.925254793  
2.380766316  
1.012322459  
0.04728682646  
-0.4714039931  
-0.6966072763  
-0.9118703016  
-1.411465555  
-2.368952757  
-3.743675719  
-5.262315921  
-6.486287379  
-6.944919115  
-6.290270056  
-4.420969442  
-1.532640013  
1.922337288  
5.352004145  
8.179694147  
9.986087923  
10.59491802  
10.08042036  
8.703030704  
6.803839634  
4.69964809  
2.615341854  
0.6715192921  
-1.079015929  
-2.592428562  
-3.786985755  
-4.535070353  
-4.701670547  
-4.213909288  
-3.129229476  
-1.666571356  
-0.1772537175  
0.943915422  
1.380803771  
1.007509361  
-0.05573988241  
-1.470318022  
-2.788752691  
-3.612368527  
-3.741699672  
-3.262027219  
-2.52596887  
-2.030505876  
-2.225270226  
-3.317738623  
-5.147928246  
-7.186172402  
-8.66765693  
-8.829763118  
-7.179112683  
-3.699126902  
1.077461186  
6.166410304  
10.38095693  
12.66223716  
12.39170433  
9.587858142  
4.923147109  
-0.4482962126  
-5.202760997  
-8.206250102  
-8.814172846  
-7.024252464  
-3.442070943  
0.9230533146  
4.963166824  
7.781390335  
8.91366938  
8.402777248  
6.714646804  
4.537280649  
2.536553281  
1.150979811  
0.4881299474  
0.3466477929  
0.3440839408  
0.09667476608  
-0.6162904451  
-1.760715019  
-3.056841485  
-4.081058715  
-4.420770675  
-3.826821579  
-2.311781445  
-0.1632488709  
2.129189244  
4.006908835  
4.991825267  
4.807768653  
3.441550277  
1.132845647  
-1.696278988  
-4.546159917  
-6.947827803  
-8.549197087  
-9.164975033  
-8.78848897  
-7.572445873  
-5.78894314  
-3.777599468  
-1.887662905  
-0.4181215595  
0.4387691509  
0.641382253  
0.3175545911  
-0.2535878043  
-0.7021719271  
-0.6635727118  
0.1112260464  
1.662653687  
3.780174818  
6.03334509  
7.878138759  
8.814917962  
8.552993391  
7.128026049  
4.92734414  
2.603920298  
0.8950156572  
0.3951988893  
1.353504311  
3.562873134  
6.385244498  
8.914525297  
10.23484461  
9.698049284  
7.133963162  
2.924553211  
-2.086064176  
-6.822437129  
-10.28063419  
-11.81035712  
-11.28909298  
-9.135223793  
-6.158447273  
-3.297961231  
-1.334131596  
-0.6661377519  
-1.224198302  
-2.538730437  
-3.935921107  
-4.787879661  
-4.729546037  
-3.76908426  
-2.258085833  
-0.7382071814  
0.2756957124  
0.4946767796  
-0.0360234236  
-0.9582850873  
-1.742821263  
-1.897886622  
-1.166989929  
0.3584160509  
2.254449758  
3.904777296  
4.715750014  
4.329338433  
2.756567651  
0.3823497138  
-2.161092834  
-4.207238616  
-5.277982058  
-5.235273115  
-4.306406861  
-2.973851193  
-1.770679832  
-1.058592468  
-0.8736903178  
-0.9019399745  
-0.599384741  
0.5818953483  
2.942739721  
6.355235669  
10.22465817  
13.62132944  
15.54901443  
15.265957  
12.55154481  
7.824648039  
2.065889952  
-3.440012877  
-7.465275646  
-9.1908725  
-8.437589761  
-5.702812854  
-1.99236555  
1.496972576  
3.740915525  
4.180801107  
2.855795846  
0.339027784  
-2.491741903  
-4.764447094  
-5.896045926  
-5.754912799  
-4.654228516  
-3.189446485  
-1.98735526  
-1.463022418  
-1.674300348  
-2.324535825  
-2.907463707  
-2.934623558  
-2.154841744  
-0.6784417564  
1.045067253  
2.39136237  
2.808207653  
2.051614491  
0.3182974609  
-1.783320707  
-3.423327618  
-3.841235828  
-2.636599306  
0.04720593989  
3.519819531  
6.734531834  
8.618128887  
8.433892735  
6.055312504  
2.053254715  
-2.441338277  
-6.063195363  
-7.627341635  
-6.501334823  
-2.815381362  
2.558382225  
8.252223354  
12.79745833  
15.04355088  
14.4720792  
11.31230964  
6.430827256  
1.040246547  
-3.672497623  
-6.877459311  
-8.29196761  
-8.181577812  
-7.188919612  
-6.06351935  
-5.393266437  
-5.42945581  
-6.057074823  
-6.906043829  
-7.548106325  
-7.696059014  
-7.326231088  
-6.678773751  
-6.139831869  
-6.056303632  
-6.56005856  
-7.474897791  
-8.347665817  
-8.597150146  
-7.728595488  
-5.534914513  
-2.208242097  
1.68372984  
5.3540652  
8.035168426  
9.219171047  
8.818013294  
7.188744627  
5.016173833  
3.094116922  
2.080290806  
2.306918854  
3.707059408  
5.874319772  
8.226444512  
10.20853373  
11.46143823  
11.89824361  
11.66936686  
11.04015405  
10.23746681  
9.331587157  
8.203378815  
6.610855992  
4.327967744  
1.297628564  
-2.267081403  
-5.8817529  
-8.900268621  
-10.70298365  
-10.89909002  
-9.469928101  
-6.798291082  
-3.568104715  
-0.5648185515  
1.557151262  
2.461120041  
2.205995491  
1.190826929  
-0.01110683574  
-0.8670287722  
-1.070365444  
-0.6319298983  
0.1527907549  
0.8431386072  
1.042993221  
0.5662751326  
-0.4857728611  
-1.76480176  
-2.816623067  
-3.267512563  
-2.981444346  
-2.124519459  
-1.10821108  
-0.4300662495  
-0.471550771  
-1.331728297  
-2.764742417  
-4.251700048  
-5.187066956  
-5.114616364  
-3.925630197  
-1.941475372  
0.1584470364  
1.547488682  
1.534012452  
-0.1810759855  
-3.363158048  
-7.273483359  
-10.86642536  
-13.09387855  
-13.21890534  
-11.03690954  
-6.933720493  
-1.765064534  
3.398532018  
7.574017238  
10.11606792  
10.83884621  
9.981567031  
8.046467098  
5.58114003  
2.992099784  
0.4581484177  
-2.031653264  
-4.542724781  
-7.030039121  
-9.223968622  
-10.62765358  
-10.64164492  
-8.778384951  
-4.88821418  
0.6935237062  
7.146567527  
13.33153571  
18.08036265  
20.52242807  
20.33935846  
17.86071847  
13.96366705  
9.804733318  
6.46873205  
4.64804836  
4.455510345  
5.428720069  
6.719091744  
7.397452652  
6.770901874  
4.605413326  
1.184540783  
-2.806846929  
-6.524639072  
-9.243551064  
-10.57392736  
-10.54721541  
-9.550710494  
-8.147232579  
-6.854601189  
-5.969414593  
-5.497469934  
-5.208582278  
-4.784303928  
-3.991965693  
-2.810696705  
-1.456875186  
-0.2988487223  
0.3032310003  
0.1651084479  
-0.61813917  
-1.680295047  
-2.50709515  
-2.63092228  
-1.822937726  
-0.2058954884  
1.761693653  
3.431759345  
4.194777574  
3.707839947  
2.037150197  
-0.3420910053  
-2.694578582  
-4.27400497  
-4.585432331  
-3.566624373  
-1.620977551  
0.5131800034  
2.013622068  
2.258493852  
1.043966778  
-1.341577753  
-4.212824641  
-6.717935871  
-8.121927027  
-8.042654315  
-6.557337456  
-4.145350178  
-1.492922382  
0.7646571317  
2.266073259  
3.029434448  
3.402566705  
3.879724747  
4.85744397  
6.42625127  
8.282685076  
9.801860362  
10.25051866  
9.066592525  
6.103472869  
1.746244548  
-3.149746715  
-7.485617882  
-10.23985055  
-10.77774413  
-9.046074551  
-5.587834363  
-1.372653775  
2.499754441  
5.124497278  
6.039429036  
5.320181183  
3.500661391  
1.356882614  
-0.3643499377  
-1.177205144  
-0.9748961223  
-0.005310213215  
1.272020441  
2.383421244  
3.014854921  
3.099777574  
2.797246436  
2.381419413  
2.097336347  
2.047798042  
2.159089182  
2.237066452  
2.084813312  
1.625493968  
0.9705312424  
0.395716133  
0.2273913078  
0.6815655428  
1.723832979  
3.015979671  
3.985569515  
4.007701598  
2.641260611  
-0.1660579177  
-3.98672762  
-7.984182662  
-11.13734361  
-12.55378103  
-11.76912094  
-8.927731702  
-4.77451139  
-0.4491710861  
2.858027333  
4.280203576  
3.554332029  
1.112731283  
-2.049146406  
-4.689392119  
-5.719742712  
-4.55950096  
-1.328349504  
3.183871547  
7.758990834  
11.12367423  
12.33254217  
11.03965068  
7.576823937  
2.823104976  
-2.081988315  
-6.080675744  
-8.481873536  
-9.102712017  
-8.234692209  
-6.464298827  
-4.425563203  
-2.579170045  
-1.095131106  
0.1284719115  
1.332040686  
2.71079301  
4.262177269  
5.730634322  
6.675722486  
6.639560122  
5.348876467  
2.870804312  
-0.3437808219  
-3.555754827  
-5.947496871  
-6.879290646  
