-2.306285449  
-1.007549163  
-0.1717937585  
0.1535176691  
0.03749644213  
-0.3958948213  
-1.027193178  
-1.779537627  
-2.627625053  
-3.581256034  
-4.655386609  
-5.840878187  
-7.086966475  
-8.299786421  
-9.354624945  
-10.11540244  
-10.45458735  
-10.26945467  
-9.494601299  
-8.113084527  
-6.168414935  
-3.776581818  
-1.133104197  
1.492779336  
3.784005621  
5.423925522  
6.160992456  
5.875462346  
4.628402018  
2.674036319  
0.4242535167  
-1.632858979  
-3.043892327  
-3.502603647  
-2.93240896  
-1.513035262  
0.3602458172  
2.177610697  
3.450852032  
3.84845486  
3.292231568  
1.987828764  
0.3791654217  
-0.9624684425  
-1.486283472  
-0.808670532  
1.178785605  
4.266987741  
7.96266328  
11.58847912  
14.42554143  
15.86487447  
15.53417984  
13.37318355  
9.643549117  
4.873676538  
-0.2477259036  
-5.005728734  
-8.792703752  
-11.21411218  
-12.14555243  
-11.73048549  
-10.32067507  
-8.37406539  
-6.334923036  
-4.525933068  
-3.07998389  
-1.92996461  
-0.8599783304  
0.3959335317  
2.036145974  
4.0910847  
6.37351272  
8.499608561  
9.980153136  
10.35878344  
9.357332285  
6.98273799  
3.558744702  
-0.3332951925  
-3.992391876  
-6.776964045  
-8.272252351  
-8.394638003  
-7.399343717  
-5.78761179  
-4.141457922  
-2.93797811  
-2.402769022  
-2.450083132  
-2.729426433  
-2.763131126  
-2.128865882  
-0.6252681898  
1.636259138  
4.246294008  
6.615765429  
8.159719139  
8.485508834  
7.522041759  
5.545893439  
3.094478196  
0.7944694982  
-0.8375934074  
-1.556043028  
-1.45464179  
-0.9206157095  
-0.4904198226  
-0.6565687758  
-1.690898742  
-3.543476187  
-5.850207697  
-8.045241402  
-9.539269879  
-9.903797  
-9.001102103  
-7.019767191  
-4.408597762  
-1.735802131  
0.4763920977  
1.886625797  
2.398245279  
2.13925172  
1.376002117  
0.4001902794  
-0.5656423391  
-1.410673753  
-2.117230924  
-2.698388755  
-3.12737424  
-3.297309986  
-3.035945848  
-2.175109487  
-0.648470372  
1.425240987  
3.715918234  
5.736609466  
6.972719898  
7.048852978  
5.876647868  
3.727082495  
1.19194101  
-0.964823749  
-2.02635378  
-1.545775825  
0.5002525603  
3.681355981  
7.222307375  
10.22129993  
11.91113113  
11.8812174  
10.18993186  
7.332010467  
4.073140676  
1.207329665  
-0.682659466  
-1.383812485  
-1.081141661  
-0.2516442475  
0.5340908957  
0.8298085576  
0.4729036988  
-0.370800026  
-1.29108785  
-1.813878665  
-1.610798039  
-0.6591385878  
0.7097925933  
1.89701685  
2.232215327  
1.215395191  
-1.279074805  
-4.909029728  
-8.919547988  
-12.33580003  
-14.23730274  
-14.02951763  
-11.62836709  
-7.500043868  
-2.543543156  
2.148164619  
5.57623948  
7.088616311  
6.52639684  
4.228496593  
0.9031249246  
-2.586529508  
-5.453859709  
-7.170646359  
-7.554360044  
-6.750011506  
-5.12907512  
-3.149999558  
-1.229440432  
0.3391903912  
1.406449303  
1.937827192  
1.96236815  
1.529487951  
0.6945261757  
-0.464378301  
-1.813313794  
-3.138820306  
-4.156566635  
-4.562384481  
-4.116210838  
-2.732134187  
-0.5396740576  
2.11318424  
4.726970472  
6.775330554  
7.85269403  
7.798752438  
6.757105762  
5.144066698  
3.531587865  
2.476644519  
2.348367516  
3.207304581  
4.776651512  
6.517528605  
7.787971222  
8.038672439  
6.986114286  
4.709857834  
1.643317922  
-1.540377127  
-4.114134455  
-5.499378718  
-5.425683001  
-4.001219139  
-1.674689204  
0.8982667411  
3.043402259  
4.255052391  
4.328102493  
3.398352456  
1.882713799  
0.3401705397  
-0.7032423622  
-0.9131462547  
-0.2435308567  
1.054645626  
2.512643154  
3.585176517  
3.811017106  
2.946194918  
1.032630927  
-1.615097451  
-4.498022255  
-7.068119882  
-8.870431833  
-9.651592597  
-9.405903005  
-8.349698  
-6.836105435  
-5.239466022  
-3.846223974  
-2.785489135  
-2.018645344  
-1.388052644  
-0.7058619948  
0.148726694  
1.15809009  
2.146534149  
2.821486095  
2.864687181  
2.045641534  
0.3211425287  
-2.112551109  
-4.834983255  
-7.284390708  
-8.887907637  
-9.204070323  
-8.038173444  
-5.498259914  
-1.976258241  
1.940176897  
5.600550797  
8.43323538  
10.0595719  
10.35384869  
9.439539636  
7.63034705  
5.338579757  
2.979071694  
0.8934791422  
-0.6908188177  
-1.666191757  
-2.024761792  
-1.828552143  
-1.183847685  
-0.2268308478  
0.881201248  
1.957478073  
2.810148881  
3.265050859  
3.204189974  
2.604867132  
1.563620903  
1.612665351  
2.352592736  
2.859991294  
3.092116418  
2.993870944  
2.537136345  
1.769919943  
0.8471050574  
0.01977392873  
-0.4235817701  
-0.2493293871  
0.6275068227  
2.085662172  
3.804703588  
5.343470225  
6.269990534  
6.301603856  
5.406652454  
3.829297139  
2.024262777  
0.5196498156  
-0.2476934924  
-0.06864893594  
0.9767452136  
2.553856117  
4.190767116  
5.435267906  
5.994130861  
5.804229318  
5.011139359  
3.866733176  
2.589312808  
1.245865087  
-0.291002078  
-2.286998418  
-5.006015756  
-8.537058255  
-12.65796643  
-16.79854391  
-20.13392185  
-21.79270271  
-21.12024207  
-17.91126682  
-12.52916658  
-5.861742999  
0.8844360255  
6.494509072  
10.06650858  
11.24211718  
10.27301264  
7.90185876  
5.09809474  
2.737168591  
1.330662914  
0.8969099142  
1.012990496  
1.025863311  
0.3446881743  
-1.29245417  
-3.675749375  
-6.160020694  
-7.872344481  
-8.021773427  
-6.203849861  
-2.591412839  
2.060455367  
6.605437051  
9.836599043  
10.85193397  
9.336616537  
5.669727874  
0.8199116829  
-3.937227952  
-7.390129908  
-8.733898077  
-7.77946308  
-4.969757043  
-1.206920676  
2.445627566  
5.085887783  
6.218419459  
5.851217975  
4.426722241  
2.624800803  
1.11465858  
0.3427992428  
0.4241079089  
1.161241189  
2.170396887  
3.055779137  
3.562952491  
3.655508884  
3.493258912  
3.329780328  
3.37752825  
3.698781119  
4.167660547  
4.518097131  
4.457363927  
3.798360672  
2.556241289  
0.9689264859  
-0.5692950435  
-1.637997405  
-1.93676562  
-1.392857552  
-0.190331833  
1.289882457  
2.596293941  
3.352478493  
3.368889689  
2.6818494  
1.509578486  
0.1473472465  
-1.1532201  
-2.270835397  
-3.232611567  
-4.158271485  
-5.156966399  
-6.224598117  
-7.191492484  
-7.751407925  
-7.569762669  
-6.434213982  
-4.388437849  
-1.789602757  
0.7464664456  
2.508578846  
2.915783748  
1.730530317  
-0.8187956687  
-4.059188956  
-7.045163496  
-8.836576993  
-8.797035607  
-6.814882389  
-3.368851494  
0.5918851081  
3.923484064  
5.636603502  
5.209620095  
2.76478591  
-0.9519413818  
-4.784818768  
-7.511438525  
-8.208974943  
-6.529947822  
-2.802913075  
2.070698989  
6.888150022  
10.49815857  
12.12496712  
11.56667577  
9.214018706  
5.894211255  
2.598683996  
0.1859102132  
-0.8480713602  
-0.4674921036  
0.9537932368  
2.799174069  
4.425823567  
5.355186768  
5.379007248  
4.558220151  
3.132319103  
1.386954352  
-0.4626065717  
-2.32715534  
-4.222267079  
-6.187420419  
-8.187708808  
-10.04726107  
-11.45022857  
-12.01726438  
-11.43360551  
-9.581724053  
-6.625983289  
-3.01124232  
0.6329694544  
3.657127402  
5.573602543  
6.195766302  
5.686870855  
4.500662325  
3.231803398  
2.424539053  
2.401985777  
3.171404358  
4.435110239  
5.701322923  
6.456335877  
6.339873174  
5.265934115  
3.450859754  
1.342143096  
-0.5257018496  
-1.698826518  
-1.940167951  
-1.291467244  
-0.04486803386  
1.361970615  
2.48912706  
3.027667828  
2.880841027  
2.171048703  
1.17637471  
0.223465821  
-0.4240625969  
-0.6440168756  
-0.477479081  
-0.09180098527  
0.2971248435  
0.5124770694  
0.4819423016  
0.2588349498  
-0.006215011898  
-0.1304886627  
0.02356126142  
0.4869636743  
1.160072436  
1.833411663  
2.246008616  
2.161702638  
1.439104312  
0.07416477554  
-1.795923513  
-3.926313954  
-6.023313673  
-7.810002811  
-9.08026064  
-9.728366229  
-9.750058279  
-9.219669464  
-8.254152543  
-6.976804334  
-5.491472708  
-3.873057157  
-2.17415283  
-0.442623618  
1.258155735  
2.834946812  
4.162734184  
5.098146394  
5.50667448  
5.298005953  
4.460712955  
3.086191037  
1.372802407  
-0.3953054449  
-1.894563408  
-2.826516159  
-2.987158465  
-2.323812015  
-0.9625476115  
0.8055329766  
2.581199936  
3.947301017  
4.571637994  
4.295801529  
3.184314786  
1.517414878  
-0.2743716654  
-1.719003468  
-2.42667799  
-2.194402425  
-1.06146161  
0.7005957733  
2.660910907  
4.34410286  
5.353489461  
5.467552654  
4.683499463  
3.199005919  
1.342725488  
-0.5207352654  
-2.079744427  
-3.132223204  
-3.597756232  
-3.490787905  
-2.87481788  
-1.82302003  
-0.4053227607  
1.292360798  
3.128433311  
4.870393645  
6.191983056  
6.72095956  
6.136057407  
4.288785685  
1.308669525  
-2.353133298  
-5.973595805  
-8.705119761  
-9.790890713  
-8.790456677  
-5.745564354  
-1.226286519  
3.771112866  
8.059124563  
10.56797996  
10.64195802  
8.233860949  
3.934351512  
-1.179823324  
-5.83990282  
-8.937635241  
-9.832081343  
-8.518233836  
-5.606032962  
-2.116395245  
0.8423683159  
2.416948208  
2.263770829  
0.6376727106  
-1.71070436  
-3.793073948  
-4.712096397  
-3.953906567  
-1.551189667  
1.93317502  
5.592794309  
8.470338179  
9.85832388  
9.509844418  
7.693102079  
5.076835738  
2.49045  
0.6432239035  
-0.1016495499  
0.1760731797  
1.013956633  
1.757407402  
1.809189274  
0.848004899  
-1.060591304  
-3.49762801  
-5.852668059  
-7.552217386  
-8.26903465  
-8.034439248  
-7.21172649  
-6.340532914  
-5.910480966  
-6.150418475  
-6.91598498  
-7.724061468  
-7.929122788  
-6.982722061  
-4.682596405  
-1.315721052  
2.367994328  
5.35752046  
6.70156723  
5.845629259  
2.869166986  
-1.466810398  
-5.893101075  
-8.985607404  
-9.595501511  
-7.222244666  
-2.207444724  
4.320255841  
10.74234231  
15.40590309  
17.10168456  
15.41904016  
10.86812897  
4.730731867  
-1.315262083  
-5.682893013  
-7.326247902  
-6.018180296  
-2.375416776  
2.369458479  
6.771262071  
9.620263811  
10.29440793  
8.909398943  
6.227529085  
3.363781548  
1.391060583  
0.9753429213  
2.157948553  
4.351421668  
6.545074763  
7.649144847  
6.864029938  
3.956055435  
-0.646126352  
-5.961680735  
-10.73630984  
-13.80074958  
-14.39904944  
-12.39044328  
-8.271084105  
-3.018556909  
2.185745299  
6.269200695  
8.524884549  
8.746131192  
7.213818261  
4.556510946  
1.537942343  
-1.159513563  
-3.094752983  
-4.13562665  
-4.4308607  
-4.310712406  
-4.156978594  
-4.283832238  
-4.85922927  
-5.878438661  
-7.184031945  
-8.515863567  
-9.572348867  
-10.06889662  
-9.786716234  
-8.610813998  
-6.55751641  
-3.7891265  
-0.6094828911  
2.567462841  
5.280236282  
7.108806118  
7.773364316  
7.217050815  
5.644379707  
3.495139129  
1.350557912  
-0.2099089619  
-0.7640776247  
-0.1690993462  
1.389804126  
3.444030216  
5.371445801  
6.575449176  
6.659687025  
5.544158851  
3.485561849  
0.9949995863  
-1.32062084  
-2.941873774  
-3.584971833  
-3.266908908  
-2.268135926  
-1.008693407  
0.1162858479  
0.8816314948  
1.304767631  
1.619014613  
2.15680643  
3.185712019  
4.75896253  
6.63933842  
8.330937798  
9.21565176  
8.753213321  
6.678616889  
3.12809919  
-1.35401394  
-5.93677811  
-9.71890245  
-11.97366941  
-12.34544377  
-10.93545383  
-8.250396483  
-5.032233644  
-2.026482345  
0.23427721  
1.561374389  
2.115501647  
2.290269274  
2.519520202  
3.079970022  
3.961669155  
4.854258124  
5.255700693  
4.666281015  
2.79942289  
-0.2666585463  
-4.053704206  
-7.782882512  
-10.58162912  
-11.73351002  
-10.89126836  
-8.18437247  
-4.186533051  
0.2459627932  
4.212752184  
7.008932638  
8.291807456  
8.12740481  
6.910663863  
5.195065749  
3.49561661  
2.13419777  
1.177212691  
0.4795668852  
-0.1906685631  
-1.001628625  
-1.94415076  
-2.803107646  
-3.228006872  
-2.878234765  
-1.587798451  
0.5162321306  
2.993680825  
5.188085306  
6.416725556  
6.194469099  
4.415646432  
1.427745819  
-2.036331469  
-5.054586119  
-6.784323419  
-6.719726444  
-4.856033243  
-1.705244004  
1.845309655  
4.790156167  
6.299840952  
5.960942771  
3.887865665  
0.6732730199  
-2.804441398  
-5.65299197  
-7.229450275  
-7.311715433  
-6.12667308  
-4.231821005  
-2.295548957  
-0.854085504  
-0.1292533285  
0.03102651103  
0.07062127178  
0.5318036265  
1.819771368  
4.009552809  
6.766257167  
9.411729934  
11.12107267  
11.18758508  
9.269662772  
5.53666786  
0.6617016726  
-4.342190817  
-8.395452401  
-10.65242375  
-10.73658314  
-8.838482674  
-5.647094254  
-2.137255854  
0.7198209777  
2.233481085  
2.174554357  
0.8091006879  
-1.218743765  
-3.111309791  
-4.174076952  
-4.022743862  
-2.678808819  
-0.5308269269  
1.816989926  
3.75181647  
4.843223843  
4.956374327  
4.255857919  
3.107981082  
1.924078902  
1.005671231  
0.4481903097  
0.1358688546  
-0.1748854541  
-0.7196891739  
-1.593581928  
-2.676016212  
-3.64636073  
-4.088828741  
-3.651470551  
-2.201759038  
0.08049527757  
2.71254037  
5.025465448  
6.35586923  
6.252263522  
4.628298251  
1.810044769  
-1.542144654  
-4.616088395  
-6.679325713  
-7.288103401  
-6.409123616  
-4.417230813  
-1.971848786  
0.1869389785  
1.457474227  
1.54299415  
0.5169012704  
-1.227565903  
-3.120300013  
-4.59876533  
-5.272750718  
-5.018835658  
-3.980616581  
-2.483657278  
-0.9018288304  
0.4749672718  
1.526383381  
2.315334307  
3.03203125  
3.895286246  
5.051233085  
6.507498121  
8.124783075  
9.664889663  
10.87288662  
11.55976952  
11.65396831  
11.20433568  
10.33764807  
9.191903446  
7.855799354  
6.341083989  
4.599857764  
2.579093922  
0.2878785739  
-2.154104231  
-4.512296064  
-6.485787854  
-7.795684875  
-8.282767395  
-7.977188547  
-7.110469983  
-6.059524939  
-5.237022955  
-4.963043567  
-5.361776253  
-6.320159874  
-7.52489993  
-8.567092706  
-9.079671879  
-8.860626229  
-7.939273589  
-6.562500986  
-5.105872888  
-3.941047923  
-3.30627118  
-3.225395823  
-3.503286912  
-3.797934277  
-3.742185698  
-3.070712114  
-1.706890514  
0.2199680683  
2.430125934  
4.597492316  
6.460288069  
7.894839242  
8.924455202  
9.66194882  
10.21187103  
10.57636907  
10.609068  
10.04398871  
8.596791565  
6.1048519  
2.652589092  
-1.372379852  
-5.32637468  
-8.459093363  
-10.12601675  
-9.997123841  
-8.189350063  
-5.269684142  
-2.115384758  
0.3349585049  
1.366654874  
0.7205095706  
-1.307285994  
-3.936645547  
-6.132831393  
-6.928417675  
-5.740369634  
-2.58204007  
1.901003799  
6.589940199  
10.20534337  
11.68404152  
10.50873829  
6.890585673  
1.746668097  
-3.526197258  
-7.42067876  
-8.729042026  
-6.880100534  
-2.109853369  
4.580716285  
11.66849115  
17.48566035  
20.63152912  
20.31219001  
16.52398537  
10.03971433  
2.208282984  
-5.375507737  
-11.24510525  
-14.38829312  
-14.44997956  
-11.77035447  
-7.25881985  
-2.142902185  
2.341155384  
5.239339367  
6.083782242  
4.965112898  
2.462228089  
-0.5464204318  
-3.137340378  
-4.594450562  
-4.593323616  
-3.26982407  
-1.156762584  
0.9916541294  
2.436570458  
2.683369997  
1.63480883  
-0.3786179525  
-2.702596113  
-4.568262073  
-5.344491743  
-4.755146894  
-2.990868988  
-0.6752085367  
1.311064596  
2.098472921  
1.109582046  
-1.736099993  
-5.960889745  
-10.63662858  
-14.63420701  
-16.94238667  
-16.95959476  
-14.66854396  
-10.63859395  
-5.854035174  
-1.420975852  
1.756152986  
3.228065047  
3.10640423  
1.991846329  
0.7515627491  
0.2208807063  
0.9268988315  
2.922535095  
5.781594673  
8.751515489  
11.00913117  
11.93253444  
11.29967101  
9.351412704  
6.703770529  
4.144191366  
2.383412495  
1.845403216  
2.560746194  
4.190435821  
6.161937984  
7.863209228  
8.825405028  
8.835347699  
7.94908118  
6.416010961  
4.554574958  
2.63384907  
0.8068355694  
-0.8849886635  
-2.448854438  
-3.85812374  
-4.996523019  
-5.663224244  
-5.644637639  
-4.826596277  
-3.297990791  
-1.393790765  
0.3554559691  
1.365509567  
1.191490581  
-0.2941555321  
-2.807808936  
-5.690602879  
-8.076946191  
-9.150878832  
-8.410421225  
-5.851090663  
-2.001676092  
2.207957867  
5.711237439  
7.619694776  
7.487054222  
5.436206695  
2.107433092  
-1.554032056  
-4.598848229  
-6.361031974  
-6.635935288  
-5.691945651  
-4.118303753  
-2.569784441  
-1.505410274  
-1.019705552  
-0.8303008083  
-0.4270389359  
0.673881948  
2.669323996  
5.3073852  
7.89717699  
9.502075514  
9.259914745  
6.722190481  
2.08920643  
-3.753762426  
-9.430724692  
-13.45301757  
-14.66845485  
-12.63791044  
-7.81211049  
-1.441024771  
4.767254269  
9.139531943  
10.53203008  
8.671875783  
4.23684814  
-1.353898336  
-6.374235284  
-9.315563301  
-9.338099663  
-6.509482364  
-1.759367977  
3.431084063  
7.502674439  
9.302867572  
8.429540403  
5.329442761  
1.127257261  
-2.75295268  
-5.047931019  
-5.048828206  
-2.805689188  
0.9156019821  
4.901505949  
7.890636607  
8.972884664  
7.860540693  
4.94986569  
1.161909903  
-2.377058768  
-4.705740944  
-5.326655757  
-4.339442024  
-2.371827657  
-0.3387632349  
0.8846724941  
0.7655621734  
-0.7086851092  
-3.032024438  
-5.356423692  
-6.781450422  
-6.65928166  
-4.814911288  
-1.611154801  
2.160099663  
5.522418031  
7.614444969  
7.948254735  
6.545907227  
3.91477493  
0.8748733373  
-1.701971045  
-3.15529548  
-3.218307267  
-2.065470692  
-0.2173679138  
1.658359637  
2.978734651  
3.430743016  
3.049914342  
2.170416766  
1.269774311  
0.7674561819  
0.8516784216  
1.398056403  
2.010830061  
2.17363659  
1.45721726  
-0.2904589089  
-2.84235521  
-5.621051418  
-7.856073731  
-8.823090546  
-8.087713421  
-5.671333399  
-2.079014571  
1.827040154  
5.074231379  
6.871305695  
6.852503406  
5.194058979  
2.562391043  
-0.09312405148  
-1.839184925  
-2.054938017  
-0.6306007625  
1.996301601  
4.979761315  
7.335132625  
8.253153541  
7.35652222  
4.816042153  
1.289113668  
-2.298248284  
-5.053404478  
-6.40309114  
-6.269158763  
-5.076713744  
-3.593373391  
-2.65451264  
-2.867301452  
-4.392914527  
-6.879830089  
-9.570289905  
-11.54427929  
-12.01986326  
-10.61080044  
-7.457625766  
-3.191302655  
1.25570513  
4.926481512  
7.113476878  
7.542087124  
6.41028277  
4.280592165  
1.870075595  
-0.1846294446  
-1.506497724  
-2.045470948  
-2.021051768  
-1.772795441  
-1.583148625  
-1.543845512  
-1.517284604  
-1.205695179  
-0.2983597799  
1.363606721  
3.672912453  
6.241740579  
8.499480614  
9.872013348  
9.980009572  
8.784277468  
6.622983593  
4.122741966  
2.009786333  
0.8829450535  
1.024139957  
2.309734164  
4.251686488  
6.153476468  
7.327618764  
7.302492211  
5.952476839  
3.513816869  
0.4888046405  
-2.522073375  
-4.99914782  
-6.634378065  
-7.37672445  
-7.388706152  
-6.942758168  
-6.304605741  
-5.649721406  
-5.039773087  
-4.457526764  
-3.872974467  
-3.301208674  
-2.818537425  
-2.524966246  
-2.468903038  
-2.571833502  
-2.596485891  
-2.188130187  
-0.9894246768  
1.204211663  
4.305603893  
7.873622218  
11.16763542  
13.3196667  
13.58126071  
11.5694547  
7.427830252  
1.840053815  
-4.121523998  
-9.274935649  
-12.65295759  
-13.77121952  
-12.75319594  
-10.26999877  
-7.313166809  
-4.87412851  
-3.635261139  
-3.773419244  
-4.93835913  
-6.408713454  
-7.367663486  
-7.200344966  
-5.709182361  
-3.173959503  
-0.2393074886  
2.326152615  
3.909649473  
4.270924967  
3.617642595  
2.513629881  
1.655399547  
1.600841333  
2.551727668  
4.272251669  
6.176015417  
7.55153185  
7.844043106  
6.888489445  
5.00355749  
2.905144525  
1.462542415  
1.379021102  
2.909261463  
5.717808109  
8.937186508  
11.41689252  
12.08811926  
10.32666432  
6.193081831  
0.4663322792  
-5.547061787  
-10.37388929  
-12.79550458  
-12.20010533  
-8.758525766  
-3.371998003  
2.588509454  
7.66839622  
10.72265203  
11.20067341  
9.245689801  
5.592167366  
1.306380841  
-2.540780288  
-5.166772181  
-6.253565984  
-5.96793848  
-4.838228247  
-3.542339504  
-2.682422054  
-2.616286722  
-3.388637362  
-4.767915994  
-6.360397932  
-7.752889858  
-8.63409258  
-8.860024278  
-8.453565465  
-7.552183951  
-6.333107384  
-4.947504902  
-3.485844808  
-1.980593618  
-0.4368814391  
1.127763703  
2.654170699  
4.0353925  
5.135344926  
5.823936904  
6.014972558  
5.693588133  
4.925146425  
3.844541628  
2.630684556  
1.473652685  
0.5416280962  
-0.04744421542  
-0.2466092537  
-0.09087558336  
0.3044126156  
0.7610716048  
1.073348241  
1.058465704  
0.6133794188  
-0.2377705406  
-1.323700857  
-2.348012343  
-2.95670224  
-2.839166025  
-1.835553099  
-0.01505613025  
2.307123035  
4.630521941  
6.39956385  
7.168892099  
6.752279404  
5.302217734  
3.284843162  
1.347355139  
0.1123891016  
-0.0367765609  
0.8934670778  
2.479685326  
3.998137742  
4.658408786  
3.883615653  
1.544252  
-1.939310566  
-5.672954934  
-8.5339168  
-9.517265319  
-8.077222826  
-4.350838883  
0.8170365348  
6.068799795  
9.90047821  
11.09384114  
9.083525259  
4.144788828  
-2.659173715  
-9.757818549  
-15.49869319  
-18.59041969  
-18.43196831  
-15.2345388  
-9.908806938  
-3.763604098  
1.881808538  
6.04839252  
8.30713886  
8.796492832  
8.062339507  
6.792939903  
5.550675486  
4.595100222  
3.851813703  
3.024581046  
1.794916771  
0.02296474013  
-2.133731512  
-4.233067403  
-5.690327338  
-5.996174615  
-4.927090955  
-2.665451144  
0.2217931297  
2.945703583  
4.746867547  
5.149457973  
4.127807315  
2.124049466  
-0.09382110203  
-1.688580722  
-2.039601435  
-0.9607520721  
1.225023478  
3.782160768  
5.800240128  
6.495600194  
5.47739292  
2.889796027  
-0.6175722505  
-4.083067456  
-6.529273723  
-7.268150839  
-6.118675723  
-3.46881734  
-0.1628337768  
2.750800153  
4.333546756  
4.038273082  
1.875105875  
-1.585107219  
-5.367823906  
-8.364369965  
-9.635787245  
-8.666248901  
-5.498843666  
-0.7215905838  
4.686746694  
9.604947445  
13.04373283  
14.37532803  
13.46281299  
10.66217501  
6.703344099  
2.486191543  
-1.153084493  
-3.644787344  
-4.807095923  
-4.857262479  
-4.312563812  
-3.809653859  
-3.892802915  
-4.830787637  
-6.516014466  
-8.478369162  
-10.01500079  
-10.40346711  
-9.138956665  
-6.124829045  
-1.754541859  
3.148881359  
7.528866035  
10.37785651  
11.02722715  
9.357270449  
5.858443629  
1.516317156  
-2.454664176  
-4.955436076  
-5.323460869  
-3.532035281  
-0.2027118476  
3.57856677  
6.589938087  
7.848255053  
6.914245787  
4.031803002  
0.05544517286  
-3.813831178  
-6.402913307  
-6.933990948  
-5.26884585  
-1.952488253  
1.957925914  
5.224460663  
6.814774006  
6.221222705  
3.612850397  
-0.2252886713  
-4.142879405  
-6.982706433  
-7.932113401  
-6.75835628  
-3.858867484  
-0.1184237551  
3.373729859  
5.652291752  
6.146316054  
4.812913054  
2.104154453  
-1.207782365  
-4.2793694  
-6.433367867  
-7.312996732  
-6.915860582  
-5.515675294  
-3.516961722  
-1.305276139  
0.8519832332  
2.826289009  
4.577695127  
6.070287457  
7.201969009  
7.788118827  
7.612527478  
6.527346277  
4.559176049  
1.971354604  
-0.7539677865  
-3.020943122  
-4.285155227  
-4.225719983  
-2.864133565  
-0.5843516166  
1.959379589  
4.022427993  
4.982315528  
4.516844429  
2.691555336  
-0.06979402952  
-3.119488502  
-5.77906701  
-7.528339886  
-8.131701477  
-7.667218155  
-6.458346122  
-4.940450488  
-3.51313542  
-2.429306882  
-1.753669384  
-1.39498466  
-1.188939979  
-0.9919102777  
-0.7459141037  
-0.4905037345  
-0.3214871126  
-0.3191478519  
-0.4811526067  
-0.6927079602  
-0.7503883544  
-0.4328902464  
0.4084804528  
1.776458761  
3.503154305  
5.287428741  
6.783610473  
7.710258758  
7.939069456  
7.530478819  
6.702335125  
5.743176672  
4.902913624  
4.302572831  
3.897703954  
3.509563675  
2.911978585  
1.939844122  
0.5760613364  
-1.019006381  
-2.549986795  
-3.687864839  
-4.193915594  
-4.019641924  
-3.34332553  
-2.525785925  
-1.997183364  
-2.112273204  
-3.02403186  
-4.620387663  
-6.547368903  
-8.312160505  
-9.431909837  
-9.578528081  
-8.671758607  
-6.891337589  
-4.607518862  
-2.257007032  
-0.2087595575  
1.334832989  
2.370886924  
3.057786057  
3.626066951  
4.275547954  
5.097883886  
6.051095223  
6.990571237  
7.738700013  
8.160984005  
8.215982462  
7.959042273  
7.500485811  
6.938899289  
6.301325085  
5.519772241  
4.458294177  
2.982937331  
1.047107489  
-1.244605279  
-3.62561331  
-5.722140114  
-7.160624159  
-7.692200753  
-7.288372596  
-6.168636396  
-4.743071633  
-3.483308381  
-2.762855441  
-2.722189065  
-3.209045771  
-3.82081745  
-4.04130131  
-3.430106542  
-1.801893217  
0.6677130257  
3.451243932  
5.798566417  
6.951277165  
6.377744902  
3.954937726  
0.03773313954  
-4.609543022  
-9.00213318  
-12.18984833  
-13.50342628  
-12.72084881  
-10.10755368  
-6.323194891  
-2.227319694  
1.355437159  
3.841572139  
5.010158817  
5.012266167  
4.276206496  
3.346351169  
2.709185001  
2.658464593  
3.234113439  
4.243561177  
5.34875926  
6.184744835  
6.470970811  
6.084262728  
5.07840546  
3.653255438  
2.090499259  
0.6793942746  
-0.3461979077  
-0.8463451222  
-0.7862118546  
-0.2253719  
0.7051780899  
1.829294676  
2.950068036  
3.871426797  
4.418922377  
4.461482847  
3.933569953  
2.853725367  
1.333323484  
-0.4304719113  
-2.180413082  
-3.64142253  
-4.572050471  
-4.814247195  
-4.329895366  
-3.21495838  
-1.686998668  
-0.04752997177  
1.373979894  
2.284050579  
2.485027286  
1.919351366  
0.6890227611  
-0.9552570469  
-2.655900972  
-4.016113779  
-4.682521272  
-4.426776988  
-3.207739976  
-1.197248965  
1.241347192  
3.622286576  
5.442040637  
6.296178992  
5.978983355  
4.538032079  
2.266175432  
-0.3699840111  
-2.847624816  
-4.719190075  
-5.720377945  
-5.823192956  
-5.219078664  
-4.238941536  
-3.237165537  
-2.478371299  
-2.064502282  
-1.925640676  
-1.875452063  
-1.708967712  
-1.304893188  
-0.6925587584  
-0.05627744829  
0.3269736921  
0.1951587264  
-0.5857285134  
-1.947096974  
-3.613423927  
-5.175058936  
-6.216265035  
-6.454568198  
-5.840602944  
-4.579495339  
-3.061689622  
-1.724042244  
-0.8889200437  
-0.6397714394  
-0.7813377138  
-0.904087889  
-0.535193499  
0.6745530767  
2.794559297  
5.548511828  
8.369153925  
10.56265047  
11.53180126  
10.98382482  
9.049975326  
6.271350765  
3.449285837  
1.404713864  
0.7231464776  
1.568669385  
3.628953704  
6.210530721  
8.453982655  
9.599104829  
9.214156572  
7.316300419  
4.347696362  
1.020305732  
-1.914614936  
-3.893565871  
-4.690581032  
-4.445869663  
-3.573262564  
-2.588043356  
-1.921608232  
-1.789170705  
-2.152600017  
-2.782211236  
-3.383838513  
-3.734796928  
-3.772556775  
-3.602444893  
-3.425841494  
-3.424202398  
-3.6530447  
-3.996055844  
-4.20429535  
-4.008672854  
-3.260458427  
-2.03838894  
-0.6695640322  
0.3573777679  
0.5653013771  
-0.3116617974  
-2.178920343  
-4.548904142  
-6.653368395  
-7.676403268  
-7.03617714  
-4.618250515  
-0.8717776393  
3.278700163  
6.691685526  
8.36250087  
7.759240237  
5.026580044  
0.981417751  
-3.109453987  
-5.906965393  
-6.415996756  
-4.306836364  
-0.03596860994  
5.276447018  
10.1766745  
13.3118156  
13.83141662  
11.6302405  
7.358470552  
2.201535532  
-2.494308044  
-5.627152666  
-6.646206152  
-5.6681826  
-3.377394579  
-0.7558279504  
1.25718552  
2.05865413  
1.535133787  
0.03561210212  
-1.810950328  
-3.356044924  
-4.170370637  
-4.175862224  
-3.630386237  
-2.981531551  
-2.654263813  
-2.859368708  
-3.498338037  
-4.200751508  
-4.477869254  
-3.931004997  
-2.432064863  
-0.2043134894  
2.230604802  
4.222385942  
5.216899132  
4.952947571  
3.557418727  
1.502513834  
-0.5602216026  
-2.028484278  
-2.556392804  
-2.163765649  
-1.207163657  
-0.2236633641  
0.2939642028  
0.105670545  
-0.6639295739  
-1.555485595  
-1.94005629  
-1.262359347  
0.7255265673  
3.826810837  
7.413557921  
10.59333697  
12.47704891  
12.45956261  
10.41883977  
6.766069234  
2.329370936  
-1.890383889  
-5.010948165  
-6.512402239  
-6.356735624  
-4.950696772  
-2.972865173  
-1.130454135  
0.06844985678  
0.4515691829  
0.188294266  
-0.3269576745  
-0.6627770911  
-0.5364853372  
0.0713346306  
0.9129692144  
1.57736098  
1.658895548  
0.9258374684  
-0.5749244846  
-2.515175701  
-4.384952296  
-5.657554681  
-5.960779204  
-5.194651554  
-3.557037096  
-1.472344416  
0.5474445757  
2.058484965  
2.804259446  
2.761921948  
2.108273435  
1.127188189  
0.09908785408  
-0.7848247221  
-1.45542469  
-1.941639619  
-2.309286041  
-2.596290445  
-2.776357869  
-2.767829272  
-2.482246972  
-1.887568434  
-1.052928613  
-0.1486808584  
0.6050692918  
1.024306168  
1.046081976  
0.7732852995  
0.4527098458  
0.3856385722  
0.7990591447  
1.726067378  
2.946753534  
4.023253122  
4.429587023  
3.740012832  
1.812676306  
-1.100482629  
-4.367363035  
-7.123376085  
-8.517091934  
-7.980290389  
-5.434269091  
-1.359178857  
3.305857477  
7.410083596  
9.914780381  
10.19456381  
8.221693209  
4.574030867  
0.2625337613  
-3.568524265  
-5.975178436  
-6.477721723  
-5.175007092  
-2.678116816  
0.1094398151  
2.289873597  
3.250141216  
2.834385443  
1.360413752  
-0.51663835  
-2.041063938  
-2.611658853  
-1.971746947  
-0.2769233626  
1.97334057  
4.108913602  
5.503982096  
5.762172275  
4.816071498  
2.918351647  
0.5392752538  
-1.785810585  
-3.604530628  
-4.645606973  
-4.845335513  
-4.308967899  
-3.235450589  
-1.841876287  
-0.3164541946  
1.189617656  
2.541541363  
3.595408772  
4.192689626  
4.188050454  
3.504860578  
2.195182902  
0.4729176155  
-1.305267803  
-2.718161182  
-3.400006668  
-3.164569794  
-2.08783958  
-0.5132427861  
1.032486692  
1.993562768  
1.963471589  
0.828935194  
-1.171223341  
-3.497230514  
-5.458495666  
-6.41814921  
-5.987833797  
-4.150276079  
-1.269943201  
2.011675007  
4.962204689  
6.965966377  
7.687534236  
7.14201927  
5.655169645  
3.733133748  
1.890444725  
0.4955627662  
-0.3165966655  
-0.6422768925  
-0.7266228503  
-0.8390543383  
-1.156106701  
-1.695100131  
-2.319998214  
-2.811961707  
-2.972518796  
-2.715971874  
-2.11346321  
-1.371321321  
-0.752709238  
-0.474087516  
-0.6178041316  
-1.095789116  
-1.679376068  
-2.084558719  
-2.080432179  
-1.579388733  
-0.6745266168  
0.3902711362  
1.306408137  
1.810193031  
1.774489961  
1.247824601  
0.426653652  
-0.4276825617  
-1.094282837  
-1.478411547  
-1.643064609  
-1.772701517  
-2.082122997  
-2.705688961  
-3.611370165  
-4.576463918  
-5.239893334  
-5.21748603  
-4.242154084  
-2.279569143  
0.4237891594  
3.381302855  
5.986662116  
7.677702085  
8.092078646  
7.165769046  
5.144491858  
2.507075865  
-0.171875747  
-2.374587722  
-3.760663827  
-4.222511926  
-3.867011769  
-2.940199317  
-1.728874921  
-0.4763239021  
0.6614926773  
