-0.9534788383  
-1.488222996  
-1.03759423  
0.7386816775  
3.752734013  
7.449016019  
10.92350693  
13.17665528  
13.42620839  
11.37934207  
7.369822436  
2.305125177  
-2.571081625  
-6.033763443  
-7.239362013  
-5.980446867  
-2.747932288  
1.422120436  
5.269676745  
7.696661915  
8.092484904  
6.494183183  
3.531856742  
0.1826348459  
-2.579004683  
-4.112583472  
-4.31073503  
-3.599752464  
-2.745840339  
-2.539955419  
-3.476852827  
-5.545475066  
-8.207661214  
-10.57450693  
-11.71865416  
-11.01143756  
-8.364198992  
-4.286352681  
0.2625721211  
4.176691758  
6.557947639  
6.997460475  
5.686921705  
3.323324435  
0.8437631211  
-0.9131296948  
-1.497440332  
-0.9870307232  
0.07200478158  
0.8985292582  
0.7954327503  
-0.5639136893  
-2.987875395  
-5.812511377  
-8.125368639  
-9.086214205  
-8.228266796  
-5.63043533  
-1.89805706  
2.040883263  
5.249942439  
7.094971547  
7.439448609  
6.655373017  
5.448983331  
4.568904001  
4.507796627  
5.310654464  
6.562854285  
7.563309356  
7.617668332  
6.339573306  
3.842418027  
0.7426479494  
-2.035167323  
-3.586525172  
-3.370723969  
-1.441826983  
1.525046275  
4.432460125  
6.123560724  
5.786261179  
3.256429059  
-0.8914105082  
-5.505685715  
-9.223912051  
-10.92261253  
-10.09807332  
-7.045700874  
-2.772821281  
1.329402405  
3.946332085  
4.277360484  
2.302263933  
-1.214411017  
-4.982637374  
-7.622052126  
-8.125632638  
-6.195628994  
-2.339778682  
2.30205679  
6.339333244  
8.589511608  
8.459237869  
6.122224698  
2.439104591  
-1.347418271  
-4.034151522  
-4.851479586  
-3.699339631  
-1.151910043  
1.761983999  
3.920650116  
4.487033985  
3.175703345  
0.3259016933  
-3.233456549  
-6.470586119  
-8.485464966  
-8.778818337  
-7.37166908  
-4.748151492  
-1.656315998  
1.152896218  
3.154149379  
4.16948298  
4.354022318  
4.067900153  
3.695859976  
3.489082149  
3.487883503  
3.546752465  
3.44060031  
2.999584886  
2.211433092  
1.246901278  
0.3982794078  
-0.04173731764  
0.09181770086  
0.7567863343  
1.708803197  
2.590932355  
3.072692706  
2.981284282  
2.369308138  
1.48779559  
0.6717746642  
0.1827220221  
0.07298120234  
0.1325304043  
-0.05101107504  
-0.9321381654  
-2.801800437  
-5.614324492  
-8.919643413  
-11.93987002  
-13.77855763  
-13.70092561  
-11.39286037  
-7.107107835  
-1.638817954  
3.872015433  
8.254787483  
10.64150205  
10.7120566  
8.771965236  
5.637283075  
2.365178945  
-0.08064734064  
-1.119845286  
-0.707352746  
0.6979268344  
2.330455696  
3.408546254  
3.415616407  
2.27595474  
0.367831145  
-1.625253239  
-2.96839043  
-3.142289044  
-2.029589471  
0.04279751865  
2.416783804  
4.328576842  
5.165788899  
4.666805103  
2.996034651  
0.6739068605  
-1.608485788  
-3.221590246  
-3.794847708  
-3.313865131  
-2.090164814  
-0.622428934  
0.5947035106  
1.243069391  
1.274476592  
0.897309555  
0.4688705444  
0.3398342911  
0.7120721396  
1.562409876  
2.657062513  
3.645718978  
4.19439844  
4.103552305  
3.366367827  
2.148108704  
0.699783984  
-0.7542993048  
-2.105970415  
-3.390965765  
-4.742844849  
-6.292534219  
-8.057228567  
-9.869232023  
-11.38157607  
-12.15774156  
-11.81869856  
-10.19491484  
-7.424499177  
-3.954490724  
-0.4355589477  
2.460933326  
4.244294501  
4.755354968  
4.212539471  
3.133732518  
2.157546247  
1.823486973  
2.38621461  
3.728754115  
5.405934311  
6.80441867  
7.364713714  
6.788291314  
5.157159791  
2.922867072  
0.7666282521  
-0.6233114993  
-0.7822603029  
0.3702705503  
2.494234468  
4.929453203  
6.899440362  
7.751268786  
7.15328161  
5.188011344  
2.313780957  
-0.7876187388  
-3.423198248  
-5.089870195  
-5.600655776  
-5.100689966  
-3.976649496  
-2.69868335  
-1.654118483  
-1.030795843  
-0.7864204394  
-0.7074505749  
-0.5287848857  
-0.06518933056  
0.696221873  
1.576530285  
2.264500706  
2.431672679  
1.86000885  
0.5354047667  
-1.326625633  
-3.332172113  
-5.019408438  
-5.990937581  
-6.024582919  
-5.128321316  
-3.525059916  
-1.576712114  
0.3242067533  
1.859248437  
2.853491957  
3.29308069  
3.292834338  
3.031813357  
2.682625472  
2.358279478  
2.090629747  
1.841185944  
1.533904559  
1.09390389  
0.4775112974  
-0.3143500465  
-1.239101014  
-2.225144492  
-3.185784891  
-4.028684235  
-4.660441857  
-4.990555663  
-4.940549598  
-4.461335125  
-3.556200091  
-2.300932443  
-10.90694601  
-10.64022243  
-9.294994963  
-7.432779857  
-5.629854087  
-4.303868923  
-3.620057533  
-3.49668049  
-3.692462556  
-3.931939344  
-4.016790213  
-3.883300616  
-3.591959916  
-3.263722697  
-2.997551215  
-2.808140793  
-2.610940517  
-2.259137235  
-1.614172567  
-0.6169899721  
0.6727345321  
2.088128862  
3.414102471  
4.469861794  
5.180240794  
5.604816474  
5.910497087  
6.296415188  
6.900062058  
7.722470384  
8.604189048  
9.264534996  
9.391973197  
8.752830491  
7.277408394  
5.090259375  
2.472482946  
-0.2298812207  
-2.7159719  
-4.815601689  
-6.516250689  
-7.92074287  
-9.153001397  
-10.25163676  
-11.09844776  
-11.41764926  
-10.8553494  
-9.116664984  
-6.112527722  
-2.05928821  
2.513426472  
6.861349166  
10.20796121  
11.95631543  
11.86207977  
10.10898065  
7.258404543  
4.086224406  
1.357962009  
-0.3854738474  
-0.9624537356  
-0.5638671041  
0.3553815512  
1.26526915  
1.761386213  
1.705989292  
1.25998116  
0.7961278433  
0.7269896325  
1.312307593  
2.519041039  
3.989405591  
5.134452474  
5.325935837  
4.12309558  
1.456209432  
-2.299244863  
-6.389207254  
-9.87371865  
-11.88917737  
-11.89998449  
-9.861628684  
-6.244576422  
-1.911338879  
2.116045237  
4.928654615  
5.964061147  
5.135707074  
2.827013039  
-0.2401624426  
-3.217629346  
-5.359076899  
-6.200984942  
-5.65222858  
-3.978463458  
-1.697774839  
0.5740284824  
2.282322101  
3.056833969  
2.775307953  
1.563251116  
-0.2584131955  
-2.256880235  
-3.980121688  
-5.041168393  
-5.183175142  
-4.320134013  
-2.55111652  
-0.1469460359  
2.491032993  
4.897850933  
6.630148611  
7.355884847  
6.929440362  
5.432010034  
3.162626225  
0.5766778995  
-1.816603174  
-3.572799  
-4.41539912  
-4.294079649  
-3.3810348  
-2.006544812  
-0.5536975363  
0.654938951  
1.443460321  
1.815456053  
1.925171093  
1.999200023  
2.237282792  
2.727259501  
3.403849558  
4.065302987  
4.441901475  
4.292327556  
3.494679213  
2.100893827  
0.336143851  
-1.456612209  
-2.908630172  
-3.724245779  
-3.755817008  
-3.033173909  
-1.741836009  
-0.1610288234  
1.415436381  
2.749089759  
3.696872095  
4.213143388  
4.319404299  
4.058495487  
3.453947629  
2.491496341  
1.130118812  
-0.6617579826  
-2.858962908  
-5.339562281  
-7.868610101  
-10.11476238  
-11.69906634  
-12.26596026  
-11.56047296  
-9.494106591  
-6.184352097  
-1.958413828  
2.681567262  
7.127797303  
10.76082273  
13.05386801  
13.67006923  
12.53415254  
9.861950376  
6.136652192  
2.030144079  
-1.720325037  
-4.457631057  
-5.741291478  
-5.441944477  
-3.767907711  
-1.213273639  
1.562672279  
3.89536713  
5.272406025  
5.445868027  
4.469032906  
2.649148498  
0.4333924048  
-1.734078575  
-3.537508229  
-4.857332686  
-5.760810764  
-6.423086988  
-7.011431593  
-7.578961474  
-8.011473286  
-8.051795085  
-7.39722873  
-5.836844327  
-3.377434478  
-0.3068877871  
2.837400613  
5.395357678  
6.77225343  
6.629092309  
5.011152876  
2.366772654  
-0.5576305552  
-2.920093254  
-4.023805058  
-3.52201405  
-1.522627945  
1.44117165  
4.565845561  
7.009799273  
8.1311582  
7.658744837  
5.747113142  
2.904917824  
-0.1736288202  
-2.815407738  
-4.546173919  
-5.187051753  
-4.848584607  
-3.837488188  
-2.519583017  
-1.193238189  
-0.01777778978  
0.9842284778  
1.862962187  
2.652339236  
3.301274267  
3.660282246  
3.533680425  
2.778156343  
1.406273026  
-0.3527158618  
-2.069133104  
-3.212763019  
-3.310399279  
-2.110299967  
0.3046056604  
3.499319682  
6.779327991  
9.370280022  
10.63144892  
10.23651443  
8.264343836  
5.170928053  
1.651905656  
-1.560025607  
-3.898708956  
-5.106789439  
-5.276368833  
-4.782248965  
-4.136504986  
-3.816261894  
-4.121023442  
-5.101216066  
-6.572361471  
-8.199427283  
-9.614517934  
-10.52447474  
-10.77458251  
-10.35506683  
-9.359950126  
-7.924125306  
-6.168550977  
-4.174961281  
-1.994917762  
0.3187688797  
2.680112101  
4.958284901  
6.995801838  
8.650224165  
9.839950831  
10.57040991  
10.92427034  
11.01529107  
10.92335263  
10.6399984  
10.05335865  
8.98745166  
7.288209207  
4.925950999  
2.071237227  
-0.8952413839  
-3.457254455  
-5.109110497  
-5.529344495  
-4.720316261  
-3.055807171  
-1.204996806  
0.05720546701  
0.1008808301  
-1.327870871  
-3.978269843  
-7.123818592  
-9.754672231  
-10.88358866  
-9.872736487  
-6.674565445  
-1.901266313  
3.311107183  
7.612047528  
9.829301162  
9.323742688  
6.193172979  
1.257175724  
-4.17608698  
-8.690497099  
-11.17170643  
-11.11822929  
-8.758244312  
-4.93982999  
-0.8356926427  
2.437349461  
4.158614852  
4.194690212  
2.985182441  
1.337036218  
0.1054053928  
-0.1247518334  
0.7544117198  
2.347775777  
3.91773342  
4.671345445  
4.070998659  
2.058170846  
-0.889386474  
-3.888930391  
-5.929631967  
-6.202841881  
-4.375690969  
-0.7174529223  
3.962483285  
8.544136396  
11.91915311  
13.30310816  
12.44165022  
9.651730813  
5.693910402  
1.525221308  
-1.983340493  
-4.275325485  
-5.217796038  
-5.068731519  
-4.328167708  
-3.533719424  
-3.073420926  
-3.075865126  
-3.405755968  
-3.754411309  
-3.783464578  
-3.265716425  
-2.173669541  
-0.6891639436  
0.8622734569  
2.122878938  
2.817280385  
2.831015228  
2.230346254  
1.223934575  
0.08711877509  
-0.9201110218  
-1.612639731  
-1.901392221  
-1.777569621  
-1.276027685  
-0.440064476  
0.6939629982  
2.085623051  
3.660581842  
5.280017208  
6.72950304  
7.740640486  
8.045303532  
7.448005116  
5.892356568  
3.496979147  
0.5449990455  
-2.573496152  
-5.450534387  
-7.754200964  
-9.298693016  
-10.06951169  
-10.19774944  
-9.894217929  
-9.366942557  
-8.750253975  
-8.068538585  
-7.245228078  
-6.151820202  
-4.67842597  
-2.800582012  
-0.6189885376  
1.641842682  
3.67645629  
5.170331586  
5.879581492  
5.695669104  
4.677303701  
3.041566616  
1.117603726  
-0.7242944952  
-2.150023003  
-2.927042589  
-2.963637274  
-2.315116228  
-1.158079672  
0.2590533093  
1.676349504  
2.878959174  
3.737139535  
4.221317723  
4.390242262  
4.357297831  
4.246011235  
4.148956339  
4.103356204  
4.091533701  
4.065887547  
3.988841991  
3.87119239  
3.790594261  
3.877059993  
4.263525514  
5.01375453  
6.052099057  
7.124863648  
7.818022724  
7.640601582  
6.160977772  
3.161777373  
-1.234650376  
-6.517254501  
-11.84393201  
-16.20607891  
-18.66619101  
-18.60724329  
-15.92164265  
-11.07857047  
-5.040075531  
0.9604476515  
5.721473047  
8.375023707  
8.600717734  
6.689781975  
3.440422292  
-0.08355603358  
-2.857848761  
-4.174923505  
-3.812280906  
-2.046533546  
0.4820861213  
3.00298016  
4.86544256  
5.723738801  
5.601038636  
4.820452913  
3.83814292  
3.046227389  
2.620933934  
2.471545393  
2.306021233  
1.784220763  
0.6958925019  
-0.9093918721  
-2.695762124  
-4.134679396  
-4.689503423  
-4.025537704  
-2.167338511  
0.4593120203  
3.124182027  
5.00244865  
5.430696821  
4.123482412  
1.276069411  
-2.483556206  
-6.279369872  
-9.248169397  
-10.79046236  
-10.72935137  
-9.32801437  
-7.165673164  
-4.920542543  
-3.138907604  
-2.071513999  
-1.63153341  
-1.482487872  
-1.21656035  
-0.5511523178  
0.5339431545  
1.772816803  
2.713476513  
2.904313235  
2.095477353  
0.3761832981  
-1.809260814  
-3.780145369  
-4.836404316  
-4.499984828  
-2.694856975  
0.201098623  
3.455719962  
6.204623919  
7.723447953  
7.659589831  
6.145541478  
3.755658428  
1.32097661  
-0.33583942  
-0.657518269  
0.4823706159  
2.756426071  
5.504871095  
7.955272557  
9.463737992  
9.697417044  
8.70235634  
6.842882221  
4.643430927  
2.595281232  
0.9984260695  
-0.1083538287  
-0.9114467048  
-1.701917708  
-2.721614243  
-4.036100667  
-5.481731822  
-6.704507588  
-7.27430643  
-6.831512061  
-5.214021927  
-2.522440293  
0.8943081439  
4.522287785  
7.80221058  
10.24536818  
11.5138117  
11.45163331  
10.07499622  
7.542049226  
4.124945519  
0.1951925874  
-3.783295885  
-7.272753526  
-9.713694806  
-10.62119157  
-9.713740483  
-7.039488228  
-3.050419815  
1.420853531  
5.302825957  
7.52792306  
7.319206761  
4.437594376  
-0.6942037765  
-7.045883095  
-13.21528154  
-17.79058863  
-19.73819897  
-18.69918047  
-15.09841198  
-10.02448798  
-4.909104165  
-1.099480303  
0.5456066707  
-0.09040503046  
-2.359806483  
-5.069304427  
-6.87183739  
-6.708060498  
-4.157574627  
0.4114714642  
5.941354296  
11.00017319  
14.21333744  
14.67580225  
12.21852272  
7.451568061  
1.57833448  
-3.953483608  
-7.851480973  
-9.307039478  
-8.161486735  
-4.875987028  
-0.3351790586  
4.436756915  
8.550486222  
11.43488847  
12.8894273  
13.01589082  
12.08046726  
10.37387361  
8.1260901  
5.499946723  
2.648427484  
-0.208966758  
-2.743756017  
-4.546590163  
-5.229076901  
-4.565699659  
-2.618069397  
0.2173075611  
3.27217815  
5.77443674  
7.072391939  
6.840417161  
5.19118991  
2.648259197  
-0.01950315553  
-2.050052167  
-2.941790789  
-2.619416412  
-1.451129898  
-0.1077457337  
0.688972241  
0.4401133129  
-0.9334719342  
-3.044909775  
-5.16651287  
-6.485427624  
-6.399845688  
-4.748702938  
-1.888886942  
1.412640014  
4.237806142  
5.8370319  
5.894013683  
4.636550517  
2.747416363  
1.101246367  
0.4186480667  
0.9633904572  
2.398817021  
3.867322116  
4.278724192  
2.716665368  
-1.176119898  
-6.974071273  
-13.49905323  
-19.11425349  
-22.20126962  
-21.67306448  
-17.35565143  
-10.10705272  
-1.622520403  
6.024729175  
10.97160695  
12.10221502  
9.367416565  
3.78765639  
-2.86082536  
-8.577013995  
-11.71726679  
-11.44952421  
-7.945323451  
-2.261904719  
4.033573665  
9.365942412  
12.61425563  
13.38992619  
12.05449044  
9.491277874  
6.72710944  
4.545688319  
3.229572141  
2.515468811  
1.767840891  
0.2968686132  
-2.303737972  
-5.928384508  
-9.928499091  
-13.29392071  
-14.98447071  
-14.29452338  
-11.1202654  
-6.032527707  
-0.1254100794  
5.310972615  
9.184221827  
10.92727902  
10.65017878  
9.066592112  
7.222871049  
6.124018411  
6.384706624  
8.02283552  
10.462567  
12.74124948  
13.84552757  
13.05995257  
10.2103199  
5.723287447  
0.4887664805  
-4.420833231  
-8.074096617  
-9.936514633  
-9.977572  
-8.604200561  
-6.458507775  
-4.164126354  
-2.119297239  
-0.4117067071  
1.120345361  
2.714456  
4.476968205  
6.234635908  
7.515360825  
7.677972718  
6.151374185  
2.696636824  
-2.41015164  
-8.354412812  
-13.94598895  
-17.92950772  
-19.348105  
-17.8418792  
-13.77869054  
-8.167027766  
-2.371851293  
2.279916096  
4.87970894  
5.182350509  
3.63875116  
1.209036962  
-0.97896685  
-2.010874535  
-1.480337617  
0.3980145356  
2.889926244  
5.017539936  
5.912813929  
5.127481954  
2.79608176  
-0.3996245069  
-3.448727968  
-5.335445589  
-5.360449893  
-3.355127635  
0.2758463322  
4.688893055  
8.860053667  
11.8776999  
13.17487923  
12.63437184  
10.54779401  
7.460993864  
3.973143523  
0.5650450062  
-2.487772413  
-5.100406226  
-7.287256805  
-9.047484994  
-10.28570939  
-10.8069514  
-10.38978338  
-8.905444758  
-6.428265235  
-3.28334257  
-0.0008653922116  
2.816127615  
4.667487733  
5.311487534  
4.840218809  
3.642641596  
2.264474869  
1.213794695  
0.78344897  
0.9571701912  
1.43613455  
1.777516037  
1.592999974  
0.7301208952  
-0.6369648025  
-2.048590254  
-2.924227143  
-2.793684949  
-1.508343395  
0.6520652213  
3.027563057  
4.776282581  
5.161893379  
3.831753085  
0.9840739995  
-2.644029813  
-5.976171858  
-7.926780743  
-7.755996365  
-5.330279005  
-1.197132353  
3.557664914  
7.629366413  
9.88906856  
9.726149175  
7.226794222  
3.131246151  
-1.413882544  
-5.223813447  
-7.440838415  
-7.776403073  
-6.553930415  
-4.545676028  
-2.667382892  
-1.641483114  
-1.747318947  
-2.743071824  
-3.981437711  
-4.67198494  
-4.19208123  
-2.332889937  
0.6077221702  
3.91742445  
6.712046099  
8.240647641  
8.143908227  
6.574845652  
4.141142242  
1.692222173  
0.02888483212  
-0.3609778503  
0.551419202  
2.355238931  
4.372426048  
5.915702728  
6.53576222  
6.167773428  
5.126459663  
3.955977859  
3.194636247  
3.145553433  
3.741310202  
4.55522145  
4.95680809  
4.355083817  
2.439751736  
-0.6700783365  
-4.427498071  
-8.013714937  
-10.596406  
-11.6011292  
-10.90064921  
-8.855091601  
-6.187920051  
-3.740128575  
-2.187647345  
-1.819694418  
-2.454388889  
-3.520055823  
-4.273226313  
-4.077263066  
-2.645182783  
-0.1631016079  
2.748053447  
5.219952067  
6.410917874  
5.776367974  
3.248166005  
-0.7328814596  
-5.338194093  
-9.583831125  
-12.59841463  
-13.84366947  
-13.22471298  
-11.06597152  
-7.972393601  
-4.629530766  
-1.609878021  
0.7563323906  
2.414864884  
3.529004642  
4.361663055  
5.146013724  
5.990143887  
6.843640679  
7.529422203  
7.821423376  
7.535706734  
6.602233152  
5.095447549  
3.218455553  
1.251452756  
-0.5153350253  
-1.842749133  
-2.582466272  
-2.689915578  
-2.213823987  
-1.271249531  
-0.01748543399  
1.382554717  
2.778636772  
4.054590859  
5.142259193  
6.02774525  
6.746565453  
7.365166965  
7.950177166  
8.532459627  
9.077809845  
9.47723417  
9.565372952  
9.166295576  
8.154720846  
6.512168578  
4.355914977  
1.925631639  
-0.4730901745  
-2.552440654  
-4.124874889  
-5.153162163  
-5.746287432  
-6.098682026  
-6.393016894  
-6.703758565  
-6.942865781  
-6.876771434  
-6.218289463  
-4.766653011  
-2.545093795  
0.1217119457  
2.633566393  
4.254058828  
4.331794527  
2.536724471  
-0.9704990462  
-5.505713736  
-9.995637798  
-13.25617204  
-14.3397159  
-12.84573641  
-9.090933456  
-4.072385079  
0.7810470455  
4.006083147  
4.536996659  
2.040961954  
-2.950159634  
-9.159153763  
-14.90511886  
-18.56960688  
-19.0496567  
-16.06318843  
-10.2170569  
-2.820791998  
4.493782087  
10.22948331  
13.42008254  
13.85214531  
12.05627299  
9.084399283  
6.153742761  
4.273721202  
3.969326035  
5.176501082  
7.326042679  
9.57291738  
11.08651647  
11.30638664  
10.08819388  
7.706863945  
4.732216755  
1.830588697  
-0.4374652169  
-1.761231134  
-2.130382184  
-1.791080997  
-1.136121264  
-0.5727358432  
-0.4100287508  
-0.7928738106  
-1.688788362  
-2.91706284  
-4.201158779  
-5.227035775  
-5.697774926  
-5.383131481  
-4.165934964  
-2.083910008  
0.6421677979  
3.609767546  
6.281068024  
8.080530247  
8.531516378  
7.400184167  
4.80185561  
1.226399785  
-2.542445442  
-5.607113917  
-7.193907134  
-6.880851326  
-4.742563858  
-1.358281869  
2.331077152  
5.28241766  
6.65162215  
6.043313888  
3.628651473  
0.09077121791  
-3.586958573  
-6.422425669  
-7.728021436  
-7.299855857  
-5.442484088  
-2.825256438  
-0.2247710945  
1.752522158  
2.867403377  
3.294244503  
3.501913501  
4.016320625  
5.156990175  
6.852189396  
8.610356051  
9.668974722  
9.275050977  
6.998601404  
2.961671266  
-2.111259742  
-7.056596985  
-10.60887505  
-11.80738744  
-10.33640013  
-6.677825571  
-2.012607889  
2.111244085  
4.247030636  
3.507984781  
-0.1321439094  
-5.797934581  
-11.95072946  
-16.83759536  
-19.01365648  
-17.776237  
-13.3763723  
-6.94317512  
-0.1464190318  
5.296456729  
8.116563109  
7.843168547  
4.906030572  
0.4686837217  
-3.946223794  
-6.917909693  
-7.532727686  
-5.616116877  
-1.732728253  
3.030241227  
7.417081653  
10.3798804  
11.36373297  
10.42356049  
8.151746761  
5.453828635  
3.251270492  
2.204744664  
2.536784804  
3.996410756  
5.963575541  
7.651924728  
8.345322964  
7.601013616  
5.368271476  
1.998846422  
-1.844808698  
-5.353225351  
-7.761728325  
-8.524715214  
-7.435037701  
-4.665824101  
-0.7295158358  
3.634303251  
7.616931677  
10.51018308  
11.85080589  
11.50760234  
9.691057782  
6.883012087  
3.703690653  
0.7504938255  
-1.548020862  
-3.02225943  
-3.770292853  
-4.083643871  
-4.314785478  
-4.730617134  
-5.40223396  
-6.170553628  
-6.702427613  
-6.620308747  
-5.661250379  
-3.807875975  
-1.340606043  
1.214270102  
3.230112615  
4.174162827  
3.785457232  
2.173286888  
-0.2022575529  
-2.666649466  
-4.542223208  
-5.364585594  
-5.030228818  
-3.823212434  
-2.309888115  
-1.136604152  
-0.800208124  
-1.471872964  
-2.936992696  
-4.673298173  
-6.040044617  
-6.510722043  
-5.865042585  
-4.269652373  
-2.216458542  
-0.3392915681  
0.8252085495  
1.044449456  
0.4860009015  
-0.3367397123  
-0.75482947  
-0.204694833  
1.534111096  
4.213537974  
7.156369249  
9.455496866  
10.27126551  
9.127847975  
6.1060575  
1.862252133  
-2.540047936  
-5.936207257  
-7.407862944  
-6.560343344  
-3.641291736  
0.5365082523  
4.841339146  
8.157175379  
9.699848402  
9.217456727  
7.018916098  
3.832350936  
0.5495424005  
-2.054379459  
-3.535274703  
-3.866384543  
-3.38209374  
-2.612934741  
-2.078646641  
-2.113281801  
-2.777196212  
-3.874407719  
-5.054522485  
-5.951060212  
-6.301183637  
-6.006525881  
-5.123184997  
-3.798850414  
-2.194277283  
-0.4278733881  
1.433244658  
3.337500895  
5.193224814  
6.829016184  
7.999772697  
8.447143831  
7.996410632  
6.650806832  
4.638885114  
2.384362175  
0.3964294236  
-0.88859445  
-1.259699658  
-0.8188684243  
0.03634274453  
0.7396529682  
0.7559915219  
-0.2122358114  
-2.087041303  
-4.400288264  
-6.417460117  
-7.366237621  
-6.69741841  
-4.290534523  
-0.5314928172  
3.769650702  
7.599694477  
10.03394226  
10.50588912  
8.968857985  
5.899161382  
2.142559148  
-1.343173011  
-3.76478217  
-4.701587611  
-4.184378253  
-2.63056293  
-0.6697304238  
1.072286597  
2.154571823  
2.410751072  
1.928784983  
0.9450997219  
-0.2925829241  
-1.632113755  
-3.04964405  
-4.599196376  
-6.307670526  
-8.069157207  
-9.594953136  
-10.45413065  
-10.20205901  
-8.5555777  
-5.548702244  
-1.602911723  
2.528168633  
5.936447756  
7.810957069  
7.684354139  
5.591483777  
2.0824483  
-1.921006687  
-5.384992706  
-7.458893176  
-7.713681087  
-6.248336871  
-3.632764441  
-0.7090586494  
1.681475747  
2.955891955  
2.950089755  
1.9355556  
0.4948955822  
-0.6948930071  
-1.094493008  
-0.4719971228  
1.041891484  
3.023644346  
4.919309395  
6.237846961  
6.707562645  
6.345273231  
5.421573411  
4.342722873  
3.496968594  
3.121640834  
3.235493777  
3.653988049  
4.07450746  
4.194916242  
3.820426901  
2.922421314  
1.633793413  
0.1901062725  
-1.155506944  
-2.209314769  
-2.87901176  
-3.170950641  
-3.152041783  
-2.899153458  
-2.461529379  
-1.853131405  
-1.076215047  
-0.1618393724  
0.7959207242  
1.633633663  
2.150019579  
2.16856897  
1.609477183  
0.5423012956  
-0.8049867265  
-2.090465575  
-2.947035264  
-3.08951574  
-2.40604469  
-1.00344769  
0.8093882857  
2.596383879  
3.905337241  
4.382572293  
3.858924804  
2.385336056  
0.2126679785  
-2.273377135  
-4.640622147  
-6.497882072  
-7.562598578  
-7.69922334  
-6.928474859  
-5.413592454  
-3.430709366  
-1.328046655  
0.524492646  
1.794322035  
2.249519519  
1.816274274  
0.6146754987  
-1.043854767  
-2.708115177  
-3.885130248  
-4.165671771  
-3.344628763  
-1.498500446  
1.010075834  
3.611472306  
5.676537294  
6.692936555  
6.417606401  
4.955932722  
2.73852344  
0.3980959452  
-1.418390353  
-2.244671506  
-1.935352091  
-0.7059254718  
0.9406883692  
2.377343395  
3.052329995  
2.660596079  
1.231826829  
-0.8906328648  
-3.169062194  
-5.045396675  
-6.110030176  
-6.210060786  
-5.465489477  
-4.195702428  
-2.789973489  
-1.573146227  
-0.7154527894  
-0.2149274153  
0.0495065342  
0.2242294971  
0.3914359899  
0.525068504  
0.5124475532  
0.2322843131  
-0.3461909813  
-1.090166734  
-1.695694373  
-1.760270154  
-0.9174765443  
1.012064983  
3.910855289  
7.342974422  
10.639127  
13.06881543  
14.04756256  
13.31197323  
11.00389131  
7.634652435  
3.940692383  
0.6784009093  
-1.574503456  
-2.548462372  
-2.306672721  
-1.167730357  
0.4348310569  
2.097603077  
3.542376352  
4.63186124  
5.312962741  
5.526888711  
5.140199737  
3.941791984  
1.720646359  
-1.600103071  
-5.829370614  
-10.44171729  
-14.62820596  
-17.47323342  
-18.21587945  
-16.5136862  
-12.61332421  
-7.353642007  
-1.978089938  
2.201363984  
4.190562381  
3.625482531  
0.9020971758  
-2.929971696  
-6.487035607  
-8.488079197  
-8.168938237  
-5.536331614  
-1.373308142  
3.01140144  
6.211905285  
7.191779153  
5.633723102  
2.053931536  
-2.359579934  
-6.133176733  
-7.990919123  
-7.274227377  
-4.157721094  
0.4107474348  
5.025511526  
8.288094385  
9.266363775  
7.795323353  
4.521175926  
0.676781496  
-2.333916851  
-3.402707015  
-2.080849689  
1.27746893  
5.634224959  
9.604288048  
11.89543853  
11.70774214  
8.967164325  
4.327243305  
-1.04973806  
-5.85097783  
-8.990770564  
-9.890150297  
-8.582033489  
-5.627684908  
-1.891834824  
1.736351661  
4.58249663  
6.317961933  
6.959808702  
6.764691262  
6.0741717  
5.176260265  
4.230371098  
3.269837455  
2.262411656  
1.187887595  
0.09092678638  
-0.9155429735  
-1.694155138  
-2.148023066  
-2.270390734  
-2.150147505  
-1.926303456  
-1.710531256  
-1.515345443  
-1.227179499  
-0.6467518426  
0.4100496422  
1.987330864  
3.894022783  
5.688142233  
6.76454028  
6.531457368  
4.623459587  
1.076809495  
-3.602075155  
-8.51355803  
-12.57762783  
-14.82488236  
-14.67679432  
-12.12454313  
-7.745190235  
-2.545625846  
2.319018892  
5.864292042  
7.532361538  
7.306508655  
5.653832417  
3.323604658  
1.075928181  
-0.5642834919  
-1.445998468  
-1.782727805  
-2.008548202  
-2.560399838  
-3.671757136  
-5.25534941  
-6.917386467  
-8.095979407  
-8.270703162  
-7.164939323  
-4.866507184  
-1.822935788  
1.28655887  
3.756494037  
5.06630526  
5.026248017  
3.813032132  
1.890692149  
-0.1480075547  
-1.760013257  
-2.589664538  
-2.526242805  
-1.675835391  
-0.274417485  
1.412581033  
3.161000545  
4.806095431  
6.213968426  
7.236421992  
7.687959126  
7.372600148  
6.161966473  
4.095962742  
1.457546419  
-1.226586369  
-3.284457267  
-4.083036424  
-3.245537575  
-0.8253880634  
2.636203617  
6.20959182  
8.821165578  
9.577072042  
8.064323051  
4.524888381  
-0.1672675185  
-4.734355399  
-7.867031745  
-8.627155205  
-6.750965406  
-2.749696714  
2.232016647  
6.760688598  
9.554089336  
9.875855662  
7.756535843  
3.969043514  
-0.2329727658  
-3.527256075  
-4.949864767  
-4.197565747  
-1.709174123  
1.496213972  
4.165695053  
5.225906968  
4.126811668  
1.006720429  
-3.367978438  
-7.859254701  
-11.31825094  
-12.92969626  
-12.43188933  
-10.15214263  
-6.862210256  
-3.516229117  
-0.965664317  
0.2574607779  
0.03192066655  
-1.393797862  
-3.535895771  
-5.83834457  
-7.802796185  
-9.050514955  
-9.319312325  
-8.429806606  
-6.26656547  
-2.806346216  
1.806082495  
7.169249887  
12.57996422  
17.08493131  
19.65125749  
19.43027288  
16.04240583  
9.785299451  
1.676057903  
-6.717181917  
-13.63202296  
-17.5669974  
-17.70198489  
-14.14943165  
-7.946484288  
-0.7763623027  
5.506066048  
9.40339538  
10.19639187  
8.124405318  
4.268913468  
0.1790294091  
-2.63868941  
-3.200180956  
-1.338955915  
2.275590497  
6.395710112  
9.636124659  
10.94614968  
9.953828501  
7.069362182  
3.319166407  
-0.0259264406  
-1.896021848  
-1.786733282  
0.08018895879  
2.850491182  
5.347112676  
6.484412725  
5.642199436  
2.872232371  
-1.129202373  
-5.266937011  
-8.420589441  
-9.814897746  
-9.26065479  
-7.188946143  
-4.475041592  
-2.120769166  
-0.9100504884  
-1.156708551  
-2.626575882  
-4.651831073  
-6.387964975  
-7.116591825  
-6.486275776  
-4.61091692  
-1.999858864  
0.6451307272  
2.685223829  
3.757204751  
3.86902776  
3.350714412  
2.687847332  
2.307498711  
2.401523718  
2.85516557  
3.30689021  
3.314573758  
2.562465081  
1.027491477  
-0.9619327082  
-2.802278952  
-3.804645658  
-3.434358821  
-1.517573896  
1.65823138  
5.387980868  
8.727288129  
10.75162787  
10.81703951  
8.743800766  
4.870176871  
-0.03548323381  
-4.973566208  
-8.962056856  
-11.26515965  
-11.5438393  
-9.898373463  
-6.805981873  
-2.983775393  
0.7789929521  
3.776628269  
5.500913213  
5.701232775  
4.394369901  
1.83600163  
-1.532943739  
-5.155725169  
-8.439766029  
-10.84285044  
-11.95799301  
-11.58382822  
-9.763670798  
-6.778236905  
-3.08623048  
0.7783191541  
4.327703423  
7.22733394  
9.354687703  
10.79037947  
11.74288117  
12.43165353  
12.96972089  
13.28949757  
13.14266453  
12.17985578  
10.08702541  
6.732946777  
2.275008744  
-2.818660428  
-7.846133726  
-12.03010647  
-14.71177671  
-15.52069322  
-14.46743547  
-11.93030381  
-8.541407616  
-5.009702875  
-1.937644682  
0.3121142549  
1.662973006  
2.277672257  
2.444497265  
2.443392903  
2.44225956  
2.458680378  
2.395004341  
2.125730524  
1.596178556  
0.8880313624  
0.2212063867  
-0.112527118  
0.1389800258  
1.074115827  
2.566276348  
4.267100666  
5.68944393  
6.346536071  
5.902886614  
4.287093439  
1.728779022  
-1.293184652  
-4.174863591  
-6.344719569  
-7.406091437  
-7.223705747  
-5.93353151  
-3.880712599  
-1.511944722  
0.7407620991  
2.550955584  
3.743131415  
4.291121386  
4.283435482  
3.87675785  
3.255889756  
2.608422473  
2.110803031  
1.915293589  
2.127985358  
2.776208813  
3.775107658  
4.911512749  
5.863491005  
6.264066345  
5.800313079  
4.321159189  
1.916461188  
-1.06745099  
-4.093572807  
-6.572118427  
-8.033658323  
-8.282732572  
-7.477297577  
-6.099260833  
-4.815827159  
-4.269238081  
-4.860212796  
-6.59743062  
-9.067547513  
-11.54251515  
-13.19523845  
-13.35684566  
-11.73219582  
-8.501895978  
-4.275373047  
0.09097052532  
3.751095959  
6.117006514  
7.015078046  
6.701048668  
5.732771563  
4.749108746  
4.235513439  
4.360166753  
4.937967399  
5.532431876  
5.654822189  
4.983779022  
3.520821484  
1.620231811  
-0.121709142  
-1.080575335  
-0.8431674226  
0.6172184997  
2.898678017  
5.284165941  
6.976638571  
7.376378743  
6.302542649  
4.077386788  
1.437535537  
-0.7032995939  
-1.56278085  
-0.7650116493  
1.513613725  
4.581447356  
7.443556327  
9.121003219  
8.972260833  
6.909681909  
3.438077382  
-0.4984961806  
-3.812187599  
-5.612597534  
-5.483209709  
-3.604895516  
-0.6896869141  
2.249648058  
4.216412108  
4.530145431  
3.016538987  
0.03308258267  
-3.668177376  
-7.187380395  
-9.748173446  
