12.65489229  
14.0292222  
12.51446983  
8.399776397  
2.749937759  
-2.895753685  
-6.974856909  
-8.363527974  
-6.707009462  
-2.520019514  
2.969114158  
8.178243809  
11.62319355  
12.32679757  
10.06942651  
5.417918391  
-0.4620891096  
-6.14375665  
-10.32238326  
-12.13663612  
-11.34726126  
-8.340587494  
-3.975522666  
0.6676130277  
4.560019671  
6.948571081  
7.484590665  
6.243113083  
3.648061868  
0.3383362465  
-2.984614048  
-5.693089681  
-7.331518776  
-7.668974807  
-6.70859495  
-4.662200372  
-1.899929648  
1.116001768  
3.904911649  
6.039902278  
7.209297922  
7.258076941  
6.202583329  
4.216612267  
1.593160238  
-1.308652136  
-4.119466669  
-6.507890802  
-8.215084229  
-9.075592099  
-9.028429365  
-8.1229988  
-6.521396797  
-4.493477511  
-2.397002979  
-0.6354048091  
0.4088976271  
0.4575250121  
-0.5831211737  
-2.568810409  
-5.11579168  
-7.663022002  
-9.592331537  
-10.38033121  
-9.741436792  
-7.718489619  
-4.689202778  
-1.279882607  
1.793537935  
3.913370866  
4.722166359  
4.210590665  
2.705278272  
0.7621680712  
-0.9995491886  
-2.069781637  
-2.173058685  
-1.311880988  
0.2783121479  
2.238690939  
4.217183215  
5.97182243  
7.414142035  
8.585079168  
9.582915364  
10.4805402  
11.27101497  
11.86561017  
12.14352097  
12.02768799  
11.54752694  
10.85271276  
10.16248879  
9.664076459  
9.400060893  
9.196256411  
8.672362429  
7.349001019  
4.826474341  
0.9769386523  
-3.923123883  
-9.181484706  
-13.82456661  
-16.85211226  
-17.54011695  
-15.6949229  
-11.76816762  
-6.78152372  
-2.069834698  
1.087895515  
1.839470672  
0.01633351831  
-3.807356705  
-8.475830399  
-12.58575854  
-14.89075566  
-14.65189218  
-11.828672  
-7.057679204  
-1.435238289  
3.818159304  
7.700398591  
9.670955245  
9.728835919  
8.319212787  
6.120748997  
3.800968523  
1.828377936  
0.3989355834  
-0.5157633092  
-1.040312795  
-1.258082853  
-1.133281499  
-0.5301819694  
0.6798783997  
2.476136548  
4.584158796  
6.472467087  
7.473522749  
6.999762353  
4.780105163  
1.023806296  
-3.563748756  
-7.93927226  
-11.01561337  
-11.99866346  
-10.65041863  
-7.379955232  
-3.120369915  
0.9751805628  
3.917957015  
5.214628563  
5.024422741  
4.080475925  
3.396845722  
3.861754405  
5.863114489  
9.086532628  
12.56870922  
14.99951489  
15.17545344  
12.44813724  
7.006670959  
-0.1146051631  
-7.318306464  
-12.9298143  
-15.72646686  
-15.33036652  
-12.32807479  
-8.072298589  
-4.229463945  
-2.225002102  
-2.774204003  
-5.657235951  
-9.812676536  
-13.71376145  
-15.89427483  
-15.44088887  
-12.28317131  
-7.185932813  
-1.454894949  
3.532512792  
6.79974485  
8.078149851  
7.842680675  
7.071007338  
6.8219637  
7.794155956  
10.03115038  
12.88389753  
15.24489089  
15.96731186  
14.31326042  
10.26358999  
4.57220771  
-1.458824829  
-6.404197282  
-9.187189532  
-9.427608388  
-7.539835055  
-4.546614893  
-1.678704796  
0.09040265802  
0.4012315985  
-0.3771620112  
-1.318903864  
-1.336305612  
0.349378089  
3.840283866  
8.441310443  
12.84204922  
15.54589116  
15.39839569  
12.02640844  
6.026538412  
-1.172564461  
-7.735389927  
-11.99147561  
-12.96032914  
-10.65060666  
-6.033026316  
-0.6997223307  
3.668882677  
5.843926235  
5.410370911  
2.833874399  
-0.7783988041  
-4.1249957  
-6.196060124  
-6.619812381  
-5.747870987  
-4.457254222  
-3.753094757  
-4.329434377  
-6.259339603  
-8.935101756  
-11.2836727  
-12.17722612  
-10.88337108  
-7.382111978  
-2.424272012  
2.698646321  
6.595197438  
8.266763092  
7.470761181  
4.816773587  
1.553760607  
-0.8805052051  
-1.387706115  
0.3768587866  
3.858422508  
7.784547001  
10.61594874  
11.10876961  
8.787082422  
4.152563694  
-1.450726218  
-6.276739301  
-8.773669372  
-8.128778345  
-4.569254357  
0.6903870197  
5.841454448  
9.083092706  
9.227884029  
6.103692954  
0.6143644212  
-5.560551382  
-10.52295797  
-12.7789746  
-11.71610675  
-7.776555516  
-2.27562719  
3.063042702  
6.688156804  
7.714874975  
6.166150144  
2.888741907  
-0.8118456609  
-3.675049645  
-4.940146483  
-4.588092265  
-3.287977909  
-2.07587831  
-1.892486591  
-3.157231745  
-5.542827779  
-8.040599845  
-9.300421197  
-8.127905329  
-3.962088574  
2.839952544  
11.02017337  
18.74330217  
24.12654781  
25.80320466  
23.33596463  
17.34611368  
9.319859091  
1.159261417  
-0.4481532637  
0.3684210444  
0.3211588214  
-0.5877844551  
-2.305756733  
-4.671759481  
-7.338582185  
-9.729836403  
-11.08221301  
-10.59308836  
-7.649278114  
-2.070747106  
5.718148532  
14.66746632  
23.26712904  
29.87598366  
33.13275661  
32.33097291  
27.64031198  
20.09643321  
11.3489133  
3.23157154  
-2.723327651  
-5.684841179  
-5.718547813  
-3.71958406  
-1.105458335  
0.636747795  
0.4110270537  
-2.157228403  
-6.617169548  
-11.84033569  
-16.36960115  
-18.8598309  
-18.47746567  
-15.14342889  
-9.554706137  
-2.987258333  
3.054329317  
7.235271266  
8.725141504  
7.382166034  
3.748608422  
-1.127210527  
-5.982099723  
-9.65838337  
-11.37068072  
-10.85862883  
-8.400057133  
-4.695635664  
-0.6648505526  
2.791082554  
5.002706956  
5.676235877  
4.940621528  
3.292379521  
1.453822493  
0.1779307774  
0.04442176959  
1.294948231  
3.749137087  
6.827194352  
9.680723475  
11.40584005  
11.28829853  
9.016469809  
4.800674532  
-0.6418409889  
-6.241928038  
-10.83871082  
-13.47647034  
-13.65444136  
-11.45499848  
-7.509192477  
-2.806718571  
1.594003893  
4.867198362  
6.638479439  
7.051852658  
6.664334942  
6.204163064  
6.274735211  
7.106091854  
8.441468294  
9.601978653  
9.712327518  
8.014557113  
4.164504066  
-1.591455653  
-8.424180183  
-15.11822121  
-20.39841237  
-23.2837972  
-23.35616395  
-20.85818592  
-16.59205273  
-11.65525712  
-7.102710795  
-3.64663527  
-1.489858775  
-0.3406026262  
0.4061670463  
1.391919223  
3.023809505  
5.306145734  
7.831516091  
9.931244752  
10.92852294  
10.40215474  
8.366392931  
5.302965268  
2.033538411  
-0.524034045  
-1.633418656  
-0.9596807296  
1.338479971  
4.669046527  
8.193148613  
11.07152569  
12.68965417  
12.79368644  
11.50469431  
9.222427112  
6.465348301  
3.709549761  
1.280615839  
-0.6747214107  
-2.144819667  
-3.172461747  
-3.782847342  
-3.955992177  
-3.65429383  
-2.887299984  
-1.77561111  
-0.5733046267  
0.3754386155  
0.7408132759  
0.3386967231  
-0.7632351558  
-2.214100598  
-3.449419389  
-3.851746975  
-2.956364154  
-0.6341421022  
2.814811646  
6.697459787  
10.09296184  
12.10166375  
12.10295779  
9.941053379  
5.979324903  
1.005066289  
-3.985909162  
-8.058014289  
-10.57609538  
-11.34732363  
-10.62891098  
-9.009771408  
-7.212584576  
-5.883196638  
-5.431006317  
-5.960246521  
-7.297429246  
-9.08846197  
-10.92058418  
-12.42482299  
-13.33153453  
-13.47635202  
-12.77533995  
-11.19788348  
-8.760291242  
-5.546189385  
-1.739887523  
2.353810092  
6.329003144  
9.747592402  
12.2442228  
13.63235538  
13.9674442  
13.53268781  
12.73923025  
11.96698202  
11.40114918  
10.92996291  
10.15483967  
8.527153832  
5.578227015  
1.16779973  
-4.341930062  
-10.06543038  
-14.75984566  
-17.14887055  
-16.31620068  
-12.04553647  
-4.988574942  
3.412356072  
11.24681666  
16.62456496  
18.19215689  
15.52315343  
9.259089532  
0.9505727971  
-7.361578695  
-13.70495079  
-16.70976244  
-15.96146534  
-12.07018382  
-6.4426595  
-0.8327260978  
3.188177246  
4.679184653  
3.566293807  
0.6063673202  
-2.895422437  
-5.514870724  
-6.145820588  
-4.312476824  
-0.2720223396  
5.106631635  
10.63202153  
15.14460326  
17.82367689  
18.36064624  
16.96387053  
14.21750524  
10.85964927  
7.561195017  
4.773453622  
2.677869573  
1.23015412  
0.2591882068  
-0.4306779378  
-0.9952148711  
-1.539346487  
-2.146476496  
-2.915598244  
-3.971771756  
-5.431347273  
-7.329307209  
-9.540503993  
-11.73795404  
-13.42342023  
-14.04003567  
-13.14285062  
-10.57419681  
-6.579100275  
-1.808098766  
2.811714637  
6.311977854  
7.959339176  
7.486544731  
5.199493584  
1.915994844  
-1.256332412  
-3.243244796  
-3.333158099  
-1.411071796  
1.978294686  
5.763450001  
8.64105803  
9.449262383  
7.511360263  
2.849968415  
-3.790240529  
-11.11736896  
-17.61452181  
-21.91904583  
-23.15546904  
-21.13567269  
-16.37987138  
-9.962422026  
-3.232083228  
2.514798462  
6.324353798  
7.77152888  
7.007967652  
4.673803305  
1.707403037  
-0.89350498  
-2.301815625  
-2.033899639  
-0.03501555359  
3.331936991  
7.384052795  
11.27743559  
14.19370587  
15.51705714  
14.9674843  
12.66335719  
9.098968818  
5.038753671  
1.347527803  
-1.208076214  
-2.142017095  
-1.370105913  
0.7633811549  
3.565534318  
6.165907029  
7.738164893  
7.715533581  
5.942047329  
2.716813098  
-1.283091035  
-5.181715421  
-8.136696559  
-9.560355955  
-9.26734921  
-7.507794985  
-4.87782575  
-2.135354631  
0.02379767982  
1.163371466  
1.22037857  
0.5034931989  
-0.4208982788  
-0.9188365528  
-0.4972881443  
1.03099235  
3.474228501  
6.300383993  
8.775832627  
10.16384951  
9.927442007  
7.881488749  
4.254858496  
-0.351616973  
-5.098007234  
-9.093461449  
-11.5928774  
-12.15618617  
-10.7364475  
-7.681608082  
-3.654750201  
0.5056160113  
3.953774918  
5.999567583  
6.236021783  
4.611052611  
1.433526261  
-2.68488937  
-6.940788401  
-10.48421359  
-12.57409159  
-12.71821272  
-10.77339919  
-6.986599937  
-1.966312586  
3.414828763  
8.172659472  
11.39392577  
12.41506073  
10.96150201  
7.21693857  
1.803845854  
-4.325752459  
-10.07123596  
-14.40098352  
-16.56126563  
-16.23026745  
-13.58108297  
-9.236679334  
-4.124359207  
0.7384315659  
4.477148347  
6.55581519  
6.886412976  
5.823627898  
4.04553187  
2.350970232  
1.42785689  
1.655919589  
2.999763213  
5.024063326  
7.0286818  
8.266582241  
8.182086311  
6.598826349  
3.799537277  
0.4701219131  
-2.479878426  
-4.17078914  
-4.0072782  
-1.858656647  
1.88935956  
6.428212099  
10.73891771  
13.86129142  
15.14132564  
14.38553772  
11.88051863  
8.277925388  
4.386067697  
0.9363685999  
-1.602544944  
-3.109433183  
-3.775763033  
-3.974094466  
-4.082947507  
-4.333231139  
-4.729945071  
-5.073226338  
-5.065442258  
-4.459762798  
-3.191048641  
-1.437471006  
0.4123158897  
1.876069754  
2.536828612  
2.185688833  
0.8957263666  
-1.000674785  
-3.023508452  
-4.705561136  
-5.743281644  
-6.083460154  
-5.915043693  
-5.570918112  
-5.378625187  
-5.518580941  
-5.945991541  
-6.408960569  
-6.55821796  
-6.107800437  
-4.984014339  
-3.401152993  
-1.827091504  
-0.8416127524  
-0.9312050588  
-2.290672108  
-4.704419453  
-7.556415203  
-9.975426981  
-11.07584881  
-10.22001755  
-7.218387582  
-2.40243657  
3.453882207  
9.339169659  
14.27062871  
17.53745178  
18.84834939  
18.34454308  
16.48602913  
13.8605986  
10.98752164  
8.183897931  
5.533563382  
2.95741197  
0.3455363799  
-2.310158522  
-4.841394148  
-6.92018729  
-8.161688852  
-8.272554798  
-7.184667503  
-5.118187205  
-2.544406374  
-0.05731247453  
1.801677113  
2.70234367  
2.609646951  
1.762890984  
0.5600229196  
-0.6065195049  
-1.496799513  
-2.094357025  
-2.572384333  
-3.168895674  
-4.023369147  
-5.04636071  
-5.88477548  
-6.01063187  
-4.912433371  
-2.323945935  
1.597253051  
6.219615043  
10.55360156  
13.51358857  
14.24983344  
12.44228387  
8.45187775  
3.266246633  
-1.757346536  
-5.28014613  
-6.381497778  
-4.84112381  
-1.209125563  
3.364031304  
7.486851048  
9.961307113  
10.15185252  
8.168183168  
4.801649166  
1.236564216  
-1.367344782  
-2.281571171  
-1.467610814  
0.4006390151  
2.161220029  
2.563806073  
0.7147610829  
-3.578502685  
-9.678327244  
-16.24894313  
-21.61324071  
-24.2273014  
-23.12997517  
-18.23430646  
-10.3775094  
-1.119887848  
7.643621647  
14.14520469  
17.15143347  
16.21298157  
11.70632446  
4.678647232  
-3.441131806  
-11.17557465  
-17.28903082  
-20.97518305  
-21.92124508  
-20.26519116  
-16.48581186  
-11.27005524  
-5.391251307  
0.3870110968  
5.38368064  
9.060094507  
11.07467651  
11.33003765  
9.99923923  
7.513331927  
4.497859442  
1.66050264  
-0.349710759  
-1.077358685  
-0.3521621466  
1.690133848  
4.663901061  
8.048663897  
11.32604622  
14.09528912  
16.13346283  
17.38769138  
17.91241196  
17.7847466  
17.03777886  
15.64213063  
13.54436182  
10.74474171  
7.377348355  
3.750573029  
0.318564817  
-2.419705292  
-4.06703572  
-4.470928998  
-3.807969107  
-2.569615328  
-1.440880254  
-1.100909902  
-2.005077428  
-4.220006017  
-7.37089203  
-10.72699559  
-13.4068198  
-14.64389421  
-14.03107141  
-11.66443977  
-8.137023611  
-4.378977134  
-1.389612353  
0.05783539011  
-0.3524254634  
-2.383832679  
-5.319899363  
-8.182964774  
-10.03268382  
-10.25273978  
-8.73770825  
-5.922815645  
-2.647580709  
0.1047948332  
1.512690446  
1.173111591  
-0.7674236497  
-3.647975683  
-6.484153791  
-8.25868593  
-8.225882121  
-6.140416351  
-2.343023693  
2.322792837  
6.740333682  
9.83093181  
10.85896706  
9.644285934  
6.621489959  
2.728076603  
-0.8488299903  
-2.998056435  
-2.992598054  
-0.6951184133  
3.396838052  
8.279412069  
12.71009685  
15.54083904  
16.02416456  
14.00688255  
9.95741658  
4.820041892  
-0.2608959445  
-4.265735478  
-6.57749521  
-7.131070122  
-6.38997084  
-5.159337762  
-4.294533938  
-4.397786283  
-5.600233621  
-7.501206032  
-9.287478467  
-9.99791139  
-8.851070184  
-5.531010955  
-0.3371744166  
5.854259031  
11.81066544  
16.27959731  
18.33791403  
17.64424793  
14.51588649  
9.807401734  
4.632820255  
0.02380654076  
-3.362961757  
-5.393770387  
-6.415330439  
-7.041589092  
-7.849155305  
-9.093188935  
-10.55001158  
-11.54983526  
-11.19719258  
-8.709841306  
-3.761976026  
3.289537178  
11.38329266  
18.95897841  
24.33969481  
26.1810714  
23.85274612  
17.63570395  
8.673997848  
-1.306541984  
-10.43068697  
-17.13256373  
-20.51253477  
-20.49937884  
-17.78641075  
-13.57714985  
-9.227346802  
-5.891090081  
-4.265236533  
-4.486481487  
-6.184370219  
-8.64927917  
-11.04991394  
-12.63524839  
-12.87641822  
-11.53374347  
-8.660117509  
-4.564942859  
0.2393440941  
5.098934011  
9.292896227  
12.13029636  
13.0730497  
11.86995993  
8.667511104  
4.052463567  
-1.011625695  
-5.365127625  
-7.922157706  
-7.962861209  
-5.360196792  
-0.6598431601  
5.030823173  
10.33050025  
13.97374727  
15.18636244  
13.92451754  
10.89166511  
7.315614178  
4.54752121  
3.608147213  
4.831222126  
7.728364127  
11.13052719  
13.56929086  
13.77768489  
11.14442189  
5.964286097  
-0.6091728589  
-6.904737853  
-11.26427194  
-12.59070999  
-10.7290658  
-6.546420003  
-1.674166638  
2.011880684  
3.00796827  
0.693379026  
-4.435786342  
-10.89362183  
-16.65815386  
-19.80981118  
-19.1501141  
-14.6004709  
-7.250953442  
0.9582820692  
7.821737702  
11.5332465  
11.220189  
7.181188832  
0.7587516378  
-6.103900733  
-11.47299604  
-14.00336374  
-13.30498002  
-9.98961527  
-5.397326795  
-1.105701019  
1.608939299  
2.180581002  
0.9045272424  
-1.208400855  
-2.814714686  
-2.723223543  
-0.3190102541  
4.210872503  
9.918053994  
15.37990014  
19.13526741  
20.12828053  
18.02296252  
13.29781164  
7.101180155  
0.9213663749  
-3.822992652  
-6.15067473  
-5.743924013  
-2.982150177  
1.208145239  
5.628422808  
9.121770282  
10.8395722  
10.40021509  
7.916872901  
3.909310448  
-0.8584282006  
-5.562504233  
-9.480181568  
-12.09837354  
-13.16138157  
-12.66588956  
-10.8204588  
-7.987788305  
-4.623561176  
-1.219236989  
1.749299516  
3.867853519  
4.825525972  
4.45076313  
2.738962582  
-0.1326164577  
-3.80736776  
-7.773684701  
-11.41433732  
-14.08147442  
-15.19335674  
-14.34241412  
-11.39655378  
-6.569756978  
-0.4365719958  
6.128321522  
12.08910742  
16.44862825  
18.4688697  
17.85695068  
14.86047667  
10.23308922  
5.063850866  
0.5046596769  
-2.534579707  
-3.635280843  
-2.984622197  
-1.311084154  
0.3497393952  
0.9943013349  
-0.008252362644  
-2.685012406  
-6.419831316  
-10.12872551  
-12.60289244  
-12.91295107  
-10.74128996  
-6.526439253  
-1.360741488  
3.336669582  
6.272497994  
6.710987538  
4.738609345  
1.265773096  
-2.245722802  
-4.248807512  
-3.622444465  
-0.0600569157  
5.796449299  
12.52658692  
18.35428333  
21.68810786  
21.60266321  
18.10410255  
12.0951302  
5.056479166  
-1.442443682  
-6.234180046  
-8.877638881  
-9.709403464  
-9.613071631  
-9.59865197  
-10.35227238  
-11.92709916  
-13.6952533  
-14.58500149  
-13.52137197  
-9.909496596  
-3.977564267  
3.160621658  
9.767974836  
14.00103335  
14.51659509  
10.96306962  
4.181219353  
-3.970043707  
-11.12434276  
-15.10345247  
-14.58105988  
-9.503271487  
-1.129417621  
8.323255965  
16.32192652  
20.74846124  
20.4934264  
15.73648413  
7.838120476  
-1.108942582  
-8.9166474  
-13.92337292  
-15.41266423  
-13.71553416  
-9.989359581  
-5.76837506  
-2.445740281  
-0.8558620172  
-1.079409172  
-2.511166159  
-4.142516169  
-4.945578397  
-4.224436517  
-1.823890524  
1.855262706  
6.016091207  
9.727209271  
12.18960757  
12.92462898  
11.83918183  
9.173759479  
5.378387249  
0.977448115  
-3.526361041  
-7.688382274  
-11.11222692  
-13.43003572  
-14.31129915  
-13.51993373  
-11.00882188  
-7.012875287  
-2.089537725  
2.933757938  
7.114563165  
9.622232129  
9.972474401  
8.192882379  
4.857167836  
0.9642583998  
-2.312006057  
-3.933301344  
-3.27624661  
-0.2976715318  
4.462239387  
10.03596949  
15.29226436  
19.22492723  
21.18194153  
20.97468207  
18.84951508  
15.3485741  
11.11798233  
6.73023329  
2.572545924  
-1.178042998  
-4.505792973  
-7.470559699  
-10.128309  
-12.48890712  
-14.51919315  
-16.17598362  
-17.44052947  
-18.32809686  
-18.86211898  
-19.02405952  
-18.7072211  
-17.70665474  
-15.76538435  
-12.6732583  
-8.388950055  
-3.138774737  
2.55317724  
7.929584724  
12.1529014  
14.50734523  
14.58925525  
12.42466657  
8.474524463  
3.524356416  
-1.506689122  
-5.776720917  
-8.687268423  
-9.959450221  
-9.609905859  
-7.853310018  
-4.982959455  
-1.283557114  
2.989739724  
7.566338398  
12.08386619  
16.03424572  
18.78118367  
19.66980762  
18.20800676  
14.26130385  
8.185396542  
0.8318948872  
-6.598323809  
-12.82620846  
-16.81376953  
-18.03075363  
-16.57914945  
-13.13026382  
-8.692676957  
-4.289064346  
-0.6536022772  
1.944601398  
3.692032053  
5.044398293  
6.44040785  
8.033216168  
9.553974326  
10.37370949  
9.753479706  
7.195077837  
2.75637146  
-2.804091251  
-8.135446895  
-11.64926856  
-12.02025317  
-8.667954113  
-2.045583259  
6.384917924  
14.51196915  
20.17347461  
21.81298869  
18.97938565  
12.49790314  
4.242734008  
-3.428342063  
-8.402258947  
-9.4678201  
-6.685916135  
-1.348413642  
4.463793126  
8.579497432  
9.461906235  
6.718532239  
1.226315276  
-5.169574351  
-10.28197131  
-12.32293585  
-10.51160878  
-5.345780104  
1.552293582  
7.962766416  
11.79067055  
11.7436898  
7.742695943  
0.9341178037  
-6.692927433  
-12.95187257  
-16.15043942  
-15.60399027  
-11.81110352  
-6.248210732  
-0.8660993885  
2.535567272  
2.848859273  
-0.05407959503  
-5.359427365  
-11.63903117  
-17.33650721  
-21.23962203  
-22.78583643  
-22.11819509  
-19.90213218  
-16.99599254  
-14.11045612  
-11.5825503  
-9.335010393  
-7.015137902  
-4.238309116  
-0.8258917174  
3.063216568  
6.959545626  
10.25331708  
12.43395048  
13.29718234  
13.03206287  
12.14960272  
11.27976328  
10.91820479  
11.226748  
11.97266479  
12.63816838  
12.66337092  
11.72958769  
9.967789366  
7.998848799  
6.771488491  
7.239675921  
9.985708743  
14.92415499  
21.20287984  
27.35545403  
31.67486546  
32.70068908  
29.66754774  
22.76909967  
13.14652324  
2.597203541  
-6.911643034  
-13.77706008  
-17.1799066  
-17.26461708  
-15.03045202  
-11.97610078  
-9.614789226  
-9.012977826  
-10.49241381  
-13.57864553  
-17.19874087  
-20.0538558  
-21.04234693  
-19.60072649  
-15.8631092  
-10.60181007  
-4.9808444  
-0.2086042159  
2.800167497  
3.654565042  
2.551522556  
0.1693844811  
-2.56315418  
-4.745539274  
-5.748535559  
-5.358468467  
-3.793612433  
-1.602420394  
0.5161403353  
1.914325227  
2.165181357  
1.160877595  
-0.8767769944  
-3.467231902  
-5.999251033  
-7.88189165  
-8.68251355  
-8.221503115  
-6.604204735  
-4.184524469  
-1.469706838  
1.010572863  
2.838188739  
3.80839835  
3.970696665  
3.594808941  
3.06890901  
2.758571926  
2.869970662  
3.363625616  
3.95263783  
4.194155845  
3.651487979  
2.077234246  
-0.4452364837  
-3.457332335  
-6.205844305  
-7.836714582  
-7.650192971  
-5.339447851  
-1.132766225  
4.215796306  
9.597220213  
13.83794676  
16.02688057  
15.77947388  
13.35486754  
9.585194997  
5.634251133  
2.656676162  
1.460957032  
2.279020128  
4.71158437  
7.863039359  
10.62007613  
11.98479653  
11.35885035  
8.695000519  
4.478148961  
-0.4461205977  
-5.130758079  
-8.786599007  
-10.96234315  
-11.59946377  
-10.96282629  
-9.489681682  
-7.622335172  
-5.686382824  
-3.85014629  
-2.163648054  
-0.6421285475  
0.6566916103  
1.60535066  
2.046521981  
1.882867556  
1.17236881  
0.1765055422  
-0.6759268132  
-0.9126965347  
-0.1938254618  
1.525038352  
3.910713071  
6.29825826  
7.866896105  
7.898835588  
6.037123243  
2.449919233  
-2.16651686  
-6.762106521  
-10.23894122  
-11.79368735  
-11.18205298  
-8.810959039  
-5.618403917  
-2.772058335  
-1.281262082  
-1.650825753  
-3.695756685  
-6.585415799  
-9.109739817  
-10.08435853  
-8.761793767  
-5.110147198  
0.1380651383  
5.689187283  
10.08172256  
12.14281832  
11.35789578  
8.030479731  
3.178014792  
-1.802809875  
-5.590405821  
-7.360825142  
-7.036948948  
-5.280387282  
-3.228598987  
-2.065821556  
-2.57372958  
-4.816426838  
-8.071365508  
-11.03692182  
-12.25504791  
-10.61412842  
-5.767279693  
1.675225747  
10.25087491  
18.02475206  
23.13395864  
24.33232213  
21.36828813  
15.0783335  
7.164048904  
-0.2831041042  
-5.369427053  
-6.925988792  
-4.821400823  
0.02807761606  
5.948855773  
11.01031703  
13.58505314  
12.80517454  
8.785655955  
2.557476827  
-4.260258113  
-9.944955335  
-13.16555785  
-13.34395766  
-10.78308519  
-6.533977534  
-2.051521524  
1.251381377  
2.41603683  
1.196649098  
-1.904392882  
-5.825411426  
-9.292510886  
-11.21389838  
-11.00024977  
-8.716529661  
-5.025128437  
-0.9453006099  
2.489761753  
4.567063272  
5.112622405  
4.526390222  
3.623546808  
3.334212121  
4.358982025  
6.892639046  
10.5081119  
14.24330447  
16.87004507  
17.26648331  
14.78010848  
9.468712506  
2.141606858  
-5.817367129  
-12.79803928  
-17.38460156  
-18.7280424  
-16.76358035  
-12.21248699  
-6.37089128  
-0.7497991969  
3.328419888  
5.063042523  
4.348461932  
1.749254325  
-1.703291739  
-4.823790209  
-6.599517154  
-6.440584605  
-4.293275316  
-0.601782079  
3.851868363  
8.169372834  
11.55081481  
13.44773324  
13.62815358  
12.15843386  
9.329814335  
5.566141377  
1.342520534  
-2.871375478  
-6.646705757  
-9.623035985  
-11.54062422  
-12.2798732  
-11.89671323  
-10.63364486  
-8.887404896  
-7.12709794  
-5.776757057  
-5.095302617  
-5.095762604  
-5.538499382  
-6.010747966  
-6.073677721  
-5.430155901  
-4.052765772  
-2.219825964  
-0.4361726389  
0.7433636096  
0.9311408734  
0.08664337958  
-1.413009971  
-2.85091086  
-3.384719443  
-2.33460584  
0.5508244223  
4.947244204  
9.988969014  
14.4895435  
17.28877676  
17.61869332  
15.36758161  
11.14867117  
6.141059607  
1.745080686  
-0.8422118678  
-0.9960042592  
1.143462795  
4.718990288  
8.431745438  
10.95520115  
11.35327803  
9.367307483  
5.480858581  
0.7461086778  
-3.565428852  
-6.36807989  
-7.088396666  
-5.80897774  
-3.191602371  
-0.2180391725  
2.152540193  
3.28703504  
3.040852424  
1.733428223  
-0.03882205066  
-1.669428934  
-2.78081457  
-3.343795053  
-3.637033427  
-4.071324468  
-4.957954741  
-6.322970531  
-7.850659363  
-8.987221725  
-9.169274317  
-8.087512698  
-5.875502532  
-3.136309006  
-0.7787169109  
0.2914289044  
-0.4817596235  
-3.049090976  
-6.698953004  
-10.23751691  
-12.36100366  
-12.10047183  
-9.185089964  
-4.189049742  
1.603845745  
6.587683885  
9.353947435  
9.17088392  
6.257003196  
1.746939356  
-2.65042676  
-5.197033572  
-4.697441  
-0.9076588231  
5.357871165  
12.46119752  
18.44420623  
21.6371126  
21.17322448  
17.24256356  
11.00408887  
4.19033892  
-1.460073846  
-4.751432922  
-5.380164995  
-3.973561719  
-1.813663275  
-0.3481873106  
-0.6600695675  
-3.077553492  
-7.055334852  
-11.36272338  
-14.50998436  
-15.26480701  
-13.0832539  
-8.311594316  
-2.094804715  
3.973864981  
8.343560951  
9.975752209  
8.644379106  
4.977562575  
0.2384292753  
-4.074585406  
-6.675589567  
-6.84831198  
-4.611901684  
-0.6621281971  
3.873404178  
7.774856839  
10.05525377  
10.18060742  
8.139615611  
4.370541931  
-0.4052329034  
-5.375489923  
-9.796292046  
-13.08645822  
-14.858624  
-14.91200687  
-13.21855207  
-9.922949842  
-5.355476698  
-0.0369463591  
5.352815945  
10.06236414  
13.40809522  
14.93479501  
14.54727109  
12.5618559  
9.64654197  
6.653454356  
4.385714449  
3.367533003  
3.6909838  
4.991900375  
6.566828796  
7.59674923  
7.407183393  
5.68139636  
2.558655982  
-1.412395896  
-5.447110992  
-8.765520195  
-10.82053419  
-11.44092864  
-10.84766703  
-9.546223323  
-8.138658781  
-7.122986988  
-6.746981073  
-6.959742835  
-7.467587829  
-7.864292251  
-7.783030314  
-7.015171616  
-5.558988738  
-3.590854558  
-1.380895425  
0.8069405787  
2.789754162  
4.49034181  
5.9105471  
7.074587465  
7.974818892  
8.548521929  
8.697529649  
8.340856628  
7.473594515  
6.200876357  
4.725967216  
3.292108334  
2.099910019  
1.235556302  
0.6437414096  
0.1619452948  
-0.3934200045  
-1.123148642  
-1.969767352  
-2.70962786  
-3.026729238  
-2.648454042  
-1.493440883  
0.2307895341  
2.031475436  
3.252460953  
3.286318831  
1.808916716  
-1.049508766  
-4.670309285  
-8.08115498  
-10.23314259  
-10.33940804  
-8.163579198  
-4.153072822  
0.6435355383  
4.866364861  
7.260908353  
7.091846659  
4.416244415  
0.1164303117  
-4.333169763  
-7.304475751  
-7.52845275  
-4.520791373  
1.218872037  
8.305908899  
14.84651301  
18.98087966  
19.4295607  
15.87584169  
9.066857831  
0.6030901511  
-7.518138556  
-13.46510106  
-16.0704576  
-15.12050605  
-11.35730025  
-6.205778774  
-1.320490427  
1.904016586  
2.712473845  
1.153662753  
-2.001863916  
-5.547139928  
-8.226208397  
-9.101214285  
-7.794600277  
-4.54985343  
-0.1139955752  
4.503186541  
8.309753886  
10.56969808  
10.94162647  
9.499823745  
6.656090394  
3.024041445  
-0.7275549498  
-3.996888699  
-6.330235888  
-7.463420895  
-7.334306323  
-6.076619501  
-3.998119681  
-1.538847931  
0.7963983303  
2.530406992  
3.317019226  
3.02944284  
1.802374585  
0.004630240798  
-1.861078536  
-3.308250225  
-4.021150858  
-3.959680308  
-3.371129586  
-2.694475201  
-2.381234242  
-2.691235068  
-3.538179168  
-4.450592185  
-4.678988466  
-3.430312519  
-0.1624071808  
5.157985924  
11.92809678  
18.97228918  
24.79640971  
27.97090663  
27.53345511  
23.28827952  
15.90515549  
6.779617251  
-2.311444809  
-9.660858081  
-14.05746144  
-15.06399178  
-13.06980487  
-9.112179716  
-4.531161468  
-0.5712762498  
1.945926536  
2.784357607  
2.255827715  
1.014614668  
-0.2306873041  
-0.9819866187  
-1.103780467  
-0.8198391823  
-0.5708531997  
-0.7992276974  
-1.750090056  
-3.366365829  
-5.315664359  
-7.133426588  
-8.420769946  
-9.014004279  
-9.054001497  
-8.923168668  
-9.070840103  
-9.79412942  
-11.0629473  
-12.46572476  
-13.30996684  
-12.85397718  
-10.59366972  
-6.50152111  
-1.124091925  
4.511160256  
9.164465706  
11.74946924  
11.67899392  
9.07390136  
4.758231951  
0.03220264175  
-3.711616479  
-5.409525416  
-4.649864477  
-1.791794524  
2.161904044  
5.899526378  
8.235607803  
8.505203739  
6.787741836  
3.885326794  
1.059941815  
-0.3874220315  
0.4394546674  
3.70877302  
8.763540573  
14.28403759  
18.66116413  
20.46548162  
18.86789099  
13.8846558  
6.376122074  
-2.193962082  
-10.15891635  
-16.08422887  
-19.1078967  
-19.09311697  
-16.5643579  
-12.46707906  
-7.843393459  
-3.534525846  
-0.001577907275  
2.692216147  
4.754266727  
6.456793625  
7.941716205  
9.11525749  
9.672049757  
9.236026392  
7.558750341  
4.691978407  
1.0592297  
-2.612529547  
-5.487901512  
-6.882700278  
-6.498465623  
-4.545902232  
-1.706144497  
1.066714532  
2.843141839  
3.019983395  
1.525737865  
-1.142457704  
-4.067451415  
-6.201985837  
-6.707543898  
-5.231552104  
-2.031087468  
2.099434381  
6.07487885  
8.860910913  
9.799376457  
8.811279294  
6.411221944  
3.529206929  
1.199049134  
0.2163301465  
0.878205116  
2.889497886  
5.463951577  
7.584700346  
8.336022121  
7.196232516  
4.196394874  
-0.1039316738  
-4.81077126  
-8.98992822  
-11.959763  
-13.4841322  
-13.80365702  
-13.50043197  
-13.24892643  
-13.54406782  
-14.50376472  
-15.81533247  
-16.84376691  
-16.86259603  
-15.32518451  
-12.08051469  
-7.457463029  
-2.187702476  
2.806319878  
6.685469518  
8.936531077  
9.502146043  
8.757157692  
7.344624945  
5.933298811  
4.98445405  
4.610555334  
4.573587775  
4.419710095  
3.69737307  
2.176031446  
-0.01751940671  
-2.398199372  
-4.261265485  
-4.913930193  
-3.919301743  
-1.26623048  
2.596414494  
6.876092788  
10.66667354  
13.21641012  
14.14537051  
13.54159562  
11.90690006  
9.973938478  
8.458209991  
7.828072154  
8.166357101  
9.163518594  
10.23666115  
10.72781325  
10.11224381  
8.150212924  
4.9406803  
0.8726464314  
-3.495424191  
-7.577777591  
-10.87584163  
-13.03566755  
-13.84792443  
-13.21556936  
-11.12544414  
-7.652397388  
-3.002001914  
2.429511407  
8.018644935  
12.94325425  
16.29880973  
17.29059349  
15.45409012  
10.83280068  
4.044059105  
-3.808588583  
-11.37029469  
-17.36012007  
-20.89319554  
-21.69965751  
-20.16732581  
-17.18918737  
-13.86041597  
-11.12119474  
-9.462559764  
-8.793939604  
-8.518272568  
-7.790328453  
-5.869952296  
-2.446874255  
2.179716781  
7.136532321  
11.22363006  
13.29767702  
12.66548076  
9.354473206  
4.164133764  
-1.527434563  
-6.147507154  
-8.385840704  
-7.582559997  
-3.925733066  
1.601829183  
7.50772186  
12.21629856  
14.50437213  
13.8165211  
10.3735249  
5.055837808  
-0.8858224729  
-6.192002916  
-9.91457282  
-11.60683178  
-11.34630484  
-9.610910362  
-7.073371239  
-4.394776292  
-2.083451757  
