-6.033820348  
-5.197453907  
-4.040093173  
-2.922345844  
-2.097543456  
-1.658051375  
-1.543323623  
-1.601188729  
-1.675065678  
-1.681401909  
-1.646521142  
-1.688452439  
-1.951240497  
-2.518662255  
-3.343962614  
-4.228108177  
-4.862297457  
-4.92660377  
-4.214074808  
-2.736654063  
-0.7712691961  
1.178664733  
2.504107446  
2.663184241  
1.355566981  
-1.356502026  
-5.022399894  
-8.887428566  
-12.06917152  
-13.77943074  
-13.53028508  
-11.2659892  
-7.383102811  
-2.632802081  
2.067426418  
5.860813078  
8.155708563  
8.754249153  
7.874822233  
6.067751307  
4.051942732  
2.519107907  
1.957434557  
2.537632168  
4.08535238  
6.140791117  
8.085286674  
9.300897084  
9.324376698  
7.961328143  
5.33743021  
1.87778937  
-1.779727598  
-4.91886658  
-6.899742375  
-7.302242448  
-6.027260319  
-3.331411729  
0.2169289778  
3.85622739  
6.803057161  
8.438849128  
8.466759133  
6.995834255  
4.524316424  
1.818338222  
-0.2891560853  
-1.129634007  
-0.3977123173  
1.741140073  
4.670705199  
7.474086915  
9.178125787  
9.026734562  
6.705834677  
2.453194354  
-2.982274431  
-8.524085942  
-13.04478527  
-15.65753835  
-15.93952715  
-14.02391395  
-10.53643385  
-6.398907354  
-2.561252269  
0.2567696024  
1.738449468  
2.01094601  
1.549719978  
0.9846208354  
0.8742540695  
1.521564617  
2.886304384  
4.615805319  
6.176194103  
7.034908271  
6.832040334  
5.486079877  
3.205274518  
0.4091008667  
-2.406099349  
-4.807739853  
-6.526943715  
-7.489787246  
-7.779077776  
-7.55119699  
-6.946864154  
-6.033188349  
-4.798788706  
-3.20021427  
-1.236205024  
0.9855549502  
3.222094421  
5.126316548  
6.330109763  
6.552679622  
5.696087571  
3.89270177  
1.485111296  
-1.057743719  
-3.262395726  
-4.771907144  
-5.428124827  
-5.290996064  
-4.592640342  
-3.645587652  
-2.7386292  
-2.05522924  
-1.638711387  
-1.409864162  
-1.223488433  
-0.9379275813  
-0.4697936637  
0.184813436  
0.9658248581  
1.789126235  
2.589370331  
3.344765867  
4.072718242  
4.79968906  
5.5216195  
6.176731951  
6.648145725  
6.800765432  
6.540766339  
5.873476433  
4.932350944  
3.960110174  
3.24060043  
3.000197011  
3.312493527  
4.043305245  
4.862271419  
5.325465652  
5.007932758  
3.645141356  
1.235883818  
-1.930822726  
-5.338256795  
-8.377583518  
-10.51477625  
-11.43553556  
-11.12148934  
-9.833904192  
-8.012506283  
-6.125982314  
-4.526541848  
-3.358369326  
-2.549199945  
-1.883414912  
-1.124915778  
-0.1399188606  
1.029727895  
2.172807272  
2.993774568  
3.244387874  
2.849925063  
1.97732451  
1.012088248  
0.4437776033  
0.6947361936  
1.950517602  
4.054257072  
6.508631185  
8.594129222  
9.572630822  
8.91474436  
6.478598867  
2.581174195  
-2.063661877  
-6.524196453  
-9.893973691  
-11.52636531  
-11.19207592  
-9.11666777  
-5.893437221  
-2.30476108  
0.8898215504  
3.135652842  
4.187360854  
4.116883167  
3.23800928  
1.983767174  
0.7808923807  
-0.04261245254  
-0.3002156719  
0.05512851757  
0.9577862361  
2.25815378  
3.739127696  
5.121376289  
6.071908699  
6.234985383  
5.296883398  
3.078813942  
-0.3672177485  
-4.697341258  
-9.285605974  
-13.3227575  
-15.99255779  
-16.68328525  
-15.17167903  
-11.71623887  
-7.019135096  
-2.055509252  
2.18692332  
4.981602399  
6.063960035  
5.691932216  
4.541862995  
3.469310364  
3.210739632  
4.124797206  
6.06175765  
8.408979166  
10.30148965  
10.92981748  
9.841490487  
7.131311693  
3.450022754  
-0.1792642035  
-2.68243589  
-3.290470263  
-1.812165962  
1.270360608  
4.921100411  
7.852344473  
8.917201944  
7.469290416  
3.575729892  
-1.984121002  
-7.93383804  
-12.86132814  
-15.61415105  
-15.60862485  
-12.96316789  
-8.424490743  
-3.120786639  
1.772171785  
5.344995664  
7.156095421  
7.271424088  
6.149723224  
4.429715928  
2.701871809  
1.342877126  
0.4598275206  
-0.05391894158  
-0.3909368787  
-0.6929438949  
-0.9654519393  
-1.078192756  
-0.8471955034  
-0.1589857357  
0.9213312703  
2.111065945  
2.966013789  
3.019371371  
1.956422189  
-0.239777787  
-3.230125809  
-6.378273249  
-8.915161825  
-10.15966016  
-9.723927889  
-7.635112049  
-4.331969639  
-0.536612119  
2.956803525  
5.507394764  
6.794461836  
6.874943507  
6.118486617  
5.048742237  
4.1497715  
3.705317429  
3.723846708  
3.969526715  
4.081060601  
3.730010248  
-4.686440402  
-7.782415314  
-9.478717653  
-9.575885273  
-8.356088835  
-6.468345785  
-4.688814188  
-3.642237402  
-3.584896939  
-4.327380587  
-5.325149276  
-5.903703695  
-5.535567936  
-4.065955557  
-1.80096391  
0.5793105781  
2.257075135  
2.581487251  
1.33288581  
-1.151444159  
-4.042322421  
-6.261229968  
-6.824649967  
-5.176797846  
-1.398231542  
3.782795418  
9.184465346  
13.51103529  
15.72972603  
15.36460718  
12.61564802  
8.269645295  
3.438569261  
-0.7839393793  
-3.633722323  
-4.856633549  
-4.708701118  
-3.789823225  
-2.781214788  
-2.186070075  
-2.166068054  
-2.526449891  
-2.845139235  
-2.687562372  
-1.818245619  
-0.3236961105  
1.403277505  
2.813123893  
3.42540969  
3.042024364  
1.860775164  
0.437726788  
-0.4972815926  
-0.3110859013  
1.273159625  
4.025486172  
7.231439509  
9.89165601  
11.03950778  
10.07253583  
6.983424687  
2.405950798  
-2.548363027  
-6.616543944  
-8.770321814  
-8.536085292  
-6.142012309  
-2.441721675  
1.362236849  
4.104721433  
5.026591229  
4.003517768  
1.55972774  
-1.336260646  
-3.623209716  
-4.525512212  
-3.828644356  
-1.956898815  
0.1742395838  
1.481887746  
1.106002763  
-1.267257902  
-5.26113306  
-9.895588956  
-13.88173769  
-16.02905286  
-15.63242497  
-12.71137944  
-8.021258186  
-2.830152342  
1.46868973  
3.786031004  
3.671319449  
1.447553458  
-1.894705611  
-5.008839299  
-6.609836766  
-5.867627649  
-2.656198541  
2.413423637  
8.179403893  
13.27046097  
16.49394716  
17.1535667  
15.20783032  
11.23415421  
6.224727484  
1.288762138  
-2.642686364  
-5.023591038  
-5.76220236  
-5.151607793  
-3.704272997  
-1.957837187  
-0.3191416537  
1.00953886  
2.013461064  
2.782962048  
3.411724574  
3.922867391  
4.25259075  
4.293422702  
3.972416441  
3.324532694  
2.52330361  
1.848666606  
1.598297473  
1.973354004  
2.982504534  
4.404304962  
5.828353981  
6.767320832  
6.805381339  
5.733469262  
3.624298806  
0.8193412441  
-2.170234182  
-4.817004231  
-6.734250253  
-7.783815193  
-8.098674001  
-8.013055451  
-7.924751003  
-8.137557833  
-8.738882171  
-9.555728452  
-10.20562454  
-10.22673413  
-9.244224265  
-7.117207664  
-4.016379509  
-0.4048005756  
3.074386864  
5.769653348  
7.199750669  
7.185159874  
5.893558697  
3.7875942  
1.493132436  
-0.3709769068  
-1.351257368  
-1.262390148  
-0.2101525377  
1.464536262  
3.296650832  
4.826057802  
5.706555868  
5.768038422  
5.022567026  
3.6233127  
1.797925684  
-0.2185026011  
-2.230917754  
-4.103229669  
-5.751722656  
-7.124509046  
-8.180887511  
-8.880901522  
-9.187855494  
-9.079216503  
-8.557033102  
-7.64977165  
-6.402469992  
-4.858943402  
-3.045230364  
-0.9646343622  
1.389078445  
4.00149409  
6.800091166  
9.624944665  
12.22327055  
14.27738646  
15.46481248  
15.53737165  
14.39726015  
12.14595471  
9.087420007  
5.6794762  
2.442267302  
-0.153873743  
-1.79182203  
-2.374541335  
-2.037406455  
-1.1031968  
0.007277825299  
0.8840966648  
1.22749707  
0.9124012937  
0.003920566422  
-1.27629723  
-2.619998514  
-3.717291036  
-4.333699982  
-4.36104245  
-3.832753665  
-2.904468526  
-1.808995483  
-0.7994269229  
-0.09450331137  
0.1627023883  
-0.07346671644  
-0.7504755198  
-1.735344267  
-2.846171556  
-3.891383143  
-4.710059891  
-5.206283162  
-5.370490608  
-5.281960143  
-5.08927549  
-4.970283943  
-5.078758914  
-5.490454933  
-6.164047028  
-6.931261656  
-7.524276331  
-7.638439476  
-7.01696322  
-5.535166468  
-3.258460205  
-0.4527409852  
2.462282763  
5.009790113  
6.77918168  
7.541900014  
7.324266964  
6.411710741  
5.277322231  
4.450176197  
4.35830928  
5.191461345  
6.825770292  
8.836632096  
10.60119663  
11.46541075  
10.93041084  
8.805594147  
5.283598154  
0.9138120998  
-3.520437923  
-7.188508302  
-9.412338663  
-9.825922843  
-8.452903478  
-5.684877669  
-2.171118593  
1.345780598  
4.201309859  
5.942577448  
6.394047913  
5.648323355  
3.99702852  
1.832165469  
-0.4483786776  
-2.505715166  
-4.085795542  
-5.014008777  
-5.178011048  
-4.520082063  
-3.051914839  
-0.8895900674  
1.708772559  
4.328908976  
6.433640372  
7.453180822  
6.920835094  
4.620954015  
0.7030192882  
-4.282776105  
-9.455517831  
-13.77653927  
-16.28984103  
-16.36882573  
-13.89913828  
-9.339609894  
-3.634353592  
2.008948237  
6.419473384  
8.761350312  
8.745655207  
6.694632053  
3.437888197  
0.06880100965  
-2.369455064  
-3.177757104  
-2.189976364  
0.1967333033  
3.15692283  
5.694770845  
6.946752396  
6.438832468  
4.223305042  
0.8578665628  
-2.762530287  
-5.667037647  
-7.083623285  
-6.646397747  
-4.478314386  
-1.131835564  
2.586780012  
5.850856749  
8.03239339  
8.844488716  
8.372639184  
6.996951943  
5.240167833  
3.595606364  
2.389551618  
1.715781166  
1.452698754  
1.345918707  
1.120196563  
0.57986019  
-0.3334655336  
-1.538024931  
-2.855410323  
-4.076893357  
-5.0250961  
-5.590336384  
-5.73501211  
-5.474102413  
-4.849053209  
-3.912388061  
-2.731910381  
-1.410376393  
-0.1053386122  
0.9701284608  
1.579295665  
1.525802137  
0.7328490648  
-0.6916491113  
-2.434896501  
-4.024111421  
-4.935514059  
-4.742336297  
-3.258303326  
-0.6280754197  
2.672102912  
5.934295006  
8.397629931  
9.456426011  
8.834798255  
6.67174139  
3.486501842  
0.03124426923  
-2.925552915  
-4.818182992  
-5.436493627  
-4.964220557  
-3.891766627  
-2.833384963  
-2.310302247  
-2.572425507  
-3.517998894  
-4.737230931  
-5.663676211  
-5.780426156  
-4.809518421  
-2.81900621  
-0.2106402649  
2.407499662  
4.419197973  
5.400426616  
5.252439556  
4.221959072  
2.802370708  
1.551747601  
0.8928858504  
0.967042585  
1.59415677  
2.354514034  
2.763056532  
2.473469984  
1.436661739  
-0.04759063265  
-1.410806124  
-2.006507918  
-1.349806761  
0.6761957718  
3.7221679  
7.024487386  
9.601064844  
10.53677917  
9.272562341  
5.807269454  
0.7455797634  
-4.829310651  
-9.626610653  
-12.4873267  
-12.69606238  
-10.17710345  
-5.520411464  
0.167853606  
5.546632459  
9.374618983  
10.80863804  
9.590557449  
6.081535235  
1.145179011  
-4.080278269  
-8.456280134  
-11.09536868  
-11.53366195  
-9.794005921  
-6.338787504  
-1.936273782  
2.520523953  
6.199900775  
8.485867781  
9.076363746  
8.014307658  
5.653019303  
2.567290866  
-0.5715983962  
-3.133970475  
-4.657784716  
-4.938351804  
-4.06252875  
-2.378071644  
-0.4025939422  
1.308386834  
2.302611525  
2.344727334  
1.470657278  
-0.03411768754  
-1.727688815  
-3.149775841  
-3.963189891  
-4.054494021  
-3.561116838  
-2.815056711  
-2.220543571  
-2.105690361  
-2.59831636  
-3.569572035  
-4.667319328  
-5.431078493  
-5.451808836  
-4.52283479  
-2.728990355  
-0.4401992037  
1.792882585  
3.410126427  
4.025096442  
3.559010025  
2.278929587  
0.7241101846  
-0.4587800554  
-0.7203170389  
0.2125446842  
2.240784901  
4.912539547  
7.551681423  
9.455132261  
10.09673814  
9.27450546  
7.157553379  
4.222456878  
1.104235372  
-1.586797972  
-3.423115059  
-4.245897166  
-4.158866867  
-3.442551601  
-2.427494282  
-1.375902166  
-0.4138229538  
0.4664902259  
1.342846161  
2.270862787  
3.206603718  
3.980800654  
4.340154265  
4.043396854  
2.976081421  
1.237449177  
-0.840246006  
-2.757001316  
-3.981582422  
-4.118470221  
-3.05012386  
-1.003634502  
1.486728643  
3.716502754  
5.009769978  
4.920045531  
3.370724262  
0.6896925756  
-2.475111129  
-5.335686174  
-7.186356262  
-7.602405897  
-6.556359652  
-4.418809131  
-1.845863022  
0.411096995  
1.715826323  
1.71664133  
0.4285087417  
-1.790634041  
-4.355939626  
-6.62490845  
-8.06821843  
-8.394294604  
-7.597324991  
-5.923375427  
-3.773330907  
-1.577490397  
0.3192734822  
1.730798748  
2.646470264  
3.195236225  
3.575360263  
3.975871965  
4.514226832  
5.206152793  
5.971652363  
6.669847297  
7.148035325  
7.288591901  
7.040648491  
6.42992277  
5.547209439  
4.521544164  
3.486903195  
2.551261958  
1.774722922  
1.160407015  
0.6587458575  
0.1833830334  
-0.3648633385  
-1.070771446  
-1.979670376  
-3.080174624  
-4.299377888  
-5.513154317  
-6.570890148  
-7.330111709  
-7.692979514  
-7.634826259  
-7.215716801  
-6.569740126  
-5.872692974  
-5.295254162  
-4.953980949  
-4.874273932  
-4.977215218  
-5.096086736  
-5.019946108  
-4.553479729  
-3.57678326  
-2.087796098  
-0.2141039254  
1.810973395  
3.7032406  
5.199644412  
6.128361526  
6.457637214  
6.309102112  
5.930386839  
5.632402434  
5.706097718  
6.339316889  
7.555037245  
9.187784658  
10.90619717  
12.27891397  
12.87037022  
12.34540289  
10.55848021  
7.605661143  
3.824925187  
-0.2583246862  
-4.031285106  
-6.91881096  
-8.506131499  
-8.630716551  
-7.420667828  
-5.268448278  
-2.74374828  
-0.464150562  
1.046686323  
1.47943709  
0.8084266137  
-0.7080095016  
-2.597025936  
-4.293951249  
-5.287682162  
-5.252148157  
-4.130451567  
-2.1503266  
0.2328954556  
2.450896622  
3.965023369  
4.400491642  
3.638215161  
1.841620451  
-0.5874239787  
-3.111502774  
-5.19283089  
-6.426663602  
-6.639892057  
-5.930711465  
-4.639733563  
-3.259349426  
-2.302755605  
-2.163764184  
-3.001205283  
-4.677013806  
-6.765885253  
-8.638694697  
-9.604987552  
-9.084975697  
-6.772093681  
-2.745943996  
2.496650647  
8.108116684  
13.04763881  
16.300089  
17.10860832  
15.16510326  
10.70855867  
4.500466531  
-2.324167571  
-8.4996785  
-12.90962129  
-14.83440235  
-14.10315948  
-11.11009843  
-6.691387959  
-1.896803243  
2.280389706  
5.140434272  
6.416544197  
6.282113548  
5.231207177  
3.87620882  
2.730997411  
2.050558267  
1.777597752  
1.60986299  
1.160541445  
0.1519802122  
-1.429031027  
-3.273500879  
-4.815880795  
-5.405907961  
-4.531220177  
-2.015086305  
1.881153711  
6.491577279  
10.9113218  
14.24577956  
15.86524516  
15.58278548  
13.69657885  
10.88154657  
7.964592755  
5.656573166  
4.328923432  
3.908648167  
3.926221069  
3.700122607  
2.595907732  
0.2724682029  
-3.167998879  
-7.178180645  
-10.91479028  
-13.49154789  
-14.25458085  
-12.99148581  
-10.00717097  
-6.042974295  
-2.065935388  
1.004288713  
2.545689685  
2.386395459  
0.818435852  
-1.522617488  
-3.865873161  
-5.530789612  
-6.10023544  
-5.494166408  
-3.93402099  
-1.824862259  
0.393484914  
2.371052009  
3.909016034  
4.947470389  
5.499576432  
5.571765812  
5.112009257  
4.013121009  
2.171947478  
-0.4209920572  
-3.602805386  
-7.010896196  
-10.12954461  
-12.40485816  
-13.39479101  
-12.90434248  
-11.05730958  
-8.275339065  
-5.165897072  
-2.35224036  
-0.2993460567  
0.8078810997  
1.09480555  
0.9270664432  
0.765534049  
0.9963185948  
1.793605004  
3.060914655  
4.46889929  
5.574732889  
5.98098292  
5.479716538  
4.134133138  
2.272310941  
0.3973778271  
-0.9548014809  
-1.364468136  
-0.6386237215  
1.145591166  
3.670303794  
6.462136316  
9.002351025  
10.82953363  
11.61210829  
11.1834264  
9.546263832  
6.860681513  
3.427148311  
-0.3320577104  
-3.900362432  
-6.715799905  
-8.250128733  
-8.114577579  
-6.172032539  
-2.622080199  
1.977559894  
6.778346446  
10.79810029  
13.13939101  
13.21541437  
10.91891154  
6.679183703  
1.380933971  
-3.841574036  
-7.883012748  
-9.941846653  
-9.71394755  
-7.450330906  
-3.864885435  
0.07698151443  
3.422973419  
5.472475431  
5.921912251  
4.88287621  
2.781554215  
0.1850976727  
-2.380082485  
-4.557509866  
-6.202100648  
-7.334832693  
-8.04461284  
-8.389009095  
-8.341438125  
-7.808888113  
-6.710855702  
-5.080740224  
-3.137289208  
-1.282442367  
-0.01006245929  
0.2524678515  
-0.6840471345  
-2.652779461  
-5.121808658  
-7.313873455  
-8.428853042  
-7.902261489  
-5.613319442  
-1.966261271  
2.19326486  
5.810538122  
7.934609617  
8.012366213  
6.066088349  
2.692319381  
-1.122102155  
-4.309546708  
-6.055775278  
-6.047856502  
-4.552596965  
-2.299043435  
-0.2053865938  
0.9556162925  
0.8365624975  
-0.3573897106  
-1.939799961  
-2.989566917  
-2.688007247  
-0.6286656477  
3.010129817  
7.493532374  
11.75364582  
14.73424495  
15.73932547  
14.66479419  
12.03139875  
8.804744588  
6.061905394  
4.618193275  
4.742962467  
6.06441854  
7.699209061  
8.565503736  
7.774066819  
4.963322891  
0.4613825642  
-4.784615183  
-9.493048297  
-12.45446028  
-12.92588995  
-10.88080943  
-7.029526016  
-2.600702654  
1.046108558  
2.850714643  
2.384907941  
-0.02078735754  
-3.396470003  
-6.457819176  
-8.02930461  
-7.427522169  
-4.681364402  
-0.5207643169  
3.858008757  
7.170383515  
8.440506391  
7.290340593  
4.03270991  
-0.4534503968  
-5.016443617  
-8.592157914  
-10.51287442  
-10.66859927  
-9.478036819  
-7.691108846  
-6.099160029  
-5.255479862  
-5.299354653  
-5.937015767  
-6.576863212  
-6.564236457  
-5.429996033  
-3.06678305  
0.2242620389  
3.826765993  
7.004864598  
9.131287844  
9.870636742  
9.260259559  
7.669127696  
5.657334565  
3.790521859  
2.474397259  
1.862014256  
1.85674573  
2.19832649  
2.591263581  
2.823688794  
2.833488563  
2.702524156  
2.589367356  
2.634360387  
2.879736476  
3.23893212  
3.527370568  
3.540796606  
3.147132209  
2.351998309  
1.308389077  
0.2637544969  
-0.5362573374  
-0.9492065026  
-1.000084588  
-0.8788792661  
-0.8673297547  
-1.21920427  
-2.039072405  
-3.208731049  
-4.396022504  
-5.151738048  
-5.067133597  
-3.93909422  
-1.8824054  
0.6574776572  
3.005989723  
4.450854577  
4.465712869  
2.893189757  
0.02376345655  
-3.461984391  
-6.676364122  
-8.779801956  
-9.229670761  
-7.94369825  
-5.324599723  
-2.136261061  
0.7306562611  
2.529955972  
2.882230197  
1.878228147  
0.03192151469  
-1.899403865  
-3.167751301  
-3.276653405  
-2.134535299  
-0.07101361716  
2.286172004  
4.229842288  
5.212971048  
5.028618805  
3.870769829  
2.257245331  
0.842327499  
0.1835049076  
0.541670499  
1.782457287  
3.412366604  
4.738306888  
5.098389894  
4.088443074  
1.710317975  
-1.606223067  
-5.115360804  
-7.965456727  
-9.441871048  
-9.167710475  
-7.202919006  
-4.015418108  
-0.3382131422  
3.039539931  
5.482208997  
6.656849132  
6.583469742  
5.581227108  
4.137571175  
2.748196847  
1.77938614  
1.39108974  
1.53481609  
2.014355241  
2.578357772  
3.007894012  
3.169924468  
3.025005693  
2.597116572  
1.927702247  
1.039741473  
-0.06978647516  
-1.405678328  
-2.931222502  
-4.528927757  
-5.988761166  
-7.037304873  
-7.404732207  
-6.909842258  
-5.533294655  
-3.450160827  
-1.004928051  
1.368544229  
3.259974586  
4.393487055  
4.700327041  
4.32890106  
3.588073026  
2.841860327  
2.390137748  
2.374584229  
2.740460173  
3.265512284  
3.644428175  
3.598453043  
2.97185038  
1.782395734  
0.2099643167  
-1.470385545  
-2.984917509  
-4.151325673  
-4.929631135  
-5.416054684  
-5.783595523  
-6.193008767  
-6.70932576  
-7.257367769  
-7.635659109  
-7.586511942  
-6.898613191  
-5.505101791  
-3.539703051  
-1.326682862  
0.6973075334  
2.107553715  
2.622727337  
2.200203213  
1.062348947  
-0.3574730066  
-1.534662705  
-2.002983663  
-1.488468408  
0.01300500491  
2.237007478  
4.728341659  
6.969434965  
8.518917695  
9.118931132  
8.742062957  
7.569638028  
5.91541594  
4.124752173  
2.484083784  
1.168153762  
0.2360459173  
-0.3318401182  
-0.5783664391  
-0.5233882553  
-0.1483756088  
0.580754989  
1.662433862  
3.00331642  
4.385139222  
5.476145019  
5.893352674  
5.303043042  
3.530966032  
0.6467825821  
-3.008097349  
-6.864840428  
-10.23804934  
-12.47704716  
-13.11845773  
-11.99916183  
-9.29916011  
-5.503082949  
-1.291152334  
2.611040171  
5.585081246  
7.237338028  
7.456210011  
6.401290364  
4.434987904  
2.020574243  
-0.3840597111  
-2.411077449  
-3.829916902  
-4.554100072  
-4.616071245  
-4.125429075  
-3.226803202  
-2.069259013  
-0.7918820461  
0.4771950867  
1.615872503  
2.505880429  
3.039245008  
3.134498574  
2.758534379  
1.946512426  
0.8115569243  
-0.4617483346  
-1.641679031  
-2.488070608  
-2.797809842  
-2.447332366  
-1.422683411  
0.1697848814  
2.114946287  
4.121109459  
5.867386857  
7.058012481  
7.474286407  
7.015283849  
5.720217754  
3.768192391  
1.454367335  
-0.8549006648  
-2.782035507  
-4.004677216  
-4.318048841  
-3.682178502  
-2.243984571  
-0.3270627659  
1.613309764  
3.066436454  
3.563554664  
2.780080548  
0.6225455843  
-2.720501541  
-6.780283836  
-10.87023093  
-14.20452042  
-16.05432714  
-15.91134095  
-13.62144194  
-9.45305992  
-4.075752876  
1.556307962  
6.397845863  
9.543110971  
10.43972297  
9.030750461  
5.783725621  
1.591688412  
-2.435664298  
-5.241986025  
-6.087161182  
-4.733242919  
-1.501641984  
2.816449137  
7.173886784  
10.54755614  
12.20650418  
11.89281351  
9.864786016  
6.792511499  
3.539989419  
0.9018963302  
-0.6237800681  
-0.9582944441  
-0.4250379424  
0.3969287168  
0.8965913113  
0.6552193314  
-0.4048718309  
-1.996818155  
-3.577731898  
-4.55047045  
-4.487327636  
-3.296161448  
-1.268832784  
1.007438524  
2.846918566  
3.702407025  
3.358519981  
2.010585816  
0.1974924125  
-1.391877664  
-2.172715381  
-1.888708445  
-0.7234510401  
0.7476224448  
1.756196396  
1.627741785  
0.057851202  
-2.721955604  
-5.956267168  
-8.565036882  
-9.475334099  
-7.982361188  
-4.020842472  
1.748364707  
8.075105723  
13.44742119  
16.5140276  
16.47288365  
13.30499104  
7.779908705  
1.231067332  
-4.828535698  
-9.130123711  
-10.9817331  
-10.41089362  
-8.08196128  
-5.026231357  
-2.281950601  
-0.5666359339  
-0.08773489253  
-0.5461451296  
-1.318844872  
-1.745497716  
-1.410440879  
-0.3169275876  
1.107842144  
2.175834733  
2.20733635  
0.8059832499  
-1.962076907  
-5.551939323  
-9.09496652  
-11.67205362  
-12.60983379  
-11.69627529  
-9.240788039  
-5.959005623  
-2.724260684  
-0.2743113491  
1.023420013  
1.266996638  
0.9452624408  
0.7243578199  
1.176092067  
2.549005348  
4.666444291  
6.988951196  
8.817654867  
9.563206336  
8.980029881  
7.277442287  
5.063479193  
3.13814905  
2.20857437  
2.628445771  
4.257587861  
6.49583728  
8.483528736  
9.40062602  
8.759620614  
6.587353719  
3.428475443  
0.1655464439  
-2.284085704  
-3.289470694  
-2.731712105  
-1.052071931  
0.8983908578  
2.158965172  
2.006754647  
0.2302023733  
-2.769496478  
-6.089561163  
-8.617096935  
-9.405811463  
-8.011622927  
-4.672197643  
-0.2659193658  
3.941387381  
6.683044429  
7.087649761  
4.956983482  
0.8359336573  
-4.148061189  
-8.624546135  
-11.39049379  
-11.7627677  
-9.764593575  
-6.092864501  
-1.883227605  
1.647658355  
3.568345589  
3.495520356  
1.679115412  
-1.106180446  
-3.81883416  
-5.471191567  
-5.413765784  
-3.502718011  
-0.1119553722  
3.999150003  
7.910340329  
10.78469403  
12.06364815  
11.56795198  
9.49324082  
6.320041239  
2.677200761  
-0.7990398959  
-3.578295065  
-5.306606247  
-5.835291364  
-5.218026655  
-3.686763944  
-1.611960096  
0.5530403907  
2.344947195  
3.377110232  
3.426396085  
2.497821217  
0.8417183613  
-1.093992029  
-2.775987772  
-3.738904375  
-3.737061087  
-2.844266404  
-1.460906762  
-0.2132858348  
0.2349139676  
-0.5932616791  
-2.798838958  
-6.018979145  
-9.479513592  
-12.18440926  
-13.19362863  
-11.90873042  
-8.27786662  
-2.852565128  
3.327933929  
8.996184423  
12.98619215  
14.53684389  
13.48034443  
10.26231891  
5.79227073  
1.174560731  
-2.595297998  
-4.877534446  
-5.509196282  
-4.77371163  
-3.242569825  
-1.551496037  
-0.1893444892  
0.6329615285  
0.9988593778  
1.195250392  
1.557884834  
2.315025545  
3.486678867  
4.871959608  
6.122642116  
6.869580752  
6.851829265  
6.00112143  
4.454597053  
2.497757484  
0.4657958318  
-1.355036576  
-2.78830375  
-3.771655707  
-4.311410194  
-4.416116325  
-4.046578167  
-3.111978911  
-1.520319688  
0.7348515801  
3.489699333  
6.370795041  
8.831821953  
10.26967191  
10.19168124  
8.381803143  
5.006923262  
0.6193620908  
-3.956488611  
-7.826820997  
-10.26203232  
-10.88981491  
-9.786771337  
-7.439206772  
-4.58577651  
-1.992956876  
-0.2354543074  
0.4492415124  
0.1893883416  
-0.6119979017  
-1.450015748  
-1.908915972  
-1.804276876  
-1.229539023  
-0.496162595  
0.004730293681  
-0.0358656324  
-0.7210991565  
-1.907626378  
-3.260509951  
-4.379725973  
-4.947707605  
-4.840456936  
-4.159885459  
-3.176387704  
-2.20614969  
-1.473699556  
-1.016663192  
-0.6737150497  
-0.1639657955  
0.7710006076  
2.218657065  
4.003315614  
5.695195158  
6.729310959  
6.600433332  
5.067847815  
2.293500922  
-1.145242514  
-4.386750891  
-6.528647805  
-6.910030656  
-5.339582991  
-2.188839293  
1.689613046  
5.202763049  
7.346597756  
7.521507659  
5.730950271  
2.594747052  
-0.8337544245  
-3.394165206  
-4.188743403  
-2.878206389  
0.1927136956  
4.084187178  
7.541740068  
9.384232185  
8.880031437  
5.993852553  
1.425256361  
-3.576770812  
-7.570228282  
-9.34211675  
-8.270358089  
-4.51776365  
0.9996602015  
6.860804925  
11.53136506  
13.78597788  
13.04009775  
9.49938939  
4.088661837  
-1.814089927  
-6.758854485  
-9.610677631  
-9.835894348  
-7.6132729  
-3.747609484  
0.5810181719  
4.155438516  
6.050123077  
5.861320791  
3.781443785  
0.5064933188  
-2.988293302  
-5.735223749  
-7.04088264  
-6.660516258  
-4.837277758  
-2.203235351  
0.4225425647  
2.276673645  
2.864528611  
2.084918038  
0.2351877894  
-2.099212017  
-4.233821904  
-5.594695387  
-5.886042075  
-5.167591315  
-3.820894673  
-2.416959075  
-1.526772568  
-1.532862883  
-2.499371537  
-4.140329921  
-5.89639565  
-7.097624968  
-7.164113026  
-5.784765168  
-3.020927336  
0.6960615732  
4.672819238  
8.13566323  
10.43306224  
11.20052264  
10.44198193  
8.507478755  
5.97806385  
3.495492315  
1.588710229  
0.5469984251  
0.3726601509  
0.8200025004  
1.500957348  
2.019236484  
2.089729118  
1.608818248  
0.6602497273  
-0.5367057664  
-1.712498556  
-2.633997258  
-3.164750461  
-3.283910114  
-3.065534967  
-2.633670189  
-2.114675573  
-1.605294053  
-1.16488231  
-0.8280607051  
-0.6249079936  
-0.5935739272  
-0.7755252894  
-1.193783028  
-1.824882477  
-2.580741158  
-3.314416711  
-3.854149751  
-4.056931416  
-3.861732491  
-3.318780286  
-2.577498024  
-1.830603932  
-1.230188871  
-0.8062323935  
-0.4223776512  
0.2052214323  
1.420877613  
3.494800388  
6.483274995  
10.13476153  
13.88436838  
16.95396157  
18.54095277  
18.04638936  
15.27419236  
10.53556394  
4.616821429  
-1.391260484  
-6.361556657  
-9.422393511  
-10.18855033  
-8.861905654  
-6.169470378  
-3.154463467  
-0.8800334883  
-0.1313089599  
-1.201408246  
-3.821264907  
-7.249632234  
-10.49245989  
-12.58437056  
-12.85015957  
-11.07449665  
-7.538949051  
-2.926269356  
1.870508035  
5.97355359  
8.71687262  
9.766706612  
9.146393616  
7.175873934  
4.357727763  
1.249526788  
-1.643539244  
-3.937073452  
-5.395523187  
-5.931048436  
-5.588359181  
-4.52637038  
-2.998786889  
-1.328045951  
0.1351059095  
1.069251988  
1.250180164  
0.6121126827  
-0.719285378  
-2.439671853  
-4.12957653  
-5.35662105  
-5.789078387  
-5.286382437  
-3.937029258  
-2.030159379  
0.0310959745  
1.846477807  
3.127124864  
3.760364253  
3.811441944  
3.466166124  
2.94026547  
2.393161547  
1.881037901  
1.367280289  
0.7837706576  
0.1139451974  
-0.5429571457  
-0.961935516  
-0.8513736227  
0.03282336207  
1.758436472  
4.126426598  
6.664353842  
8.722936383  
9.657824136  
9.043819943  
6.849612993  
3.506149164  
-0.1684540641  
-3.178765536  
-4.641012653  
-4.063827143  
-1.529037682  
2.292953545  
6.308938062  
9.30791739  
10.31666436  
8.897392263  
5.293609153  
0.3753672126  
-4.603148978  
-8.362272928  
-9.96381958  
-9.07599042  
-6.0579099  
-1.841811725  
2.346949272  
5.343746202  
6.364820107  
5.201079345  
2.235920903  
-1.706343429  
-5.623942858  
-8.625840557  
-10.15724732  
-10.10220156  
-8.746964267  
-6.632812862  
-4.358352859  
-2.399955296  
-1.004202224  
-0.1753172324  
0.2543448217  
0.5091573638  
0.7587601434  
1.050252107  
1.30262621  
1.35672721  
1.054426389  
0.3135070632  
-0.8292828521  
-2.219031478  
-3.621809118  
-4.783967872  
-5.489962035  
-5.602642378  
-5.080693452  
-3.977911532  
-2.433587502  
-0.6607336328  
1.068394703  
2.447239889  
3.17991925  
3.049398963  
1.99897896  
0.2026926997  
-1.907968901  
-3.689584179  
-4.41473625  
-3.464181631  
-0.5359938485  
4.19370062  
10.02160057  
15.81741599  
20.26766807  
22.20896463  
20.95978906  
16.54890876  
9.760393851  
1.965779253  
-5.221224905  
-10.37360992  
-12.63775709  
-11.95903288  
-9.07320685  
-5.26215406  
-1.946906217  
-0.2443879404  
-0.62756736  
-2.796870565  
-5.80301705  
-8.379775126  
-9.376495129  
-8.147724452  
-4.772017383  
-0.02933598674  
4.852754433  
8.596883933  
10.28341709  
9.632018948  
7.066212825  
3.544798185  
0.2234387009  
-1.933779058  
-2.458822929  
-1.498593354  
0.2861923418  
1.998439797  
2.853483624  
2.471246221  
1.006667342  
-0.926217916  
-2.505302149  
-3.031192802  
-2.213311948  
-0.3031286892  
1.977727816  
3.691423443  
4.029255796  
2.622465375  
-0.2971541917  
-3.950130353  
-7.26253938  
-9.233645391  
-9.288622133  
-7.489494722  
-4.525312572  
-1.479600937  
0.5476732692  
0.8330545904  
-0.7012161073  
-3.439853448  
-6.271399956  
-7.96674952  
-7.612335822  
-4.94939709  
-0.5002994302  
4.566541455  
8.793519986  
10.89759618  
10.18905612  
6.807275528  
1.695405877  
-3.678468653  
-7.763709775  
-9.391235881  
-8.113073874  
-4.31435344  
0.9296011496  
6.196484181  
10.14478011  
11.88948267  
11.21358118  
8.562582006  
4.842302857  
1.101439353  
-1.789622384  
-3.361670001  
-3.611899295  
-2.911100196  
-1.805959832  
-0.7993994848  
-0.189398587  
-0.01543484278  
-0.1154790593  
-0.253671025  
-0.2553377688  
-0.089662769  
0.1322170205  
0.2366668592  
0.1030314547  
-0.2422883412  
-0.6015507  
-0.6694879669  
-0.1647378895  
1.023333803  
2.735891204  
4.543008273  
5.852766243  
6.101291299  
4.959553479  
2.480889243  
-0.8702521694  
-4.328029179  
-7.04388008  
-8.343936365  
-7.938255307  
-6.008855431  
-3.144313559  
-0.1417233604  
2.256296239  
3.598470323  
3.85331225  
3.385122636  
2.787833697  
2.638079548  
3.258121898  
4.576074968  
6.135949919  
7.255885457  
7.278765405  
5.824953297  
2.954759392  
-0.8205245739  
