-5.132987571  
-3.240094148  
-0.7581705954  
1.409460186  
2.661213688  
2.918592099  
2.630397922  
2.558226097  
3.42504355  
5.562504735  
8.696548799  
11.96273696  
14.15934099  
14.15769319  
11.32765663  
5.824585012  
-1.372219858  
-8.69537892  
-14.43015098  
-17.21788779  
-16.45613159  
-12.46283788  
-6.351929116  
0.3346319635  
6.111129535  
9.984342031  
11.69758466  
11.70853611  
10.92150993  
10.28075789  
10.37773545  
11.21644395  
12.22058962  
12.47655428  
11.11953999  
7.717676284  
2.509109737  
-3.600267534  
-9.285001079  
-13.21222305  
-14.47656627  
-12.90702912  
-9.138617663  
-4.42228708  
-0.2361666469  
2.17207627  
2.16061095  
-0.13393511  
-3.876290831  
-7.828817522  
-10.75799976  
-11.8133977  
-10.75800048  
-7.985926783  
-4.338860605  
-0.799514981  
1.824345729  
3.118687249  
3.121977122  
2.223852841  
0.9611505424  
-0.1998480267  
-1.010509271  
-1.46857928  
-1.733191756  
-1.977986975  
-2.257124237  
-2.449619637  
-2.31026008  
-1.606086574  
-0.2766715351  
1.458904678  
3.107980766  
4.038859842  
3.705873004  
1.884656277  
-1.175835743  
-4.755093781  
-7.83505178  
-9.401620071  
-8.778173077  
-5.876414071  
-1.271643151  
3.934578554  
8.429371836  
11.08343901  
11.29740529  
9.183658286  
5.520625848  
1.492006988  
-1.703972389  
-3.245701469  
-2.949142262  
-1.311244746  
0.6786333017  
1.895982303  
1.487147016  
-0.8119731307  
-4.551526059  
-8.680175989  
-11.85928032  
-12.87836886  
-11.04006089  
-6.394016583  
0.2505619838  
7.534084964  
13.90954401  
18.04798393  
19.16809397  
17.20131154  
12.758442  
6.924397833  
0.9545185573  
-4.033831313  
-7.291041545  
-8.537143835  
-7.930620206  
-5.938070045  
-3.160726392  
-0.1747551049  
2.574984755  
4.814249186  
6.422963433  
7.388956534  
7.759308779  
7.607491263  
7.020444699  
6.097931935  
4.951960588  
3.697283858  
2.432682951  
1.221022636  
0.07986102104  
-1.008863281  
-2.070471176  
-3.101125631  
-4.040417726  
-4.769059813  
-5.138783882  
-5.027944297  
-4.403504539  
-3.363947872  
-2.141493495  
-1.055290005  
-0.4254392641  
-0.4739611395  
-1.246431596  
-2.583586857  
-4.156400547  
-5.556467927  
-6.413724643  
-6.502988568  
-5.803887078  
-4.494411539  
-2.881486926  
-1.293845555  
0.02442661173  
0.982150679  
1.647926894  
2.194981658  
2.805989924  
3.574267674  
4.438838308  
5.178476594  
5.468576227  
4.982535475  
3.504023558  
1.013369019  
-2.279200852  
-5.962658841  
-9.50591149  
-12.36501949  
-14.08718123  
-14.38741626  
-13.18640939  
-10.61136836  
-6.970642967  
-2.714256887  
1.612589724  
5.423690861  
8.159087459  
9.368916232  
8.808182969  
6.523793574  
2.904815526  
-1.334274334  
-5.255914205  
-7.882611511  
-8.427631641  
-6.516252995  
-2.331661798  
3.368826049  
9.389874504  
14.36588068  
17.09762248  
16.86838358  
13.64913575  
8.129181558  
1.556536773  
-4.572760061  
-8.892551427  
-10.50734437  
-9.202529181  
-5.469352191  
-0.3444561264  
4.88293592  
9.008018646  
11.19631965  
11.14542584  
9.091932531  
5.681304623  
1.756040598  
-1.866093539  
-4.560905963  
-5.978803976  
-6.038543817  
-4.863464216  
-2.702645399  
0.1270947576  
3.263888099  
6.29895691  
8.778687942  
10.24071747  
10.2984079  
8.761302359  
5.752768706  
1.772460412  
-2.341730362  
-5.569568061  
-6.958882218  
-5.907968853  
-2.394723204  
2.92861903  
8.823700544  
13.73329797  
16.16728333  
15.10511282  
10.30012219  
2.393215256  
-7.20480239  
-16.63713997  
-24.04627876  
-28.02044311  
-27.92102926  
-24.00610256  
-17.32408549  
-9.416660765  
-1.920579309  
3.819491038  
7.02634493  
7.592515631  
6.00199167  
3.114833075  
-0.1088109104  
-2.861824092  
-4.655380434  
-5.366611552  
-5.177988446  
-4.447933897  
-3.565118237  
-2.83305997  
-2.411897267  
-2.319312133  
-2.472266468  
-2.741587492  
-2.994596865  
-3.113287946  
-2.990778668  
-2.520314486  
-1.594032479  
-0.1228064025  
1.923469288  
4.468196883  
7.29364896  
10.03966886  
12.24641091  
13.43782314  
13.22836785  
11.42606911  
8.103717162  
3.61721079  
-1.436817718  
-6.316907234  
-10.26641926  
-12.65005686  
-13.07001898  
-11.43994246  
-8.003843318  
-3.297599417  
1.939989547  
6.891666497  
10.80143834  
13.1061372  
13.53532209  
12.15941662  
9.373578626  
5.816376666  
2.236262609  
-0.6677304941  
-2.395773475  
-3.706584068  
-4.848246935  
-6.461592128  
-8.309029653  
-9.874502926  
-10.514621  
-9.685232719  
-7.16413118  
-3.186931306  
1.560533692  
6.102141219  
9.439860326  
10.84725706  
10.09314917  
7.520922752  
3.955127367  
0.4632097617  
-1.952755576  
-2.637558125  
-1.451180453  
1.22353118  
4.627996504  
7.874324641  
10.20666619  
11.1939055  
10.79916197  
9.317462517  
7.218717257  
4.962694519  
2.856215095  
1.000407232  
-0.662872721  
-2.236212309  
-3.740020333  
-5.033296669  
-5.819809243  
-5.741723731  
-4.525917727  
-2.125133294  
1.20454212  
4.926229633  
8.344631061  
10.79099757  
11.80972095  
11.28407381  
9.459739151  
6.860444794  
4.126857129  
1.834629185  
0.3510658499  
-0.2277601277  
-0.04941169681  
0.5901458186  
1.364682194  
2.011485348  
2.369883822  
2.36141447  
1.935750383  
1.021325604  
-0.4841547675  
-2.66898891  
-5.523161338  
-8.853534052  
-12.24601368  
-15.10953487  
-16.80649217  
-16.83753768  
-15.02052137  
-11.59593271  
-7.209871403  
-2.765267355  
0.8206807699  
2.877795498  
3.175544955  
1.978725545  
-0.05697801411  
-2.116784454  
-3.506531678  
-3.881543532  
-3.341870952  
-2.358424776  
-1.556492709  
-1.437531271  
-2.146158476  
-3.376056942  
-4.459327694  
-4.615472923  
-3.27331405  
-0.3457157808  
3.653355515  
7.708244853  
10.59982307  
11.31031115  
9.397205188  
5.20095011  
-0.1983536207  
-5.276149177  
-8.52368056  
-8.925107593  
-6.291478211  
-1.334941493  
4.548134215  
9.718094006  
12.81233752  
13.17108425  
11.02496037  
7.380951401  
3.646650163  
1.123205794  
0.5437222121  
1.819051948  
4.081656411  
6.014483042  
6.351477533  
4.374274342  
0.2278251352  
-5.062659539  
-9.889695402  
-12.58436656  
-11.98935156  
-7.891893252  
-1.167285344  
6.423286911  
12.72440695  
15.81724384  
14.59405872  
9.099321296  
0.5347409671  
-9.068840877  
-17.40818076  
-22.52306866  
-23.29058781  
-19.66455503  
-12.61049881  
-3.780192944  
4.958286994  
11.98867309  
16.28433516  
17.54259826  
16.11299462  
12.77857983  
8.482741544  
4.091939954  
0.2530495575  
-2.64157811  
-4.409330329  
-5.002776156  
-4.452810666  
-2.854688492  
-0.3923489042  
2.627059955  
5.763923633  
8.486346161  
10.26049695  
10.66680084  
9.502906381  
6.836196074  
2.986499941  
-1.553995656  
-6.233494743  
-10.5454448  
-14.09194684  
-16.59337471  
-17.85778388  
-17.74250834  
-16.14345663  
-13.03233013  
-8.534681683  
-3.014011683  
2.887895999  
8.297907621  
12.26120626  
13.96870228  
12.99926217  
9.494952864  
4.196978466  
-1.691381485  
-6.793015635  
-9.92046515  
-10.40638479  
-8.295240303  
-4.329810361  
0.2699566733  
4.170342476  
6.31623378  
6.228373844  
4.112475176  
0.750038659  
-2.786112107  
-5.490611755  
-6.735208192  
-6.42683046  
-4.968208418  
-3.046949427  
-1.340026064  
-0.248591274  
0.2366438512  
0.4912884849  
1.055736446  
2.358878928  
4.479499871  
7.044759859  
9.313852074  
10.4240207  
9.712356885  
6.994066017  
2.68931046  
-2.257206224  
-6.645387471  
-9.389699672  
-9.86316752  
-8.095041681  
-4.751977763  
-0.9085168614  
2.312794213  
4.105462201  
4.220618645  
3.004673858  
1.226025563  
-0.2397766618  
-0.7467360619  
-0.1114022204  
1.34262214  
2.941442754  
3.955083424  
3.912958978  
2.8160023  
1.15975263  
-0.2451604538  
-0.5904138085  
0.594697386  
3.2205742  
6.619131445  
9.747451276  
11.54720359  
11.33261395  
9.064100776  
5.401361889  
1.506783865  
-1.340165827  
-2.186438408  
-0.7510194835  
2.452548937  
6.26566648  
9.260293528  
10.2144601  
8.525006307  
4.415171974  
-1.134768192  
-6.70978273  
-10.92376406  
-12.86502835  
-12.37209096  
-10.04916398  
-7.022868231  
-4.531836182  
-3.497224261  
-4.225248943  
-6.342106577  
-8.976177414  
-11.11310417  
-11.98852559  
-11.37230001  
-9.640305394  
-7.609694762  
-6.201137385  
-6.055715877  
-7.251280184  
-9.227431593  
-10.9528908  
-11.28104629  
-9.37049803  
-5.022179526  
1.188306252  
8.034621057  
13.98375677  
17.64903058  
18.20455096  
15.62775613  
10.69523492  
4.739246496  
-0.7506396458  
-4.550191895  
-6.015869453  
-5.203533931  
-2.770121281  
0.291291609  
2.983919968  
4.596183648  
4.862300997  
3.961483652  
2.379936668  
0.7021547991  
-0.5879488868  
-1.231592795  
-1.217644354  
-0.7169693151  
0.02753334983  
0.8029630549  
1.482076384  
2.021861643  
2.422565737  
2.681013208  
2.770272861  
2.659477341  
2.36279227  
1.986931483  
1.742516335  
1.898458597  
2.685374008  
4.181696964  
6.231959409  
8.441730586  
10.26785522  
11.1846261  
10.87150756  
9.351016758  
7.015558643  
4.518320246  
2.553677628  
1.598603205  
1.709617476  
2.458818712  
3.048558301  
2.581242342  
0.4007407782  
-3.612489337  
-8.904510304  
-14.33408784  
-18.47302505  
-20.03590693  
-18.30375532  
-13.39950784  
-6.315496044  
1.328595306  
7.730219302  
11.41498065  
11.65355816  
8.652460495  
3.459612873  
-2.381313987  
-7.312374529  
-10.22102734  
-10.73157069  
-9.24212536  
-6.708921625  
-4.264552617  
-2.809515215  
-2.719128724  
-3.761049284  
-5.239870521  
-6.303530201  
-6.290489864  
-4.986610874  
-2.698638074  
-0.1224122196  
1.938307968  
2.891127243  
2.588159355  
1.382744285  
-0.01264156401  
-0.8134361491  
-0.4848803319  
1.026282242  
3.243229834  
5.31878713  
6.35014631  
5.735072567  
3.436555614  
0.05227507423  
-3.346654455  
-5.560221647  
-5.671971084  
-3.385892637  
0.8333966714  
5.872671272  
10.30342507  
12.8288689  
12.69651626  
9.938683357  
5.360627745  
0.2810146377  
-3.887887565  
-6.080419681  
-5.893809152  
-3.680460329  
-0.3932735443  
2.756171987  
4.706405155  
4.883802782  
3.360644675  
0.7897296146  
-1.851045674  
-3.608445635  
-3.875294998  
-2.576976942  
-0.1682027066  
2.547163605  
4.701006014  
5.647316545  
5.153317017  
3.438289998  
1.059950801  
-1.298956493  
-3.060673978  
-3.917407494  
-3.880347422  
-3.208693861  
-2.259468594  
-1.325079776  
-0.5245064856  
0.212362369  
1.067930875  
2.206263524  
3.648258867  
5.208650447  
6.524909879  
7.170287655  
6.808763275  
5.331787128  
2.922423573  
0.01940876806  
-2.808794863  
-5.035905745  
-6.334331901  
-6.660781191  
-6.242025631  
-5.469007995  
-4.741163738  
-4.320220717  
-4.247724054  
-4.35491267  
-4.357596231  
-3.995921651  
-3.161904568  
-1.962775258  
-0.6935397472  
0.2720859037  
0.6306770299  
0.2794796505  
-0.6248023584  
-1.705710205  
-2.495077325  
-2.605084306  
-1.88149808  
-0.4799631511  
1.166678544  
2.483210623  
2.945055837  
2.26338058  
0.4974981147  
-1.945994355  
-4.42880038  
-6.273048704  
-6.965297785  
-6.304025989  
-4.442508636  
-1.815864498  
1.018516274  
3.568378713  
5.55474239  
6.969314917  
8.023646159  
9.01228355  
10.14383556  
11.40587837  
12.51797731  
12.9957213  
12.30869394  
10.08077094  
6.263952525  
1.223224817  
-4.302417745  
-9.357994725  
-13.0063715  
-14.57002256  
-13.80986397  
-10.98949903  
-6.807828404  
-2.221712631  
1.789055144  
4.448787629  
5.345920387  
4.490334863  
2.263814801  
-0.711072735  
-3.739665138  
-6.213767031  
-7.722856291  
-8.100085578  
-7.40620094  
-5.870180362  
-3.812013705  
-1.570284922  
0.5517603706  
2.318523519  
3.577294201  
4.263546207  
4.401085258  
4.097103717  
3.528392602  
2.914379673  
2.476463087  
2.389272968  
2.735505961  
3.478501748  
4.46400077  
5.454606621  
6.190167056  
6.457856347  
6.151210718  
5.299585317  
4.058239019  
2.661654891  
1.35473138  
0.3237377069  
-0.3510464475  
-0.7064909907  
-0.8693547578  
-1.001366392  
-1.236495105  
-1.632492476  
-2.153260866  
-2.687393937  
-3.095388535  
-3.267798174  
-3.172891089  
-2.876103726  
-2.523629398  
-2.295258911  
-2.342513026  
-2.733592464  
-3.424570024  
-4.267472536  
-5.053333597  
-5.576210629  
-5.696845477  
-5.384443429  
-4.722214953  
-3.87443386  
-3.025913143  
-2.31438804  
-1.779289423  
-1.345462134  
-0.8490876732  
-0.09898520778  
1.045883718  
2.608458728  
4.459188798  
6.329686214  
7.874149919  
8.762768004  
8.780109366  
7.898132189  
6.299409028  
4.339995913  
2.459237046  
1.060283428  
0.3951416924  
0.4884445397  
1.124122686  
1.901573641  
2.347686678  
2.054114917  
0.800933285  
-1.369327075  
-4.149536296  
-7.03950097  
-9.471581129  
-10.95502173  
-11.19831244  
-10.17555611  
-8.119759576  
-5.447693921  
-2.641040572  
-0.120621521  
1.849070006  
3.19883433  
4.030058774  
4.539713592  
4.923927384  
5.294475481  
5.636470277  
5.820024322  
5.659491719  
4.997300355  
3.781280691  
2.107231551  
0.211169775  
-1.586474984  
-2.96571487  
-3.69234363  
-3.675821458  
-2.982363001  
-1.802169307  
-0.3858561737  
1.025095083  
2.248953831  
3.179991678  
3.770228865  
3.991349403  
3.799919056  
3.12749791  
1.905915473  
0.121175475  
-2.126100008  
-4.583515168  
-6.858692966  
-8.489937972  
-9.063496743  
-8.34437626  
-6.376516278  
-3.512048098  
-0.3484786554  
2.418230646  
4.187097336  
4.634720189  
3.827546299  
2.221963158  
0.5434236264  
-0.4259321737  
-0.09048643305  
1.758837071  
4.852095964  
8.488972981  
11.71975255  
13.60865198  
13.50307303  
11.22906357  
7.154554596  
2.101274957  
-2.868738246  
-6.729449875  
-8.750293711  
-8.66659054  
-6.717557786  
-3.549163176  
-0.0183696845  
3.038774398  
5.007603026  
5.611713213  
4.92422813  
3.285000134  
1.161797412  
-0.995243109  
-2.862251784  
-4.28874277  
-5.282671962  
-5.953369366  
-6.44212136  
-6.86764929  
-7.301147409  
-7.769624598  
-8.273652537  
-8.801598314  
-9.327909218  
-9.794904859  
-10.09001498  
-10.03731521  
-9.419543674  
-8.035324198  
-5.779808607  
-2.7225142  
0.8496866045  
4.450221466  
7.479197851  
9.363247061  
9.71234058  
8.446384608  
5.848777492  
2.523405232  
-0.7398393208  
-3.157161286  
-4.147373069  
-3.476417666  
-1.307990658  
1.853798739  
5.31146919  
8.366084494  
10.49697821  
11.47777255  
11.39859751  
10.59429947  
9.50706493  
8.530330174  
7.883725613  
7.555912786  
7.328712086  
6.869603371  
5.859290436  
4.112244441  
1.65291236  
-1.273866609  
-4.258832815  
-6.831754099  
-8.581352117  
-9.258346576  
-8.835307012  
-7.510228802  
-5.655774631  
-3.728771303  
-2.162494083  
-1.266378069  
-1.155056552  
-1.722089337  
-2.665072046  
-3.558994356  
-3.964626765  
-3.549931723  
-2.196402316  
-0.0614502437  
2.425869703  
4.644939616  
5.929237459  
5.746942777  
3.870274014  
0.4829282494  
-3.814622246  
-8.117411298  
-11.42778766  
-12.91580817  
-12.15617655  
-9.268740989  
-4.911785499  
-0.1183275589  
3.986276857  
6.506657661  
7.042536256  
5.810833141  
3.579160108  
1.422816584  
0.3750661433  
1.078885749  
3.553530098  
7.157578442  
10.76969342  
13.13793594  
13.290717  
10.87728414  
6.322847549  
0.739261028  
-4.39036331  
-7.660322217  
-8.184795079  
-5.892082093  
-1.572164342  
3.344107858  
7.210333955  
8.664075329  
7.044853708  
2.599413606  
-3.590101628  
-9.931716025  
-14.79961285  
-17.01092924  
-16.15595627  
-12.68396038  
-7.726667741  
-2.725238291  
1.01369645  
2.690295307  
2.199615602  
0.08886365505  
-2.684941863  
-5.102008053  
-6.408395023  
-6.318291738  
-5.03334168  
-3.090416691  
-1.109104869  
0.4589310825  
1.484513416  
2.167454732  
2.902668163  
4.067811192  
5.823084625  
8.006559541  
10.16884217  
11.73444274  
12.22588514  
11.46032771  
9.637566581  
7.279729375  
5.040970931  
3.458088619  
2.739255049  
2.677197414  
2.728038753  
2.233625323  
0.7074516521  
-1.925574645  
-5.234452851  
-8.381880397  
-10.39672006  
-10.52977464  
-8.565402993  
-4.968382674  
-0.7973831836  
2.603256354  
4.040737157  
2.894808517  
-0.6261498556  
-5.493755264  
-10.14612045  
-12.97003502  
-12.82549289  
-9.438183868  
-3.523545121  
3.408079834  
9.509821562  
13.17513625  
13.54521792  
10.77898556  
5.994444333  
0.8988611768  
-2.77100758  
-3.813553287  
-1.944985728  
2.12566101  
6.951283593  
10.84248003  
12.43517351  
11.13831877  
7.312646998  
2.124554937  
-2.869237487  
-6.259238392  
-7.255924323  
-5.935470878  
-3.176995058  
-0.3180954057  
1.346374026  
1.04344607  
-1.190988574  
-4.519150408  
-7.600431445  
-9.077701807  
-8.079871708  
-4.563131543  
0.6312407618  
6.026539074  
9.985133937  
11.24704173  
9.348955376  
4.780712835  
-1.174193039  
-6.859613036  
-10.78610129  
-12.10607978  
-10.86553053  
-7.95048122  
-4.751191775  
-2.662715643  
-2.594768027  
-4.658140442  
-8.132332396  
-11.72133819  
-14.00597094  
-13.93518404  
-11.18792954  
-6.284003321  
-0.4100340486  
4.975302439  
8.61860594  
9.867941943  
8.855393399  
6.409592647  
3.735874045  
1.980790733  
1.834977166  
3.311506462  
5.772774676  
8.190485942  
9.541762001  
9.19785511  
7.16616248  
4.099359637  
1.0681773  
-0.8220017395  
-0.8353291129  
1.112966915  
4.39919054  
7.882345291  
10.28241531  
10.61916061  
8.562592439  
4.574285561  
-0.2123774767  
-4.338495696  
-6.48267103  
-5.891831006  
-2.640522668  
2.365799415  
7.646230488  
11.57956273  
12.88421496  
10.99585634  
6.229579176  
-0.3179501803  
-7.090666212  
-12.51713107  
-15.44112263  
-15.41339888  
-12.76676804  
-8.465464799  
-3.787438746  
0.05590214992  
2.246661652  
2.542837245  
1.275176673  
-0.8233807995  
-2.888686262  
-4.205270071  
-4.409026923  
-3.5580152  
-2.062087367  
-0.5066248988  
0.5645617678  
0.8348272127  
0.3120308596  
-0.6873812861  
-1.65571415  
-2.070599028  
-1.57341764  
-0.09512850195  
2.106108488  
4.50359633  
6.43746055  
7.287252942  
6.634979031  
4.377434157  
0.7624980827  
-3.655437498  
-8.126465087  
-11.85455322  
-14.1518143  
-14.56672487  
-12.96387052  
-9.54437376  
-4.807751215  
0.534457861  
5.676625207  
9.848740817  
12.43795514  
13.08404114  
11.73481771  
8.652941341  
4.372183082  
-0.3910866944  
-4.858037862  
-8.319569097  
-10.25747221  
-10.43181529  
-8.916828102  
-6.076861684  
-2.485909352  
1.193402248  
4.345915305  
6.525336079  
7.533581989  
7.440220661  
6.538359112  
5.249237416  
4.001058193  
3.114450518  
2.725246785  
2.765008601  
3.003306159  
3.137963944  
2.905204782  
2.17549102  
1.005029888  
-0.3736636064  
-1.619667439  
-2.388987624  
-2.443791771  
-1.730274525  
-0.3994751976  
1.23631969  
2.797713047  
3.951970905  
4.508500808  
4.463895476  
3.981438083  
3.312727192  
2.689833707  
2.227786894  
1.874654322  
1.430469532  
0.631645397  
-0.7272022735  
-2.678040371  
-5.015856084  
-7.316513122  
-9.03868721  
-9.682575474  
-8.955594  
-6.888704034  
-3.859695406  
-0.5083509664  
2.436125679  
4.364323897  
4.9665748  
4.324262639  
2.880058972  
1.293316173  
0.2250276213  
0.121081361  
1.064718111  
2.747526343  
4.569936651  
5.839169149  
5.999928203  
4.821371534  
2.477874205  
-0.5039082033  
-3.414615157  
-5.592072085  
-6.634863113  
-6.528105796  
-5.639376649  
-4.586241142  
-4.019983077  
-4.398006277  
-5.820952865  
-7.988540159  
-10.28804221  
-11.98519812  
-12.4538459  
-11.36895013  
-8.801751987  
-5.189725169  
-1.196446623  
2.487789045  
5.336487109  
7.10714847  
7.857254178  
7.860165685  
7.460009473  
6.924055892  
6.348552356  
5.651162328  
4.6486299  
3.185176988  
1.257474741  
-0.9169913685  
-2.920148037  
-4.240730009  
-4.433910524  
-3.277204924  
-0.8657979691  
2.389648429  
5.86597231  
8.899130962  
10.96788546  
11.82825711  
11.55455927  
10.47535403  
9.029672665  
7.596633337  
6.360779557  
5.262190637  
4.049657002  
2.417467553  
0.1750387868  
-2.615033225  
-5.586057163  
-8.130050725  
-9.561753984  
-9.335163515  
-7.243148003  
-3.532494983  
1.10893837  
5.697409776  
9.194011944  
10.77381252  
10.04633241  
7.163776546  
2.785687319  
-2.09010929  
-6.383010728  
-9.201564647  
-10.05948507  
-8.981420304  
-6.475941015  
-3.389129826  
-0.6819997211  
0.8088434079  
0.568323215  
-1.486121538  
-4.999162802  
-9.271178985  
-13.42243472  
-16.5868839  
-18.09246814  
-17.59169899  
-15.11963009  
-11.07229663  
-6.114300247  
-1.03701936  
3.402657043  
6.630184787  
8.357720175  
8.623509088  
7.758165073  
6.285672561  
4.782394964  
3.728380613  
3.388622254  
3.755646107  
4.569601795  
5.411259868  
5.842513292  
5.554179028  
4.477135939  
2.821903083  
1.031816166  
-0.3395369095  
-0.792505687  
-0.03908891546  
1.893781242  
4.648585126  
7.616991477  
10.0944212  
11.46596474  
11.37006912  
9.792410569  
7.062637601  
3.755374373  
0.5251620426  
-2.075629852  
-3.742257396  
-4.484244693  
-4.595019081  
-4.535464778  
-4.768003129  
-5.592239156  
-7.032453855  
-8.811592574  
-10.42067531  
-11.26441365  
-10.84126013  
-8.905757659  
-5.565451696  
-1.282722463  
3.221726298  
7.139441098  
9.773726324  
10.71417842  
9.938455134  
7.812678017  
4.989137813  
2.228152118  
0.1921854861  
-0.7311613686  
-0.5276653893  
0.4520944353  
1.607353924  
2.276434755  
1.946910553  
0.4252816355  
-2.085386292  
-5.025877479  
-7.631193975  
-9.149500739  
-9.066201614  
-7.265862178  
-4.081272714  
-0.2117804583  
3.467366884  
6.148669531  
7.315175679  
6.87363729  
5.156338649  
2.791467455  
0.4845393118  
-1.216586896  
-2.093915575  
-2.309230172  
-2.312944579  
-2.641702801  
-3.675042909  
-5.439258458  
-7.534707481  
-9.223613364  
-9.660846419  
-8.198423384  
-4.662978953  
0.4932188448  
6.232238453  
11.16684226  
13.93421407  
13.59925489  
9.963467784  
3.678585776  
-3.879663866  
-10.94974743  
-15.84112059  
-17.37857364  
-15.20575936  
-9.861907112  
-2.614281961  
4.898140399  
11.10027911  
14.86780077  
15.75900968  
14.03918334  
10.51148387  
6.226226668  
2.170301355  
-0.9670278507  
-2.892625012  
-3.666202292  
-3.558818738  
-2.885323672  
-1.881529534  
-0.6682048275  
0.6991324712  
2.13532737  
3.446263663  
4.318253379  
4.397161037  
3.434918528  
1.444352622  
-1.210601884  
-3.84588348  
-5.623584437  
-5.81409751  
-4.070384581  
-0.6138222891  
3.749278999  
7.809334977  
10.29434549  
10.27085786  
7.475773108  
2.46233897  
-3.502512637  
-8.77370004  
-11.80282823  
-11.60840227  
-8.092809169  
-2.101512298  
4.800636993  
10.77158728  
14.21871986  
14.24869495  
10.90421673  
5.1197319  
-1.582476547  
-7.553741521  
-11.49015494  
-12.76893198  
-11.55543528  
-8.664756357  
-5.241262213  
-2.373900702  
-0.7767091209  
-0.631505483  
-1.626438148  
-3.153692378  
-4.577444995  
-5.466416112  
-5.708473524  
-5.476832007  
-5.07785823  
-4.756075494  
-4.545729944  
-4.235890644  
-3.46678417  
-1.91859597  
0.487341404  
3.464945605  
6.380869498  
8.423480681  
8.873572728  
7.382703503  
4.154336401  
-0.04901113966  
-4.091083895  
-6.79014629  
-7.286994345  
-5.330364362  
-1.380545861  
3.509824991  
8.004683877  
10.88602606  
11.41905097  
9.56347966  
5.96489974  
1.733179252  
-1.91493028  
-4.028960789  
-4.192052562  
-2.60056717  
0.05960690607  
2.886122767  
5.080288645  
6.200844756  
6.267015549  
5.684250271  
5.03112268  
4.794917137  
5.159012467  
5.922739642  
6.582569547  
6.54193411  
5.368130913  
2.996566555  
-0.1985995819  
-3.499557447  
-6.076648426  
-7.276791036  
-6.865620438  
-5.134520886  
-2.829554513  
-0.9208408007  
-0.2866573705  
-1.416826071  
-4.234515004  
-8.096451555  
-11.9725023  
-14.74690569  
-15.54496467  
-13.9831953  
-10.26865023  
-5.124014398  
0.4289163614  
5.352427905  
8.852612078  
10.54073519  
10.4600027  
8.988545049  
6.668429304  
4.028260661  
1.459404279  
-0.8223798009  
-2.734849495  
-4.242568548  
-5.275391703  
-5.694584547  
-5.324625557  
-4.037715939  
-1.852971201  
0.9967554795  
4.067052254  
6.784011581  
8.585864809  
9.0793948  
8.157882018  
6.038453677  
3.203413538  
0.2627759159  
-2.217919431  
-3.868991953  
-4.599579863  
-4.588701575  
-4.192408839  
-3.80279891  
-3.708866564  
-4.005659177  
-4.578699255  
-5.163022923  
-5.450365453  
-5.203251152  
-4.335546369  
-2.93416503  
-1.219669337  
0.5343310237  
2.090010852  
3.309588154  
4.17462026  
4.759070235  
5.172887495  
5.50279774  
5.775438917  
5.956222044  
5.980633515  
5.800318078  
5.420100647  
4.906695768  
4.363215461  
3.879901336  
3.483883632  
3.113436462  
2.633628773  
1.893264857  
0.8042364052  
-0.5884085918  
-2.078309705  
-3.331736606  
-3.981743728  
-3.75652159  
-2.599047638  
-0.7325109645  
1.360080284  
3.046857565  
3.722213999  
2.994991655  
0.8294996318  
-2.410232005  
-6.034551602  
-9.205413952  
-11.16759105  
-11.46529481  
-10.07735429  
-7.427395081  
-4.263120612  
-1.439233472  
0.3311622546  
0.6815633542  
-0.3086142785  
-2.149998962  
-4.102419653  
-5.407340764  
-5.521524997  
-4.280207597  
-1.940606114  
0.9059217323  
3.524109728  
5.267255061  
5.779444449  
5.10519717  
3.673207478  
2.159769145  
1.274071725  
1.531123369  
3.081438586  
5.649354952  
8.599323213  
11.11157907  
12.41645259  
12.01959035  
9.852990769  
6.308109132  
2.140866752  
-1.725483123  
-4.445251658  
-5.475555351  
-4.720330834  
-2.554230409  
0.2794683368  
2.868619037  
4.375317393  
4.257180359  
2.408367029  
-0.8156405016  
-4.693956359  
-8.329323157  
-10.87867608  
-11.76422102  
-10.81094726  
-8.277724021  
-4.778281805  
-1.117383131  
1.911646214  
3.714332159  
4.021022797  
2.924314174  
0.8260075004  
-1.684591381  
-3.983553764  
-5.554951247  
-6.089705661  
-5.523314649  
-4.013881323  
-1.8773742  
0.4951498363  
2.714721151  
4.450696243  
5.461991449  
5.608994932  
4.856249433  
3.274233877  
1.041974447  
-1.55525754  
-4.143500186  
-6.301784162  
-7.629354934  
-7.828556702  
-6.783155399  
-4.607021858  
-1.641963908  
1.603959819  
4.568322758  
6.7696363  
7.928469231  
8.037417008  
7.355699639  
6.326017923  
5.435531346  
5.061436941  
5.348338603  
6.156388227  
7.098210152  
7.655308213  
7.339554363  
5.850882853  
3.183012419  
-0.3549250704  
-4.207045271  
-7.708153518  
-10.24827603  
-11.41590419  
-11.08055587  
-9.396010841  
-6.731198954  
-3.55717272  
-0.3292006058  
2.60021571  
5.016693855  
6.827606253  
8.012647361  
8.56966162  
8.482043312  
7.721473606  
6.282276828  
4.228378446  
1.726957953  
-0.9526804784  
-3.482583225  
-5.551484654  
-6.946677318  
-7.611738813  
-7.656099689  
-7.309333854  
-6.833820009  
-6.426463226  
-6.146179987  
-5.896280586  
-5.47145727  
-4.654656002  
-3.328757698  
-1.559508905  
0.3862847914  
2.101576063  
3.164430434  
3.287786871  
2.440717661  
0.8937527878  
-0.8359759033  
-2.130526603  
-2.465798514  
-1.592670785  
0.3578079641  
2.886196696  
5.257743507  
6.720985724  
6.745786482  
5.205136282  
2.439854888  
-0.8191905337  
-3.652044311  
-5.214644973  
-4.987268174  
-2.929752043  
0.504536626  
4.499995514  
8.113897787  
10.54188572  
11.33205971  
10.48377966  
8.405386415  
5.750705639  
3.192347457  
1.208246346  
-0.04922354901  
-0.7620530009  
-1.336029697  
-2.213872901  
-3.680336524  
-5.729137115  
-8.039549659  
-10.07229162  
-11.2529668  
-11.18066704  
-9.789497874  
-7.405211363  
-4.672867661  
-2.373670848  
-1.185860129  
-1.464185234  
-3.10843423  
-5.565263354  
-7.967228804  
-9.371278886  
-9.028605143  
-6.607973863  
-2.307989506  
3.174174778  
8.809101393  
13.49034347  
16.30890875  
16.77393504  
14.92350891  
11.30104213  
6.808994548  
2.483022413  
-0.7528474066  
-2.288695575  
-1.94300156  
0.03134072931  
3.040949113  
6.313899007  
9.084933481  
10.75871141  
11.01668974  
9.851002388  
7.527912184  
4.49939998  
1.290274191  
-1.610789781  
-3.83394493  
-5.172523489  
-5.588210555  
-5.185346326  
-4.167748747  
-2.791890167  
-1.326795266  
-0.02541982654  
0.8933231296  
1.256537174  
0.9487230809  
-0.07420117329  
-1.769205947  
-3.994178375  
-6.507742788  
-8.988596116  
-11.07780914  
-12.44079576  
-12.83785051  
-12.18631803  
-10.59586888  
-8.362497506  
-5.916193126  
-3.729936085  
-2.209725237  
-1.593320572  
-1.885870837  
-2.852825853  
-4.075921155  
-5.060454768  
-5.366766064  
-4.730464798  
-3.137688677  
-0.8334254214  
1.740468042  
4.06082278  
5.660203472  
6.247367259  
5.778430061  
4.461125003  
2.694299347  
0.9633015764  
-0.276875427  
-0.6981497288  
-0.1524430733  
1.3258962  
3.558961776  
6.284606254  
9.212706788  
12.06133723  
14.56827643  
16.48629682  
17.57871846  
17.63139146  
16.48840446  
14.10508552  
10.59917253  
6.275146465  
1.601313038  
-2.866305273  
-6.59948476  
-9.221273962  
-10.59766309  
-10.86345228  
-10.36730192  
-9.548078871  
-8.780220234  
-8.24043138  
-7.845208093  
-7.287355442  
-6.166217174  
-4.171445105  
-1.256464965  
2.265142926  
5.74626021  
8.362437929  
9.358704166  
8.311689132  
5.318289895  
1.038041112  
-3.44123696  
-6.888609636  
-8.287681753  
-7.158144035  
-3.735903545  
1.055302435  
5.845387469  
9.209384494  
10.0947761  
8.153523691  
3.871923792  
-1.549548916  
-6.537762716  
-9.611431097  
-9.829500187  
-7.086303007  
-2.161344315  
3.494273746  
8.172206952  
10.39810392  
9.352820448  
5.09926364  
-1.448749374  
-8.799871968  
-15.31235405  
-19.64283653  
-21.08346017  
-19.69407301  
-16.20376256  
-11.72827623  
-7.403955087  
-4.057947317  
-2.014322327  
-1.084639842  
-0.7279632672  
-0.3106538486  
0.6316872143  
2.22123472  
4.208101254  
6.084520927  
7.293483921  
7.451534617  
6.504325588  
4.760780678  
2.796648466  
1.264568077  
0.679075098  
1.25138673  
2.828902811  
4.956379603  
7.033521861  
8.512212642  
9.065925858  
8.676868904  
7.61710038  
6.336859053  
5.303387497  
4.846844432  
5.063093677  
5.799888832  
6.722953548  
7.432308923  
7.585913339  
6.990657701  
5.637038766  
3.676344658  
1.358804124  
-1.038914639  
-3.270876128  
-5.149676713  
-6.546461047  
-7.376660135  
-7.588629648  
-7.166591957  
-6.147791887  
-4.642284162  
-2.838417413  
-0.9808369405  
0.6803594894  
1.955757392  
2.773610259  
3.201680543  
3.418231916  
3.635341041  
3.998303571  
4.498557328  
4.937994166  
4.967487085  
4.196580512  
2.343245735  
-0.6267305682  
-4.423715475  
-8.45754548  
-11.96441444  
-14.20545051  
-14.67751626  
-13.26824854  
-10.30211211  
-6.458269742  
-2.583166133  
0.5436187337  
2.415384844  
2.91037941  
2.27635638  
0.9980116204  
-0.4017309175  
-1.553128655  
-2.354188135  
-2.967996122  
