0.9782352248  
1.703497808  
2.421961758  
3.141648665  
3.748962901  
4.078196383  
4.02298194  
3.636511604  
3.166845199  
2.99702146  
3.498879482  
4.849767587  
6.885934104  
9.063606908  
10.56652526  
10.54647848  
8.429268478  
4.182986304  
-1.555693018  
-7.564599982  
-12.32993364  
-14.47874312  
-13.22178611  
-8.661544026  
-1.851365428  
5.435917728  
11.17961505  
13.69116571  
12.12725003  
6.772325753  
-1.007710426  
-9.138989045  
-15.43507905  
-18.23609429  
-16.89521565  
-11.96051903  
-4.993614066  
1.919906589  
6.81598025  
8.451965004  
6.673837335  
2.437737265  
-2.517310738  
-6.238612357  
-7.188715765  
-4.735390917  
0.6492064953  
7.537825586  
13.99282229  
18.16174948  
18.8358141  
15.80019638  
9.875599699  
2.649900745  
-4.005310578  
-8.476607627  
-9.842500614  
-8.075722303  
-3.969896282  
1.165283512  
5.927903245  
9.226607583  
10.54127875  
9.977067935  
8.119599777  
5.762647823  
3.613585623  
2.077582689  
1.183483967  
0.6583459609  
0.1045310308  
-0.7986722942  
-2.148098996  
-3.776119888  
-5.323863868  
-6.391994789  
-6.705463022  
-6.226867086  
-5.175821132  
-3.949418754  
-2.976646539  
-2.563575148  
-2.787778991  
-3.4801841  
-4.298755214  
-4.863986952  
-4.904137526  
-4.355961891  
-3.384798692  
-2.318754573  
-1.523631889  
-1.266389907  
-1.617828904  
-2.42933586  
-3.390303588  
-4.14306336  
-4.411742329  
-4.097675246  
-3.307723838  
-2.307438378  
-1.418737388  
-0.9014038345  
-0.862178975  
-1.223512795  
-1.760942947  
-2.192403612  
-2.284302615  
-1.934293061  
-1.200919516  
-0.2712406502  
0.618830137  
1.279408764  
1.639989944  
1.773626601  
1.863871126  
2.128275687  
2.72860277  
3.702384135  
4.941808206  
6.22746972  
7.303607704  
7.965832441  
8.127945597  
7.842780876  
7.269779815  
6.602553206  
5.985061376  
5.449784223  
4.90319342  
4.166296029  
3.057128467  
1.485649462  
-0.4745573813  
-2.566758674  
-4.395649037  
-5.526443344  
-5.610135006  
-4.496996839  
-2.303002407  
0.5925150164  
3.619500578  
6.141619572  
7.600139442  
7.640771205  
6.193203916  
3.486550819  
0.0003806797897  
-3.634558888  
-6.762529482  
-8.829617224  
-9.487636598  
-8.657769937  
-6.544271594  
-3.59638465  
-0.4240144435  
2.320113694  
4.072327723  
4.479133541  
3.480979446  
1.335616379  
-1.431513481  
-4.145965853  
-6.149127822  
-6.969932125  
-6.45661763  
-4.827156607  
-2.616105693  
-0.5245086744  
0.7898903612  
0.9223293836  
-0.1351263187  
-1.966760629  
-3.84185143  
-4.935401405  
-4.599286963  
-2.600488447  
0.7534028279  
4.651649866  
7.982850554  
9.652031551  
8.92190915  
5.673925867  
0.5028911243  
-5.394602503  
-10.51659676  
-13.45818684  
-13.3057961  
-9.907498412  
-3.937448373  
3.268107873  
10.0585893  
14.9016202  
16.77679062  
15.41965239  
11.35091487  
5.690279866  
-0.182254993  
-5.012382377  
-7.990379328  
-8.914468836  
-8.162087616  
-6.493014402  
-4.758351203  
-3.613420229  
-3.324711315  
-3.72484944  
-4.318534275  
-4.49328082  
-3.757824786  
-1.926696823  
0.8077888392  
3.934394617  
6.786748514  
8.753040298  
9.460853249  
8.878497932  
7.304977041  
5.2585693  
3.306344571  
1.893025926  
1.223647134  
1.232751395  
1.642215026  
2.080700671  
2.220068538  
1.882541128  
1.08645166  
0.02169778251  
-1.029697925  
-1.795917272  
-2.10420379  
-1.92830558  
-1.383481095  
-0.6768981341  
-0.03527636927  
0.3634861574  
0.4328389476  
0.1842378866  
-0.2983057625  
-0.901543207  
-1.525941763  
-2.113320485  
-2.65236082  
-3.164551328  
-3.679955775  
-4.214146167  
-4.754792329  
-5.260608754  
-5.66971265  
-5.911338588  
-5.915526765  
-5.618892786  
-4.968815694  
-3.930729672  
-2.502123691  
-0.7324136958  
1.257899167  
3.269568171  
5.039084818  
6.280507725  
6.750108083  
6.318765753  
5.029916179  
3.120539514  
0.9908354233  
-0.8770821284  
-2.034297301  
-2.183482734  
-1.265514333  
0.5141427648  
2.731200401  
4.850660596  
6.367646684  
6.939981792  
6.47300558  
5.131253078  
3.274417566  
1.338870536  
-0.2966602792  
-1.417996152  
-2.021171686  
-2.283786512  
-2.474035095  
-2.830388548  
-3.454821178  
-4.257771586  
-4.975431035  
-5.255127863  
-4.781072768  
-3.398308883  
-1.192355453  
1.50414832  
4.183070419  
6.290584677  
7.376192355  
7.215666462  
5.870842514  
3.668937978  
1.109083675  
-1.274442128  
6.094678716  
7.679733055  
8.111461967  
7.127485404  
4.871755149  
1.82511072  
-1.356238623  
-4.037057565  
-5.772368056  
-6.403025957  
-6.058842732  
-5.080810666  
-3.896679178  
-2.893034326  
-2.32118937  
-2.257768298  
-2.620822666  
-3.225758063  
-3.856966262  
-4.3320065  
-4.542921397  
-4.469762443  
-4.170209311  
-3.753840065  
-3.34991625  
-3.075193492  
-3.005616273  
-3.154677869  
-3.461730111  
-3.794560719  
-3.970025594  
-3.793080629  
-3.108553096  
-1.853234456  
-0.09181419891  
1.978717207  
4.063928734  
5.841414521  
7.047084301  
7.551724445  
7.401110876  
6.802706053  
6.059277883  
5.468880797  
5.224519124  
5.349531238  
5.694302559  
5.998867441  
6.001510348  
5.554473668  
4.7020483  
3.686942099  
2.875271651  
2.620715268  
3.113521866  
4.270267814  
5.710751319  
6.840961528  
7.024541973  
5.79199702  
3.019331044  
-0.9869764027  
-5.534275135  
-9.711626288  
-12.63423076  
-13.69018197  
-12.71239179  
-10.02122175  
-6.324730603  
-2.509484762  
0.6100522946  
2.503587868  
3.033628535  
2.432636999  
1.166197774  
-0.2621505283  
-1.491388009  
-2.40485745  
-3.121541088  
-3.887605491  
-4.916779314  
-6.246961987  
-7.673344366  
-8.788311347  
-9.116416647  
-8.294941202  
-6.231134958  
-3.173802058  
0.3325732158  
3.599723147  
6.00208009  
7.164886592  
7.066298429  
6.016526578  
4.522161001  
3.086571865  
2.021670452  
1.342786605  
0.7877084622  
-0.04610637041  
-1.498052224  
-3.654106673  
-6.247510088  
-8.696703582  
-10.27666987  
-10.36874641  
-8.701139453  
-5.490454458  
-1.425501882  
2.511815352  
5.335943513  
6.363847396  
5.434903794  
2.968162835  
-0.1655820426  
-2.916737614  
-4.385103116  
-4.094534478  
-2.123792041  
0.9471778551  
4.252866681  
6.942169487  
8.457856258  
8.700423101  
8.024033925  
7.07267755  
6.52092277  
6.815728498  
8.012651481  
9.763071859  
11.45265067  
12.43582159  
12.27710825  
10.90928666  
8.651135001  
6.080880142  
3.815755113  
2.282966224  
1.569835779  
1.410298881  
1.312524268  
0.7780264553  
-0.473256564  
-2.361277606  
-4.446643883  
-6.079548071  
-6.645768644  
-5.819592681  
-3.727177622  
-0.9534683887  
1.619023537  
3.089930026  
2.844651317  
0.7753099236  
-2.661451611  
-6.574947142  
-9.918907856  
-11.82541522  
-11.88153157  
-10.25470797  
-7.624913775  
-4.947841196  
-3.131301108  
-2.73582734  
-3.800587072  
-5.850803812  
-8.079285918  
-9.634723273  
-9.914317755  
-8.759760662  
-6.492314385  
-3.781003193  
-1.396551046  
0.05805669959  
0.3447770555  
-0.3508859224  
-1.514166748  
-2.507389206  
-2.809003662  
-2.197590335  
-0.8168254395  
0.8964068192  
2.387691092  
3.194679983  
3.111257143  
2.247261591  
0.9665625383  
-0.2670285494  
-1.072453982  
-1.290574092  
-1.026973655  
-0.5849417073  
-0.3189307146  
-0.4699088765  
-1.05057123  
-1.827937049  
-2.411529855  
-2.412577916  
-1.610292962  
-0.0569651637  
1.923555071  
3.847935698  
5.255852059  
5.8929929  
5.821568175  
5.410679432  
5.203810842  
5.708519685  
7.185757842  
9.520275033  
12.22662307  
14.59650464  
15.94016936  
15.83698758  
14.30288801  
11.80865163  
9.134904687  
7.108530089  
6.310011184  
6.855186951  
8.332124474  
9.921347702  
10.66387144  
9.788449023  
6.986624444  
2.539831374  
-2.74787674  
-7.791697621  
-11.56295057  
-13.40847925  
-13.24599333  
-11.57106465  
-9.275783481  
-7.342625627  
-6.518370181  
-7.077557934  
-8.752314147  
-10.84696588  
-12.49279292  
-12.95197449  
-11.86625061  
-9.368429455  
-6.024965512  
-2.636853164  
0.0266126808  
1.467298267  
1.591134423  
0.6959931266  
-0.6711797735  
-1.928736484  
-2.665429687  
-2.763911695  
-2.404351909  
-1.955964167  
-1.804987246  
-2.188452131  
-3.097144878  
-4.281793745  
-5.355734462  
-5.950637106  
-5.863052283  
-5.13491225  
-4.037957599  
-2.969419668  
-2.299945013  
-2.231905541  
-2.72100964  
-3.489134115  
-4.121531649  
-4.210513823  
-3.491990068  
-1.926340345  
0.3017172861  
2.857836297  
5.37315363  
7.552697644  
9.236230161  
10.3932573  
11.06306725  
11.274337  
10.98719648  
10.09016951  
8.459192032  
6.056294881  
3.023999939  
-0.2725261697  
-3.287055877  
-5.417803972  
-6.182251166  
-5.382484868  
-3.198716859  
-0.1688202802  
2.950513007  
5.403096813  
6.66386445  
6.603309955  
5.527347868  
4.074686057  
3.002258926  
2.928464769  
4.119968084  
6.394251938  
9.17143173  
11.65811847  
13.10116168  
13.02562568  
11.37749861  
8.525326722  
5.124072011  
1.891691403  
-0.6223242434  
-2.196831077  
-2.975225333  
-3.371101066  
-3.882912727  
-4.888214374  
-6.492930952  
-8.488717136  
-10.4305632  
-11.80265565  
-12.20929545  
-11.52029731  
-9.919070194  
-7.83860271  
-5.812071958  
-4.295008694  
-3.524199171  
-3.462265047  
-3.842911423  
-4.293541489  
-4.483888733  
-4.242027113  
-3.594863828  
-2.722304922  
-1.849886777  
-1.129497526  
-0.5619869395  
0.002637241167  
0.7851293494  
1.949890659  
3.486333814  
5.154583955  
6.528345703  
7.129443778  
6.609620904  
4.911202505  
2.33961546  
-0.4912484089  
-2.834370705  
-4.052646819  
-3.846469643  
-2.381621796  
-0.26317846  
1.646875073  
2.514554867  
1.82756763  
-0.4045904472  
-3.619114868  
-6.856722351  
-9.061924371  
-9.430281405  
-7.686288379  
-4.19535263  
0.1329354712  
4.123020923  
6.70370963  
7.248308264  
5.770793549  
2.911634409  
-0.2824472426  
-2.710724915  
-3.583799002  
-2.678595525  
-0.3973713465  
2.387833492  
4.650494468  
5.575203058  
4.847260466  
2.766376971  
0.1452381838  
-1.972375393  
-2.677405857  
-1.520198283  
1.316776782  
5.057201618  
8.567711887  
10.71421512  
10.71959036  
8.405798153  
4.24376448  
-0.8004173521  
-5.567068963  
-9.049542573  
-10.6721316  
-10.41300916  
-8.741284733  
-6.400909413  
-4.124017502  
-2.375986509  
-1.218452973  
-0.3315763133  
0.8202841442  
2.744660742  
5.688691993  
9.501083018  
13.63536  
17.29136059  
19.64490301  
20.0879255  
18.40136622  
14.80949372  
9.906190461  
4.48587168  
-0.66047114  
-4.918892311  
-7.948463581  
-9.684631742  
-10.26886216  
-9.946110587  
-8.975709862  
-7.586773535  
-5.983544286  
-4.380639453  
-3.033670841  
-2.233323493  
-2.249276504  
-3.236709131  
-5.141117716  
-7.646379634  
-10.20143626  
-12.13488228  
-12.83322601  
-11.93045939  
-9.445107282  
-5.812146528  
-1.78850629  
1.747489402  
4.044897341  
4.699542859  
3.772190474  
1.764327814  
-0.5438586838  
-2.343025805  
-3.051384339  
-2.494674094  
-0.949978229  
0.9611067367  
2.49420234  
3.044284055  
2.359795715  
0.6360938605  
-1.544168606  
-3.404739598  
-4.239448674  
-3.658012892  
-1.73162983  
1.010957647  
3.737041142  
5.564248956  
5.834047779  
4.317390948  
1.288340895  
-2.555085228  
-6.294654976  
-9.053350641  
-10.23191444  
-9.649465827  
-7.551158711  
-4.490343871  
-1.132448584  
1.95010868  
4.424842177  
6.245288975  
7.591127975  
8.734186933  
9.886219507  
11.08737584  
12.17647907  
12.85229489  
12.80090254  
11.83994923  
10.0244236  
7.672310144  
5.296914183  
3.465562465  
2.630285288  
2.986188391  
4.404224196  
6.46054139  
8.553060223  
10.06810057  
10.54514105  
9.7902154  
7.907028691  
5.242224218  
2.268321592  
-0.5545908088  
-2.894343489  
-4.607029736  
-5.731253717  
-6.428382043  
-6.89751104  
-7.298799228  
-7.711136717  
-8.133767567  
-8.522952812  
-8.84144333  
-9.094977913  
-9.337578889  
-9.642217968  
-10.04995624  
-10.52161669  
-10.91732067  
-11.0196351  
-10.59913293  
-9.503165335  
-7.736426209  
-5.500822928  
-3.173125276  
-1.218971578  
-0.0642666992  
0.03801238011  
-0.897658934  
-2.567666137  
-4.443548742  
-5.90864026  
-6.429824757  
-5.714171004  
-3.802753407  
-1.071412747  
1.864486352  
4.315451475  
5.706370509  
5.733900038  
4.447739496  
2.233405261  
-0.2968945582  
-2.472155094  
-3.740007156  
-3.803499356  
-2.680768183  
-0.6751586885  
1.730119179  
4.017728078  
5.777761268  
6.804888854  
7.126798487  
6.961772936  
6.624448456  
6.412742655  
6.511954137  
6.943918246  
7.573217166  
8.164170126  
8.467308193  
8.306681106  
7.641114863  
6.582172116  
5.365581205  
4.286624104  
3.619506662  
3.543723904  
4.096657497  
5.16293892  
6.500636018  
7.794973056  
8.724695341  
9.025082406  
8.534630676  
7.218058003  
5.164521998  
2.565154973  
-0.3227936254  
-3.217025284  
-5.84923182  
-7.996894509  
-9.504947522  
-10.29653272  
-10.373666  
-9.809701736  
-8.735982449  
-7.325129975  
-5.773077882  
-4.281182491  
-3.0389558  
-2.207300911  
-1.902018527  
-2.177993882  
-3.015829932  
-4.314152014  
-5.891765642  
-7.503560601  
-8.871753579  
-9.730365249  
-9.876235505  
-9.216001608  
-7.79685534  
-5.810669524  
-3.566349339  
-1.433008396  
0.2351990327  
1.175671774  
1.276580863  
0.6032138569  
-0.6160816869  
-2.041413363  
-3.297492819  
-4.055204147  
-4.098583751  
-3.362112346  
-1.932185504  
-0.01681387126  
2.104557061  
4.135813575  
5.810281526  
6.921022918  
7.335606444  
7.001321152  
5.948249456  
4.294544684  
2.25194331  
0.1232817354  
-1.719005083  
-2.881537355  
-3.02517196  
-1.954032389  
0.305061525  
3.461013903  
6.978294727  
10.16730868  
12.33346193  
12.95196687  
11.82140095  
9.147978316  
5.526887747  
1.813948493  
-1.086808066  
-2.465976678  
-2.01421759  
0.07221589132  
3.12342738  
6.164615185  
8.180294557  
8.40207724  
6.537491757  
2.87107297  
-1.796043476  
-6.355480306  
-9.693216751  
-10.99839251  
-9.990607756  
-6.999587244  
-2.873569668  
1.257551096  
4.296146824  
5.477810471  
4.574053332  
1.941167314  
-1.594884773  
-4.98038804  
-7.23038179  
-7.694646173  
-6.220546027  
-3.172902981  
0.6862048665  
4.415626072  
7.144761831  
8.284672008  
7.647713577  
5.453438053  
2.23247559  
-1.333224775  
-4.583078119  
-7.016979221  
-8.371494661  
-8.626785287  
-7.958521169  
-6.661089357  
-5.069330317  
-3.497780723  
-2.203756319  
-1.369478711  
-1.093210114  
-1.381239203  
-2.139747949  
-3.173433661  
-4.202018911  
-4.903138542  
-4.981011172  
-4.248047401  
-2.696228902  
-0.5319673072  
1.845179188  
3.924104546  
5.208366644  
5.354099546  
4.278549532  
2.202986759  
-0.3887154222  
-2.869392172  
-4.634418078  
-5.266329945  
-4.648869176  
-2.995039705  
-0.7797686388  
1.402728952  
3.013003731  
3.718072596  
3.474329918  
2.517566863  
1.266147602  
0.1714246743  
-0.4338427495  
-0.4385534977  
0.02560298653  
0.6503170781  
1.07967411  
1.056166436  
0.5320159677  
-0.2942504903  
-1.030711955  
-1.218802635  
-0.4928167371  
1.280710958  
3.931062003  
7.004754084  
9.876429798  
11.91656782  
12.66521974  
11.95916851  
9.974805098  
7.175486485  
4.18162447  
1.604437513  
-0.1064362412  
-0.7583667956  
-0.4311091102  
0.5846471984  
1.898854437  
3.143760403  
4.066335919  
4.565836542  
4.672134743  
4.481648434  
4.081478325  
3.494198309  
2.66565437  
1.499949362  
-0.07352490881  
-2.029614756  
-4.204789062  
-6.304631811  
-7.965948668  
-8.857767939  
-8.790005747  
-7.793117328  
-6.139104807  
-4.291492419  
-2.794092988  
-2.128178986  
-2.578783636  
-4.149501718  
-6.551679228  
-9.272465939  
-11.7033515  
-13.29352683  
-13.68582371  
-12.79878466  
-10.83444577  
-8.212956187  
-5.455070117  
-3.046884409  
-1.323786595  
-0.4029042354  
-0.1779409402  
-0.3723223169  
-0.6313645749  
-0.6256363753  
-0.1376316856  
0.8886018979  
2.34326398  
3.987748412  
5.5187556  
6.64107122  
7.131380784  
6.880677276  
5.909793132  
4.35924121  
2.459174655  
0.4873470895  
-1.277110856  
-2.597352985  
-3.314511918  
-3.370870386  
-2.816798346  
-1.799043456  
-0.5303412632  
0.755978464  
1.858482802  
2.65579946  
3.137852969  
3.409939985  
3.665364464  
4.13087907  
4.997716904  
6.356903568  
8.15838533  
10.20825738  
12.2080705  
13.82752541  
14.79081213  
14.95098471  
14.32882608  
13.10225109  
11.5472769  
9.947260988  
8.498489991  
7.243193758  
6.054118619  
4.679379879  
2.837058719  
0.3316619305  
-2.844744203  
-6.461958399  
-10.07325146  
-13.10935754  
-15.0221139  
-15.43783748  
-14.27485303  
-11.78788422  
-8.522115785  
-5.186218282  
-2.477942338  
-0.9109797225  
-0.6921885387  
-1.683907917  
-3.461010136  
-5.44419137  
-7.068642993  
-7.937584183  
-7.916211418  
-7.141430872  
-5.949746583  
-4.751294855  
-3.893748305  
-3.560861843  
-3.736635074  
-4.242214393  
-4.827158823  
-5.27819517  
-5.503431295  
-5.560111862  
-5.615523799  
-5.856312635  
-6.381683262  
-7.123660148  
-7.829287808  
-8.118117689  
-7.600643854  
-6.019414396  
-3.36316395  
0.08986743759  
3.821226359  
7.204925764  
9.684461521  
10.93734974  
10.97129327  
10.11653422  
8.912728249  
7.924812647  
7.548403478  
7.871654302  
8.644204888  
9.368997492  
9.490709618  
8.619146135  
6.709831253  
4.133833027  
1.602546831  
-0.03919207384  
-0.09208347876  
1.735277425  
5.170718183  
9.390977959  
13.21326803  
15.41938178  
15.12012152  
12.04897086  
6.689532282  
0.1876977016  
-5.936551477  
-10.20078345  
-11.5777556  
-9.79576259  
-5.430097656  
0.2457417825  
5.609511447  
9.140754216  
9.84211052  
7.509355769  
2.772847637  
-3.099096827  
-8.574143654  
-12.29518552  
-13.45555332  
-12.00269649  
-8.616246742  
-4.474706138  
-0.8873452581  
1.094708039  
0.9721806586  
-1.086761548  
-4.335147698  
-7.703564487  
-10.13885482  
-10.91886493  
-9.849449889  
-7.290522203  
-4.012881122  
-0.9393346837  
1.143700859  
1.813603886  
1.11141215  
-0.5089528441  
-2.356807891  
-3.743014572  
-4.201243757  
-3.622822694  
-2.267027321  
-0.6504354484  
0.642493586  
1.162332326  
0.7445067152  
-0.4404107711  
-1.948430508  
-3.211879878  
-3.725970535  
-3.211267737  
-1.70118344  
0.4706722182  
2.775807493  
4.652720734  
5.672968679  
5.660238467  
4.728264545  
3.230269181  
1.64045167  
0.4078300806  
-0.1710684173  
-0.02301621577  
0.7051248631  
1.716711452  
2.675011059  
3.313979555  
3.514158265  
3.32169713  
2.9088576  
2.494129427  
2.252906413  
2.251357715  
2.426662592  
2.619621682  
2.646739643  
2.384679306  
1.83532036  
1.146010214  
0.5749024978  
0.4103937948  
0.8702155545  
2.014043807  
3.700618015  
5.60692281  
7.307254314  
8.390159181  
8.577922761  
7.811051844  
6.26994167  
4.325144739  
2.429984358  
0.9879003302  
0.2355318606  
0.1781227634  
0.5975526407  
1.130165163  
1.388990838  
1.09032642  
0.1431278096  
-1.328260397  
-3.035131274  
-4.631347359  
-5.838784772  
-6.546833924  
-6.849631464  
-7.005736784  
-7.332218362  
-8.069285766  
-9.264212359  
-10.71928696  
-12.02853869  
-12.69787907  
-12.31319367  
-10.70110555  
-8.025182042  
-4.778070593  
-1.662603812  
0.6078130792  
1.529782251  
0.9802827821  
-0.7225090803  
-2.895007181  
-4.684518125  
-5.329576851  
-4.40410008  
-1.966246356  
1.439782244  
4.935570472  
7.571161068  
8.61846605  
7.80282693  
5.397144923  
2.145284727  
-0.9643403435  
-3.005229237  
-3.402128751  
-2.109762708  
0.3783348267  
3.195811238  
5.392360122  
6.252359117  
5.538976393  
3.582059352  
1.178014856  
-0.6689997988  
-1.082684776  
0.3815322427  
3.564510542  
7.722374811  
11.73458149  
14.43825794  
14.98455961  
13.10462145  
9.200541762  
4.231828  
-0.5677586213  
-4.054741874  
-5.508650153  
-4.830738314  
-2.54981058  
0.362517122  
2.805407116  
3.890805145  
3.207350554  
0.9273688718  
-2.270162038  
-5.429273902  
-7.621423911  
-8.226839  
-7.106860285  
-4.619933455  
-1.485685744  
1.450937878  
3.475144702  
4.196298268  
3.624767206  
2.1178016  
0.2242023223  
-1.511780025  
-2.718425817  
-3.282873692  
-3.334788735  
-3.143882985  
-2.97721858  
-2.973694801  
-3.083583605  
-3.094672247  
-2.733449096  
-1.80162711  
-0.2949639845  
1.5429347  
3.25674049  
4.299160197  
4.198891801  
2.72382041  
-0.01365377763  
-3.545509958  
-7.139333745  
-9.96964845  
-11.32371846  
-10.78657183  
-8.356231031  
-4.459511683  
0.1348962201  
4.483757231  
7.67629839  
9.033027683  
8.252774025  
5.478070326  
1.267425151  
-3.517633197  
-7.886825544  
-10.92189282  
-11.96468724  
-10.75551873  
-7.493058049  
-2.800869654  
2.396712244  
7.067749745  
10.29652284  
11.48937028  
10.51364833  
7.732751271  
3.922600145  
0.08409653683  
-2.80589699  
-4.04323471  
-3.379124268  
-1.085364497  
2.119434728  
5.26643078  
7.404528529  
7.866434562  
6.457947483  
3.516061924  
-0.1818489085  
-3.632681458  
-5.885223465  
-6.301698644  
-4.72949963  
-1.536258887  
2.49809126  
6.397272719  
9.24780985  
10.42711271  
9.739267204  
7.427968962  
4.073803994  
0.4160543207  
-2.842735666  
-5.19265812  
-6.394883705  
-6.473634123  
-5.640917542  
-4.191845687  
-2.411451608  
-0.52244271  
1.317703791  
2.983296836  
4.337850085  
5.211072291  
5.413426044  
4.787890551  
3.280220371  
0.9980980937  
-1.769486567  
-4.588615834  
-6.968857953  
-8.480552475  
-8.865890499  
-8.108884256  
-6.441543197  
-4.283606776  
-2.134035503  
-0.4467085654  
0.4739322948  
0.5301307424  
-0.1695327678  
-1.360123626  
-2.698178114  
-3.841002211  
-4.506191243  
-4.502051224  
-3.732684619  
-2.190373153  
0.05098138381  
2.834000841  
5.91070794  
8.942408732  
11.5218294  
13.22711003  
13.70453402  
12.761965  
10.44409506  
7.059587775  
3.140643198  
-0.6644503695  
-3.742404247  
-5.668595337  
-6.316806644  
-5.888583902  
-4.848866909  
-3.783837664  
-3.222533121  
-3.476769311  
-4.549416036  
-6.1398224  
-7.744174013  
-8.817899756  
-8.947370524  
-7.975940321  
-6.045398868  
-3.542843131  
-0.9745659426  
1.18796496  
2.637693718  
3.29579807  
3.29364581  
2.886592512  
2.337150995  
1.814219544  
1.34641816  
0.8448963531  
0.1825787106  
-0.7060518899  
-1.749391444  
-2.72327928  
-3.308155642  
-3.201996434  
-2.248125982  
-0.5277600193  
1.623401703  
3.689459271  
5.121526648  
5.511666643  
4.734416074  
3.004548937  
0.8263080268  
-1.154063314  
-2.346765468  
-2.402954822  
-1.323285703  
0.5471449002  
2.637056211  
4.341435547  
5.223330894  
5.156338726  
4.358896521  
3.308428244  
2.564669095  
2.56313942  
3.450451398  
5.019262802  
6.766753446  
8.058136502  
8.340420058  
7.333951786  
5.136325532  
2.202562474  
-0.7928209854  
-3.166456719  
-4.439687555  
-4.48443268  
-3.553660432  
-2.187402204  
-1.026617209  
-0.5972175533  
-1.135515421  
-2.511630971  
-4.274261906  
-5.800288669  
-6.499057236  
-6.005042881  
-4.298242088  
-1.716723902  
1.138913483  
3.575903818  
4.999991522  
5.069391866  
3.770352994  
1.39982998  
-1.530281702  
-4.431544687  
-6.776720615  
-8.200690685  
-8.545871294  
-7.853825734  
-6.320412219  
-4.237894803  
-1.943184658  
0.2195852522  
1.925733509  
2.89639873  
2.933731125  
1.965509504  
0.0881123108  
-2.411813251  
-5.077175753  
-7.352305951  
-8.700177022  
-8.739174726  
-7.360489016  
-4.786091747  
-1.540302007  
1.667359137  
4.122018468  
5.29713363  
5.004516968  
3.452719466  
1.191715671  
-1.04366025  
-2.54678716  
-2.844949909  
-1.834472343  
0.1968289816  
2.666969591  
4.886101598  
6.272628474  
6.530411613  
5.731106061  
4.276527066  
2.755045791  
1.740399322  
1.599731577  
2.374068466  
3.769948057  
5.263812323  
6.283286226  
6.404063497  
5.496269852  
3.771321452  
1.713776559  
-0.07875707903  
-1.093828851  
-1.073847283  
-0.1001630315  
1.436974377  
2.972879308  
3.962530219  
4.069160511  
3.283430856  
1.9317435  
0.5686464212  
-0.2132770976  
0.005269656812  
1.307239192  
3.379670114  
5.580586499  
7.115403899  
7.270984883  
5.636704325  
2.245038987  
-2.411699299  
-7.494593544  
-12.02859603  
-15.14919642  
-16.31483622  
-15.42653736  
-12.82534148  
-9.174680697  
-5.267852051  
-1.819834134  
0.6967915649  
2.129670889  
2.625099881  
2.524699455  
2.220999039  
2.020973327  
2.058976621  
2.280431465  
2.492636445  
2.45757267  
1.990531278  
1.030366926  
-0.3393535337  
-1.919925914  
-3.461564392  
-4.735506319  
-5.588089571  
-5.960745511  
-5.874984438  
-5.395564104  
-4.592589761  
-3.521475418  
-2.229691335  
-0.785031714  
0.6918322082  
2.01252276  
2.940695684  
3.249566598  
2.803259298  
1.634061739  
-0.01695794516  
-1.720851154  
-2.949499198  
-3.214701247  
-2.219502795  
0.02616312605  
3.167771293  
6.567790857  
9.457882446  
11.14303924  
11.19938047  
9.605143166  
6.761654037  
3.393056551  
0.3506111305  
-1.622280782  
-2.094688459  
-1.060960935  
1.071929758  
3.617380764  
5.819931401  
7.077292007  
7.104566103  
5.991213869  
4.136892586  
2.091908335  
0.3587384408  
-0.7773989555  
-1.332197085  
-1.593670993  
-1.993659972  
-2.926117957  
-4.576941222  
-6.825943764  
-9.256642385  
-11.27241744  
-12.28098947  
-11.88568773  
-10.01946661  
-6.976955254  
-3.334266252  
0.2161805046  
3.060595113  
4.824590277  
5.449032035  
5.160501684  
4.352537682  
3.424018582  
2.634268445  
2.026374712  
1.443859721  
0.6309134792  
-0.6246699333  
-2.362662142  
-4.387559352  
-6.299573769  
-7.61261154  
-7.919506317  
-7.045620294  
-5.133574092  
-2.624226658  
-0.1344960392  
1.73095931  
2.572691573  
2.328730354  
1.299454059  
0.05344302549  
-0.757563473  
-0.6154342322  
0.6866497939  
2.96457456  
5.689318104  
8.145434383  
9.65229984  
9.778058071  
8.478587594  
6.117914224  
3.364168569  
0.9941151265  
-0.3330984656  
-0.264349945  
1.151864401  
3.487647369  
6.064429097  
8.146058483  
9.137809688  
8.735194809  
6.985319656  
4.251606981  
1.100790368  
-1.849626599  
-4.079231831  
-5.271246776  
-5.357816152  
-4.503529724  
-3.042352  
-1.391076082  
0.03790037457  
0.9081683269  
1.007410186  
0.2710699278  
-1.215957807  
-3.237008396  
-5.479185482  
-7.585136605  
-9.216699936  
-10.12127268  
-10.18690412  
-9.470545489  
-8.187566516  
-6.660054302  
-5.233965416  
-4.186807012  
-3.653278974  
-3.593176448  
-3.813726058  
-4.04085823  
-4.016668752  
-3.589966157  
-2.767762964  
-1.708397851  
-0.6576290422  
0.1495091834  
0.5843061857  
0.6798102311  
0.6219421674  
0.6759139731  
1.073049944  
1.900796507  
3.041146346  
4.187728704  
4.943784536  
4.971777333  
4.142083819  
2.622648054  
0.8673971033  
-0.5055161734  
-0.9145278849  
-0.03086205936  
2.066307898  
4.858583885  
7.506604225  
9.093832381  
8.926125165  
6.791746495  
3.091271251  
-1.217425162  
-4.857357624  
-6.592374993  
-5.604148354  
-1.770012041  
4.249407023  
11.14837172  
17.30706766  
21.22229061  
21.91233618  
19.17698374  
13.63691827  
6.543969543  
-0.5772396119  
-6.345950101  
-9.875462646  
-10.95688413  
-10.03154802  
-7.974818309  
-5.771421184  
-4.192215818  
-3.575239043  
-3.773945003  
-4.277027225  
-4.447133397  
-3.788898043  
-2.15165759  
0.200940328  
2.673604093  
4.540604758  
5.192570797  
4.343219229  
2.127177818  
-0.9403207115  
-4.123588209  
-6.688941524  
-8.114347434  
-8.21982236  
-7.182869064  
-5.444250766  
-3.545572818  
-1.95950209  
-0.9699800099  
-0.6362833149  
-0.8409957894  
-1.39092658  
-2.122949248  
-2.969454811  
-3.9584743  
-5.153002345  
-6.560712752  
-8.058742128  
-9.373122163  
-10.13076119  
-9.972096444  
-8.686067409  
-6.316465902  
-3.19532007  
0.1171393822  
2.973471147  
4.81862054  
5.349977003  
4.604114979  
2.940117093  
0.9240876257  
-0.8467978597  
-1.921682066  
-2.115609412  
-1.532580609  
-0.487496537  
0.6418205885  
1.576669246  
2.252836637  
2.84546204  
3.692302116  
5.141570672  
7.379010153  
10.29860847  
13.46852008  
16.21247657  
17.78781598  
17.60730849  
15.43500671  
11.49200779  
6.434809209  
1.207907522  
-3.188868891  
-5.951854359  
-6.672135725  
-5.426219105  
-2.736657728  
0.5812762043  
3.63900108  
5.696436636  
6.326404808  
5.48279963  
3.464270848  
0.7951050807  
-1.934397688  
-4.219936057  
-5.748217503  
-6.43460836  
-6.395171928  
-5.872849445  
-5.146683847  
-4.451922923  
-3.929870399  
-3.613691567  
-3.445027277  
-3.309320488  
-3.076486978  
-2.636699279  
-1.926057379  
-0.9412154306  
0.2558488918  
1.541980669  
2.746068334  
3.672081958  
4.131269988  
3.979789013  
3.154443033  
1.696992173  
-0.241576738  
-2.421073154  
-4.553748256  
-6.358031121  
-7.610365689  
-8.181423813  
-8.047889487  
-7.279207629  
-6.007059139  
-4.390587161  
-2.590504479  
-0.7598165039  
0.9496306609  
2.374077128  
3.331952346  
3.637159454  
3.135775064  
1.759188113  
-0.4233808349  
-3.174808907  
-6.100839341  
-8.708757719  
-10.50520746  
-11.10938731  
-10.34938833  
-8.311218523  
-5.322351562  
-1.871005017  
1.517342124  
4.41042657  
6.567740843  
7.977669593  
8.823079241  
9.388136114  
9.938041068  
10.61193764  
11.36456269  
11.97574056  
12.12429752  
11.50174952  
9.928364438  
7.433921392  
4.2773398  
0.8992317736  
-2.177799162  
-4.471112778  
-5.647571378  
-5.592204364  
-4.421988727  
-2.447551992  
-0.09922132194  
2.15988637  
3.912975951  
4.847980382  
4.791953941  
3.725118228  
1.780222817  
-0.769928028  
-3.538821328  
-6.071483359  
-7.91179838  
-8.687721599  
-8.199728514  
-6.48898948  
-3.859447912  
-0.8356312171  
1.945269666  
3.886816039  
4.59310229  
3.987078972  
2.346131909  
0.2352021242  
-1.651107739  
-2.695282051  
-2.550686252  
-1.259889677  
0.7448152234  
2.765168391  
4.051183326  
4.040581001  
2.546913957  
-0.1664260181  
-3.453801021  
-6.478200302  
-8.465903659  
-8.943036781  
-7.876679634  
-5.673890475  
-3.038961034  
-0.7367959934  
0.6578567489  
0.9406622278  
0.3267828647  
-0.646730241  
-1.330015927  
-1.206856118  
-0.09119181326  
1.796383091  
3.900174155  
5.524751092  
6.085637433  
5.326403066  
3.424029079  
0.9430985603  
-1.347553079  
-2.733035327  
-2.795404846  
-1.55561188  
0.5367807793  
2.763883715  
4.394260119  
4.942354453  
4.339821364  
2.956146492  
1.458781508  
0.5604006802  
0.7423315628  
2.053884099  
4.062813597  
5.980405977  
6.923409268  
6.225589078  
3.691471565  
-0.2983543976  
-4.872442215  
-8.922079149  
-11.44323925  
-11.85509569  
-10.1888944  
-7.082600056  
-3.580301973  
-0.8000545444  
0.4224492981  
-0.2012917917  
-2.325012538  
-5.084941619  
-7.382694946  
-8.241169284  
-7.118285675  
-4.078786162  
0.2282498854  
4.775010884  
8.474193762  
10.50802645  
10.5633721  
8.902592844  
6.254606032  
3.567963101  
1.709439518  
1.204523731  
2.097910126  
3.970036266  
