4.806812853  
3.632244649  
1.425270611  
-0.9742142204  
-2.638031228  
-2.859410007  
-1.400553842  
1.410080307  
4.769663475  
7.656792757  
9.168900422  
8.828990247  
6.757438054  
3.648278485  
0.5544425119  
-1.449413096  
-1.616215798  
0.2270773902  
3.61712732  
7.596294555  
11.01214408  
12.87611057  
12.66512816  
10.47055058  
6.950670121  
3.107978007  
-0.0314330669  
-1.73021855  
-1.745023454  
-0.3653913274  
1.715507368  
3.645179612  
4.68374841  
4.41346892  
2.823564085  
0.2554412575  
-2.757676314  
-5.689147682  
-8.180833196  
-10.11442102  
-11.57683504  
-12.74622295  
-13.75411043  
-14.58519082  
-15.05768363  
-14.89211785  
-13.83895401  
-11.81036637  
-8.958624204  
-5.663885871  
-2.430210742  
0.2742124  
2.172216321  
3.266777502  
3.825616089  
4.26188078  
4.952244643  
6.060459877  
7.436511578  
8.636898421  
9.068514822  
8.212007804  
5.847637255  
2.200067968  
-2.058159733  
-5.958463328  
-8.503722464  
-8.969330089  
-7.13970164  
-3.399116265  
1.359149771  
5.982694356  
9.393508953  
10.90085144  
10.39434225  
8.355721056  
5.686022103  
3.40429429  
2.315407691  
2.753831491  
4.48502642  
6.794344768  
8.732504738  
9.436310306  
8.419928362  
5.742642603  
1.999766449  
-1.859330151  
-4.826977191  
-6.152218522  
-5.57563103  
-3.411004911  
-0.4497199762  
2.281110188  
3.831265252  
3.615218597  
1.588985105  
-1.734985272  
-5.436584502  
-8.454097181  
-9.888348892  
-9.257400093  
-6.631290453  
-2.61277891  
1.825653931  
5.599127113  
7.789163037  
7.869117643  
5.819718724  
2.1106944  
-2.438632712  
-6.876112807  
-10.34995899  
-12.29766978  
-12.54625406  
-11.30612769  
-9.070708757  
-6.457725415  
-4.040845921  
-2.218234202  
-1.149815564  
-0.7719145767  
-0.8739685191  
-1.204066525  
-1.563760041  
-1.85946108  
-2.095513089  
-2.316855252  
-2.529137096  
-2.634319833  
-2.415842519  
-1.589965456  
0.08576775298  
2.68125341  
5.989324777  
9.49625033  
12.45589668  
14.06309496  
13.68557093  
11.08660832  
6.563490087  
0.9443785385  
-4.574522529  
-8.719881198  
-10.48387282  
-9.418241361  
-5.785993591  
-0.5145329481  
5.047368489  
9.50459243  
11.8134599  
11.58091403  
9.169945871  
5.574233414  
2.097436033  
-0.06416343556  
-0.2037293868  
1.672216738  
4.851410326  
8.153667263  
10.32207643  
10.43935227  
8.231942439  
4.160852901  
-0.7310309478  
-5.163756865  
-8.041034059  
-8.804723072  
-7.603242541  
-5.217432167  
-2.77055172  
-1.323460921  
-1.496016933  
-3.24704271  
-5.890584548  
-8.344082116  
-9.522829425  
-8.742974864  
-5.990874725  
-1.961648531  
2.150780162  
5.043321044  
5.740926868  
3.93109638  
0.07936698864  
-4.716022851  
-9.082565472  
-11.82372074  
-12.30754096  
-10.66099132  
-7.703799591  
-4.645049327  
-2.647342225  
-2.408907972  
-3.908017002  
-6.398518256  
-8.65961117  
-9.416266962  
-7.788841232  
-3.620580727  
2.427109667  
9.044242251  
14.65194343  
17.86992094  
17.92333945  
14.8639866  
9.543571246  
3.357327656  
-2.153186373  
-5.711413873  
-6.60953169  
-4.826722141  
-0.9489393343  
4.060052586  
9.146985038  
13.42194289  
16.30826883  
17.5686005  
17.23323214  
15.48677835  
12.57257183  
8.752560607  
4.325235957  
-0.3286860587  
-4.719171582  
-8.277505357  
-10.45653274  
-10.8770854  
-9.4691647  
-6.548558102  
-2.786340005  
0.9351581106  
3.744156327  
5.011666282  
4.518512796  
2.500769909  
-0.442171017  
-3.545375226  
-6.114020215  
-7.716922696  
-8.275090558  
-8.022263307  
-7.362044539  
-6.6834557  
-6.209623179  
-5.937883621  
-5.690456996  
-5.248383119  
-4.506057148  
-3.573874649  
-2.776605075  
-2.537952205  
-3.190878428  
-4.788886435  
-7.000661581  
-9.144655834  
-10.3696084  
-9.929974941  
-7.463535628  
-3.16895397  
2.190420028  
7.472470545  
11.4806865  
13.32351272  
12.68782747  
9.931055808  
5.956958218  
1.9149932  
-1.174065649  
-2.736183666  
-2.794408208  
-1.899299516  
-0.8664741346  
-0.4191206392  
-0.8699895824  
-1.965429415  
-2.956884336  
-2.882264049  
-0.9604833389  
3.044054093  
8.626334926  
14.59960795  
19.40588057  
21.58584046  
20.25580294  
15.42998454  
8.073133886  
-0.1440671819  
-7.315815927  
-11.85092208  
-12.92668728  
-10.70301216  
-6.231724869  
-1.096045976  
3.097616216  
5.208275238  
4.873572711  
2.554912739  
-0.685990484  
-3.590560506  
-3.023418652  
-5.770567421  
-7.367151984  
-7.400936062  
-5.898872398  
-3.316246048  
-0.3934769131  
2.073381828  
3.475174141  
3.568816587  
2.538140984  
0.9198887867  
-0.5788521879  
-1.312307727  
-0.9036717709  
0.6347120324  
2.903382937  
5.236521786  
6.902470443  
7.32284662  
6.245983961  
3.826142997  
0.5887436521  
-2.705702005  
-5.259139166  
-6.440828666  
-5.946241699  
-3.87131375  
-0.6867235899  
2.877804803  
6.008043953  
7.995380492  
8.397659646  
7.134653914  
4.498315019  
1.077878208  
-2.38090007  
-5.14841425  
-6.675070311  
-6.70806012  
-5.334315838  
-2.94106444  
-0.1060932142  
2.552300783  
4.525310844  
5.523869053  
5.521228185  
4.720021259  
3.458599237  
2.089513447  
0.8709065576  
-0.09404884577  
-0.8517552607  
-1.532754702  
-2.254106021  
-3.030006288  
-3.729068813  
-4.100297964  
-3.864122821  
-2.838762343  
-1.055330958  
1.18587374  
3.34880815  
4.786436038  
4.925869335  
3.458628059  
0.473606989  
-3.515878094  
-7.668679905  
-11.01513589  
-12.70470725  
-12.23041293  
-9.564031918  
-5.162566921  
0.1542854267  
5.416998799  
9.744691035  
12.53976907  
13.58674903  
13.03648583  
11.29426408  
8.858743802  
6.169462824  
3.510727757  
0.9943261322  
-1.387672638  
-3.673703609  
-5.850751876  
-7.81560336  
-9.393590963  
-10.40308214  
-10.73386767  
-10.40177697  
-9.552337308  
-8.408733652  
-7.184321785  
-5.997181472  
-4.82583806  
-3.530176604  
-1.934980541  
0.05418359357  
2.350486356  
4.647868274  
6.47272941  
7.319533444  
6.830580323  
4.958011207  
2.045329103  
-1.212073081  
-3.92877797  
-5.272396824  
-4.715247055  
-2.213917565  
1.745318847  
6.25666151  
10.23287589  
12.70217604  
13.07505849  
11.30107414  
7.869932937  
3.659958152  
-0.3164210711  
-3.190956381  
-4.459106455  
-4.081129805  
-2.44531184  
-0.2173121253  
1.868203659  
3.20644687  
3.456331127  
2.582096986  
0.8088229344  
-1.475906174  
-3.8316902  
-5.850945969  
-7.204518337  
-7.653304958  
-7.046738338  
-5.330316014  
-2.572591566  
0.9967237649  
4.962179562  
8.740976119  
11.66343435  
13.11144612  
12.68374605  
10.33717757  
6.450392209  
1.774481127  
-2.73069811  
-6.136328363  
-7.7921742  
-7.504464063  
-5.584061278  
-2.744339606  
0.1229484239  
2.223759654  
3.100456016  
2.754305778  
1.611079282  
0.3419794798  
-0.398073102  
-0.2235596583  
0.8261817934  
2.285146892  
3.415375691  
3.46642474  
1.950637242  
-1.16126984  
-5.393315062  
-9.884517825  
-13.63784902  
-15.81578744  
-15.98513362  
-14.23194828  
-11.11231152  
-7.460368392  
-4.122055827  
-1.70518058  
-0.4268580363  
-0.102232567  
-0.2675864181  
-0.3849509177  
-0.05011681248  
0.8702399562  
2.216317366  
3.627042128  
4.702997868  
5.172965818  
4.998617551  
4.378544003  
3.653463243  
3.153298772  
3.049147027  
3.270749805  
3.52414255  
3.404915748  
2.564932848  
0.8688459232  
-1.520502781  
-4.162964447  
-6.464128045  
-7.85850293  
-7.988504414  
-6.816249948  
-4.629722738  
-1.943107968  
0.6711291166  
2.757623137  
4.09982907  
4.749037438  
4.957524886  
5.04828566  
5.275810192  
5.732661953  
6.335505063  
6.890607251  
7.206018986  
7.198809928  
6.948324818  
6.669579143  
6.615211013  
6.946238476  
7.627926779  
8.400371147  
8.845573029  
8.534125465  
7.200203324  
4.877195268  
1.935786729  
-1.000815591  
-3.244636495  
-4.273076188  
-3.920401076  
-2.458068705  
-0.52739876  
1.060458167  
1.593640802  
0.7062752913  
-1.484906551  
-4.406061096  
-7.210509348  
-9.062164953  
-9.421934322  
-8.237302771  
-5.967055692  
-3.429605921  
-1.525178789  
-0.9271392955  
-1.850108965  
-3.976802402  
-6.570747247  
-8.736793461  
-9.738852704  
-9.263070099  
-7.532749264  
-5.232452115  
-3.265616821  
-2.428849986  
-3.116416749  
-5.159307084  
-7.857667702  
-10.19895701  
-11.18999038  
-10.19141365  
-7.141601513  
-2.59419223  
2.443625199  
6.818121765  
9.579378541  
10.26017324  
8.994536005  
6.442551826  
3.553097289  
1.248953635  
0.1411937559  
0.3653459249  
1.586711271  
3.162714513  
4.397542487  
4.796130787  
4.229814872  
2.961280446  
1.528298775  
0.5353021277  
0.4317727951  
1.356991146  
3.103032625  
5.20302061  
7.106296389  
8.372666693  
8.814084938  
8.534590004  
7.858631199  
7.17952823  
6.788146079  
6.747482475  
6.859985216  
6.738995528  
5.957013185  
4.215634913  
1.474904969  
-2.004540442  
-5.721225422  
-9.072672457  
-11.52604089  
-12.76122556  
-12.73998528  
-11.68274612  
-9.967827832  
-7.994211219  
-6.058903227  
-4.291112485  
-2.661355079  
-1.054304201  
0.6294662111  
2.387032337  
4.078123309  
5.456148377  
6.253032494  
6.284216881  
5.532098638  
4.174099044  
2.542543134  
1.029112533  
-0.03256462041  
-0.4646956379  
-0.2893134948  
0.295679787  
0.9977759016  
1.537418977  
1.742335178  
1.595387282  
1.221045574  
0.8189277228  
0.5722497344  
0.5674463412  
0.7556462982  
0.9696947136  
0.9886159147  
0.6233839165  
-0.2097273801  
-1.456189787  
-2.942199843  
-4.436379101  
-5.728196419  
-6.691037917  
-7.304575742  
-7.628443728  
-7.740020716  
-7.665215414  
-7.335747115  
-6.597206399  
-5.272047529  
-3.258087692  
-0.6251451355  
2.332306905  
5.117398749  
7.134453061  
7.850951957  
6.970600204  
4.560447296  
1.084218154  
-2.679846249  
-5.822675093  
-7.542314576  
-7.368652869  
-5.307666378  
-1.859211584  
2.101494561  
5.548573784  
7.57473641  
7.630268101  
5.665882981  
2.141733564  
-2.096518439  
-6.036706619  
-8.751656652  
-9.615170863  
-8.42876119  
-5.433838641  
-1.217469106  
3.452364867  
7.811356409  
11.25409157  
13.42616328  
14.24229797  
13.84205316  
12.50962398  
10.58808413  
8.411819573  
6.267650168  
4.381490362  
2.918241766  
1.981190049  
1.602852149  
1.728845978  
2.205095358  
2.782399997  
3.148909327  
2.991409624  
2.074025801  
0.3129264642  
-2.177791482  
-5.088505952  
-7.971163948  
-10.34058532  
-11.79429076  
-12.11712693  
-11.33908987  
-9.72720771  
-7.711445275  
-5.764646572  
-4.271173898  
-3.423154229  
-3.175722358  
-3.275053464  
-3.350938044  
-3.045658133  
-2.139415666  
-0.6331378733  
1.237788565  
3.064310739  
4.381541949  
4.808430471  
4.166917271  
2.544190271  
0.2786405693  
-2.126745362  
-4.137853749  
-5.330036922  
-5.494233362  
-4.678091032  
-3.151923766  
-1.312766295  
0.4413048814  
1.825782975  
2.737180057  
3.2534625  
3.570432489  
3.898814271  
4.360319149  
4.921721657  
5.393135163  
5.494447415  
4.969260815  
3.707097403  
1.828648137  
-0.301885966  
-2.150796181  
-3.160035858  
-2.922504159  
-1.332325409  
1.341888287  
4.492388286  
7.315548022  
9.027921893  
9.094294388  
7.398847651  
4.303537947  
0.5690320914  
-2.845764297  
-5.051876134  
-5.489317745  
-4.099761689  
-1.3586015  
1.84745705  
4.465364761  
5.574039955  
4.649596138  
1.719661762  
-2.638820511  
-7.457643813  
-11.64433338  
-14.27899684  
-14.8540108  
-13.38794697  
-10.38451512  
-6.654859116  
-3.062785572  
-0.274264992  
1.411664331  
2.101922934  
2.213093602  
2.278625636  
2.728885248  
3.720534205  
5.073422041  
6.335618498  
6.953109789  
6.484568522  
4.785716968  
2.097424307  
-0.9963282242  
-3.730636573  
-5.391058024  
-5.538748021  
-4.154420975  
-1.651825393  
1.246304678  
3.731479821  
5.160450677  
5.252651357  
4.169651366  
2.450558318  
0.8244620767  
-0.03830364992  
0.2459671322  
1.642846014  
3.708380665  
5.735243638  
6.988113499  
6.950098879  
5.497991218  
2.947485599  
-0.04747813151  
-2.708452668  
-4.388583596  
-4.785754561  
-4.041117245  
-2.689123493  
-1.474283303  
-1.094408239  
-1.954957811  
-4.016114946  
-6.784197984  
-9.451868875  
-11.14286332  
-11.18286591  
-9.309735967  
-5.756547969  
-1.182694562  
3.522125941  
7.495507507  
10.13752396  
11.24918611  
11.03417546  
9.970839081  
8.605149758  
7.340867191  
6.301978646  
5.315322923  
4.017481738  
2.044930533  
-0.7641760788  
-4.233850493  
-7.835221233  
-10.8062863  
-12.37258912  
-11.99792488  
-9.580721558  
-5.526827344  
-0.6684783399  
3.950588164  
7.35934836  
8.924649268  
8.513827108  
6.50387774  
3.635651575  
0.7616999268  
-1.429389824  
-2.622257291  
-2.950209296  
-2.913970684  
-3.172723631  
-4.278690831  
-6.445109853  
-9.426607039  
-12.55434986  
-14.91787862  
-15.63796914  
-14.14521869  
-10.37688767  
-4.829968908  
1.54689392  
7.590787413  
12.22093877  
14.70797525  
14.84066646  
12.9477706  
9.776606923  
6.271192431  
3.318505455  
1.535055851  
1.148130456  
1.993634685  
3.616926923  
5.435239684  
6.908070142  
7.667188168  
7.576974531  
6.720943112  
5.332780041  
3.703433468  
2.096692594  
0.6962268917  
-0.4081268339  
-1.201724626  
-1.71026893  
-1.966504079  
-1.991164437  
-1.792170891  
-1.377945184  
-0.7759623724  
-0.04754323679  
0.7067433336  
1.352096438  
1.73264015  
1.689603527  
1.082740611  
-0.1849082109  
-2.138549059  
-4.701547372  
-7.670417218  
-10.70631895  
-13.35600171  
-15.11111781  
-15.50472874  
-14.22967842  
-11.25029845  
-6.871915276  
-1.736414015  
3.272139648  
7.203149359  
9.260916022  
9.016269314  
6.547198819  
2.460041607  
-2.2277242  
-6.323388989  
-8.757401312  
-8.86516813  
-6.572489533  
-2.427825989  
2.53397931  
7.063926899  
10.0340485  
10.74231279  
9.100833053  
5.653208706  
1.415726277  
-2.412051434  
-4.784123167  
-5.095838993  
-3.34127039  
-0.09762374689  
3.655219911  
6.824496428  
8.51804181  
8.291379017  
6.260229082  
3.051151299  
-0.3896859137  
-3.070119656  
-4.227774053  
-3.53111066  
-1.153854546  
2.290877198  
5.930675618  
8.872356675  
10.43101461  
10.28941373  
8.551147206  
5.682491728  
2.367971453  
-0.6751614383  
-2.872170682  
-3.912672156  
-3.794568384  
-2.788216066  
-1.339379233  
0.05777820331  
0.9830925109  
1.179574523  
0.592695713  
-0.6426486436  
-2.257365247  
-3.927195328  
-5.35429892  
-6.332510223  
-6.783359077  
-6.757950973  
-6.407698122  
-5.933373787  
-5.52591195  
-5.313336435  
-5.326147563  
-5.489022531  
-5.640522257  
-5.576087833  
-5.104131706  
-4.101870373  
-2.557422755  
-0.5876425401  
1.573271865  
3.612710657  
5.198237612  
6.043513894  
5.967743805  
4.936488265  
3.075599253  
0.6556965647  
-1.949840187  
-4.325568097  
-6.082529905  
-6.922719497  
-6.688283132  
-5.386830493  
-3.188069445  
-0.3917802741  
2.627526149  
5.489156924  
7.874344092  
9.579459796  
10.54213599  
10.83388262  
10.62089913  
10.10336378  
9.450101394  
8.747793643  
7.980539132  
7.046925878  
5.810165844  
4.165583452  
2.102869735  
-0.2593714793  
-2.681373587  
-4.853431456  
-6.476712926  
-7.348434209  
-7.42278067  
-6.825317292  
-5.813350312  
-4.693174142  
-3.721018086  
-3.021979825  
-2.556879607  
-2.151530602  
-1.581024661  
-0.6808332608  
0.5557633693  
1.932834928  
3.082690316  
3.570010767  
3.039833765  
1.361101511  
-1.285773589  
-4.414378588  
-7.339092636  
-9.357576648  
-9.955580683  
-8.969117131  
-6.648673197  
-3.598904451  
-0.6067014154  
1.59240562  
2.537215957  
2.181490527  
0.9050690111  
-0.6109812282  
-1.60732411  
-1.496660528  
-0.06032994749  
2.473593736  
5.4973533  
8.21489177  
9.89537731  
10.10576658  
8.84572969  
6.540607404  
3.895374977  
1.659213043  
0.3803606963  
0.2340640762  
0.9814031741  
2.071840404  
2.852850369  
2.812710878  
1.770657071  
-0.05363928851  
-2.117647348  
-3.755371258  
-4.429701004  
-3.948147842  
-2.562623601  
-0.911865464  
0.1812855777  
-0.00546484835  
-1.82166523  
-5.078726168  
-9.053877758  
-12.6720438  
-14.81562863  
-14.66828213  
-11.98421747  
-7.19488476  
-1.31398004  
4.335718085  
8.494016818  
10.32200891  
9.639187006  
6.966910103  
3.365167306  
0.1123864835  
-1.674800494  
-1.367870305  
0.997254907  
4.743209258  
8.762190789  
11.84792606  
13.04744871  
11.92908348  
8.691414914  
4.087956635  
-0.8024989137  
-4.886007823  
-7.350523206  
-7.865234647  
-6.631216145  
-4.278936908  
-1.653178081  
0.4441831249  
1.476030481  
1.295477616  
0.1471215739  
-1.444968322  
-2.859309738  
-3.569289099  
-3.288528223  
-2.03177032  
-0.08255021169  
2.112355223  
4.082031927  
5.458775596  
6.057283376  
5.888305581  
5.111940219  
3.954088428  
2.618638882  
1.225519724  
-0.2070787062  
-1.73484528  
-3.428150728  
-5.305660711  
-7.286114046  
-9.176358476  
-10.70110215  
-11.56594034  
-11.53477356  
-10.49855351  
-8.515298766  
-5.810106161  
-2.735360849  
0.2979649176  
2.900277189  
4.775405565  
5.769284437  
5.886893263  
5.27735772  
4.193867519  
2.939243797  
1.808666454  
1.039425132  
0.7743580236  
1.042562797  
1.758471497  
2.738789319  
3.735511556  
4.481606748  
4.743757127  
4.3738314  
3.348866392  
1.788988099  
-0.05443888762  
-1.842467715  
-3.218004251  
-3.887060902  
-3.692303044  
-2.658780478  
-0.9969920591  
0.9411557045  
2.74481441  
4.044720147  
4.604684254  
4.378053962  
3.512247584  
2.299463985  
1.087868232  
0.180104753  
-0.2496599166  
-0.1944916558  
0.2022858509  
0.7129421622  
1.116682217  
1.283985753  
1.223412072  
1.072979631  
1.037788122  
1.295341613  
1.903184151  
2.744821924  
3.538340029  
3.911060077  
3.519696585  
2.177328749  
-0.05734480181  
-2.863421566  
-5.726436797  
-8.076257389  
-9.453423661  
-9.650574456  
-8.780587054  
-7.244781357  
-5.606618509  
-4.408272913  
-3.988443378  
-4.362231822  
-5.205864683  
-5.956011494  
-5.995595114  
-4.867979547  
-2.449703881  
0.9771678269  
4.781043293  
8.152035427  
10.33717372  
10.86621933  
9.695875191  
7.225174558  
4.175432802  
1.3716404  
-0.5060355488  
-1.122168705  
-0.5746017644  
0.6551452475  
1.871810172  
2.400286449  
1.807320671  
0.04010201798  
-2.560991322  
-5.376367579  
-7.707727176  
-8.99769203  
-8.99693843  
-7.826547648  
-5.919312185  
-3.864122477  
-2.208353888  
-1.284847345  
-1.118996407  
-1.44236968  
-1.802601421  
-1.727829276  
-0.8880530154  
0.7996664524  
3.153046467  
5.792760557  
8.267080415  
10.18621207  
11.32041272  
11.63314442  
11.24674836  
10.36340634  
9.178716762  
7.824208939  
6.35956015  
4.811710886  
3.236396105  
1.766664939  
0.6174592172  
0.03402544821  
0.1972982611  
1.121737011  
2.590404616  
4.163868498  
5.275128715  
5.390682744  
4.189364425  
1.697259169  
-1.674958295  
-5.217449655  
-8.114147478  
-9.689255827  
-9.629952453  
-8.109402897  
-5.761602311  
-3.505492058  
-2.265347657  
-2.671706942  
-4.838278889  
-8.290858652  
-12.07890355  
-15.04312819  
-16.16147802  
-14.86798565  
-11.24401268  
-6.018761925  
-0.3741319039  
4.389870164  
7.228663445  
7.651792524  
5.855420663  
2.648511625  
-0.8035550263  
-3.337748242  
-4.143371607  
-2.996184483  
-0.3071744787  
3.024659957  
5.904916973  
7.387111266  
6.95878566  
4.683721586  
1.161655915  
-2.674138426  
-5.850398842  
-7.64150633  
-7.76038748  
-6.397331944  
-4.103787836  
-1.569604392  
0.6244204193  
2.19206086  
3.20360089  
4.007799628  
5.047647468  
6.641088973  
8.809983173  
11.22334486  
13.28024274  
14.3077028  
13.80684557  
11.66082979  
8.228029736  
4.280547002  
0.7992142379  
-1.31469172  
-1.520959276  
0.1759466697  
3.203171711  
6.567893593  
9.135714435  
9.955334054  
8.530957056  
4.960209714  
-0.1021674156  
-5.640130095  
-10.56783487  
-14.02523728  
-15.58812536  
-15.33346614  
-13.74941686  
-11.52945871  
-9.325589253  
-7.544698432  
-6.253414665  
-5.216379338  
-4.045896924  
-2.402897975  
-0.1730702868  
2.447038986  
4.985767144  
6.841677441  
7.487080872  
6.657621149  
4.460516935  
1.362310808  
-1.941218675  
-4.72973395  
-6.468792702  
-6.955869375  
-6.35433273  
-5.106655297  
-3.759505054  
-2.762994862  
-2.314018031  
-2.297155852  
-2.341783423  
-1.973507057  
-0.8055397591  
1.297348594  
4.139372033  
7.226113297  
9.897695857  
11.51817048  
11.659145  
10.21997443  
7.45028389  
3.874298542  
0.1480938961  
-3.100485347  
-5.399736471  
-6.497721584  
-6.356679245  
-5.098961444  
-2.939509911  
-0.137961659  
3.013159574  
6.171036653  
8.922359885  
10.79322689  
11.31168885  
10.12157747  
7.118058044  
2.555115684  
-2.927123019  
-8.388277235  
-12.7837229  
-15.22662941  
-15.2409281  
-12.92219797  
-8.944040601  
-4.392266473  
-0.4647384684  
1.87796852  
2.203236261  
0.7428359873  
-1.675800664  
-3.889977201  
-4.777335771  
-3.629578769  
-0.403734475  
4.233551035  
9.08826041  
12.79428539  
14.23114888  
12.87186483  
8.949725784  
3.390748469  
-2.466049936  
-7.269933137  
-10.05227499  
-10.48795589  
-8.944598658  
-6.310779839  
-3.667113196  
-1.914298132  
-1.483286239  
-2.221689482  
-3.488248306  
-4.415695427  
-4.245766146  
-2.617721898  
0.2895894259  
3.80942135  
7.011945569  
9.022078159  
9.319285605  
7.916344288  
5.357141978  
2.536598262  
0.4062165245  
-0.3337240638  
0.5475629735  
2.7524826  
5.569291909  
8.114495795  
9.617121612  
9.64846202  
8.224324059  
5.754350838  
2.867080069  
0.1808486729  
-1.894732858  
-3.258310426  
-4.089001358  
-4.711657028  
-5.414695188  
-6.295775534  
-7.197633642  
-7.760383043  
-7.570892408  
-6.351838448  
-4.116385937  
-1.22539143  
1.681488742  
3.863896205  
4.710933823  
3.945700634  
1.732942763  
-1.350067983  
-4.474085097  
-6.800672563  
-7.730779758  
-7.080519622  
-5.129300487  
-2.526484094  
-0.08732107247  
1.457357417  
1.680787007  
0.5841355558  
-1.409303214  
-3.583640834  
-5.141917927  
-5.43652987  
-4.153829978  
-1.404824497  
2.297663393  
6.164058579  
9.319142276  
11.01003094  
10.78203086  
8.584634907  
4.787726638  
0.107557022  
-4.54049507  
-8.232354702  
-10.23115335  
-10.14908208  
-8.040133653  
-4.399777254  
-0.0649511879  
3.97054011  
6.788267892  
7.77164609  
6.768189134  
4.139585552  
0.6771484414  
-2.603935487  
-4.741789067  
-5.101267212  
-3.563219595  
-0.5686253393  
3.003197967  
6.093015123  
7.782881432  
7.582473336  
5.588884431  
2.464466631  
-0.7665905006  
-3.04350718  
-3.614696068  
-2.292351913  
0.4697687878  
3.705813031  
6.237787227  
7.052507888  
5.634445914  
2.145535849  
-2.608700999  
-7.418108584  
-11.03615019  
-12.55889207  
-11.6926287  
-8.824880139  
-4.878731934  
-1.00198522  
1.803702739  
2.990645522  
2.610525345  
1.25474615  
-0.1829253114  
-0.834846636  
-0.1645015057  
1.854982109  
4.744802023  
7.69825632  
9.86395479  
10.63224311  
9.825804854  
7.733390154  
4.983717865  
2.313425793  
0.3180158987  
-0.7240723361  
-0.8961020947  
-0.5505738918  
-0.1262976418  
0.04569000462  
-0.1327656406  
-0.5198367962  
-0.8433185833  
-0.875645035  
-0.5936124889  
-0.2453402631  
-0.2827624019  
-1.173272906  
-3.15781942  
-6.053514888  
-9.192809448  
-11.54834725  
-12.02627533  
-9.844416945  
-4.869986257  
2.208504557  
9.955674842  
16.5138406  
20.097561  
19.51543116  
14.55756666  
6.120443045  
-3.98276887  
-13.48240353  
-20.25430313  
-22.88899596  
-21.06139366  
-15.59394478  
-8.198629222  
-0.9788075428  
4.158760482  
6.009915649  
4.356381111  
-0.04205256771  
-5.725660428  
-10.98468016  
-14.33968071  
-14.91386495  
-12.60314042  
-8.01826738  
-2.242679419  
3.502017218  
8.176342184  
11.14235549  
12.23900924  
11.72044133  
10.10338709  
7.987254066  
5.90357736  
4.227500809  
3.154460581  
2.7226428  
2.853200719  
3.386457541  
4.10714172  
4.766249621  
5.11332533  
4.947517975  
4.181663911  
2.898249067  
1.368385557  
0.01062811578  
-0.7143587568  
-0.4508789739  
0.9080056632  
3.133809774  
5.675549859  
7.78477728  
8.726139  
8.012418358  
5.586720079  
1.884616262  
-2.255973052  
-5.819834761  
-7.909983237  
-8.021123339  
-6.200963676  
-3.042652321  
0.4939658351  
3.377572512  
4.822198792  
4.522153883  
2.728052068  
0.1402124363  
-2.34251593  
-3.931299148  
-4.207105978  
-3.243446562  
-1.552532536  
0.1222321271  
1.090294442  
0.9708363319  
-0.1706690865  
-1.855364772  
-3.380597385  
-4.095945269  
-3.663007513  
-2.201122669  
-0.2616746492  
1.364082457  
1.93727877  
1.058574601  
-1.156280395  
-4.081824264  
-6.775304197  
-8.295063629  
-8.036510291  
-5.967118166  
-2.673323309  
0.8049674655  
3.303530033  
3.919975424  
2.327582719  
-1.091269956  
-5.341878482  
-9.117893371  
-11.21123668  
-10.89918675  
-8.182656473  
-3.797406014  
1.006561578  
4.847465544  
6.634578549  
5.898373211  
2.926381501  
-1.333402178  
-5.565696947  
-8.481433236  
-9.187643124  
-7.422610203  
-3.592582185  
1.388397928  
6.392992387  
10.40937086  
12.80135318  
13.4270723  
12.59470629  
10.88797928  
8.93304124  
7.19026851  
5.837506034  
4.773394511  
3.725103056  
2.40984908  
0.6851103642  
-1.367853137  
-3.454199604  
-5.16051653  
-6.095699305  
-6.024549561  
-4.94680638  
-3.096442903  
-0.8657604835  
1.315250872  
3.100444231  
4.30926886  
4.945464083  
5.153606276  
5.136358581  
5.066947228  
5.029472032  
5.005698552  
4.907227401  
4.634184721  
4.132425572  
3.42399821  
2.59828473  
1.768797671  
1.015639429  
0.3404705756  
-0.3435515127  
-1.17807141  
-2.291287796  
-3.719772532  
-5.351758625  
-6.918520085  
-8.045521629  
-8.354391806  
-7.587882176  
-5.718971372  
-3.006504497  
0.02684793139  
2.69657665  
4.316614609  
4.377579437  
2.694783018  
-0.5165900858  
-4.664001785  
-8.897484107  
-12.30080817  
-14.10800436  
-13.89112467  
-11.67063681  
-7.918016502  
-3.446504009  
0.7856576572  
3.912162049  
5.376476781  
5.074045893  
3.379705232  
1.049396783  
-0.9821969779  
-1.858027311  
-1.042335193  
1.514748796  
5.339614163  
9.539969149  
13.02890057  
14.81103703  
14.25404334  
11.26997829  
6.353952502  
0.4664954887  
-5.20980674  
-9.57226181  
-11.87387201  
-11.89545044  
-9.96706504  
-6.836900209  
-3.431344784  
-0.5823846473  
1.19340248  
1.798622435  
1.515586909  
0.8453936521  
0.2875182561  
0.1407587078  
0.3974650502  
0.7688366036  
0.8312897014  
0.2387825958  
-1.08048684  
-2.822387931  
-4.348698392  
-4.870960339  
-3.722706602  
-0.6302514318  
4.114505173  
9.649484205  
14.72423198  
18.0252253  
18.55180967  
15.9281832  
10.55140659  
3.523010506  
-3.622951576  
-9.319737969  
-12.38009929  
-12.30123806  
-9.375808403  
-4.581454217  
0.7121781826  
5.127331395  
7.63864105  
7.809165492  
5.844308576  
2.464271052  
-1.350383177  
-4.652891031  
-6.774436759  
-7.454402725  
-6.836009396  
-5.351210103  
-3.549590281  
-1.934206052  
-0.8527839704  
-0.4634109383  
-0.7627271217  
-1.643774975  
-2.947152986  
-4.482551887  
-6.020456239  
-7.27474761  
-7.906080133  
-7.568488309  
-6.000689647  
-3.137568514  
0.8012842161  
5.291335236  
9.578674628  
12.84618721  
14.4292391  
14.01448238  
11.75245789  
8.237030397  
4.346805572  
0.9912881984  
-1.159299393  
-1.87116678  
-1.402195861  
-0.3926789242  
0.3746694901  
0.2644961015  
-0.9728128344  
-3.100354364  
-5.471452505  
-7.261421966  
-7.775287279  
-6.721899962  
-4.352763571  
-1.40834464  
1.118436324  
2.325812787  
1.736333865  
-0.4997634937  
-3.610015658  
-6.423526378  
-7.747061951  
-6.772157952  
-3.376657675  
1.784813179  
7.439200322  
12.05791233  
14.31136821  
13.47064493  
9.627932928  
3.666447795  
-3.007835441  
-8.883318223  
-12.77313089  
-14.12263819  
-13.10285751  
-10.47246761  
-7.268483001  
-4.439808671  
-2.551067835  
-1.652836813  
-1.3510053  
-1.035785656  
-0.1753955867  
1.439871472  
3.594831377  
5.724080963  
7.132980073  
7.279108898  
6.006148592  
3.639993065  
0.9079243443  
-1.293133132  
-2.19774841  
-1.435217582  
0.8391776893  
3.991860462  
7.120789196  
9.35332035  
10.1276688  
9.360820949  
7.447490272  
5.095642112  
3.061730238  
1.882798249  
1.700951578  
2.239712581  
2.935181351  
3.168606661  
2.511360568  
0.891153862  
-1.380459218  
-3.726496085  
-5.521720619  
-6.325397271  
-6.041939117  
-4.949767474  
-3.588829372  
-2.550133252  
-2.247261332  
-2.756180314  
-3.784009639  
-4.779221338  
-5.143103032  
-4.464686694  
-2.692420882  
-0.1788498153  
2.419225609  
4.350395878  
5.014070205  
4.155672413  
1.944717159  
-1.088256438  
-4.229384621  
-6.807674617  
-8.389080044  
-8.873042232  
-8.464645151  
-7.542401529  
-6.47925614  
-5.488804769  
-4.555377685  
-3.471205609  
-1.96074314  
0.1620006607  
2.869398509  
5.881431781  
8.729564982  
10.8994133  
11.99693682  
11.87360422  
10.66258549  
8.713640272  
6.455061806  
4.240216916  
2.242038871  
0.4385292766  
-1.306318963  
-3.103380967  
-4.90569229  
-6.448093138  
-7.298219526  
-7.012235481  
-5.341728017  
-2.409103629  
1.229241396  
4.677839983  
6.9441178  
7.257755163  
5.359844762  
1.653114026  
-2.856279202  
-6.826776482  
-8.986398794  
-8.547794431  
-5.493573879  
-0.6273355028  
4.640656462  
8.715816193  
10.31953644  
8.905641862  
4.853344959  
-0.6330833  
-5.89217549  
-9.325987753  
-9.90650899  
-7.5032226  
-2.924684089  
2.339788115  
6.594038927  
8.470395186  
7.353624058  
3.55955022  
-1.783277702  
-7.102585996  
-10.87566197  
-12.0845224  
-10.48967751  
-6.645237091  
-1.667176515  
3.15253699  
6.747884577  
8.562930793  
8.63444015  
7.465618318  
5.757986586  
4.114210897  
2.826768229  
1.826698805  
0.7999535666  
-0.5880104453  
-2.46068794  
-4.594721907  
-6.443456777  
-7.318996974  
-6.666884414  
-4.326695538  
-0.6713678705  
3.441052527  
6.90188843  
8.700988757  
8.272519122  
5.714059486  
1.79464229  
-2.262057489  
-5.155733339  
-5.927468558  
-4.279729489  
-0.6901581206  
3.721784808  
7.535178591  
9.466595238  
8.767517539  
5.454719447  
0.3037281379  
-5.387185922  
-10.18248648  
-12.91990446  
-13.01959  
-10.60409239  
-6.406378874  
-1.511345543  
2.975053052  
6.220726824  
7.840558769  
7.910743011  
6.843754031  
5.187198704  
3.426990383  
1.862086804  
0.5821236018  
-0.4642168734  
-1.356249666  
-2.102405001  
-2.601723901  
-2.681456373  
-2.191108536  
-1.107319408  
0.4017338202  
1.987685398  
3.21297053  
3.691605947  
3.22737959  
1.894987277  
0.02931885719  
-1.877965936  
-3.339947225  
-4.036372635  
-3.91647541  
-3.204085723  
-2.302147409  
-1.631424039  
-1.463495311  
-1.811312338  
-2.420341788  
-2.866395309  
-2.726329237  
-1.759406083  
-0.03096732497  
2.07118028  
3.939931892  
4.941013583  
4.630473655  
2.92258278  
0.1478095815  
