1.753451383  
1.36431816  
1.457464611  
1.81990897  
2.099602186  
1.942445876  
1.154448079  
-0.1731734254  
-1.633705133  
-2.599025738  
-2.423660663  
-0.6994628836  
2.527044446  
6.662171308  
10.65198842  
13.24621403  
13.37338346  
10.51444025  
4.949000054  
-2.222416984  
-9.311953258  
-14.48442645  
-16.28315011  
-14.0842666  
-8.334506519  
-0.4870250018  
7.360115749  
13.02638712  
14.85119671  
12.15990937  
5.45632729  
-3.713588322  
-13.18333598  
-20.74533501  
-24.71769309  
-24.33825356  
-19.88519353  
-12.51075922  
-3.860917421  
4.388485866  
10.93615766  
15.09139621  
16.79834639  
16.47801199  
14.77257539  
12.29633189  
9.478550616  
6.535919022  
3.556161985  
0.6315320309  
-2.033594408  
-4.09898413  
-5.165692114  
-4.924354771  
-3.311531054  
-0.6041276515  
2.596019842  
5.493374586  
7.306723919  
7.484575853  
5.854729567  
2.658699564  
-1.53603442  
-6.009127977  
-10.08044402  
-13.25539717  
-15.27891306  
-16.09456915  
-15.74517256  
-14.2737463  
-11.68016838  
-7.95985957  
-3.209081156  
2.255926695  
7.834421715  
12.68579652  
15.89733443  
16.73685483  
14.90874425  
10.71616908  
5.053456446  
-0.7940532411  
-5.497315471  
-8.074604121  
-8.197066918  
-6.298731856  
-3.440785162  
-0.9619852925  
-0.02306650649  
-1.19545836  
-4.236822919  
-8.138101047  
-11.43710946  
-12.70215444  
-11.02760537  
-6.374020138  
0.3668651942  
7.612377683  
13.56244321  
16.75510168  
16.52290803  
13.20004887  
8.011327647  
2.678935963  
-1.124349823  
-2.29726409  
-0.639138564  
3.116692442  
7.569164485  
11.12131971  
12.49874791  
11.14519833  
7.371714842  
2.220928369  
-2.89688564  
-6.666960305  
-8.276714097  
-7.636535356  
-5.353348295  
-2.480587945  
-0.1407778452  
0.8468708181  
0.2115291503  
-1.723220234  
-4.192870835  
-6.278991163  
-7.224242854  
-6.66903028  
-4.73864856  
-1.966069763  
0.9079115712  
3.178490899  
4.379439247  
4.382870836  
3.377124874  
1.748164955  
-0.07974153266  
-1.781548969  
-3.201580683  
-4.342364421  
-5.291361596  
-6.126438044  
-6.844126336  
-7.339958056  
-7.445116252  
-6.999297036  
-5.925919432  
-4.277148031  
-2.231108899  
-0.04462137555  
2.017329314  
3.746823277  
5.029768432  
5.846032396  
6.241939378  
6.29528705  
6.09348076  
5.734778621  
5.346678722  
5.101963088  
5.209343816  
5.864820812  
7.169153137  
9.037925078  
11.14405243  
12.93029382  
13.70982421  
12.84163337  
9.935513972  
5.021488261  
-1.379677993  
-8.323059414  
-14.63924283  
-19.21807062  
-21.29543039  
-20.65541361  
-17.68294835  
-13.24764003  
-8.453336968  
-4.33110651  
-1.571288731  
-0.3759484989  
-0.471555415  
-1.267260894  
-2.096067883  
-2.451121946  
-2.136013209  
-1.283209786  
-0.2454224054  
0.5883684956  
0.974289797  
0.9187337968  
0.6662155533  
0.5770884247  
0.947444775  
1.848133965  
3.054024253  
4.100173648  
4.451388987  
3.724690406  
1.879052733  
-0.7062377235  
-3.305470389  
-5.058241387  
-5.251834871  
-3.576898616  
-0.2633683929  
3.957878385  
8.062394709  
11.04343838  
12.22372354  
11.46162406  
9.180767718  
6.21249692  
3.505623844  
1.804234414  
1.405404791  
2.080377483  
3.184910509  
3.917552708  
3.632253563  
2.092568467  
-0.4244326165  
-3.213017959  
-5.383698804  
-6.182372054  
-5.27091255  
-2.869023052  
0.2951979444  
3.212476132  
4.922489734  
4.836323362  
2.942834356  
-0.1709281075  
-3.493345788  
-5.90051625  
-6.50755226  
-4.948403982  
-1.498639102  
2.993097552  
7.339458898  
10.34028092  
11.10265235  
9.265938321  
5.076709095  
-0.6942539862  
-6.956412142  
-12.56056377  
-16.54593403  
-18.31738752  
-17.72434041  
-15.0420135  
-10.87749256  
-6.032662507  
-1.354503826  
2.404675237  
4.703000544  
5.291464102  
4.254395349  
1.998626274  
-0.8156508071  
-3.400785727  
-5.008452501  
-5.105225428  
-3.513829756  
-0.4774012834  
3.380762661  
7.202002061  
10.10962565  
11.44089201  
10.92606525  
8.758710909  
5.53245105  
2.060666091  
-0.8664260237  
-2.71148502  
-3.333874122  
-3.002414746  
-2.275041673  
-1.787541422  
-2.023602661  
-3.143963847  
-4.931219742  
-6.866488806  
-8.308620284  
-8.711960183  
-7.807003429  
-5.683173327  
-2.748995116  
0.4113692548  
3.230420892  
5.328648784  
6.605490034  
7.222355761  
7.490938485  
7.714697373  
8.047370623  
8.423748406  
8.588865741  
8.21295523  
-4.613795873  
1.061237447  
6.912354257  
12.02820433  
15.61084074  
17.12488226  
16.4046966  
13.69325418  
9.596903134  
4.957673251  
0.6659975995  
-2.544277766  
-4.266522029  
-4.509273086  
-3.672204869  
-2.411160438  
-1.426717736  
-1.23678249  
-2.002792669  
-3.466844008  
-5.025207017  
-5.921390295  
-5.502080784  
-3.455504721  
0.0471148803  
4.358994633  
8.52017551  
11.53043071  
12.65006933  
11.63311933  
8.815484982  
5.024882303  
1.336173701  
-1.25342778  
-2.126868932  
-1.230219895  
0.9239840558  
3.435309086  
5.318513765  
5.832367416  
4.725972286  
2.320899312  
-0.5986328756  
-3.051650336  
-4.194329944  
-3.610739736  
-1.463072313  
1.549543635  
4.411047154  
6.1153206  
5.992570033  
3.928309551  
0.4039305892  
-3.653000088  
-7.158175272  
-9.204347697  
-9.331686599  
-7.650207099  
-4.780482082  
-1.639103131  
0.8552636438  
2.057062064  
1.763546475  
0.2321328454  
-1.947864556  
-4.074202437  
-5.55996655  
-6.093303972  
-5.681456793  
-4.577562994  
-3.131879639  
-1.634152273  
-0.2122130115  
1.174914293  
2.652051588  
4.292805799  
5.998056115  
7.447927196  
8.158904906  
7.635657206  
5.567017927  
1.993208595  
-2.624201814  
-7.467543614  
-11.55490078  
-14.00418074  
-14.28644791  
-12.385014  
-8.805374171  
-4.429231194  
-0.2572538478  
2.877879054  
4.53700788  
4.768410387  
4.044306336  
3.066341855  
2.50892609  
2.787531208  
3.927539999  
5.572662957  
7.123511195  
7.953606759  
7.626506877  
6.041135089  
3.460462074  
0.4205491393  
-2.44252067  
-4.585100809  
-5.703107467  
-5.789596074  
-5.092833664  
-3.999948104  
-2.894454016  
-2.039805757  
-1.525835587  
-1.287524674  
-1.177350157  
-1.054106316  
-0.849185471  
-0.5850097487  
-0.3434642722  
-0.2043821958  
-0.1865509681  
-0.2211294726  
-0.171711453  
0.1068148681  
0.6971592598  
1.569876652  
2.580828308  
3.521708741  
4.20572068  
4.552829143  
4.635571071  
4.65965047  
4.879041851  
5.473551229  
6.436109989  
7.519095233  
8.271188723  
8.164305046  
6.775065997  
3.960640737  
-0.0355279706  
-4.593343762  
-8.849104657  
-11.91765233  
-13.13655344  
-12.25456238  
-9.502588694  
-5.523177585  
-1.181407312  
2.680486167  
5.46429157  
6.942329607  
7.253332124  
6.778466103  
5.950489954  
5.071336747  
4.207703953  
3.202645984  
1.795367345  
-0.2015977326  
-2.742597701  
-5.476892541  
-7.803234128  
-9.041953441  
-8.669108501  
-6.529560243  
-2.9477292  
1.31333165  
5.242700997  
7.867639677  
8.54476592  
7.160962317  
4.175975382  
0.4897926865  
-2.824709293  
-4.839302262  
-5.037872358  
-3.451392669  
-0.6227841062  
2.579942632  
5.235752407  
6.637444394  
6.470249088  
4.853773782  
2.247851862  
-0.7319664582  
-3.517554597  
-5.739477129  
-7.282210553  
-8.239219954  
-8.80184975  
-9.137891477  
-9.31370563  
-9.290139644  
-8.98742272  
-8.382389959  
-7.585897697  
-6.855554621  
-6.526209826  
-6.877149026  
-7.985886351  
-9.630768956  
-11.29231886  
-12.26964341  
-11.88528245  
-9.715328208  
-5.766032991  
-0.5301048153  
5.107172242  
10.09238848  
13.49432987  
14.77082197  
13.92768425  
11.51846296  
8.48417342  
5.882901536  
4.59298819  
5.079466502  
7.290176231  
10.70428502  
14.50724395  
17.82899245  
19.96848295  
20.54018372  
19.51093406  
17.13536628  
13.83022469  
10.04177445  
6.152429135  
2.44845251  
-0.859278458  
-3.59189752  
-5.573522962  
-6.642017597  
-6.70129926  
-5.792002792  
-4.142342174  
-2.163601239  
-0.3743701625  
0.7325526821  
0.8393333344  
-0.08629902021  
-1.765882858  
-3.689963402  
-5.284155952  
-6.108646507  
-6.02104297  
-5.240465794  
-4.282553487  
-3.780310479  
-4.248530347  
-5.873682594  
-8.407146797  
-11.20707242  
-13.42368204  
-14.27174817  
-13.30039231  
-10.56705788  
-6.651689928  
-2.499495434  
0.8612540118  
2.636355139  
2.513884293  
0.7608752559  
-1.864575272  
-4.357808891  
-5.788747425  
-5.594647635  
-3.749575089  
-0.7574414471  
2.525490171  
5.176786533  
6.506426074  
6.270088908  
4.730394881  
2.551686699  
0.5691036568  
-0.4876582402  
-0.2242329901  
1.306921977  
3.642912022  
6.074168577  
7.874877796  
8.521747435  
7.832553493  
5.987626381  
3.438972237  
0.7480812218  
-1.587317666  
-3.260471273  
-4.202062006  
-4.543106856  
-4.520838664  
-4.370443509  
-4.244372919  
-4.184433885  
-4.147735501  
-4.065838004  
-3.905244254  
-3.700213905  
-3.543504094  
-3.540253188  
-3.746517495  
-4.12050452  
-4.509230457  
-4.678549655  
-4.377203489  
-3.412218006  
-1.709320129  
0.661395919  
3.500369187  
6.524958095  
9.428258337  
11.9301039  
13.80735287  
14.90254007  
15.12060891  
14.42777691  
12.86236441  
10.55682611  
7.758309902  
4.82826878  
2.204436769  
0.3210684381  
-0.4981617332  
-0.1435837399  
1.218973183  
3.159717974  
5.079592251  
6.369790979  
6.591760108  
5.620088701  
3.69678261  
1.37049666  
-0.6687488794  
-1.812348451  
-1.743446246  
-0.564327663  
1.205974404  
2.770012846  
3.287778117  
2.138365722  
-0.8745755546  
-5.438982049  
-10.79916193  
-15.94917319  
-19.89458572  
-21.90287552  
-21.66966352  
-19.35850752  
-15.51456417  
-10.89202476  
-6.25814665  
-2.236003447  
0.7744594154  
2.591756669  
3.191705139  
2.634592789  
1.022463405  
-1.493386859  
-4.664894622  
-8.095400853  
-11.22820277  
-13.40775882  
-14.01596359  
-12.650161  
-9.283039899  
-4.339244708  
1.355638486  
6.75703592  
10.87009019  
13.02484463  
13.0676199  
11.40016397  
8.846254218  
6.383824151  
4.828858829  
4.577157828  
5.493178565  
6.985989999  
8.247201267  
8.567546281  
7.61874291  
5.596994384  
3.171991759  
1.254235011  
0.6600608238  
1.793427736  
4.461499812  
7.896650959  
10.98563828  
12.63232129  
12.1302104  
9.413857053  
5.097351515  
0.2812356972  
-3.809582933  
-6.233318319  
-6.642283159  
-5.387076993  
-3.37513032  
-1.731163546  
-1.378245036  
-2.688217258  
-5.328063303  
-8.361171736  
-10.57274447  
-10.9081536  
-8.870682331  
-4.736165198  
0.4962637249  
5.406984709  
8.612885345  
9.223652423  
7.140261581  
3.09111034  
-1.609236309  
-5.498192144  
-7.451256831  
-7.049977617  
-4.705803777  
-1.497825611  
1.218992744  
2.29923798  
1.217991897  
-1.73504842  
-5.545652401  
-8.818638239  
-10.25688854  
-9.111407069  
-5.448326646  
-0.1420288621  
5.402445951  
9.702257634  
11.67078103  
10.95319875  
8.013396611  
3.948146162  
0.09775152347  
-2.409589712  
-3.02274632  
-1.919450067  
0.1015184287  
1.94343556  
2.631908727  
1.682403038  
-0.7141703406  
-3.751831118  
-6.293352785  
-7.277225193  
-6.105146969  
-2.874727787  
1.624220468  
6.150234609  
9.407263338  
10.46517191  
9.06326744  
5.696150576  
1.454259632  
-2.327578871  
-4.497897453  
-4.453916303  
-2.328206498  
1.059776648  
4.467503215  
6.620940469  
6.608818913  
4.157919952  
-0.2907055282  
-5.719953868  
-10.83845133  
-14.4482469  
-15.76683327  
-14.613096  
-11.41382608  
-7.043938304  
-2.560956859  
1.080852379  
3.254886145  
3.770888714  
2.854270823  
1.021750396  
-1.094950002  
-2.919263872  
-4.048225322  
-4.298155968  
-3.683231524  
-2.352216582  
-0.515823522  
1.608477515  
3.821585538  
5.941257102  
7.788877852  
9.18244481  
9.948202123  
9.952318548  
9.142782421  
7.584571647  
5.471302125  
3.103543417  
0.8351212863  
-1.00003094  
-2.160797208  
-2.551043071  
-2.23624334  
-1.419953082  
-0.3868856157  
0.5716751334  
1.230047813  
1.479352208  
1.345369883  
0.9698793744  
0.5617424052  
0.3314084839  
0.4263879971  
0.8846376352  
1.618289544  
2.432542246  
3.075641645  
3.307640321  
2.969948633  
2.036493992  
0.6308507495  
-0.9977014084  
-2.535092645  
-3.684954355  
-4.249532385  
-4.184399004  
-3.608476622  
-2.763615645  
-1.933844574  
-1.348640945  
-1.102009747  
-1.116619373  
-1.169370247  
-0.9748861119  
-0.3027614272  
0.9102187805  
2.494046237  
4.055368163  
5.069788547  
5.035398905  
3.642981007  
0.9079270117  
-2.783882497  
-6.740075663  
-10.12560729  
-12.18314803  
-12.44542045  
-10.87331731  
-7.873640998  
-4.186368592  
-0.6725380954  
1.933502096  
3.230513278  
3.250061967  
2.417417182  
1.386286841  
0.801656946  
1.06957882  
2.211546755  
3.853977324  
5.35855795  
6.051583997  
5.475647694  
3.57729063  
0.7633179792  
-2.199340225  
-4.413421402  
-5.139650924  
-4.050421617  
-1.363820014  
2.190691048  
5.570624843  
7.72566481  
7.917115135  
5.952575586  
2.261784163  
-2.211975924  
-6.273792155  
-8.814318022  
-9.121795098  
-7.077198831  
-3.177691377  
1.613698599  
6.14232308  
9.375375523  
10.66215603  
9.869788548  
7.364568271  
3.857593366  
0.1728454008  
-2.985524914  
-5.196676324  
-6.375871351  
-6.71466073  
-6.543442922  
-6.173657151  
-5.778009845  
-5.348169873  
-4.737996008  
-3.76811943  
-2.345979866  
-0.5512769133  
1.348867481  
2.963715638  
3.900524118  
3.900857864  
2.942139065  
1.266317391  
-0.6775097361  
-2.359949679  
-3.326743104  
-3.331588392  
-2.402314235  
-0.8185533965  
0.9911681708  
2.597883742  
3.715726577  
4.291726821  
4.511112612  
4.715987617  
5.26478595  
6.38049374  
8.040404142  
9.947306732  
11.59568377  
12.41515409  
11.94744088  
10.00082385  
6.731935241  
2.626578692  
-1.617220842  
-5.27022099  
-7.762989719  
-8.829679972  
-8.561975321  
-7.358638071  
-5.78848307  
-4.411090046  
-3.611712659  
-3.501023069  
-3.908504731  
-4.467713898  
-4.762197551  
-4.482077669  
-3.539169623  
-2.103396525  
-0.5501246441  
0.6622025957  
1.141923248  
0.6910461928  
-0.6325569558  
-2.53664146  
-4.590035444  
-6.357327314  
-7.525572339  
-7.979879993  
-7.804017816  
-7.209679979  
-6.424293736  
-5.582380576  
-4.664319222  
-3.50866413  
-1.896167585  
0.3247325343  
3.11961346  
6.206696652  
9.084731806  
11.15175639  
11.88275699  
11.00960543  
8.640432131  
5.271009566  
1.673875452  
-1.308729375  
-3.007915306  
-3.131191173  
-1.858218521  
0.2064109578  
2.214229283  
3.335038953  
3.019442817  
1.178704201  
-1.776574793  
-5.053239056  
-7.712561265  
-8.953328566  
-8.351917207  
-5.984063334  
-2.391449822  
1.593380639  
5.104675998  
7.498740549  
8.524498013  
8.356981641  
7.488436696  
6.519868115  
5.928662063  
5.894445817  
6.243322253  
6.528058558  
6.213383116  
4.89821073  
2.493347945  
-0.7112600824  
-4.116684202  
-7.000701547  
-8.755457278  
-9.093697023  
-8.149506389  
-6.435000838  
-4.664169952  
-3.501972096  
-3.324441158  
-4.074171613  
-5.264892674  
-6.139138946  
-5.930569593  
-4.145405134  
-0.7681446828  
3.680896209  
8.261908953  
11.87516155  
13.58600845  
12.91475123  
9.999964884  
5.582123468  
0.8095388279  
-3.077038984  
-5.088101696  
-4.756610638  
-2.258966014  
1.646035968  
5.838024321  
9.147684961  
10.66965966  
9.988402712  
7.259316994  
3.131894752  
-1.452923791  
-5.526291754  
-8.339224055  
-9.529102924  
-9.16795763  
-7.6916957  
-5.741953607  
-3.972414927  
-2.874959955  
-2.669056443  
-3.275782777  
-4.373183986  
-5.509293396  
-6.237807147  
-6.240368429  
-5.407197942  
-3.860840439  
-1.922273952  
-0.03107588502  
1.360082929  
1.892549801  
1.387213932  
-0.1099143183  
-2.332174756  
-4.84664986  
-7.14741912  
-8.76725015  
-9.38173263  
-8.880170409  
-7.384411889  
-5.209495954  
-2.775351342  
-0.4929064426  
1.343958597  
2.629678649  
3.46060356  
4.086878235  
4.817190678  
5.905724485  
7.456436868  
9.37456659  
11.38047949  
13.08143216  
14.07879082  
14.07775434  
12.96702161  
10.84663657  
7.99954292  
4.81996932  
1.723667066  
-0.9326271381  
-2.902258578  
-4.063382486  
-4.404415471  
-3.996120943  
-2.967106621  
-1.49225267  
0.2076473378  
1.86665039  
3.189974594  
3.895647094  
3.778908325  
2.782371441  
1.045065163  
-1.096161637  
-3.16731426  
-4.673434772  
-5.241159207  
-4.743200394  
-3.359396954  
-1.544945672  
0.0945915997  
0.9891141541  
0.7933567392  
-0.4845360963  
-2.464359297  
-4.500293231  
-5.885191054  
-6.08935892  
-4.953620312  
-2.766714275  
-0.1924257135  
1.938223838  
2.906526157  
2.365264521  
0.4866496868  
-2.059114079  
-4.298133016  
-5.264635587  
-4.331979822  
-1.452803113  
2.776691686  
7.258654767  
10.70495619  
12.02413502  
10.66221987  
6.787397363  
1.256656778  
-4.628122638  
-9.499466635  
-12.32001729  
-12.67076433  
-10.84321037  
-7.711002239  
-4.427866961  
-2.053515362  
-1.229542294  
-2.007074079  
-3.874425947  
-5.965347246  
-7.369455709  
-7.436181689  
-5.971186921  
-3.26619279  
0.03654316734  
3.18655248  
5.581753009  
6.947123943  
7.376875977  
7.235018311  
6.962649199  
6.873748449  
7.02285846  
7.197455743  
7.036945741  
6.228449772  
4.696682751  
2.704249349  
0.8106693633  
-0.3076815654  
-0.1186077581  
1.519038378  
4.221023858  
7.120916189  
9.096026019  
9.115558638  
6.601879621  
1.682454406  
-4.76169995  
-11.28321013  
-16.24752626  
-18.29566424  
-16.75053346  
-11.83970284  
-4.661502465  
3.100516244  
9.632307785  
13.47898422  
13.92541109  
11.15872073  
6.171773277  
0.4454811785  
-4.487285342  
-7.46284792  
-7.971200706  
-6.230563878  
-3.047043876  
0.4802153826  
3.30588352  
4.72788953  
4.5382096  
3.005071082  
0.7132130614  
-1.668643343  
-3.607955216  
-4.844912398  
-5.410530182  
-5.53632989  
-5.50279957  
-5.491215881  
-5.49629124  
-5.330012996  
-4.71076522  
-3.399893258  
-1.331342404  
1.316146605  
4.13296921  
6.576271812  
8.11959196  
8.405618152  
7.353193502  
5.18588639  
2.375540723  
-0.4792462026  
-2.801486252  
-4.167976033  
-4.39126503  
-3.535770453  
-1.873168096  
0.2017841171  
2.266884704  
3.954501359  
5.004987905  
5.288713897  
4.803495231  
3.65798355  
2.049555294  
0.2397853238  
-1.474660725  
-2.799583683  
-3.490338792  
-3.402964534  
-2.537265356  
-1.05622334  
0.7312672061  
2.428435105  
3.64083481  
4.077643097  
3.635804983  
2.440016204  
0.8219081333  
-0.7612307447  
-1.849330971  
-2.111013413  
-1.445596881  
-0.02394967044  
1.747256714  
3.331566999  
4.211905416  
4.04189401  
2.756031458  
0.6052765922  
-1.89561031  
-4.098409974  
-5.396906515  
-5.40107975  
-4.06211986  
-1.711610755  
1.000305674  
3.256688277  
4.280063353  
3.541760209  
0.9195590252  
-3.240323114  
-8.17807456  
-12.88387867  
-16.33337163  
-17.73759882  
-16.74358692  
-13.5315852  
-8.78002691  
-3.502956596  
1.201010861  
4.424063659  
5.676098368  
5.00144615  
2.952464418  
0.4260543778  
-1.592447728  
-2.306670108  
-1.329716875  
1.214646225  
4.738331279  
8.367910988  
11.20226976  
12.57190845  
12.22299848  
10.37283328  
7.623331067  
4.763015583  
2.521896037  
1.35699112  
1.334682705  
2.143540265  
3.22830178  
3.996529341  
4.026849248  
3.209035484  
1.770723866  
0.1849393971  
-1.006686416  
-1.391871611  
-0.8373464853  
0.461519732  
2.047595001  
3.361049386  
3.934348845  
3.55468929  
2.337065017  
0.6825949672  
-0.8631849086  
-1.80254762  
-1.861393971  
-1.08762144  
0.1619172826  
1.341317731  
1.90112821  
1.476278482  
0.01316752416  
-2.205600762  
-4.645009397  
-6.679573451  
-7.778098769  
-7.650858864  
-6.314622469  
-4.061492397  
-1.351075766  
1.329841325  
3.588855165  
5.191675509  
6.055105481  
6.185809628  
5.602681168  
4.285450818  
2.178751512  
-0.7454749165  
-4.393012731  
-8.464915793  
-12.43419381  
-15.61029889  
-17.2881618  
-16.94432029  
-14.41894855  
-10.01896794  
-4.497152252  
1.100692658  
5.685377585  
8.401842437  
8.852505631  
7.197835992  
4.101647618  
0.5359002999  
-2.496644353  
-4.238559193  
-4.370639398  
-3.066792999  
-0.9003798299  
1.362178063  
3.011051579  
3.606254417  
3.090351422  
1.772111748  
0.1954182642  
-1.056220493  
-1.551763081  
-1.139265962  
0.02904064313  
1.573258552  
3.030099053  
4.011142335  
4.320812588  
3.997915858  
3.273768592  
2.469314324  
1.873202544  
1.645909415  
1.782122028  
2.139805888  
2.519315658  
2.758252106  
2.803816254  
2.734798822  
2.725552318  
2.966774949  
3.574133188  
4.5202855  
5.617273928  
6.558016827  
7.004572446  
6.694326854  
5.528967098  
3.616751579  
1.2540782  
-1.148147694  
-3.170710453  
-4.492952127  
-4.969563895  
-4.65698388  
-3.784914641  
-2.684388215  
-1.694964936  
-1.077340323  
-0.9535630889  
-1.287437724  
-1.906035582  
-2.552937953  
-2.95746213  
-2.902461767  
-2.27590766  
-1.096588229  
0.4893364128  
2.238432521  
3.859372286  
5.071065436  
5.657643356  
5.50883988  
4.637189994  
3.16824165  
1.306340394  
-0.7151401371  
-2.685574765  
-4.456304457  
-5.956055134  
-7.178717368  
-8.148944195  
-8.87922239  
-9.336010974  
-9.430155646  
-9.038515996  
-8.05175563  
-6.43200624  
-4.257927638  
-1.736615766  
0.8280154982  
3.105285918  
4.825724271  
5.857128098  
6.239752994  
6.163797472  
5.892010717  
5.651222679  
5.530779299  
5.427475072  
5.06350803  
4.079804297  
2.179298097  
-0.7266179237  
-4.421945225  
-8.381909321  
-11.87470586  
-14.14780067  
-14.64631176  
-13.19526191  
-10.08360139  
-6.015332924  
-1.933891458  
1.232950839  
2.832554452  
2.671603437  
1.066511446  
-1.257762388  
-3.390844163  
-4.513529904  
-4.142163253  
-2.26524237  
0.668626551  
3.904771443  
6.626567983  
8.209992377  
8.407437383  
7.404682784  
5.737660247  
4.101870177  
3.121184129  
3.153603853  
4.196041831  
5.914456101  
7.782323226  
9.27437138  
10.04604622  
10.03709977  
9.466850706  
8.727974127  
8.221460971  
8.19495028  
8.643693938  
9.309489962  
9.776799713  
9.630186205  
8.615313126  
6.744699316  
4.309333266  
1.79073169  
-0.296740161  
-1.578805964  
-1.949500431  
-1.609952106  
-1.00362197  
-0.6692024348  
-1.06019536  
-2.391339671  
-4.562855256  
-7.187474639  
-9.711245478  
-11.58862994  
-12.45527252  
-12.24324884  
-11.20270843  
-9.823838452  
-8.684215284  
-8.269076277  
-8.819102218  
-10.25070651  
-12.17105272  
-13.98182495  
-15.04061574  
-14.83397615  
-13.11505613  
-9.970706931  
-5.803616747  
-1.237987072  
3.023859759  
6.356164691  
8.338050877  
8.827170077  
7.96570282  
6.122844788  
3.792454129  
1.473472665  
-0.4374244003  
-1.716750884  
-2.33501965  
-2.427027857  
-2.223827356  
-1.967835286  
-1.835742119  
-1.890515468  
-2.074442664  
-2.242461554  
-2.222526759  
-1.881395689  
-1.172736449  
-0.150809875  
1.054826565  
2.293701787  
3.456620027  
4.520337527  
5.554613735  
6.68516146  
8.023264658  
9.587772724  
11.25156673  
12.73919344  
13.6858825  
13.74558732  
12.71509835  
10.63047858  
7.796514107  
4.729425596  
2.022178075  
0.1707970384  
-0.5818719286  
-0.3288573659  
0.5271274602  
1.408783206  
1.769543204  
1.302054384  
0.07575882787  
-1.451895873  
-2.566305288  
-2.535685369  
-0.8863716906  
2.378970467  
6.700479888  
11.05755399  
14.2258278  
15.12335075  
13.1409544  
8.351259231  
1.525247271  
-6.055527124  
-12.93815207  
-17.88687698  
-20.20217557  
-19.87362521  
-17.52356999  
-14.16641121  
-10.86748134  
-8.416013209  
-7.118448577  
-6.774175118  
-6.831278868  
-6.65741878  
-5.822212187  
-4.285980802  
-2.425597029  
-0.8886881782  
-0.3309082454  
-1.134692218  
-3.216237059  
-5.997034051  
-8.557958953  
-9.928088902  
-9.410746204  
-6.833418969  
-2.632290554  
2.262088861  
6.703327003  
9.680589166  
10.62621854  
9.577837332  
7.142936577  
4.281283181  
1.981773677  
0.9444009677  
1.373496426  
2.947446278  
4.967555056  
6.627125009  
7.302272655  
6.762319209  
5.229592815  
3.274361012  
1.589536948  
0.7309325704  
0.9178815358  
1.963878932  
3.357379244  
4.457918502  
4.732167506  
3.942833357  
2.223707904  
0.01847707033  
-2.088317269  
-3.581096921  
-4.184455433  
-3.934186678  
-3.126872154  
-2.173989257  
-1.422273326  
-1.013195766  
-0.8369876762  
-0.5978689765  
0.03770403397  
1.271308801  
3.051834545  
5.055258706  
6.77687074  
7.703121273  
7.497817879  
6.130160379  
3.893227902  
1.303378045  
-1.082506274  
-2.861948082  
-3.917602895  
-4.430989192  
-4.771615339  
-5.30371166  
-6.187980511  
-7.26194083  
-8.055960413  
-7.951500373  
-6.431900644  
-3.33518981  
0.9903989413  
5.699542699  
9.646182951  
11.71190321  
11.16358965  
7.919951348  
2.630288024  
-3.472191175  
-8.905891374  
-12.36410408  
-13.09298574  
-11.10350069  
-7.149587997  
-2.48089339  
1.548255408  
3.886274808  
4.078178404  
2.35679405  
-0.4879388104  
-3.406537291  
-5.446154456  
-6.042872912  
-5.156102932  
-3.211136841  
-0.8852824187  
1.173135721  
2.58423164  
3.346765739  
3.78397081  
4.354135512  
5.406677652  
6.98468018  
8.756278331  
10.10710737  
10.36324824  
9.062154261  
6.167742877  
2.143245407  
-2.154150512  
-5.727673781  
-7.759178886  
-7.879741597  
-6.294980035  
-3.716819967  
-1.121201262  
0.5867043243  
0.8841784772  
-0.1895225972  
-2.049807422  
-3.775399667  
-4.437679975  
-3.436831812  
-0.7279752318  
3.141625456  
7.1978151  
10.35069844  
11.74500022  
11.02994917  
8.457815666  
4.780138041  
0.9810142314  
-2.057445141  
-3.840189852  
-4.396591888  
-4.224927221  
-4.067242711  
-4.597539494  
-6.136449565  
-8.496036116  
-11.01265797  
-12.75993079  
-12.87072438  
-10.85835503  
-6.82602755  
-1.490004507  
3.996358768  
8.364800417  
10.59970005  
10.23548649  
7.491481229  
3.20401472  
-1.42036888  
-5.152264387  
-7.080745067  
-6.84824888  
-4.715507579  
-1.447434126  
1.935163719  
4.456604562  
5.449595489  
4.709348104  
2.506102263  
-0.5315399266  
-3.613949787  
-6.002777222  
-7.177693873  
-6.919872566  
-5.305693454  
-2.632098636  
0.6887380287  
4.227018224  
7.599386712  
10.4928458  
12.65968564  
13.90433515  
14.08185079  
13.11753295  
11.04275138  
8.030063339  
4.406241488  
0.6266412549  
-2.792952494  
-5.375212438  
-6.786224815  
-6.916505182  
-5.912474736  
-4.145749777  
-2.125097476  
-0.37244486  
0.7049575977  
0.9125787791  
0.3110213175  
-0.8082289263  
-2.007074922  
-2.822935949  
-2.896901073  
-2.074875266  
-0.4556782929  
1.62643869  
3.680958135  
5.182556853  
5.704672303  
5.031411527  
3.218784108  
0.5882382822  
-2.347707676  
-5.010376361  
-6.899161447  
-7.717423748  
-7.445697385  
-6.340754626  
-4.858555456  
-3.520407784  
-2.758623664  
-2.785521755  
-3.524877365  
-4.628368856  
-5.575603635  
-5.831406484  
-5.015884758  
-3.03705861  
-0.1449159526  
3.112504019  
6.022131723  
7.892634548  
8.243011561  
6.93948073  
4.241398837  
0.742532457  
-2.776279697  
-5.542478656  
-6.981988745  
-6.85415549  
-5.298210377  
-2.783551532  
0.0179170321  
2.400115642  
3.787243189  
3.855308695  
2.586835502  
0.254198141  
-2.655572648  
-5.55060514  
-7.851811432  
-9.095614925  
-9.007005773  
-7.536438203  
-4.860264487  
-1.347806652  
2.500172431  
6.134957989  
9.055447832  
10.90136457  
11.52568747  
11.02732895  
9.730175556  
8.106081916  
6.654828541  
5.769171983  
5.622021773  
6.111370677  
6.885115035  
7.445376084  
7.306548787  
6.161637089  
4.004548075  
1.16585803  
-1.755928105  
-4.053241534  
-5.114186051  
-4.611620289  
-2.616883058  
0.4001979034  
3.688861847  
6.419381144  
7.909196018  
7.804755173  
6.164480854  
3.41976348  
0.2297877963  
-2.720810479  
-4.915766258  
-6.132290945  
-6.462574305  
-6.232940422  
-5.856363618  
-5.674716656  
-5.84722632  
-6.321602719  
-6.891873573  
-7.314094305  
-7.430038794  
-7.24719029  
-6.941578013  
-6.781018385  
-6.998709494  
-7.668182724  
-8.632444747  
-9.521200537  
-9.857405159  
-9.219639533  
-7.403286217  
-4.520287496  
-0.9965618255  
2.53867329  
5.438382758  
7.236354555  
7.790189167  
7.317335662  
6.309377553  
5.352729566  
4.917989591  
5.192683731  
6.018194874  
6.955273773  
7.456505586  
7.084527815  
5.696300514  
3.523541874  
1.114899402  
-0.8453775041  
-1.781842163  
-1.449220862  
-0.04879012958  
1.808532724  
3.288500379  
3.612327858  
2.335718942  
-0.4686231433  
-4.19300968  
-7.855980506  
-10.39715158  
-11.01326309  
-9.425941582  
-5.990808915  
-1.607495076  
2.545527593  
5.369538297  
6.184036202  
4.936568752  
2.215918685  
-0.9363527798  
-3.356178469  
-4.123816602  
-2.850747876  
0.2033978041  
4.218561068  
8.075520715  
10.70473682  
11.41072092  
10.07040658  
7.147083201  
3.522270188  
0.2062253531  
-1.975424627  
-2.617656998  
-1.822741835  
-0.1178113461  
1.759927107  
3.131201801  
3.602441401  
3.177351321  
2.219060329  
1.282262508  
0.8793669059  
1.266316495  
2.325420224  
3.587818404  
4.389094183  
4.105066578  
2.386628854  
-0.6880561858  
-4.598611355  
-8.51376354  
-11.52936779  
-12.93788031  
-12.44301817  
-10.25058536  
-7.005832482  
-3.596746847  
-0.8850347195  
0.5509019558  
0.5811784111  
-0.4524853101  
-1.861101398  
-2.839536817  
-2.731219005  
-1.243979555  
1.448968884  
4.752529276  
7.822589298  
9.814141845  
10.12897118  
8.589082989  
5.486219311  
1.49601551  
-2.514241581  
-5.724946003  
-7.579724134  
-7.916213444  
-6.978599665  
-5.314631285  
-3.593509326  
-2.402466484  
-2.082936257  
-2.652250088  
-3.828745483  
-5.146148977  
-6.116879742  
-6.390950192  
-5.860952909  
-4.682357419  
-3.205891917  
-1.846526935  
-0.9332348086  
-0.5892283345  
-0.6826069483  
-0.8650260808  
-0.6882258934  
0.2368135273  
2.087940578  
4.736674855  
7.743871852  
10.4539668  
12.16580532  
12.33381499  
10.74158607  
7.595077095  
3.5031745  
-0.655427134  
-3.947550192  
-5.626542826  
-5.332856317  
-3.196972266  
0.1868870619  
3.91235024  
6.998413022  
8.648449793  
8.458992177  
6.51982228  
3.377244396  
-0.1286504984  
-3.105482672  
-4.858727094  
-5.077743746  
-3.903945963  
-1.862543479  
0.3197592812  
1.954072121  
2.611168901  
2.256519124  
1.255664  
0.2472608552  
-0.07744151678  
0.7802168611  
2.934416915  
6.039279572  
9.357686482  
11.95822743  
12.98391262  
11.91268959  
8.730429371  
3.961928359  
-1.452790418  
-6.403494677  
-9.906287409  
-11.36630009  
-10.73090779  
-8.490152724  
-5.525773923  
-2.854152964  
-1.338219445  
-1.450704987  
-3.154176064  
-5.928032368  
-8.929871184  
-11.24123336  
-12.1263793  
-11.23260713  
-8.680603882  
-5.026316272  
-1.111443267  
2.152256606  
4.006284203  
4.021165723  
2.186796307  
-1.095968726  
-5.111398058  
-8.983849249  
-11.85464422  
-13.04535909  
-12.18005083  
-9.249840891  
