4.600911984  
1.064383714  
-3.001607316  
-6.293154048  
-7.747735926  
-6.858821933  
-3.811219125  
0.6010535261  
5.241053197  
8.987213537  
11.06491983  
11.24651216  
9.86333214  
7.638957515  
5.412301242  
3.852394414  
3.263084877  
3.538043782  
4.269222748  
4.956261771  
5.230268157  
5.004504455  
4.495969505  
4.113335804  
4.258644374  
5.123243939  
6.560809661  
8.091262814  
9.040099305  
8.766453207  
6.898931866  
3.493648517  
-0.9447107208  
-5.589918631  
-9.528544418  
-12.02352449  
-12.71944283  
-11.72350178  
-9.540188275  
-6.888199016  
-4.467042133  
-2.754362334  
-1.899465242  
-1.740386017  
-1.925897196  
-2.087133555  
-1.989333252  
-1.606774022  
-1.097786068  
-0.6979122924  
-0.5819989363  
-0.7574715183  
-1.037250784  
-1.107284952  
-0.6636977736  
0.4359194121  
2.071538667  
3.85776292  
5.250133944  
5.729182884  
4.998125554  
3.120259375  
0.5399234985  
-2.029841447  
-3.822295703  
-4.265960986  
-3.183791245  
-0.8729922831  
1.965373572  
4.427780492  
5.677619002  
5.196932456  
2.94137327  
-0.6479855643  
-4.77493072  
-8.514115147  
-11.05851231  
-11.9124022  
-10.97784609  
-8.522041173  
-5.053309033  
-1.160054814  
2.628466983  
5.918525547  
8.455699922  
10.07808059  
10.66021403  
10.08849506  
8.289321689  
5.301507938  
1.357618815  
-3.073353608  
-7.320553308  
-10.6339458  
-12.36966775  
-12.18189086  
-10.15306113  
-6.807506888  
-2.988989893  
0.3710036749  
2.526641669  
3.145368875  
2.41191776  
0.9680925339  
-0.2990139308  
-0.5561801584  
0.6852946865  
3.383841106  
6.951213301  
10.41564644  
12.71599266  
13.03467306  
11.06349946  
7.117166823  
2.057760513  
-2.946328214  
-6.751602845  
-8.558205697  
-8.119786953  
-5.784534104  
-2.361650087  
1.138578982  
3.806514351  
5.08405523  
4.89318024  
3.612658987  
1.921723875  
0.5680972815  
0.1356880966  
0.8803471088  
2.675111027  
5.069631221  
7.434704267  
9.141895167  
9.725047645  
8.983239621  
7.007061213  
4.13331771  
0.8503960314  
-2.316437278  
-4.912693264  
-6.636360833  
-7.38408478  
-7.259505962  
-6.545598189  
-5.644953367  
-4.994658672  
-4.966886162  
-5.772476866  
-7.389859466  
-9.541940495  
-11.73640721  
-13.36976726  
-13.87610191  
-12.8839355  
-10.33589256  
-6.531138676  
-2.070052359  
2.290217489  
5.831328431  
8.062896991  
8.846169837  
8.411518792  
7.262543681  
5.997246688  
5.10570719  
4.812990103  
5.021592639  
5.373515521  
5.409580986  
4.767934139  
3.347845593  
1.375702095  
-0.6557161293  
-2.15733238  
-2.664328953  
-2.026536779  
-0.4952721423  
1.332388515  
2.700540944  
2.952858906  
1.773768188  
-0.6743430394  
-3.771633985  
-6.619231331  
-8.320399205  
-8.271709405  
-6.365605913  
-3.034287976  
0.8814326721  
4.3946458  
6.677278879  
7.304161987  
6.35507065  
4.344198377  
2.007788943  
0.03047041981  
-1.188868913  
-1.647387096  
-1.687955491  
-1.812270144  
-2.43337531  
-3.666920112  
-5.246303734  
-6.599856548  
-7.065606008  
-6.164181109  
-3.82411213  
-0.4670994753  
3.090153216  
5.89309292  
7.179356192  
6.663131444  
4.665630852  
2.034243118  
-0.1325320502  
-0.8656117328  
0.3201496861  
3.225840692  
7.001715345  
10.4127843  
12.25309536  
11.76887517  
8.942161456  
4.530081386  
-0.162929924  
-3.710144999  
-5.043883769  
-3.828410234  
-0.5925902956  
3.429940646  
6.705671632  
7.918198914  
6.422841069  
2.482171577  
-2.802328712  
-7.845037405  
-11.1020647  
-11.59292214  
-9.241631143  
-4.919666643  
-0.1722529074  
3.284227585  
4.128753963  
1.878781246  
-2.936992966  
-8.933885015  
-14.30400059  
-17.38515102  
-17.18121595  
-13.66730124  
-7.785390831  
-1.138364251  
4.512677044  
7.782512278  
8.057467312  
5.633874265  
1.568303974  
-2.697116194  
-5.801957458  
-6.872652968  
-5.740885876  
-2.919865794  
0.6332935733  
3.872214457  
6.004648499  
6.710768111  
6.174970096  
4.939792819  
3.652488609  
2.80729423  
2.579591165  
2.806766823  
3.111289786  
3.107195338  
2.60134839  
1.70590564  
0.8151632523  
0.4539635041  
1.055472676  
2.75463582  
5.279478466  
7.9876836  
10.04311273  
10.6757159  
9.437031652  
6.363231594  
1.98847258  
-2.797966493  
-7.004737116  
-9.819315076  
-10.82670989  
-10.09882487  
-8.131898648  
-5.660186342  
-3.4129858  
-1.896913802  
-1.271796632  
-1.352780978  
-1.726702064  
5.316419905  
8.702926286  
9.924616455  
9.321377237  
7.705057419  
6.054378652  
5.179790159  
5.467160168  
6.77943414  
8.540829513  
9.967426775  
10.36084955  
9.363621966  
7.090602318  
4.094924402  
1.183431323  
-0.8531413818  
-1.50279387  
-0.699589416  
1.15870019  
3.345908223  
5.047948108  
5.626765539  
4.820277097  
2.814219618  
0.1661422731  
-2.388759237  
-4.181965773  
-4.823804006  
-4.314680972  
-3.022800216  
-1.541523998  
-0.479414732  
-0.2563762425  
-0.9742946228  
-2.402379711  
-4.076631642  
-5.473679371  
-6.195151343  
-6.097496783  
-5.323648278  
-4.22895955  
-3.231718566  
-2.644854686  
-2.551372527  
-2.769665131  
-2.922246711  
-2.584032199  
-1.457212487  
0.490971297  
2.979656986  
5.477331282  
7.360365156  
8.117557333  
7.533345766  
5.786627852  
3.427431999  
1.231820585  
-0.02547311082  
0.1861969706  
1.969310448  
4.931199891  
8.259100165  
10.92074198  
11.9371834  
10.653165  
6.930320602  
1.209686799  
-5.574164803  
-12.20505443  
-17.46774164  
-20.42836741  
-20.64262538  
-18.24221214  
-13.88280981  
-8.572077719  
-3.424912297  
0.5915463542  
2.861908655  
3.230426223  
1.993794436  
-0.2112773078  
-2.591376082  
-4.401717471  
-5.122721786  
-4.567393834  
-2.898235524  
-0.5555010403  
1.880048452  
3.851992861  
4.977778628  
5.145454042  
4.534502276  
3.557321229  
2.738082345  
2.561465533  
3.331343962  
5.07695137  
7.531745957  
10.19148263  
12.43710128  
13.69086385  
13.56493822  
11.96315558  
9.108825592  
5.491016898  
1.743609898  
-1.510436643  
-3.807807167  
-4.947007856  
-5.017663771  
-4.351332629  
-3.410256003  
-2.647799557  
-2.381513699  
-2.715001554  
-3.529274621  
-4.542767646  
-5.418275867  
-5.881017657  
-5.809323893  
-5.268879413  
-4.480169193  
-3.730883716  
-3.263471819  
-3.176859348  
-3.377413319  
-3.598587506  
-3.486061319  
-2.722773037  
-1.153435021  
1.134037218  
3.800903513  
6.331966755  
8.173773748  
8.89656859  
8.329953675  
6.627699442  
4.237282542  
1.77862337  
-0.1346734638  
-1.078659783  
-0.950283513  
-0.003763256529  
1.222728125  
2.071284086  
1.971672419  
0.62917751  
-1.865797133  
-5.042544165  
-8.171231058  
-10.46663488  
-11.31456456  
-10.45316341  
-8.053999228  
-4.677734598  
-1.11711022  
1.825948566  
3.562458045  
3.871877784  
2.946073903  
1.311410034  
-0.344189239  
-1.384153219  
-1.410644552  
-0.3709276298  
1.445679489  
3.513812855  
5.243096186  
6.158097415  
6.031583441  
4.933472686  
3.186940567  
1.252981311  
-0.4142406825  
-1.493336917  
-1.865694791  
-1.614373139  
-0.9621518046  
-0.1782365313  
0.5097571596  
0.9689650094  
1.167190979  
1.139543441  
0.9389528328  
0.5979371217  
0.1210297753  
-0.4893561552  
-1.188813796  
-1.855240262  
-2.287719479  
-2.2530846  
-1.572229911  
-0.2174301435  
1.619585915  
3.525509058  
4.946588701  
5.341069703  
4.361670382  
2.008776474  
-1.30374723  
-4.805966458  
-7.550891002  
-8.672389835  
-7.648626378  
-4.488743366  
0.2218488919  
5.442278359  
9.937111945  
12.60632856  
12.78868596  
10.44752012  
6.181552862  
1.055567123  
-3.699327281  
-7.026386113  
-8.323445314  
-7.580976502  
-5.34146455  
-2.499340477  
-0.009341734209  
1.402885102  
1.438805819  
0.2772982042  
-1.529440054  
-3.271326882  
-4.330427143  
-4.381811528  
-3.482167569  
-2.023608726  
-0.576195942  
0.321497041  
0.3502273153  
-0.4860054265  
-1.870678977  
-3.290495769  
-4.21180192  
-4.25544795  
-3.312234391  
-1.564763597  
0.584745925  
2.649651658  
4.20749235  
5.012441938  
5.039071714  
4.451780884  
3.520433178  
2.518947675  
1.644734073  
0.983792156  
0.5253600471  
0.2098230727  
-0.01775673803  
-0.1748410662  
-0.2429289962  
-0.1990724187  
-0.05765382332  
0.1031910785  
0.1498410377  
-0.06035506708  
-0.6099315054  
-1.458492547  
-2.417392706  
-3.181464385  
-3.416053887  
-2.87441551  
-1.504690594  
0.4956398017  
2.705037992  
4.583432761  
5.629086329  
5.536947036  
4.304176107  
2.243607333  
-0.1040995126  
-2.133973857  
-3.362810758  
-3.575055809  
-2.877975953  
-1.646218603  
-0.374547235  
0.5093494159  
0.8045334463  
0.6098079974  
0.2806553735  
0.2821844742  
0.9887209869  
2.502527582  
4.560899468  
6.572787009  
7.782113291  
7.510079959  
5.398399652  
1.570684936  
-3.347361737  
-8.364172678  
-12.37934474  
-14.48547991  
-14.22251373  
-11.70552304  
-7.586104261  
-2.859413251  
1.422840307  
4.444576768  
5.833846794  
5.727008868  
4.674910452  
3.427485593  
2.670228175  
2.798477972  
3.799944066  
5.278374359  
6.604575474  
7.140435887  
6.460134706  
4.496448323  
1.566926365  
-1.724981603  
-4.678371235  
-6.709952436  
-7.526414478  
-7.200630434  
-6.130351878  
-4.895614086  
-4.062121302  
-3.993103763  
-4.727685891  
-5.961912232  
-7.136810782  
-7.606106184  
-6.833718022  
-4.563981956  
-0.916671146  
3.619064171  
8.289702393  
12.25303352  
14.77862194  
15.42216387  
14.13077277  
11.25440869  
7.462069437  
3.584296582  
0.4205750827  
-1.442167407  
-1.757113557  
-0.6617056249  
1.370866515  
3.659638803  
5.490686579  
6.2945891  
5.781691726  
4.001163187  
1.30976611  
-1.73956963  
-4.557395473  
-6.680215667  
-7.889510902  
-8.253609558  
-8.081271619  
-7.80231188  
-7.812647129  
-8.332329789  
-9.321369872  
-10.48039278  
-11.33678336  
-11.39007298  
-10.27155493  
-7.868505843  
-4.374629797  
-0.251688118  
3.884788013  
7.419465258  
9.883448009  
11.04985463  
10.95412861  
9.840031655  
8.056338173  
5.943535569  
3.749716051  
1.601023138  
-0.4703064782  
-2.459458342  
-4.317363096  
-5.907912831  
-7.015556562  
-7.403737649  
-6.903197185  
-5.495440649  
-3.356266999  
-0.8373879079  
1.613636536  
3.57186947  
4.753299029  
5.092585026  
4.752825589  
4.062880883  
3.402993627  
3.077468506  
3.217799008  
3.74877493  
4.42787564  
4.942442088  
5.029084689  
4.572591668  
3.649820375  
2.504416914  
1.463332741  
0.8265651144  
0.7701991868  
1.29648394  
2.246121919  
3.364297492  
4.392211196  
5.147511718  
5.563081621  
5.671632863  
5.546481667  
5.22747919  
4.668033984  
3.731194756  
2.242678272  
0.08405782142  
-2.710300075  
-5.895311475  
-9.028642094  
-11.56371539  
-13.00049222  
-13.04763482  
-11.73996585  
-9.465013085  
-6.87970197  
-4.734488454  
-3.654895013  
-3.948253036  
-5.499187208  
-7.791574086  
-10.05522174  
-11.49492913  
-11.53176669  
-9.980698598  
-7.107652937  
-3.547003693  
-0.1049858172  
2.48874538  
3.802371662  
3.825733833  
2.957957959  
1.864170715  
1.248794146  
1.619533764  
3.118706049  
5.476170989  
8.098413623  
10.26401333  
11.36147518  
11.09189489  
9.5705395  
7.294229684  
4.98464235  
3.357596279  
2.892149022  
3.673668679  
5.361797121  
7.294826364  
8.698977778  
8.937666856  
7.72252912  
5.218944637  
2.010602517  
-1.06925156  
-3.190932994  
-3.789886255  
-2.756425293  
-0.4931052853  
2.18239414  
4.26522386  
4.858591948  
3.450762438  
0.09092140636  
-4.591815441  
-9.537749403  
-13.53690925  
-15.56353195  
-15.06973463  
-12.15238461  
-7.54145063  
-2.408465988  
1.954075933  
4.492813209  
4.689867047  
2.708601874  
-0.6558471331  
-4.209540482  
-6.710272589  
-7.234161451  
-5.450593282  
-1.723826332  
2.989756243  
7.419013395  
10.34807457  
10.96915286  
9.113610104  
5.293887057  
0.54643069  
-3.873954452  
-6.853803123  
-7.725910028  
-6.430339565  
-3.489586277  
0.1850741884  
3.58701077  
5.910464449  
6.7568108  
6.192555838  
4.652983246  
2.737272547  
0.9750078324  
-0.3510901249  
-1.266423871  
-2.035414992  
-2.996850632  
-4.373523279  
-6.134428544  
-7.96659078  
-9.37080925  
-9.84713846  
-9.099627836  
-7.179845344  
-4.50893463  
-1.761804287  
0.3513891951  
1.330870921  
1.070601683  
-0.09133782159  
-1.48044433  
-2.320079616  
-2.013472943  
-0.3738771824  
2.282265457  
5.218741118  
7.517907384  
8.396646276  
7.492516477  
5.019338636  
1.733684462  
-1.282924919  
-2.958193754  
-2.570915007  
0.01207112425  
4.282201718  
9.235958407  
13.67282275  
16.54567911  
17.24999347  
15.76192699  
12.58941967  
8.564786586  
4.55967994  
1.225126577  
-1.156037818  
-2.663237563  
-3.596858163  
-4.270109799  
-4.825242886  
-5.1524242  
-4.946211304  
-3.877369909  
-1.808683395  
1.038603251  
4.046862888  
6.325993104  
6.971153266  
5.372337576  
1.46743865  
-4.157483687  
-10.36936845  
-15.77222408  
-19.09206797  
-19.54346593  
-17.06082712  
-12.31969137  
-6.540633383  
-1.138496767  
2.671805228  
4.190464978  
3.376192238  
0.7844971068  
-2.664451517  
-6.000404396  
-8.491134907  
-9.812712799  
-10.05828097  
-9.601660434  
-8.882152257  
-8.199806782  
-7.599060622  
-6.87903835  
-5.716916556  
-3.846630304  
-1.215318462  
1.948886941  
5.187055327  
7.958857162  
9.832216555  
10.6375942  
10.52444947  
9.895527599  
9.242550883  
8.946394116  
9.120281846  
9.55964111  
9.822289462  
9.412458257  
8.000769965  
5.5956534  
2.596605266  
-0.2986273219  
-2.307452592  
-2.825380222  
-1.646595889  
0.9377993363  
4.20290086  
7.198007866  
9.032823004  
9.147832954  
7.480401826  
4.473941176  
0.930927126  
-2.237584829  
-4.281164409  
-4.811188187  
-3.87516448  
-1.891944853  
0.5166763697  
2.730587474  
4.299535916  
5.023602304  
4.933306355  
4.19648855  
3.004727812  
1.493966645  
-0.2672303324  
-2.223397184  
-4.246856895  
-6.073958563  
-7.309208457  
-7.515447273  
-6.369093403  
-3.825480566  
-0.2250826737  
3.715499573  
7.046563105  
8.832270511  
8.429171919  
5.7047532  
1.117158365  
-4.380851796  
-9.593177705  
-13.41316475  
-15.13429225  
-14.63983976  
-12.41107551  
-9.352981402  
-6.496610767  
-4.677134164  
-4.292650973  
-5.219062081  
-6.901476947  
-8.582143957  
-9.579862841  
-9.521809458  
-8.449548158  
-6.76868593  
-5.068345899  
-3.88193751  
-3.478923157  
-3.762610092  
-4.307928511  
-4.521312464  
-3.861328549  
-2.039057552  
0.8724107076  
4.454541947  
8.074604945  
11.08023982  
12.98671586  
13.59418971  
13.00255111  
11.53181888  
9.590202622  
7.547088821  
5.65932509  
4.070968294  
2.871628198  
2.171539207  
2.144083445  
3.001995447  
4.905623877  
7.836990122  
11.49673763  
15.28122993  
18.37236152  
19.93083821  
19.34047692  
16.42365301  
11.54827382  
5.576848706  
-0.3408035717  
-5.075465528  
-7.833394037  
-8.377427968  
-7.081193154  
-4.796943809  
-2.579185615  
-1.354249311  
-1.643518573  
-3.428610306  
-6.197372238  
-9.147295191  
-11.47016298  
-12.61662974  
-12.45081269  
-11.2477512  
-9.545070648  
-7.912655879  
-6.731539465  
-6.066131123  
-5.675291089  
-5.152856168  
-4.137588546  
-2.505577545  
-0.4648018816  
1.490525551  
2.753334833  
2.841485962  
1.609012009  
-0.653523994  
-3.274958307  
-5.404056775  
-6.288566158  
-5.535424064  
-3.258495302  
-0.05823805952  
3.163576422  
5.492449705  
6.294538877  
5.414406354  
3.210500587  
0.4190883898  
-2.102534705  
-3.66139029  
-3.942834047  
-3.081440743  
-1.5702779  
-0.04880003245  
0.9477084187  
1.182996041  
0.7885684769  
0.1851277004  
-0.10821333  
0.3000393391  
1.501706288  
3.238268779  
4.991723268  
6.182332422  
6.397165527  
5.560885137  
3.981463147  
2.250494425  
1.032903237  
0.8231646517  
1.758816043  
3.561593594  
5.629510482  
7.247072727  
7.836632975  
7.158194199  
5.383980621  
3.020727362  
0.7097888071  
-1.018727267  
-1.943751144  
-2.226526792  
-2.329625935  
-2.810656941  
-4.068496316  
-6.140346966  
-8.631828183  
-10.8148788  
-11.86643173  
-11.16700293  
-8.552640484  
-4.425966289  
0.3211783108  
4.555947687  
7.245567132  
7.778967097  
6.160884134  
3.011985234  
-0.6267562582  
-3.621686905  
-5.098827487  
-4.706567708  
-2.705853931  
0.1364074011  
2.809861312  
4.388723015  
4.317422496  
2.565014998  
-0.3927735166  
-3.746272901  
-6.612638519  
-8.294377267  
-8.453959942  
-7.158414119  
-4.795711076  
-1.907747331  
0.992456209  
3.555105315  
5.641511684  
7.284633706  
8.594670143  
9.659021047  
10.48142438  
10.98258678  
11.05479581  
10.63840625  
9.779121279  
8.634651353  
7.423160469  
6.3334935  
5.436383002  
4.638459826  
3.705077131  
2.350100754  
0.3618577473  
-2.283236111  
-5.366823368  
-8.461426017  
-11.04461464  
-12.65721429  
-13.04957262  
-12.26203316  
-10.60875093  
-8.569391418  
-6.627751168  
-5.116553829  
-4.125521061  
-3.505631997  
-2.965449273  
-2.219534752  
-1.128428234  
0.227104441  
1.568898685  
2.53336505  
2.827718296  
2.365543711  
1.322473651  
0.08296074376  
-0.9072765205  
-1.328128282  
-1.13576651  
-0.6100247927  
-0.2676818285  
-0.6622098407  
-2.138274455  
-4.634116999  
-7.615984158  
-10.18662678  
-11.34823326  
-10.34065287  
-6.940580668  
-1.611287947  
4.563489225  
10.15720315  
13.81156684  
14.65229481  
12.57213934  
8.282222592  
3.106624642  
-1.419747179  
-4.022749631  
-4.077097728  
-1.783726015  
1.921641626  
5.697033963  
8.248513587  
8.756702937  
7.132230395  
4.016060199  
0.5288204889  
-2.140151909  
-3.158452804  
-2.341070609  
-0.2040442079  
2.236704858  
3.849175519  
3.814720413  
1.949133717  
-1.201388498  
-4.527670608  
-6.734097214  
-6.795692812  
-4.33714728  
0.1999153327  
5.663631979  
10.54130958  
13.43704311  
13.51860247  
10.7843968  
6.061686438  
0.737541394  
-3.686751326  
-6.069156185  
-5.972457691  
-3.771381652  
-0.4924780655  
2.552302264  
4.210154172  
3.8595247  
1.588366444  
-1.873459337  
-5.434457444  
-8.030122112  
-8.982203067  
-8.206018385  
-6.200154104  
-3.830937636  
-1.99562413  
-1.288507133  
-1.789960562  
-3.052075026  
-4.283127269  
-4.662123588  
-3.668797561  
-1.309428275  
1.844169014  
4.819445124  
6.557569958  
6.271253742  
3.724436681  
-0.6613579792  
-5.910718865  
-10.77457856  
-14.09529786  
-15.13824954  
-13.78478993  
-10.52925862  
-6.288277558  
-2.091726745  
1.238871136  
3.318763408  
4.264365533  
4.580501707  
4.9174781  
5.787705975  
7.342920673  
9.290141899  
10.97589  
11.61041498  
10.55629223  
7.583931679  
3.007008866  
-2.350545344  
-7.350471311  
-10.84199569  
-11.97952126  
-10.46153175  
-6.620553171  
-1.339055142  
4.182437809  
8.736879103  
11.41329511  
11.80809352  
10.09226309  
6.924686158  
3.245064974  
0.01085518748  
-2.046718691  
-2.583833219  
-1.686930362  
0.202284693  
2.446669118  
4.404944233  
5.597918418  
5.806358287  
5.08179439  
3.679135306  
1.942359975  
0.1853842921  
-1.392890946  
-2.735331798  
-3.892797581  
-4.948600709  
-5.933944361  
-6.769508456  
-7.258822034  
-7.140447528  
-6.184675669  
-4.302846781  
-1.630022629  
1.453014977  
4.375284261  
6.501424197  
7.296852195  
6.485546174  
4.151534451  
0.7482293669  
-2.995052529  
-6.249742917  
-8.301791809  
-8.74267253  
-7.581120798  
-5.240076231  
-2.435863534  
0.02832365317  
1.495951346  
1.649189762  
0.6016600753  
-1.137421477  
-2.818817582  
-3.68352796  
-3.199468764  
-1.233590557  
1.892693807  
5.48219224  
8.651939285  
10.57860468  
10.72732326  
8.997859428  
5.747754988  
1.689307586  
-2.305549352  
-5.432964325  
-7.151490547  
-7.290762722  
-6.051178564  
-3.905166576  
-1.438998849  
0.8120643296  
2.486286477  
3.445675519  
3.750674237  
3.58104932  
3.139494788  
2.575123793  
1.951249979  
1.261739564  
0.4804332436  
-0.3837840337  
-1.253765788  
-1.989162126  
-2.42878167  
-2.452709897  
-2.037528741  
-1.279839248  
-0.3755473552  
0.4401147934  
0.9705990663  
1.124674213  
0.9453810888  
0.5885571403  
0.2572910312  
0.1160120904  
0.2168941424  
0.4681169864  
0.6589611482  
0.5359407523  
-0.09549074822  
-1.280126983  
-2.867757495  
-4.533598814  
-5.862218013  
-6.470325147  
-6.129259399  
-4.846615678  
-2.878840713  
-0.6687842366  
1.273529304  
2.510450452  
2.794063118  
2.126800982  
0.749629352  
-0.9347719361  
-2.47692447  
-3.497171393  
-3.770638062  
-3.260703936  
-2.099726478  
-0.5323091305  
1.154632739  
2.691856642  
3.864169261  
4.522668778  
4.583017247  
4.023789587  
2.894498554  
1.332596409  
-0.422227325  
-2.034071891  
-3.111891597  
-3.288398501  
-2.322810528  
-0.1981728138  
2.822382409  
6.209830505  
9.264289283  
11.27521023  
11.70650094  
10.35260669  
7.414704205  
3.466878387  
-0.6851320317  
-4.215710451  
-6.500183871  
-7.277583267  
-6.704217097  
-5.280415197  
-3.673112067  
-2.490872192  
-2.084149544  
-2.435896829  
-3.178360775  
-3.730477709  
-3.510120148  
-2.150395203  
0.3525710404  
3.610554444  
6.943865495  
9.580020052  
10.88658074  
10.56355193  
8.734389194  
5.908393216  
2.828864444  
0.2573727236  
-1.237168883  
-1.42077494  
-0.4294898393  
1.30465678  
3.203931492  
4.717104065  
5.457758946  
5.270462181  
4.215848031  
2.495054369  
0.3529812311  
-1.99811328  
-4.407673231  
-6.765829182  
-8.953578316  
-10.79889648  
-12.07114255  
-12.52853497  
-12.00797012  
-10.52332986  
-8.327981581  
-5.904517454  
-3.86865869  
-2.806319298  
-3.091446932  
-4.745824251  
-7.394261407  
-10.34063773  
-12.75077466  
-13.89061622  
-13.34611657  
-11.15314379  
-7.792227756  
-4.04585119  
-0.7610597903  
1.407894405  
2.194568007  
1.790542452  
0.769178225  
-0.1105651021  
-0.1545399252  
1.044518824  
3.484782493  
6.769525601  
10.24757536  
13.22775509  
15.19197704  
15.93512633  
15.58848001  
14.52611305  
13.1955246  
11.93937294  
10.87594077  
9.881890909  
8.681063751  
7.002261674  
4.742295811  
2.067796995  
-0.5885531099  
-2.642487653  
-3.546653744  
-2.987395761  
-1.018516754  
1.918985982  
5.102986928  
7.729895632  
9.142559549  
9.010847071  
7.405802681  
4.745653953  
1.636751944  
-1.331221734  
-3.761850426  
-5.538752333  
-6.79557274  
-7.786602693  
-8.71324545  
-9.578742146  
-10.1336227  
-9.940432415  
-8.540556542  
-5.665015348  
-1.410172106  
3.693341736  
8.756179756  
12.73878307  
14.73375219  
14.23402446  
11.2990146  
6.560826867  
1.063027347  
-4.021902358  
-7.710992383  
-9.468158032  
-9.32349888  
-7.822201091  
-5.824971091  
-4.227783081  
-3.691393781  
-4.463523579  
-6.342674686  
-8.784313005  
-11.10422658  
-12.70561248  
-13.25420569  
-12.74905238  
-11.47583055  
-9.870575449  
-8.350107551  
-7.172084949  
-6.371655147  
-5.790041768  
-5.175392247  
-4.310846765  
-3.117463085  
-1.692441894  
-0.2701008229  
0.8764005118  
1.551930908  
1.727904501  
1.567123703  
1.374498077  
1.491553141  
2.173671386  
3.49520093  
5.316743807  
7.32569729  
9.134244052  
10.39876948  
10.91820314  
10.67833518  
9.830473891  
8.617655206  
7.280471723  
5.980337765  
4.768995298  
3.612865247  
2.457798652  
1.302827928  
0.2474419106  
-0.5125793296  
-0.7446410307  
-0.2744206614  
0.9198887998  
2.65384708  
4.551038718  
6.129230766  
6.935810007  
6.690041672  
5.384131261  
3.306296292  
0.9734708499  
-1.009216675  
-2.120524292  
-2.074175359  
-0.9025042135  
1.052480023  
3.236733583  
5.039523151  
5.959106801  
5.730608347  
4.382166003  
2.209280467  
-0.3178902419  
-2.681486116  
-4.438617617  
-5.307987408  
-5.204412449  
-4.223323654  
-2.591254723  
-0.6041364189  
1.427945519  
3.21985646  
4.534698411  
5.19812881  
5.110965272  
4.262549016  
2.740319933  
0.7264107797  
-1.527291204  
-3.747265891  
-5.700908218  
-7.255227115  
-8.409753805  
-9.286839194  
-10.0758044  
-10.94477173  
-11.94886077  
-12.96955062  
-13.71356878  
-13.78173899  
-12.79380085  
-10.53304847  
-7.062762276  
-2.770486351  
1.684128119  
5.512096675  
7.992220154  
8.665780871  
7.469050738  
4.760486853  
1.230884748  
-2.278961024  
-4.999227704  
-6.424524695  
-6.422601038  
-5.228502876  
-3.33132817  
-1.294899542  
0.4263041456  
1.615378476  
2.325715296  
2.81248516  
3.392273966  
4.284674626  
5.495075039  
6.782710043  
7.727720697  
7.875905563  
6.912122072  
4.802305969  
1.853318999  
-1.333862301  
-4.007705522  
-5.465361852  
-5.248768588  
-3.279692507  
0.1053049406  
4.228962949  
8.233786364  
11.28300924  
12.74777739  
12.33412912  
10.12362091  
6.526946047  
2.172322305  
-2.236288759  
-6.054457653  
-8.798098497  
-10.19617298  
-10.19625149  
-8.934265225  
-6.683808244  
-3.798824133  
-0.6587769238  
2.379227925  
5.019585961  
7.056924768  
8.391580259  
9.028525594  
9.058243837  
8.622258661  
7.87138972  
6.928609303  
5.868538144  
4.720827908  
3.496174707  
2.22423906  
0.9862936033  
-0.07490628642  
-0.7785801495  
-0.9608586076  
-0.5455109134  
0.3949416511  
1.614563488  
2.723906854  
3.275758249  
2.888241462  
1.370814891  
-1.18715094  
-4.398494466  
-7.645380574  
-10.22040974  
-11.50689216  
-11.1490987  
-9.163290892  
-5.955501251  
-2.237819716  
1.136411723  
3.375217862  
3.935153272  
2.645083747  
-0.2624263084  
-4.21527048  
-8.439468462  
-12.13142247  
-14.62117743  
-15.49078996  
-14.62801581  
-12.21430699  
-8.661386587  
-4.518783264  
-0.3749704166  
3.23101035  
5.878311914  
7.310669254  
7.460618001  
6.451454021  
4.575492886  
2.247315272  
-0.06604099975  
-1.929605259  
-3.024337736  
-3.210544937  
-2.552454856  
-1.293708229  
0.212947876  
1.603993734  
2.603294514  
3.090081396  
3.115156239  
2.860194259  
2.554489128  
2.378785468  
2.391405169  
2.504854276  
2.523395335  
2.229674132  
1.489257906  
0.333382955  
-1.014176477  
-2.181549888  
-2.754494349  
-2.410257337  
-1.034014774  
1.224092008  
3.974462567  
6.69121907  
8.860825053  
10.12706043  
10.38339451  
9.781412209  
8.653182926  
7.376057636  
6.229315615  
5.295502889  
4.443499268  
3.400559088  
1.887395796  
-0.2342051949  
-2.8584157  
-5.619985501  
-7.978675358  
-9.379433756  
-9.435079482  
-8.067401016  
-5.55436831  
-2.462243785  
0.518806387  
2.782457866  
3.987409491  
4.149526624  
3.612234546  
2.904488175  
2.535392202  
2.797812816  
3.651554961  
4.729883074  
5.47015547  
5.325136887  
3.981433553  
1.506656458  
-1.630602747  
-4.681174876  
-6.840813012  
-7.508086085  
-6.488538238  
-4.074811935  
-0.9724832924  
1.907678289  
3.7256483  
3.967578192  
2.598244102  
0.06159256714  
-2.869663213  
-5.345131065  
-6.705898641  
-6.684326  
-5.471326142  
-3.632529501  
-1.904849273  
-0.9435018056  
-1.104154632  
-2.331131164  
-4.185686921  
-6.001227099  
-7.110790531  
-7.069931091  
-5.801976736  
-3.620454375  
-1.125303419  
0.9892271694  
2.149786125  
2.072291768  
0.8320234066  
-1.181642847  
-3.404528559  
-5.280402535  
-6.425530473  
-6.723256113  
-6.323216511  
-5.553015365  
-4.778623499  
-4.264514282  
-4.081257957  
-4.089275289  
-4.00019305  
-3.490933237  
-2.329469955  
-0.469336939  
1.917590306  
4.479085885  
6.777397669  
8.410091974  
9.120048478  
8.863402603  
7.81882361  
6.339252971  
4.862782102  
3.80805938  
3.480394591  
4.008485706  
5.321957349  
7.169831396  
9.17257658  
10.89631783  
11.93654685  
11.99897677  
10.96566454  
8.93505198  
6.225747683  
3.337299549  
0.8676625245  
-0.6034513459  
-0.6456596024  
0.9045209296  
3.870297064  
7.730465095  
11.69579553  
14.85769673  
16.38076883  
15.69591387  
12.64625092  
7.546208958  
1.133920266  
-5.576536144  
-11.5105278  
-15.76506797  
-17.80166516  
-17.55311298  
-15.4193  
-12.15511329  
-8.680594282  
-5.861941444  
-4.317511669  
-4.294391253  
-5.641458824  
-7.879494915  
-10.34494613  
-12.36722616  
-13.43379193  
-13.30329878  
-12.04267761  
-9.984259562  
-7.619109572  
-5.457426878  
-3.893165775  
-3.106975227  
-3.030308805  
-3.377308769  
-3.733801162  
-3.678624639  
-2.904965293  
-1.309891088  
0.9709976147  
3.592434591  
6.0837538  
7.965858089  
8.8695894  
8.62413634  
7.292646851  
5.147216037  
2.59255948  
0.06209184339  
-2.082703217  
-3.620963894  
-4.491681207  
-4.762440584  
-4.563185009  
-4.011643598  
-3.158861446  
-1.975091778  
-0.3807594965  
1.69024313  
4.220755991  
7.063693035  
9.940766041  
12.49266692  
14.36716357  
15.31600456  
15.26576141  
14.33498879  
12.78814668  
10.93981587  
9.042407646  
7.199170222  
5.33779663  
3.259480948  
0.7504573983  
-2.282374298  
-5.703466233  
-9.115309402  
-11.92408233  
-13.4945335  
-13.35059598  
-11.3564838  
-7.812693712  
-3.423962995  
0.8640679039  
4.118460469  
5.687991823  
5.401753125  
3.628766007  
1.171354545  
-0.9819476708  
-1.970789596  
-1.345922475  
0.7722784226  
3.715762043  
6.470505658  
7.998435804  
7.578800303  
5.058739445  
0.9291879044  
-3.803118455  
-7.911312181  
-10.3203928  
-10.43799563  
-8.33795656  
-4.737092306  
-0.7717891493  
2.354485779  
3.739980461  
3.052163201  
0.6098371442  
-2.743218151  
-5.927976812  
-7.985285347  
-8.378375837  
-7.144073323  
-4.846058523  
-2.350642191  
-0.5051560572  
0.1687337171  
-0.3394491845  
-1.528852421  
-2.573005217  
-2.627947511  
-1.156893361  
1.841231075  
5.780683708  
9.637768796  
12.25546337  
12.70713809  
10.6021141  
6.233447224  
0.5186984844  
-5.249534653  
-9.766142793  
-12.07697845  
-11.83229848  
-9.355702247  
-5.513329537  
-1.430525283  
1.851015989  
3.667911957  
3.893543789  
2.919118922  
1.473930896  
0.3513262977  
0.1332358632  
1.001624312  
2.692740103  
4.601382001  
5.993931151  
6.256293845  
5.095549715  
2.633173205  
-0.6345245554  
-3.989712686  
-6.706396732  
-8.254457729  
-8.432399076  
-7.393160364  
-5.563184458  
-3.488085376  
-1.658491795  
-0.3716047923  
0.3317455305  
0.6415962057  
0.8808707894  
1.372369808  
2.316319829  
3.717292195  
5.380957034  
6.977826958  
8.1504266  
8.62814944  
8.313574558  
7.314362662  
5.912195074  
4.479148044  
3.36694316  
2.801739311  
2.815088376  
3.231299325  
3.715842017  
3.872658476  
3.364551434  
2.02372454  
-0.07925132688  
-2.630109098  
-5.135227508  
-7.042918941  
-7.892154922  
-7.449011855  
-5.790999609  
-3.310586949  
-0.6296619966  
1.558251608  
2.67847281  
2.445362443  
0.9602562769  
-1.297977832  
-3.595702556  
-5.152552096  
-5.378252728  
-4.068023908  
-1.49332105  
1.647979254  
4.41702925  
5.907479325  
5.528410999  
3.209485607  
-0.5406564404  
-4.750560996  
-8.251809279  
-10.02156166  
-9.500659122  
-6.788233371  
-2.646867279  
1.692362394  
4.874443242  
5.816273771  
4.036294667  
-0.1829803944  
-5.852166848  
-11.53903682  
-15.76364645  
-17.40849405  
-16.02263007  
-11.93083018  
-6.118502567  
0.0687639843  
