-3.046227223  
-1.249209319  
-0.1663918032  
0.1550243184  
-0.09515365818  
-0.6188122734  
-1.152352348  
-1.569115667  
-1.906646715  
-2.315281734  
-2.955456682  
-3.890001196  
-5.018113308  
-6.08007734  
-6.733267425  
-6.671637261  
-5.743595873  
-4.023157563  
-1.806422711  
0.4670145659  
2.340651736  
3.471503753  
3.719765791  
3.169138303  
2.075285405  
0.7660563918  
-0.4667262682  
-1.443732683  
-2.117778387  
-2.536002998  
-2.767665922  
-2.834241187  
-2.676486644  
-2.176322045  
-1.226463208  
0.1820863095  
1.895653389  
3.591898207  
4.846284954  
5.256239754  
4.582692119  
2.857070078  
0.4094980454  
-2.200690901  
-4.336531868  
-5.470462426  
-5.344446549  
-4.047015261  
-1.978140131  
0.2884403898  
2.198896541  
3.401210684  
3.850135628  
3.79651317  
3.663647346  
3.855271321  
4.566447769  
5.670335333  
6.728563955  
7.12921297  
6.309228279  
3.984608198  
0.304369823  
-4.133190203  
-8.417896324  
-11.58162429  
-12.88935201  
-12.07154422  
-9.418377849  
-5.700205949  
-1.935940825  
0.9177843084  
2.256330898  
2.001125005  
0.6013243304  
-1.136689666  
-2.334619291  
-2.346826582  
-0.9826065253  
1.427615909  
4.1435635  
6.266105492  
7.044038825  
6.134862747  
3.733723318  
0.5287229378  
-2.502190204  
-4.386636677  
-4.451199038  
-2.521529588  
1.029802822  
5.396679723  
9.572447451  
12.62615203  
13.93721159  
13.32271863  
11.03029534  
7.613680577  
3.743143842  
0.01754651981  
-3.163751811  
-5.638234983  
-7.430696571  
-8.650567665  
-9.384620161  
-9.629458888  
-9.288260288  
-8.228673185  
-6.374574018  
-3.791706134  
-0.7303458247  
2.395250243  
5.087357022  
6.880573382  
7.456295668  
6.720554083  
4.823058379  
2.114988748  
-0.9380810192  
-3.859961875  
-6.254810375  
-7.864034603  
-8.581817067  
-8.435705085  
-7.547729418  
-6.093106593  
-4.268693981  
-2.274965709  
-0.3076696519  
1.448456497  
2.830251716  
3.71235549  
4.024813194  
3.764414345  
2.993120339  
1.821798486  
0.3841611472  
-1.189174989  
-2.785724256  
-4.308816326  
-5.659558441  
-6.71311089  
-7.304314659  
-7.236414729  
-6.318970554  
-4.429039609  
-1.578244235  
2.03836531  
6.033941662  
9.874081858  
12.96982945  
14.79927467  
15.02650368  
13.58498926  
10.70125013  
6.850926317  
2.658465167  
-1.233214629  
-4.289703773  
-6.178567888  
-6.810714488  
-6.326657843  
-5.038964489  
-3.350724315  
-1.671105728  
-0.3440840809  
0.4016150958  
0.4801661823  
-0.04384485001  
-0.9663575425  
-1.974143829  
-2.69663473  
-2.778953215  
-1.96870266  
-0.1997828877  
2.350980671  
5.259076689  
7.915185785  
9.653434187  
9.920511717  
8.442333814  
5.337159049  
1.132610294  
-3.331695914  
-7.10013925  
-9.346748886  
-9.600886629  
-7.883480754  
-4.707344482  
-0.9352618796  
2.465715613  
4.700529671  
5.367399241  
4.554040447  
2.778094092  
0.7917914824  
-0.6836732496  
-1.20439881  
-0.7468737655  
0.3010676337  
1.297955162  
1.599386599  
0.8123540807  
-1.039034272  
-3.498928799  
-5.825970002  
-7.252523581  
-7.266876838  
-5.816985267  
-3.358708407  
-0.7241659564  
1.151148577  
1.5522533  
0.2477491774  
-2.402730218  
-5.540887284  
-8.078348027  
-9.056229314  
-7.97629128  
-4.990127718  
-0.8776765865  
3.184421094  
5.993503008  
6.711469509  
5.147273106  
1.836917129  
-2.108134744  
-5.338014742  
-6.680530237  
-5.504511236  
-1.916321065  
3.270099899  
8.776478251  
13.23661152  
15.58637055  
15.3479675  
12.72753592  
8.507585514  
3.781091533  
-0.3797063468  
-3.21327738  
-4.43304839  
-4.22921679  
-3.127170718  
-1.766111811  
-0.6804693281  
-0.1557729079  
-0.1962932429  
-0.5978127266  
-1.082155059  
-1.433007287  
-1.579746191  
-1.602628926  
-1.667182542  
-1.923862595  
-2.420590565  
-3.066977538  
-3.664602132  
-3.988350351  
-3.881818557  
-3.324008058  
-2.437324624  
-1.432464588  
-0.5136397359  
0.2140968222  
0.7929156416  
1.390633474  
2.213733847  
3.388359806  
4.859791906  
6.357941083  
7.4535942  
7.695108502  
6.781347808  
4.707268505  
1.822319754  
-1.231091703  
-3.69008324  
-4.904201665  
-4.552132351  
-2.765720614  
-0.1123243777  
2.566989965  
4.416163615  
4.837153027  
3.686511014  
1.327796751  
-1.481047127  
-3.831034193  
-4.957392529  
-4.489563513  
-2.573098421  
0.1769088729  
2.875072818  
4.65111753  
4.926834404  
3.594013479  
1.0371162  
-2.002849674  
-4.674068098  
0.5048580222  
3.193226386  
4.981702006  
5.402676311  
4.43929894  
2.518774446  
0.3560326036  
-1.297229102  
-1.911286203  
-1.356261658  
0.06095078482  
1.711668893  
2.870791178  
2.973421392  
1.813692951  
-0.3820989115  
-3.03158783  
-5.393205904  
-6.814057364  
-6.942679501  
-5.834499817  
-3.916555309  
-1.82770353  
-0.1933146321  
0.5855198409  
0.4557570224  
-0.2904698768  
-1.139240461  
-1.550537452  
-1.154411279  
0.1213695036  
2.033908538  
4.118647697  
5.854757914  
6.839830644  
6.911431344  
6.176182216  
4.943519898  
3.596929168  
2.45689964  
1.689151502  
1.290193195  
1.14859325  
1.14842331  
1.263895273  
1.59817909  
2.343618165  
3.675188852  
5.620454929  
7.964236137  
10.2379634  
11.81417775  
12.08615297  
10.67663008  
7.601936669  
3.32666384  
-1.322439486  
-5.367300654  
-7.953463747  
-8.602763668  
-7.360569665  
-4.786297004  
-1.786442138  
0.6587867072  
1.788649886  
1.281645795  
-0.6667810594  
-3.429781297  
-6.165162941  
-8.08723425  
-8.703892072  
-7.943653601  
-6.137723127  
-3.872914773  
-1.774639916  
-0.2999226351  
0.3877699538  
0.4235240482  
0.133279545  
-0.1377657866  
-0.1899602634  
-0.06153765549  
-0.01237131848  
-0.4056998596  
-1.534280582  
-3.459582942  
-5.929204408  
-8.409652253  
-10.22960204  
-10.78780048  
-9.754974492  
-7.199340979  
-3.59049527  
0.3223142284  
3.719045852  
5.937390967  
6.648004633  
5.922948136  
4.18086808  
2.033760813  
0.09126352107  
-1.211063173  
-1.705836078  
-1.487422635  
-0.8188372708  
0.004668357442  
0.7798639386  
1.461206908  
2.147073944  
2.997911299  
4.124079157  
5.492181827  
6.890664043  
7.971751975  
8.356927517  
7.768058593  
6.135743351  
3.64381733  
0.6917160266  
-2.214236162  
-4.604165627  
-6.173975651  
-6.857359994  
-6.817659161  
-6.364955665  
-5.829566092  
-5.437300252  
-5.229888865  
-5.056998976  
-4.640576591  
-3.687265181  
-2.008789899  
0.3911903599  
3.292700165  
6.304499037  
8.962640227  
10.85006389  
11.70019362  
11.45507703  
10.26518241  
8.436894347  
6.348577035  
4.362462998  
2.756209945  
1.687628612  
1.193184355  
1.210472938  
1.610381094  
2.226475472  
2.875553436  
3.370599186  
3.532218144  
3.204950642  
2.281025853  
0.7281247909  
-1.387293927  
-3.891176289  
-6.514829743  
-8.93071358  
-10.80492973  
-11.85495084  
-11.89954181  
-10.89047286  
-8.921138518  
-6.213148359  
-3.086212795  
0.08210421844  
2.90155318  
5.016405656  
6.152993445  
6.164713147  
5.068233767  
3.060877241  
0.5079257096  
-2.107928329  
-4.273961361  
-5.558200048  
-5.718534202  
-4.778896762  
-3.044502258  
-1.041841175  
0.6097350836  
1.365372323  
0.9153538949  
-0.7099913993  
-3.127846859  
-5.694034795  
-7.677189127  
-8.467864269  
-7.760354505  
-5.65027995  
-2.614782938  
0.6219444825  
3.298736437  
4.839017154  
5.014870695  
4.002055464  
2.309087147  
0.6041525725  
-0.5030585275  
-0.6528676159  
0.1620610952  
1.616041223  
3.182561061  
4.332366219  
4.727950042  
4.346223286  
3.485785411  
2.655060713  
2.379131063  
2.992209248  
4.489190925  
6.491191848  
8.342336195  
9.310803439  
8.831002012  
6.707987724  
3.215250522  
-0.950282552  
-4.847197545  
-7.551054748  
-8.420160682  
-7.28532858  
-4.505941113  
-0.875111799  
2.598166987  
4.965922084  
5.597106353  
4.340535609  
1.551844008  
-2.018240785  
-5.43772623  
-7.845986921  
-8.674666291  
-7.779466044  
-5.453612307  
-2.327902651  
0.8078897174  
3.20974229  
4.355860218  
4.053332144  
2.455724791  
-0.002880849821  
-2.731648264  
-5.127815182  
-6.705583258  
-7.181297771  
-6.501745512  
-4.818337855  
-2.42255381  
0.3348726512  
3.118365209  
5.658352671  
7.77074459  
9.347573843  
10.32990867  
10.67864507  
10.35817353  
9.342130764  
7.641226993  
5.343071366  
2.646379481  
-0.130154357  
-2.579121306  
-4.278951093  
-4.899644366  
-4.313084339  
-2.672961378  
-0.431229745  
1.728619238  
3.038591073  
2.844795013  
0.8077471519  
-2.9543778  
-7.830007227  
-12.81136153  
-16.71374894  
-18.4687526  
-17.41620065  
-13.51252298  
-7.389931829  
-0.2385405349  
6.467753014  
11.33470912  
13.4045006  
12.40707792  
8.833444727  
3.806145231  
-1.220996077  
-4.853015172  
-6.126601555  
-4.762509382  
-1.228387492  
3.403404269  
7.760577429  
10.55077056  
10.90972234  
8.622600394  
4.161915138  
-1.461152941  
-6.982769176  
-11.22447936  
-13.38782654  
-13.22769249  
-11.06535906  
-7.649798996  
-3.91767786  
-0.7272206198  
1.357699829  
2.177565517  
1.96077228  
1.198370772  
0.457401235  
0.1938276151  
0.6205737195  
1.665033142  
3.020839317  
4.270194459  
5.033625129  
5.098855899  
4.489729566  
3.456425572  
2.392699021  
1.707634918  
1.692136692  
2.421072755  
3.720843397  
5.212645661  
6.419444493  
6.905952078  
6.410808588  
4.931677323  
2.736759858  
0.2970855638  
-1.842993235  
-3.220672808  
-3.589475671  
-2.992494281  
-1.749332092  
-0.3570740637  
0.6678299609  
0.9600128865  
0.4345093001  
-0.6688932149  
-1.846027376  
-2.481249907  
-2.05033791  
-0.3119805518  
2.574121307  
6.0453904  
9.259513202  
11.31257883  
11.49070183  
9.480204481  
5.471233873  
0.1206297557  
-5.617161376  
-10.74101018  
-14.4595576  
-16.3750064  
-16.53963434  
-15.3722557  
-13.46822894  
-11.37185252  
-9.391896979  
-7.525064946  
-5.513216665  
-3.011502878  
0.1969120578  
4.023306807  
8.006457818  
11.39226296  
13.34368288  
13.21580561  
10.80262544  
6.46570842  
1.09029909  
-4.129356954  
-8.015342348  
-9.741707079  
-9.072390913  
-6.422230244  
-2.718212405  
0.896268109  
3.418865754  
4.290822089  
3.545691888  
1.756760401  
-0.1963235411  
-1.459694552  
-1.520221368  
-0.3931452949  
1.384087814  
2.951068308  
3.4484088  
2.35352118  
-0.2909818574  
-3.840319944  
-7.221537215  
-9.265697691  
-9.090249682  
-6.404343918  
-1.633573219  
4.180588573  
9.677104821  
13.57340394  
15.03779043  
13.91803827  
10.75620407  
6.590289572  
2.612739578  
-0.1996153516  
-1.363906371  
-0.9920756277  
0.3094225876  
1.696752892  
2.407431814  
2.0285704  
0.6243534646  
-1.31553396  
-3.081283184  
-4.024060561  
-3.810261881  
-2.558102159  
-0.8086008835  
0.658461049  
1.099313183  
0.07671521525  
-2.366507183  
-5.690103446  
-9.001771411  
-11.3182537  
-11.8585526  
-10.27744024  
-6.76911751  
-2.013986292  
3.009209471  
7.284220706  
10.01203092  
10.78880137  
9.665528298  
7.086742054  
3.740605321  
0.3733145705  
-2.377934143  
-4.09449588  
-4.613960234  
-4.005379162  
-2.506663955  
-0.451760734  
1.792311466  
3.871084816  
5.474564896  
6.363792742  
6.397603104  
5.55752155  
3.961196696  
1.85236558  
-0.439866162  
-2.568668182  
-4.248038147  
-5.318246157  
-5.775068788  
-5.750381917  
-5.448887568  
-5.062937714  
-4.697504935  
-4.335372244  
-3.858350144  
-3.118384039  
-2.031114726  
-0.6524427292  
0.7982804423  
1.986620664  
2.573590189  
2.352118177  
1.357901153  
-0.09385056075  
-1.471799477  
-2.183285906  
-1.7763148  
-0.1217997852  
2.491558259  
5.393624519  
7.702785614  
8.58594387  
7.530491107  
4.53979761  
0.1828066668  
-4.528323113  
-8.404239727  
-10.41214992  
-9.976782483  
-7.155164308  
-2.629323991  
2.482966262  
6.942589863  
9.733161439  
10.33091453  
8.821339326  
5.832842474  
2.315466268  
-0.760191757  
-2.687084604  
-3.202321105  
-2.515281583  
-1.185820018  
0.09687893303  
0.7554567016  
0.5052733044  
-0.5794811284  
-2.126643118  
-3.622427337  
-4.601705908  
-4.803721148  
-4.241930103  
-3.170633895  
-1.96887434  
-0.9902536836  
-0.4363591362  
-0.2991637503  
-0.3897394186  
-0.4375743855  
-0.2190969394  
0.3354530061  
1.098101853  
1.779080965  
2.029669923  
1.574683821  
0.3269984447  
-1.556618726  
-3.698132553  
-5.592045408  
-6.739603843  
-6.780799245  
-5.584519405  
-3.273236538  
-0.1809197673  
3.236508171  
6.507056066  
9.233656752  
11.14947482  
12.13231748  
12.18727884  
11.41462091  
9.978958229  
8.088150177  
5.980063933  
3.908177973  
2.11623425  
0.798410737  
0.05184365511  
-0.1623115296  
-0.02974737181  
0.1483138843  
0.02949669571  
-0.6680422012  
-2.065948694  
-4.06196031  
-6.328664177  
-8.383330959  
-9.714232538  
-9.928620362  
-8.877328249  
-6.715330223  
-3.875742977  
-0.9613048354  
1.416414347  
2.802511872  
3.019150596  
2.20468636  
0.7605021444  
-0.7768429169  
-1.898026768  
-2.26821057  
-1.815846848  
-0.7393156351  
0.5660886018  
1.634406758  
2.067718338  
1.645857622  
0.3778606534  
-1.514055435  
-3.666204956  
-5.674057187  
-7.190129932  
-7.992991148  
-8.014115559  
-7.32414037  
-6.091684921  
-4.532867481  
-2.867399772  
-1.289917197  
0.04324083118  
1.017780777  
1.563297287  
1.658090154  
1.336695647  
0.695320101  
-0.111389143  
-0.8867248153  
-1.421058065  
-1.527970671  
-1.078237559  
-0.02270659129  
1.601040531  
3.677740953  
6.033683844  
8.458538973  
10.72388679  
12.5970875  
13.85415122  
14.29782001  
13.78554059  
12.26622895  
9.817087828  
6.665743266  
3.182207415  
-0.1687794204  
-2.912329499  
-4.668015614  
-5.246512818  
-4.707398148  
-3.354950398  
-1.666011714  
-0.1655097838  
0.7160843295  
0.7602321812  
0.01483564745  
-1.233625989  
-2.563260397  
-3.562593725  
-3.97073856  
-3.763872345  
-3.157055384  
-2.519074065  
-2.228620024  
-2.522013404  
-3.387673827  
-4.548094346  
-5.540527213  
-5.872758815  
-5.202360657  
-3.476855551  
-0.9828320004  
1.718612685  
3.954307035  
5.148973849  
5.013948618  
3.650346535  
1.528960537  
-0.6507083532  
-2.179442181  
-2.565621008  
-1.696991662  
0.116619359  
2.234923527  
3.88483719  
4.401610294  
3.437016239  
1.069277653  
-2.21840881  
-5.681658438  
-8.533509608  
-10.16834495  
-10.32249291  
-9.125734836  
-7.034258625  
-4.673033581  
-2.641941457  
-1.347253878  
-0.9072178618  
-1.153087122  
-1.715162062  
-2.158006503  
-2.117783533  
-1.400025196  
-0.01438769488  
1.853538429  
3.91330872  
5.85358531  
7.411191797  
8.409326121  
8.764302603  
8.47245781  
7.593204479  
6.23986569  
4.579783877  
2.834864824  
1.268586737  
0.1486724282  
-0.3145785698  
-0.04036882748  
0.8649712727  
2.091946362  
3.17173918  
3.580138167  
2.880200631  
0.8651303512  
-2.343154761  
-6.275750475  
-10.19342081  
-13.24487618  
-14.66787445  
-13.97966192  
-11.10446767  
-6.402806808  
-0.5948905915  
5.400132439  
10.66510962  
14.4733634  
16.41909571  
16.46338686  
14.89438109  
12.22276046  
9.04710302  
5.92561694  
3.282008678  
1.358498981  
0.2140981078  
-0.244212959  
-0.2133049088  
0.05783668616  
0.3155686542  
0.3421771177  
-0.01069069908  
-0.7970913599  
-1.96436363  
-3.358975419  
-4.754772894  
-5.902285288  
-6.590047118  
-6.702137989  
-6.253990933  
-5.39285608  
-4.359638507  
-3.421883089  
-2.798639309  
-2.602010952  
-2.815379673  
-3.315382789  
-3.928462205  
-4.499325933  
-4.943538171  
-5.262404971  
-5.513736434  
-5.751074445  
-5.959201336  
-6.018306607  
-5.720199131  
-4.839751565  
-3.240532865  
-0.9748915322  
1.666133451  
4.184929189  
5.995959437  
6.602351943  
5.775158285  
3.670852394  
0.8362365246  
-1.916003554  
-3.734025858  
-3.989927833  
-2.494207003  
0.4144516309  
3.943728437  
7.073337679  
8.866523657  
8.7690703  
6.796302318  
3.54129129  
-0.005260095789  
-2.769827177  
-3.944367955  
-3.252067305  
-1.038692097  
1.845727285  
4.339672055  
5.541440019  
5.033288689  
3.045172605  
0.3964103168  
-1.77217287  
-2.391034055  
-0.8497475934  
2.752367307  
7.58282181  
12.29619394  
15.43373218  
15.87726993  
13.21197647  
7.879877574  
1.072333526  
-5.606775152  
-10.60226901  
-12.84956751  
-12.06150798  
-8.775893318  
-4.157104375  
0.3772252786  
3.581237992  
4.723623207  
3.747393738  
1.210096214  
-1.959211662  
-4.7929971  
-6.592381601  
-7.109832121  
-6.55834297  
-5.46095079  
-4.408533397  
-3.82075429  
-3.796997115  
-4.105711887  
-4.307080284  
-3.955085177  
-2.798213396  
-0.9018653473  
1.352607171  
3.390178214  
4.638891022  
4.728081051  
3.616393947  
1.605300088  
-0.7635834378  
-2.88723893  
-4.290245372  
-4.757301008  
-4.366121442  
-3.41590741  
-2.285220217  
-1.27755746  
-0.5146447306  
0.08366947257  
0.7292640861  
1.637570717  
2.896259921  
4.386758473  
5.793745268  
6.703104185  
6.75349599  
5.784232259  
3.921199531  
1.563716705  
-0.7289072107  
-2.415050973  
-3.151531337  
-2.912816453  
-2.003948846  
-0.9588751013  
-0.356003323  
-0.6126065675  
-1.828389832  
-3.732970241  
-5.757487421  
-7.208763407  
-7.489852103  
-6.2950671  
-3.715933441  
-0.223913573  
3.46390074  
6.592253936  
8.581885918  
9.18343604  
8.525380865  
7.045473503  
5.33248597  
3.932215514  
3.180408739  
3.113633895  
3.481804191  
3.852772999  
3.770968149  
2.917346292  
1.2205202  
-1.112947466  
-3.654425873  
-5.874120715  
-7.287874168  
-7.585855557  
-6.707843413  
-4.848011742  
-2.393644787  
0.1798256299  
2.42541635  
4.021174937  
4.824286598  
4.874408496  
4.352369132  
3.511234132  
2.601431443  
1.809995879  
1.227261333  
0.8452121679  
0.5827141683  
0.3263918761  
-0.02682411022  
-0.538088234  
-1.213967887  
-2.014139072  
-2.87426391  
-3.734057323  
-4.558909884  
-5.345751188  
-6.109530903  
-6.85431753  
-7.540079084  
-8.060071432  
-8.242587691  
-7.88403065  
-6.809513145  
-4.945567064  
-2.381358758  
0.6063721158  
3.581966215  
6.035231257  
7.505246989  
7.71120471  
6.650405661  
4.628363075  
2.203046265  
0.05047710003  
-1.215454522  
-1.218481343  
0.0626253377  
2.274083107  
4.776201671  
6.819968554  
7.761199991  
7.24866891  
5.328634799  
2.432825205  
-0.7471999978  
-3.460736056  
-5.111405432  
-5.417358599  
-4.469914923  
-2.67576277  
-0.6060278426  
1.194543696  
2.373308737  
2.855851489  
2.826995504  
2.61848647  
2.547920952  
2.770107951  
3.196944282  
3.516724653  
3.307612071  
2.205522928  
0.06615097242  
-2.938439787  
-6.326403031  
-9.418420832  
-11.52182311  
-12.12776592  
-11.05793645  
-8.514132529  
-5.016471871  
-1.252574691  
2.111777541  
4.59971116  
6.017860669  
6.455228709  
6.196528482  
5.588129042  
4.90773508  
4.2830737  
3.683275601  
2.977985428  
2.034171206  
0.8083113875  
-0.6040564751  
-1.980913207  
-3.042684558  
-3.549761843  
-3.39020774  
-2.623721787  
-1.465334543  
-0.215496992  
0.8367536629  
1.50164508  
1.736458188  
1.638603668  
1.390831681  
1.18318598  
1.143731562  
1.304329365  
1.611618878  
1.973684223  
2.317748146  
2.630020414  
2.957236798  
3.367147009  
3.884754784  
4.434347537  
4.818205557  
4.750270406  
3.941406422  
2.210508889  
-0.4184408805  
-3.672762983  
-7.064543193  
-9.998576886  
-11.92517548  
-12.49026281  
-11.63362839  
-9.60208154  
-6.872563972  
-4.010753909  
-1.512537622  
0.3192617707  
1.424290317  
1.948940136  
2.145419986  
2.248496101  
2.379305081  
2.513018526  
2.520434988  
2.262861434  
1.697137221  
0.942213285  
0.2729922317  
0.03610344106  
0.514983648  
1.795363003  
3.687001386  
5.740600768  
7.365260777  
8.013702467  
7.373914011  
5.49813012  
2.817469724  
0.02780884364  
-2.122568325  
-3.076542146  
-2.661178934  
-1.161721971  
0.7542291483  
2.243418551  
2.560510677  
1.310205881  
-1.405708831  
-4.99681572  
-8.548196702  
-11.08949588  
-11.88408935  
-10.64736909  
-7.627019976  
-3.523418982  
0.7202018701  
4.188034692  
6.236540905  
6.640731861  
5.604703951  
3.645448028  
1.39923796  
-0.5790003447  
-1.957175642  
-2.668769503  
-2.855462122  
-2.74411033  
-2.513283594  
-2.203719587  
-1.706154096  
-0.8277071241  
0.5932281378  
2.572340397  
4.913415457  
7.220926042  
8.991687833  
9.756872911  
9.227182864  
7.392567578  
4.543353595  
1.206039222  
-1.985503574  
-4.443425503  
-5.759084954  
-5.781156059  
-4.623955635  
-2.613584243  
-0.1962342182  
2.161011998  
4.05158989  
5.18025696  
5.384175394  
4.634300469  
3.028554792  
0.7828046918  
-1.782876296  
-4.271526515  
-6.258998637  
-7.36747401  
-7.352188392  
-6.179203445  
-4.067053645  
-1.470003065  
1.004391637  
2.730279691  
3.218874268  
2.251599011  
-0.04871925747  
-3.232278018  
-6.621419406  
-9.46844472  
-11.12882978  
-11.20292901  
-9.610277223  
-6.582262015  
-2.583746473  
1.80646543  
6.018435082  
9.584643986  
12.18713882  
13.66009649  
13.96450569  
13.15743288  
11.37325208  
8.821814356  
5.794657282  
2.66166074  
-0.1586391484  
-2.261626425  
-3.342835777  
-3.284100837  
-2.209230231  
-0.4836194172  
1.351997333  
2.702258398  
3.06162196  
2.141979228  
-0.05363309182  
-3.232110606  
-6.883886756  
-10.4047236  
-13.22819411  
-14.9315665  
-15.29064192  
-14.27930388  
-12.02893798  
-8.774115811  
-4.809900984  
-0.4740093716  
3.850423497  
7.730468218  
10.70144878  
12.32363145  
12.27569199  
10.46186693  
7.094644406  
2.71342923  
-1.885432177  
-5.804308607  
-8.251781138  
-8.745160246  
-7.245683784  
-4.179721974  
-0.3321587294  
3.361982807  
6.06828275  
7.27162324  
6.897531296  
5.301498805  
3.133894291  
1.127419201  
-0.122658349  
-0.3161030583  
0.5021393659  
2.006023966  
3.734301985  
5.260119755  
6.322305778  
6.875207878  
7.047516426  
7.036007212  
6.983806445  
6.896285528  
6.629893654  
5.957723226  
4.683011999  
2.75111662  
0.3100837637  
-2.309854623  
-4.694601238  
-6.486435211  
-7.511215224  
-7.840119064  
-7.75749917  
-7.643012866  
-7.811278409  
-8.37174529  
-9.166925159  
-9.819036813  
-9.873545039  
-8.988576877  
-7.097429611  
-4.476884107  
-1.686184588  
0.6105097981  
1.879151475  
1.922664793  
0.9782777724  
-0.3405555807  
-1.248308976  
-1.072877745  
0.4773115151  
3.164734759  
6.256480408  
8.742141483  
9.671377561  
8.499466628  
5.319252819  
0.8904227851  
-3.557325469  
-6.693671657  
-7.51404899  
-5.682681556  
-1.674141587  
3.341545141  
7.84158405  
10.41597252  
10.20828546  
7.189418981  
2.174817167  
-3.421766212  
-8.019720049  
-10.35058186  
-9.832859048  
-6.726503956  
-2.023885845  
2.880422369  
6.628915976  
8.306164822  
7.682904013  
5.229983872  
1.910946939  
-1.166261615  
-3.116088839  
-3.539084594  
-2.602288951  
-0.9222266313  
0.6961245903  
1.565196411  
1.35673453  
0.1991675633  
-1.395679935  
-2.741868628  
-3.2441022  
-2.621664944  
-1.013595283  
1.068327399  
2.917984521  
3.879212455  
3.570193179  
2.01209339  
-0.3785631651  
-2.926861512  
-4.916010436  
-5.809573911  
-5.407389326  
-3.888600869  
-1.734520289  
0.4369357161  
2.067382219  
2.821272457  
2.668203182  
1.865275205  
0.8531697129  
0.1049195551  
-0.02297445606  
0.6069608246  
1.882745535  
3.486495518  
4.99247982  
5.987299303  
6.177757184  
5.459608664  
3.933880524  
1.872061924  
-0.356592671  
-2.375306998  
-3.885528421  
-4.728860972  
-4.91184671  
-4.588396982  
-4.003923545  
-3.414335215  
-3.000642233  
-2.803376197  
-2.698840461  
-2.430000659  
-1.689785011  
-0.2373710482  
1.986344906  
4.783462873  
7.696674986  
10.093326  
11.32259643  
10.90580807  
8.702908904  
4.998350677  
0.468920743  
-3.969491947  
-7.399953327  
-9.160096258  
-9.036533432  
-7.333164958  
-4.785020131  
-2.337706779  
-0.8572947894  
-0.8610047614  
-2.355776476  
-4.839170934  
-7.465118507  
-9.322431307  
-9.735466653  
-8.487376657  
-5.890990568  
-2.682846498  
0.2245025529  
2.048429103  
2.396646938  
1.393555723  
-0.3702302815  
-2.04715886  
-2.828081063  
-2.221404324  
-0.219874196  
2.701554955  
5.754100023  
8.109001658  
9.179844424  
8.81443653  
7.330594555  
5.386323508  
3.733919504  
2.948237029  
3.227217836  
4.335210524  
5.706801718  
6.670117303  
6.705313922  
5.641867794  
3.721716423  
1.505526777  
-0.3421686407  
-1.308009122  
-1.228834716  
-0.3590147253  
0.7208843705  
1.321987249  
0.9117746124  
-0.6727729079  
-3.144136548  
-5.848220801  
-7.985857836  
-8.893435338  
-8.281549733  
-6.344689596  
-3.700997113  
-1.182474785  
0.4496506342  
0.7624281287  
-0.2107543686  
-2.000273595  
-3.8859453  
-5.168671581  
-5.427035997  
-4.663470066  
-3.285594042  
-1.929758863  
-1.193209292  
-1.376670058  
-2.337095665  
-3.511182221  
-4.107627743  
-3.402935386  
-1.03465308  
2.816890738  
7.430705348  
11.73947204  
14.65589563  
15.42213969  
13.8622821  
10.4487537  
6.156547889  
2.151840137  
-0.5809166589  
-1.547624013  
-0.8847467167  
0.7152906307  
2.266192775  
2.84585107  
1.926477783  
-0.436647866  
-3.62181069  
-6.65576485  
-8.551743075  
-8.653785893  
-6.869431931  
-3.711973777  
-0.1390421249  
2.756655089  
4.09951849  
3.508594241  
1.210095833  
-2.048541628  
-5.249786197  
-7.435405824  
-8.004252933  
-6.882938663  
-4.519593584  
-1.711149965  
0.6711924824  
1.963476335  
1.905509068  
0.6936257373  
-1.118124765  
-2.825603461  
-3.815069529  
-3.75474653  
-2.677795945  
-0.9375117864  
0.9400979252  
2.448489761  
3.268848191  
3.35889281  
2.93791224  
2.380799302  
2.064157632  
2.220968199  
2.853668962  
3.732506471  
4.475637848  
4.680438656  
4.060567111  
2.54446399  
0.3063216074  
-2.27616978  
-4.720112872  
-6.559326292  
-7.453920925  
-7.25919168  
-6.040581738  
-4.038149753  
-1.597011136  
0.9137563996  
3.172615063  
4.953181884  
6.142760499  
6.7346186  
6.802113295  
6.464451183  
5.85300721  
5.084727912  
4.246478949  
3.391603429  
2.547502912  
1.730701832  
0.9636987551  
0.2867446857  
-0.2416379207  
-0.5584604424  
-0.6222972654  
-0.4435115269  
-0.1064980026  
0.2286311465  
0.3526211082  
0.06043499954  
-0.78102893  
-2.171898213  
-3.948311242  
-5.798695712  
-7.330819454  
-8.17565324  
-8.098765648  
-7.08305958  
-5.351694813  
-3.316851655  
-1.463916442  
-0.2039126631  
0.2590157919  
-0.0008122598424  
-0.6485872495  
-1.196586254  
-1.170455905  
-0.2808598233  
1.458293905  
3.709136821  
5.89974518  
7.400349648  
7.730322652  
6.726813779  
4.615464206  
1.954320117  
-0.535751281  
-2.201360814  
-2.671737964  
-1.984942275  
-0.5788879576  
0.8545928327  
1.607740913  
1.208949929  
-0.3965420677  
-2.801542567  
-5.247867014  
-6.861862882  
-6.940337772  
-5.193732908  
-1.865213918  
2.316661072  
6.340289753  
9.206308685  
10.22300398  
9.208402054  
6.535539777  
3.007910845  
-0.393443853  
-2.80927137  
-3.752530246  
-3.232324684  
-1.716334612  
0.05031338474  
1.305976271  
1.525733443  
0.5848661229  
-1.217333135  
-3.275936368  
-4.896795325  
-5.536247157  
-4.984284583  
-3.432650649  
-1.40888311  
0.3984293166  
1.363622424  
1.124089097  
-0.3059132357  
-2.54019514  
-4.937854314  
-6.791857006  
-7.528592013  
-6.858956116  
-4.840876554  
-1.843462354  
1.566739978  
4.776081683  
7.264104767  
8.697128691  
8.958765325  
8.123516805  
6.396226148  
4.046008312  
1.357606462  
-1.390419088  
-3.926207294  
-5.979749542  
-7.290144436  
-7.63521447  
-6.880918214  
-5.035398202  
-2.285409813  
1.005194212  
4.344671588  
7.20419669  
9.128942043  
9.839046976  
9.290792164  
7.679053088  
5.379393876  
2.84657188  
0.4993071989  
-1.37504061  
-2.66930247  
-3.447534196  
-3.88547293  
-4.183274738  
-4.481086604  
-4.805527997  
-5.063542735  
-5.08344362  
-4.686999946  
-3.766277538  
-2.337945992  
-0.5559458  
1.322167055  
3.004172655  
4.244641486  
4.912178319  
5.02076234  
4.715706979  
4.219859683  
3.758733309  
3.489774766  
3.459004542  
3.598433719  
3.763468193  
3.795734241  
3.588107223  
3.128199578  
2.504247704  
1.870865834  
1.38660294  
1.145873369  
1.130698145  
1.201640858  
1.134159871  
0.6907428265  
-0.2940699072  
-1.844456532  
-3.814745694  
-5.91379832  
-7.777295675  
-9.066612519  
-9.563291214  
-9.228681631  
-8.209193245  
-6.785400457  
-5.281992013  
-3.968880553  
-2.986827888  
-2.322451199  
-1.840118705  
-1.357932786  
-0.7389338626  
0.03731896457  
0.8510387315  
1.477405745  
1.669755324  
1.261037723  
0.245214956  
-1.194527086  
-2.72604087  
-3.967562248  
-4.614123883  
-4.546591464  
-3.882028567  
-2.942446439  
-2.146915937  
-1.859990269  
-2.247291415  
-3.190130952  
-4.293700715  
-4.992929842  
-4.726542554  
-3.12481788  
-0.1491586256  
3.864971373  
8.279598325  
12.32060347  
15.28740146  
16.73940374  
16.60015085  
15.14750755  
12.89673924  
10.41937385  
8.161707899  
6.32541273  
4.849090405  
3.49230271  
1.985892364  
0.1879703657  
-1.817157811  
-3.718471915  
-5.080165004  
-5.510300659  
-4.832919434  
-3.195672515  
-1.06572665  
0.8940635622  
2.032520567  
1.932010947  
0.5663520317  
-1.664979432  
-4.045227877  
-5.760927157  
-6.163877684  
-4.986990706  
-2.439855207  
0.8505091239  
4.03567953  
6.313554072  
7.177490179  
6.562691466  
4.841162559  
2.669277383  
0.7435077408  
-0.4481645208  
-0.7905682047  
-0.5633809856  
-0.3142251002  
-0.630180997  
-1.892271595  
-4.104317543  
-6.861396189  
-9.472745173  
-11.19756205  
-11.50986977  
-10.29603754  
-7.910766232  
-5.066949823  
-2.594521861  
-1.151733391  
-0.991874772  
-1.871347749  
-3.136682936  
-3.964973458  
-3.676369898  
-2.00876964  
0.7456462383  
3.797338868  
6.099262463  
6.695160563  
5.061561054  
1.326891498  
-3.711305581  
-8.785008887  
-12.51319978  
-13.80809386  
-12.20253951  
-7.995072088  
-2.166783941  
3.903579939  
8.836805689  
11.63944568  
11.9620723  
10.15562209  
7.117080119  
3.981475162  
1.762333938  
1.053684125  
1.881531294  
3.741191787  
5.796722916  
7.169743442  
7.221996344  
5.744792136  
3.003995335  
-0.3618973678  
-3.547249497  
-5.816925392  
-6.701484361  
-6.096089268  
-4.244772004  
-1.629281165  
1.191162558  
3.733716006  
5.693714763  
6.972077946  
7.63349294  
7.822648792  
7.675646917  
7.259822993  
6.560243433  
5.511965386  
4.060391537  
2.223376435  
0.1298396395  
-1.980795498  
-3.800232875  
-5.022530493  
-5.424599262  
-4.93315229  
-3.659141694  
-1.888969389  
-0.03218340576  
1.464611417  
2.219946636  
2.013393746  
0.8522439646  
-1.009992433  
-3.113592646  
-4.888916313  
-5.792366643  
-5.452341686  
-3.787955185  
-1.064526087  
2.137969754  
5.04619463  
6.881464515  
7.068826888  
5.409490634  
2.163217726  
-1.991546568  
-6.118173734  
-9.264738948  
-10.72292743  
-10.22708967  
-8.03123771  
-4.836135363  
-1.583773471  
0.8213663901  
1.78002528  
1.171701857  
-0.6210806012  
-2.846193532  
-4.630852891  
-5.266225796  
-4.435597548  
-2.312150278  
