-9.005716933  
-11.83631029  
-12.41167601  
-10.23483978  
-5.491147176  
0.9542516659  
7.756059742  
13.4323389  
16.75427556  
17.06969433  
14.46735596  
9.736257122  
4.134687733  
-0.9614267188  
-4.428324797  
-5.678244251  
-4.781836776  
-2.403490596  
0.4218063221  
2.598295158  
3.274628711  
2.061071005  
-0.8933986825  
-4.972946019  
-9.282690094  
-12.89136186  
-15.05972726  
-15.39795467  
-13.9214  
-11.00512134  
-7.263292597  
-3.393785696  
-0.02902394998  
2.37609479  
3.604038871  
3.682316986  
2.849311934  
1.49259027  
0.07297806486  
-0.9555532561  
-1.222531014  
-0.5067764065  
1.217543615  
3.764506771  
6.757836387  
9.692419894  
12.02877004  
13.30307198  
13.22819563  
11.76006949  
9.110772352  
5.702990322  
2.076595787  
-1.228356379  
-3.781503222  
-5.337135752  
-5.857943533  
-5.487320636  
-4.485120206  
-3.150847625  
-1.758310732  
-0.5176318253  
0.4326032849  
1.012572804  
1.184058105  
0.9437432051  
0.3329714346  
-0.5420703141  
-1.49552678  
-2.270745857  
-2.584408691  
-2.203227034  
-1.034108708  
0.8031617557  
2.953021193  
4.87206152  
5.947318084  
5.659563549  
3.74664348  
0.3155855515  
-4.137442775  
-8.814863035  
-12.79604879  
-15.25980905  
-15.68839374  
-13.99378905  
-10.5295128  
-5.985809781  
-1.201769061  
3.047357847  
6.223879165  
8.114153154  
8.810598187  
8.607699456  
7.858162484  
6.845611804  
5.719382337  
4.509475326  
3.206202901  
1.861818097  
0.6617595255  
-0.07557858649  
0.01752193535  
1.214906767  
3.54657772  
6.704909437  
10.05606845  
12.7711745  
14.04821231  
13.3585173  
10.63545145  
6.334775412  
1.334448409  
-3.305940752  
-6.656539685  
-8.201189025  
-7.99897145  
-6.664108241  
-5.162803955  
-4.486630183  
-5.305978492  
-7.718069168  
-11.17722065  
-14.63807501  
-16.87327419  
-16.86840568  
-14.16862164  
-9.063240627  
-2.544030864  
3.955996839  
8.966171814  
11.40082614  
10.87042492  
7.785117068  
3.219669595  
-1.416591342  
-4.800936415  
-6.07888668  
-5.090817934  
-2.37915157  
1.018101028  
3.915169537  
5.354074346  
4.890250458  
2.703963426  
-0.4880446238  
-3.682065428  
-5.910832464  
-6.535224992  
-5.415141127  
-2.914612569  
0.2480651757  
3.245429098  
5.395553585  
6.344328421  
6.123763784  
5.079943843  
3.708251622  
2.46137702  
1.599222386  
1.12948932  
0.8518271565  
0.4806445618  
-0.2051630015  
-1.244174704  
-2.450563974  
-3.463558519  
-3.869953984  
-3.355578585  
-1.831923604  
0.5067406851  
3.216478492  
5.717536881  
7.45343343  
8.046063963  
7.400070186  
5.726572295  
3.481424953  
1.238122966  
-0.4670848804  
-1.274934183  
-1.09162829  
-0.1060328664  
1.265061136  
2.486667583  
3.042049863  
2.56392618  
0.9319518138  
-1.683365281  
-4.839045033  
-7.897415397  
-10.14964715  
-10.96285854  
-9.922736962  
-6.942157083  
-2.309878969  
3.336740974  
9.116192745  
14.06770668  
17.34357639  
18.38569055  
17.04320776  
13.60022512  
8.703847594  
3.209243592  
-2.018881406  
-6.296214983  
-9.250223037  
-10.86009607  
-11.39944496  
-11.30499179  
-11.01577062  
-10.83455013  
-10.85321064  
-10.96070507  
-10.92332257  
-10.50265884  
-9.565087995  
-8.141741134  
-6.417875729  
-4.657879355  
-3.096899523  
-1.843073523  
-0.8305923672  
0.1552272663  
1.387386734  
3.073557637  
5.246086756  
7.709480808  
10.06959924  
11.83946044  
12.5878321  
12.07979398  
10.35940412  
7.743928929  
4.729991139  
1.843528374  
-0.5140306322  
-2.169368073  
-3.194643146  
-3.834398745  
-4.371461376  
-4.984641814  
-5.654991986  
-6.159889083  
-6.161222756  
-5.357248844  
-3.640920263  
-1.201098114  
1.47968432  
3.741601322  
4.946954448  
4.698540395  
3.001042325  
0.3041848246  
-2.596568097  
-4.778560189  
-5.464992813  
-4.266525877  
-1.31274416  
2.771441787  
7.039883339  
10.49640396  
12.37837137  
12.36412551  
10.64124179  
7.818630915  
4.716080677  
2.103591008  
0.4763087862  
-0.06457436085  
0.206816549  
0.78133324  
1.120177208  
0.8495015371  
-0.1236959393  
-1.610495801  
-3.246611215  
-4.659785288  
-5.629947587  
-6.178298564  
-6.549412047  
-7.091777327  
-8.081799985  
-9.559648082  
-11.2438636  
-12.56547547  
-12.82053693  
-11.39705064  
-8.003213496  
-2.819441275  
3.481910707  
9.86402448  
15.16853636  
18.40494274  
19.00229574  
16.95021779  
12.7901201  
7.462724488  
2.059855913  
5.423759158  
9.343775457  
12.41850539  
13.9839508  
13.59128352  
11.14642583  
6.976226793  
1.793371796  
-3.44108421  
-7.72846646  
-10.26345371  
-10.62254518  
-8.856406372  
-5.458598912  
-1.219001521  
2.995345328  
6.467359804  
8.798123638  
9.968372382  
10.27939928  
10.19785474  
10.15907865  
10.39560407  
10.84759709  
11.18356723  
10.92241085  
9.614093177  
7.017340487  
3.214567872  
-1.374247043  
-6.083261677  
-10.16849215  
-12.99853536  
-14.20999336  
-13.7831714  
-12.02076588  
-9.443474469  
-6.640498578  
-4.122886773  
-2.221001946  
-1.04803585  
-0.5273521634  
-0.4612921774  
-0.6097736548  
-0.7507263166  
-0.7079753572  
-0.3495455616  
0.4272926148  
1.703646501  
3.524943765  
5.864531829  
8.578980425  
11.37861031  
13.83616682  
15.4455646  
15.72493485  
14.34028428  
11.21481782  
6.588922824  
1.007598756  
-4.767808348  
-9.904976841  
-13.66792244  
-15.56500003  
-15.44208611  
-13.50088169  
-10.24189395  
-6.349806811  
-2.550383261  
0.5289776474  
2.467931911  
3.11394486  
2.589096508  
1.24664007  
-0.4120749032  
-1.845325142  
-2.58561944  
-2.341583622  
-1.067255763  
1.018417002  
3.471948993  
5.723485136  
7.215489923  
7.550228197  
6.60621491  
4.586294774  
1.975224916  
-0.5904080486  
-2.508780378  
-3.402689335  
-3.251989767  
-2.419889  
-1.554182053  
-1.384047343  
-2.469769197  
-4.983843425  
-8.598669751  
-12.52721087  
-15.71658474  
-17.14446226  
-16.13139053  
-12.57162754  
-7.005837802  
-0.5056221564  
5.601793598  
10.089488  
12.16126761  
11.65724826  
9.073723875  
5.394404412  
1.788630206  
-0.7280751621  
-1.567172242  
-0.695188512  
1.412744887  
3.966658405  
6.130890099  
7.278106909  
7.150263593  
5.886058701  
3.922337086  
1.817956701  
0.06881327436  
-1.023346369  
-1.393649657  
-1.171109461  
-0.5844897488  
0.1343052815  
0.8082844399  
1.318729211  
1.567673462  
1.434951504  
0.768479252  
-0.5704847094  
-2.615414342  
-5.194022803  
-7.872723658  
-9.991793992  
-10.8064433  
-9.70601038  
-6.444792152  
-1.300203839  
4.912944462  
11.00075925  
15.69091847  
17.99087766  
17.48957997  
14.49762532  
9.968240542  
5.212765033  
1.495464556  
-0.361787156  
-0.2320796427  
1.295474135  
3.138257385  
4.114298567  
3.374687675  
0.7242608576  
-3.283894963  
-7.517955362  
-10.64690561  
-11.60144175  
-9.956498098  
-6.100281715  
-1.127231481  
3.512067128  
6.485693546  
7.017013332  
5.132447911  
1.635020163  
-2.186061714  
-5.007199475  
-5.92492236  
-4.75437662  
-2.069419856  
1.025668908  
3.307167493  
3.875509264  
2.471236266  
-0.4491721539  
-3.901770702  
-6.755250175  
-8.159936907  
-7.865134039  
-6.305607868  
-4.423480989  
-3.290368074  
-3.670320166  
-5.68876487  
-8.736602069  
-11.65428857  
-13.13815397  
-12.22745909  
-8.696575797  
-3.205364366  
2.856999576  
7.792334884  
10.14121566  
9.173680533  
5.154405329  
-0.7114944642  
-6.638202978  
-10.8076185  
-11.92657563  
-9.611690672  
-4.480750603  
2.070514011  
8.322911963  
12.7628407  
14.51170471  
13.52379448  
10.50599336  
6.609490468  
3.01757163  
0.5795095181  
-0.3883934954  
-0.08412806379  
0.9823877279  
2.275056695  
3.476134605  
4.590345362  
5.872739445  
7.620345659  
9.925793884  
12.50866226  
14.71035731  
15.67238643  
14.64131885  
11.28691114  
5.905496672  
-0.5837797403  
-6.869019674  
-11.63614063  
-13.98970983  
-13.75447875  
-11.54315265  
-8.554442883  
-6.16046301  
-5.420065707  
-6.686410585  
-9.450227314  
-12.48261136  
-14.23911353  
-13.39523721  
-9.334541494  
-2.421972527  
6.03635355  
14.14262076  
19.95897615  
22.08656928  
20.08727605  
14.61424428  
7.211911101  
-0.1477748317  
-5.643546703  
-8.115540077  
-7.353670068  
-4.084755091  
0.3220958377  
4.324329526  
6.692136507  
6.858624454  
5.033283306  
2.059895001  
-0.9169050238  
-2.85544913  
-3.156298314  
-1.832624715  
0.5304521929  
2.998697829  
4.608698854  
4.675536798  
2.991852077  
-0.1354302566  
-4.008356986  
-7.768960143  
-10.65722977  
-12.21524231  
-12.38177813  
-11.4613815  
-9.991563426  
-8.559308864  
-7.626317785  
-7.411864941  
-7.858769861  
-8.680941248  
-9.468930928  
-9.818034122  
-9.443125639  
-8.252978907  
-6.370062212  
-4.095455808  
-1.830059104  
0.02887381526  
1.192447884  
1.561689382  
1.264759199  
0.6361766401  
0.1367557007  
0.2285173388  
1.234029881  
3.219485182  
5.940640472  
8.877626573  
11.36052002  
12.7582064  
12.67799657  
11.11229966  
8.477568259  
5.519871844  
3.103288802  
1.938947116  
2.339316149  
4.083010075  
6.446918214  
8.411425459  
8.986461713  
7.56040313  
4.15705519  
-0.4934193173  
-5.109997861  
-8.211577529  
-8.565681316  
-5.598919032  
0.3635997848  
8.116094856  
15.85665958  
21.66474738  
24.03480365  
22.30729204  
16.86577653  
9.037541862  
0.7245437436  
-6.12693481  
-10.06114707  
-10.49562178  
-7.843049524  
-3.344035662  
1.330517195  
4.581787167  
5.338322269  
3.333049097  
-0.8695776182  
-6.089804726  
-10.91373014  
-14.11708095  
-15.0049831  
-13.57500686  
-10.46981853  
-6.749944173  
-3.566684818  
-1.836653349  
-2.008942998  
-3.980319758  
-7.166408256  
-10.69288251  
-13.64272169  
-15.28898978  
-15.25621295  
-13.57964949  
-10.66139063  
-7.146537962  
-3.756895694  
-1.12250177  
0.3541997124  
0.5775991317  
-0.2300656813  
-1.585519262  
-2.857477584  
-3.414417308  
-2.777614411  
-0.7460494714  
2.53803033  
6.60366411  
10.74881413  
14.20219098  
16.31037636  
16.70031617  
15.37023735  
12.67997851  
9.240741198  
5.735599689  
2.725414873  
0.5012902866  
-0.9687662225  
-1.981848933  
-2.951151637  
-4.218176266  
-5.893048215  
-7.781424881  
-9.426965149  
-10.25771276  
-9.786933425  
-7.798053316  
-4.446985279  
-0.2430679055  
4.087747908  
7.811766995  
10.39654732  
11.64753543  
11.72562989  
11.04215023  
10.07261804  
9.160838981  
8.388619541  
7.561978576  
6.320586601  
4.329436515  
1.478202212  
-1.992681726  
-5.495903381  
-8.241494378  
-9.479135801  
-8.757292729  
-6.106885922  
-2.079314876  
2.383157072  
6.209022632  
8.508720043  
8.834040256  
7.300262321  
4.531131202  
1.446381628  
-1.036000854  
-2.283132482  
-2.123806389  
-0.8647495878  
0.8507675791  
2.285594761  
2.864193926  
2.352544248  
0.9053312143  
-1.026638598  
-2.885489542  
-4.216388972  
-4.820283103  
-4.796985398  
-4.470654889  
-4.235007995  
-4.38438179  
-4.99882622  
-5.926532828  
-6.865756437  
-7.50745709  
-7.675477954  
-7.402995823  
-6.911094614  
-6.497025429  
-6.3788994  
-6.564460995  
-6.804866173  
-6.662171559  
-5.673373121  
-3.552359478  
-0.3508694303  
3.490530898  
7.23252587  
10.04701874  
11.27847195  
10.6644608  
8.43312753  
5.236569037  
1.937773348  
-0.6769716163  
-2.158413412  
-2.532391284  
-2.262781251  
-2.049499672  
-2.533002632  
-4.013558682  
-6.291675976  
-8.694874477  
-10.28965079  
-10.20934599  
-7.98360447  
-3.750181722  
1.732330264  
7.284065287  
11.65443428  
13.90784678  
13.71415666  
11.44425103  
8.037318736  
4.684479505  
2.436321004  
1.867258147  
2.908707774  
4.903471985  
6.856689722  
7.791530345  
7.084131504  
4.663313753  
1.011820092  
-3.022065691  
-6.526707979  
-8.82969937  
-9.691906081  
-9.328371053  
-8.258192663  
-7.049862091  
-6.066492553  
-5.313056875  
-4.446529574  
-2.945214512  
-0.3703465988  
3.385143405  
7.963878769  
12.58892414  
16.28152753  
18.18029072  
17.84837057  
15.45411576  
11.75181375  
7.858680518  
4.897397218  
3.623915141  
4.169381552  
5.988698078  
8.038457582  
9.12804167  
8.326910275  
5.290187714  
0.3910162077  
-5.386904765  
-10.7619431  
-14.56811883  
-16.13125378  
-15.48207269  
-13.33582781  
-10.84635484  
-9.217528573  
-9.301365945  
-11.31479796  
-14.76593659  
-18.61061146  
-21.58458414  
-22.60146235  
-21.08846205  
-17.15619799  
-11.55533717  
-5.442146545  
-0.03391506532  
3.734741624  
5.45051042  
5.289991061  
3.9102197  
2.208380112  
1.033915157  
0.9435278622  
2.067865917  
4.118131402  
6.515654686  
8.592587692  
9.796808493  
9.841213824  
8.761631107  
6.878804268  
4.687758608  
2.714377313  
1.38134837  
0.9159549405  
1.315688856  
2.370891079  
3.731030684  
4.995024734  
5.805188857  
5.92721337  
5.302453791  
4.06320243  
2.506523654  
1.028680581  
0.03043643236  
-0.1877226454  
0.4851983503  
1.923568247  
3.779430606  
5.562462474  
6.77009944  
7.034150714  
6.240222476  
4.579577313  
2.510335011  
0.6321941272  
-0.4924726195  
-0.5177266415  
0.5642258452  
2.401542665  
4.374045586  
5.773574996  
6.019310472  
4.840462762  
2.367279659  
-0.900181903  
-4.236456627  
-6.902206475  
-8.354740179  
-8.390304122  
-7.174638366  
-5.156656291  
-2.899844071  
-0.8931321323  
0.5919262939  
1.549698904  
2.182403546  
2.762934272  
3.475273728  
4.297327123  
4.974808017  
5.100117149  
4.269691217  
2.261837766  
-0.8334478957  
-4.586384781  
-8.319605751  
-11.29576131  
-12.93985496  
-13.02030595  
-11.72426855  
-9.597417389  
-7.36469272  
-5.690313737  
-4.957650031  
-5.144654768  
-5.839124093  
-6.391060002  
-6.152430762  
-4.723973891  
-2.124847355  
1.174570573  
4.3716983  
6.567510708  
7.04519832  
5.503308139  
2.168909074  
-2.245578471  
-6.729194531  
-10.24571357  
-12.01060562  
-11.68980733  
-9.464569393  
-5.949123911  
-1.992486765  
1.571151476  
4.147380719  
5.517664391  
5.853088359  
5.610986449  
5.354269166  
5.553576251  
6.433348995  
7.905681071  
9.606929607  
11.02084528  
11.64758234  
11.16689946  
9.5479132  
7.074915652  
4.283058983  
1.822479497  
0.2879889873  
0.05994853535  
1.198428688  
3.418892765  
6.157000459  
8.707464106  
10.40264792  
10.7853772  
9.730102758  
7.478083116  
4.573425389  
1.713091785  
-0.4512932407  
-1.505631217  
-1.403049526  
-0.4885406648  
0.5963723856  
1.108770127  
0.44714508  
-1.629712152  
-4.878266195  
-8.58782508  
-11.74794824  
-13.32750457  
-12.58941423  
-9.347693367  
-4.083939566  
2.122687523  
7.844231962  
11.66897646  
12.58180086  
10.24954035  
5.12515897  
-1.664049085  
-8.615290929  
-14.25082991  
-17.50370701  
-17.9763014  
-15.99823899  
-12.47190009  
-8.558900704  
-5.309035548  
-3.348800099  
-2.725067555  
-2.947751004  
-3.210340861  
-2.710133819  
-0.9590527079  
2.018889908  
5.668448405  
9.067663874  
11.2207908  
11.3827231  
9.308670458  
5.348281181  
0.3547849199  
-4.560128132  
-8.345964929  
-10.30573827  
-10.27025925  
-8.604058623  
-6.048007845  
-3.45591431  
-1.51445772  
-0.5378570925  
-0.401047937  
-0.6274540963  
-0.5961180947  
0.2056052262  
1.970869386  
4.475500851  
7.126866797  
9.144414119  
9.813960437  
8.733951982  
5.974250879  
2.095018073  
-1.983806188  
-5.226556975  
-6.769554659  
-6.169566321  
-3.541438435  
0.4550763556  
4.776964625  
8.26497279  
9.944806264  
9.282997934  
6.331013246  
1.72121475  
-3.483137485  
-8.044559795  
-10.84943829  
-11.17317662  
-8.847743735  
-4.29234386  
1.597342335  
7.671017507  
12.79927059  
16.13310597  
17.28313853  
16.37586042  
13.97670719  
10.90476148  
7.992266017  
5.856205679  
4.744947443  
4.501094568  
4.648207711  
4.572888299  
3.745643499  
1.912163819  
-0.8048945448  
-3.926765595  
-6.757723028  
-8.601335709  
-8.987468236  
-7.838587071  
-5.520904478  
-2.76009687  
-0.4430284188  
0.6375323408  
0.01910685388  
-2.285065886  
-5.776785016  
-9.604491449  
-12.79805964  
-14.53809805  
-14.38102067  
-12.37502311  
-9.035458988  
-5.190415257  
-1.745268054  
0.5627540459  
1.348942417  
0.6547397221  
-1.103627534  
-3.287800758  
-5.238965157  
-6.465193535  
-6.760159645  
-6.22395826  
-5.188851894  
-4.081700646  
-3.271485319  
-2.950771561  
-3.085058151  
-3.439871447  
-3.670461173  
-3.440870839  
-2.533051567  
-0.9134175628  
1.259992002  
3.686952014  
6.011996478  
7.920580612  
9.216554269  
9.861234471  
9.966988996  
9.751221228  
9.466089157  
9.323654772  
9.435050388  
9.777279235  
10.19417109  
10.43063402  
10.19293022  
9.222877847  
7.370810396  
4.651440601  
1.268669346  
-2.399611064  
-5.857932943  
-8.582493705  
-10.12580756  
-10.21321816  
-8.807308319  
-6.122288753  
-2.582393162  
1.266909073  
4.8728238  
7.784666535  
9.730339735  
10.641289  
10.62309052  
9.885575443  
8.658321069  
7.120560512  
5.367641366  
3.421744153  
1.277616565  
-1.039146876  
-3.428197857  
-5.706014883  
-7.639698801  
-9.012426482  
-9.696306416  
-9.703667369  
-9.194408556  
-8.432656688  
-7.705145541  
-7.228954545  
-7.081773693  
-7.180888214  
-7.319890263  
-7.250849578  
-6.782234858  
-5.8561223  
-4.575054856  
-3.167369372  
-1.903077546  
-0.9919051135  
-0.5030365313  
-0.3391714454  
-0.2774748358  
-0.06429564287  
0.4714394303  
1.330674453  
2.319758272  
3.10425893  
3.326990917  
2.750608139  
1.372815752  
-0.5311412811  
-2.460502577  
-3.824272173  
-4.118192268  
-3.085192672  
-0.8047156621  
2.320364324  
5.675733795  
8.608922656  
10.6055222  
11.41022755  
11.05580152  
9.797754546  
7.987453122  
5.938259856  
3.839651213  
1.752517825  
-0.3169707717  
-2.30322817  
-3.986423857  
-4.973542652  
-4.784274081  
-3.027402879  
0.389404833  
5.098734388  
10.23941237  
14.59196868  
16.86957183  
16.091532  
11.92655026  
4.887949214  
-3.701306837  
-11.98920903  
-18.05823422  
-20.44558042  
-18.56690687  
-12.91100713  
-4.936999582  
3.30618597  
9.732862048  
12.78655806  
11.85335782  
7.402417805  
0.8160085481  
-6.034719641  
-11.33668046  
-13.83966894  
-13.17235041  
-9.885853829  
-5.227584899  
-0.7296357341  
2.252888323  
2.912214377  
1.164441376  
-2.402065918  
-6.766789014  
-10.81135003  
-13.63417148  
-14.75158609  
-14.14027963  
-12.13465532  
-9.240054816  
-5.942732992  
-2.586053948  
0.6541402261  
3.706937471  
6.504314482  
8.900135639  
10.65678145  
11.51202514  
11.2994986  
10.06796499  
8.139585643  
6.068122148  
4.496846082  
3.957735625  
4.681740644  
6.492425611  
8.830117218  
10.90878992  
11.95971788  
11.48214127  
9.414836466  
6.167115418  
2.49498886  
-0.7381162498  
-2.836023376  
-3.486703567  
-2.84786356  
-1.473198113  
-0.1067769309  
0.5813679944  
0.2256925674  
-1.117849673  
-3.00650157  
-4.781134824  
-5.808724206  
-5.708930628  
-4.484570496  
-2.512069963  
-0.3994280839  
1.233155068  
1.968424364  
1.725212819  
0.7642804966  
-0.4301753852  
-1.344165005  
-1.626742822  
-1.208584986  
-0.3032322365  
0.7054442669  
1.441058353  
1.703377143  
1.556602177  
1.297483131  
1.311570906  
1.872251003  
2.963981837  
4.207055735  
4.926932926  
4.358122189  
1.92010739  
-2.52951457  
-8.558875862  
-15.20200601  
-21.17679439  
-25.22100174  
-26.44372185  
-24.58043614  
-20.06860068  
-13.91761358  
-7.413690231  
-1.753331637  
2.278995057  
4.490020342  
5.263843489  
5.369696165  
5.663537281  
6.786989092  
8.962444551  
11.94517965  
15.13662455  
17.80764636  
19.34652772  
19.4438504  
18.15541438  
15.83257393  
12.95867466  
9.962226934  
7.08132127  
4.328818533  
1.564979521  
-1.359921104  
-4.458548319  
-7.521928455  
-10.13863719  
-11.8164587  
-12.16243699  
-11.05089059  
-8.70997284  
-5.685640605  
-2.68760067  
-0.367430343  
0.8924284136  
1.100503367  
0.6404217881  
0.1179785181  
0.1223414534  
0.9862129553  
2.633178742  
4.571889531  
6.045461166  
6.288850425  
4.806667712  
1.573993629  
-2.912739031  
-7.757009827  
-11.91845215  
-14.51977115  
-15.1020873  
-13.74375609  
-11.00485088  
-7.719247171  
-4.708248141  
-2.515251532  
-1.251588603  
-0.602812408  
0.0125680103  
1.193557154  
3.308622818  
6.338776865  
9.866821953  
13.21415042  
15.67317396  
16.74983273  
16.32834765  
14.69983201  
12.44668434  
10.22702955  
8.539240224  
7.552591862  
7.064866707  
6.600468546  
5.610916936  
3.702479838  
0.8062643945  
-2.772066766  
-6.441164836  
-9.518570602  
-11.45953877  
-12.03638649  
-11.40336011  
-10.02447408  
-8.49253997  
-7.307631325  
-6.698154964  
-6.551672472  
-6.481605566  
-6.004991212  
-4.764240127  
-2.708013896  
-0.1597603626  
2.25748182  
3.818975917  
3.95190135  
2.455195247  
-0.3947426151  
-3.89468522  
-7.110000916  
-9.15270251  
-9.450531528  
-7.91758968  
-4.97003207  
-1.382831234  
1.96280538  
4.355621417  
5.461941936  
5.397857259  
4.646694114  
3.855748235  
3.58655257  
4.106620118  
5.293604932  
6.681808831  
7.630818754  
7.554467301  
6.129520578  
3.413277811  
-0.166833615  
-3.94314445  
-7.208114611  
-9.414625118  
-10.30971843  
-9.962576845  
-8.687083656  
-6.896461823  
-4.949047057  
-3.042742442  
-1.193333628  
0.7028340264  
2.754400683  
4.960618638  
7.147493766  
8.983732029  
10.07360133  
10.09273024  
8.915274669  
6.682859959  
3.786954628  
0.7682518575  
-1.832508308  
-3.620021919  
-4.435615054  
-4.364330445  
-3.659778724  
-2.619607704  
-1.462458381  
-0.2558963548  
1.076095  
2.669686182  
4.597048367  
6.75537825  
8.820860725  
10.29695792  
10.65088791  
9.496729549  
6.761365056  
2.769567106  
-1.792080426  
-6.0330515  
-9.096767256  
-10.4062774  
-9.838283065  
-7.765519706  
-4.947958921  
-2.301940282  
-0.6169246937  
-0.3085353722  
-1.287120401  
-2.985801554  
-4.541927773  
-5.077235571  
-3.990061876  
-1.168372445  
2.943789495  
7.448934153  
11.23863643  
13.30434871  
13.02476127  
10.34568338  
5.801214786  
0.3720063383  
-4.776448149  
-8.599636562  
-10.43813961  
-10.16924577  
-8.209653935  
-5.375521763  
-2.644688399  
-0.8896274423  
-0.6532632135  
-2.023515906  
-4.632679274  
-7.773369465  
-10.59352749  
-12.31589771  
-12.42571358  
-10.78287957  
-7.637048221  
-3.549295606  
0.754027868  
4.555698945  
7.30742451  
8.738837078  
8.893993767  
8.091889697  
6.825351977  
5.626049155  
4.929772043  
4.974299477  
5.752755105  
7.030797784  
8.419738671  
9.483922856  
9.852830139  
9.308556981  
7.827481959  
5.56879703  
2.818038188  
-0.09374955402  
-2.868838598  
-5.296161706  
-7.266101655  
-8.748089293  
-9.74589974  
-10.25327989  
-10.23163559  
-9.622117561  
-8.389654126  
-6.581784845  
-4.376033724  
-2.090137429  
-0.1401435263  
1.050693521  
1.170190661  
0.1271587463  
-1.884955345  
-4.398245005  
-6.760982392  
-8.290281696  
-8.44732942  
-6.985724634  
-4.028612457  
-0.04964579414  
4.23956033  
8.064962392  
10.77938613  
12.01239236  
11.73992405  
10.25762791  
8.070954832  
5.739419069  
3.7242981  
2.285008123  
1.451243935  
1.071967741  
0.9173187393  
0.793562879  
0.6293445082  
0.5035643381  
0.6070778721  
1.153934839  
2.275441295  
3.936078686  
5.902706406  
7.780416856  
9.106273112  
9.473223589  
8.646918255  
6.640506358  
3.725659488  
0.3772159054  
-2.832307494  
-5.359012197  
-6.802082489  
-6.979565262  
-5.951420264  
-3.990547185  
-1.514823138  
1.000064761  
3.106911734  
4.456966583  
4.845181479  
4.228790966  
2.721527075  
0.5674415343  
-1.90161831  
-4.320574749  
-6.352251726  
-7.746856506  
-8.389079606  
-8.321196951  
-7.73316401  
-6.917300092  
-6.194440741  
-5.827895464  
-5.947573735  
-6.506770908  
-7.287023817  
-7.953737983  
-8.15030297  
-7.605927703  
-6.226507126  
-4.141008  
-1.687399874  
0.6608048365  
2.40926058  
3.168405042  
2.756223837  
1.250720883  
-1.021314476  
-3.555221433  
-5.779561893  
-7.178592884  
-7.396669616  
-6.302330501  
-4.002240866  
-0.8083479236  
2.828167561  
6.397878287  
9.41190288  
11.46654483  
12.28849614  
11.76060178  
9.930606719  
7.004983341  
3.328050088  
-0.654598078  
-4.448418607  
-7.574617188  
-9.63889166  
-10.39170713  
-9.766308431  
-7.883886688  
-5.022635365  
-1.557016727  
2.117745766  
5.656240602  
8.810156876  
11.441267  
13.50026859  
14.98297747  
15.88286008  
16.15994947  
15.73991464  
14.54572516  
12.5514984  
9.838388907  
6.629386916  
3.284833067  
0.2522790222  
-2.020859878  
-3.190316429  
-3.105075306  
-1.85766611  
0.2224448778  
2.633896727  
4.812313506  
6.256044737  
6.637089633  
5.86946268  
4.118769058  
1.752052528  
-0.7579139469  
-2.949121746  
-4.478870013  
-5.199035888  
-5.181864425  
-4.692355162  
-4.115500448  
-3.856267714  
-4.23544315  
-5.404745265  
-7.300411039  
-9.646476697  
-12.00887445  
-13.89067786  
-14.84918872  
-14.60900956  
-13.14372301  
-10.70316169  
-7.774039687  
-4.976991725  
-2.919993144  
-2.042055994  
-2.48782489  
-4.050060749  
-6.202211921  
-8.220493562  
-9.369374248  
-9.103736261  
-7.231952315  
-3.990594497  
-0.003403523038  
3.871108933  
6.766009724  
8.044765934  
7.483910548  
5.344163766  
2.30541591  
-0.7193374977  
-2.839124235  
-3.434940601  
-2.330189293  
0.1699163005  
3.381854183  
6.458141658  
8.645600164  
9.506626361  
9.034207032  
7.625444735  
5.924363262  
4.587540784  
4.051950674  
4.38395284  
5.26172844  
6.098554982  
6.266157892  
5.34188814  
3.292940374  
0.5298058647  
-2.196452106  
-4.025715725  
-4.276506405  
-2.694784928  
0.422440775  
4.276970566  
7.785394803  
9.898659877  
9.926235977  
7.760701935  
3.927518968  
-0.5611228932  
-4.50686107  
-6.888110658  
-7.171430827  
-5.471909483  
-2.509971552  
0.6235826869  
2.820877892  
3.31667701  
1.93949431  
-0.8269872609  
-3.993241802  
-6.377813301  
-6.987075216  
-5.340830294  
-1.64068291  
3.272172148  
8.156873536  
11.73575279  
13.06780894  
11.81857329  
8.346120861  
3.581390928  
-1.25527748  
-5.010552269  
-6.917701687  
-6.785422942  
-5.006626476  
-2.395631588  
0.08548979444  
1.620533314  
1.762118272  
0.5223426861  
-1.683869149  
-4.209810842  
-6.396114578  
-7.762636858  
-8.114768268  
-7.540866698  
-6.317494338  
-4.769630047  
-3.14421898  
-1.544206661  
0.05750284107  
1.738166549  
3.519572294  
5.286312011  
6.767194087  
7.593250185  
7.414536353  
6.033290021  
3.502346689  
0.148248136  
-3.495220622  
-6.825188606  
-9.33526002  
-10.75322913  
-11.10446114  
-10.6797358  
-9.919411046  
-9.254579948  
-8.960324943  
-9.0711682  
-9.386074482  
-9.558202693  
-9.234642587  
-8.194139493  
-6.432573345  
-4.165823711  
-1.750464622  
0.4468094563  
2.181131888  
3.412099364  
4.304618553  
5.145775889  
6.207471957  
7.60628913  
9.215547295  
10.66818081  
11.45794682  
11.11138523  
9.375720551  
6.358468202  
2.566308829  
-1.179333095  
-3.934143965  
-4.879602629  
-3.557984678  
-0.02459398964  
5.129765831  
10.89666544  
16.07959772  
19.57560536  
20.63579893  
19.0383929  
15.13231037  
9.744012214  
3.974920554  
-1.057468301  
-4.470713643  
-5.802315132  
-5.088898892  
-2.827141168  
0.1684622272  
2.973476736  
4.776929371  
5.068842271  
3.750177245  
1.141660448  
-2.109180077  
-5.200266575  
-7.385099898  
-8.169249251  
-7.44287886  
-5.512796585  
-3.021556483  
-0.770641707  
0.5078039695  
0.3685559321  
-1.203363386  
-3.770198143  
-6.554040922  
-8.659101199  
-9.34306665  
-8.257434736  
-5.580707821  
-1.996417675  
1.486615438  
3.824944527  
4.257462961  
2.550941132  
-0.9061920208  
-5.19792444  
-9.140669319  
-11.63355047  
-11.99182996  
-10.1582011  
-6.722796394  
-2.74239441  
0.586383386  
2.297209583  
1.949651373  
-0.2443671349  
-3.503216718  
-6.738862304  
-8.913092265  
-9.368556301  
-8.025774068  
-5.382983488  
-2.322786381  
0.2050377346  
1.513809678  
1.409410172  
0.241303615  
-1.239512047  
-2.162521279  
-1.857685504  
-0.0988687496  
2.81595029  
6.175546349  
9.116542584  
10.93964718  
11.36565809  
10.63696806  
9.425544471  
8.578203329  
8.789528161  
10.32047133  
12.86635031  
15.62614277  
17.5539039  
17.70792315  
15.57712602  
11.27064392  
5.503066644  
-0.6210151392  
-5.949679601  
-9.635487583  
-11.37569894  
-11.45998256  
-10.61308636  
-9.692768567  
-9.354203294  
-9.803292688  
-10.72838055  
-11.4348579  
-11.13298222  
-9.272857871  
-5.802031497  
-1.24756377  
3.413490521  
7.055485725  
8.775299396  
8.204141991  
5.649661247  
2.015562242  
-1.477427418  
-3.676905141  
-3.861583141  
-1.960787825  
1.440196626  
5.306224737  
8.495458096  
10.12069344  
9.80741262  
7.766850573  
4.669342378  
1.373395292  
-1.385853816  
-3.235136132  
-4.246065512  
-4.84016247  
-5.559930187  
-6.798854189  
-8.596772105  
-10.58111781  
-12.07898801  
-12.36048928  
-10.92415081  
-7.718287499  
-3.214133578  
1.70079354  
5.976551018  
8.716748028  
9.449465492  
8.261741435  
5.754038854  
2.833409989  
0.418558958  
-0.8422358033  
-0.7476301502  
0.4383934955  
2.121919713  
3.611117088  
4.357697336  
4.123195564  
3.018259167  
1.412957838  
-0.2361636008  
-1.56856214  
-2.439465189  
-2.933847386  
-3.276452725  
-3.6823677  
-4.21654746  
-4.726523945  
-4.882223658  
-4.312051118  
-2.783036185  
-0.3510191903  
2.586082933  
5.364959344  
7.247927952  
7.667386642  
6.438118193  
3.857915558  
0.6524382414  
-2.226773309  
-3.890322311  
-3.792132996  
-1.910304652  
1.234142811  
4.729125458  
7.545912029  
8.847781297  
8.234158748  
5.844285706  
2.29218279  
-1.539688804  
-4.775730171  
-6.800362832  
-7.410272499  
-6.825050739  
-5.565150664  
-4.249339153  
-3.386484738  
-3.231479431  
-3.746417641  
-4.667120317  
-5.637521963  
-6.353729094  
-6.662079255  
-6.578981593  
-6.234346107  
-5.771551932  
-5.252852942  
-4.614566477  
-3.693429043  
-2.314014637  
-0.3997441301  
1.942163392  
4.403352421  
6.540745822  
7.90971218  
8.21898159  
7.450346645  
5.895523107  
4.090042246  
2.660305982  
2.131545382  
2.759991911  
4.446069462  
6.758949402  
9.065462809  
10.7213881  
11.262392  
10.5329784  
8.713536293  
6.240681238  
3.651802654  
1.409000793  
-0.2375860198  
-1.302970777  
-2.02321938  
-2.734155618  
-3.718722658  
-5.077988991  
-6.670795368  
-8.142131521  
-9.029739666  
-8.912496919  
-7.551526357  
-4.979055589  
-1.508532939  
2.334628996  
5.937989462  
8.743914158  
10.36781345  
10.66310325  
9.721875007  
7.819913697  
5.329193363  
2.626212357  
0.02055731556  
-2.282559996  
-4.184655428  
-5.670463634  
-6.772937085  
-7.540664152  
-8.016956188  
-8.233530659  
-8.21622325  
-7.99695047  
-7.625416403  
-7.175150941  
-6.740513153  
-6.423293272  
-6.309943293  
-6.442763949  
-6.791290728  
-7.232596019  
-7.550405224  
-7.461156157  
-6.669574526  
-4.947490705  
-2.21952781  
1.368424667  
