4.044103172  
4.815607314  
4.422799296  
3.567560687  
3.146434776  
3.922674353  
6.23111248  
9.818588743  
13.87861249  
17.27447248  
18.88213048  
17.94387772  
14.31943001  
8.554062186  
1.742357917  
-4.768841754  
-9.744849837  
-12.38299633  
-12.49400733  
-10.49828365  
-7.250658159  
-3.759871357  
-0.8972764975  
0.8149608493  
1.279428596  
0.7558874895  
-0.3080403137  
-1.476098675  
-2.477656483  
-3.265714194  
-3.967690154  
-4.759815209  
-5.723835149  
-6.749338181  
-7.525431795  
-7.629635621  
-6.683455969  
-4.517275689  
-1.28149904  
2.541488418  
6.235949777  
9.034912474  
10.3295041  
9.839410527  
7.691076672  
4.380683299  
0.6361952852  
-2.775731961  
-5.237224849  
-6.405878812  
-6.249066284  
-4.986704124  
-2.97323381  
-0.566709071  
1.967882007  
4.491221385  
6.955247467  
9.325020132  
11.49636792  
13.24955376  
14.26453469  
14.19908862  
12.80611234  
10.04946447  
6.175089379  
1.706408895  
-2.643704045  
-6.125764189  
-8.131553825  
-8.348237249  
-6.845359952  
-4.069474495  
-0.7461544563  
2.286231973  
4.269315579  
4.696631656  
3.423749783  
0.6922638331  
-2.935247716  
-6.711141815  
-9.875676049  
-11.82605122  
-12.24295586  
-11.14676892  
-8.872403786  
-5.970546394  
-3.060364217  
-0.6705237496  
0.8911461379  
1.605060896  
1.725099978  
1.68349429  
1.939490228  
2.813385009  
4.354920633  
6.288949366  
8.061879496  
8.984178806  
8.434516635  
6.069045584  
1.972307749  
-3.301767424  
-8.821602804  
-13.48702955  
-16.3038163  
-16.64859246  
-14.44744429  
-10.21293513  
-4.923853618  
0.2221675533  
4.114791157  
6.009227982  
5.697836037  
3.528493657  
0.2697550574  
-3.13094324  
-5.818454339  
-7.247010188  
-7.280717706  
-6.155727936  
-4.329341612  
-2.278168093  
-0.3221146177  
1.461862773  
3.207727852  
5.127225856  
7.33230165  
9.688763031  
11.76793165  
12.92876923  
12.51461318  
10.10324631  
5.723064322  
-0.04831856717  
-6.153159837  
-11.28715288  
-14.23832798  
-14.23268062  
-11.17878052  
-5.729293537  
0.8692900374  
7.102694936  
11.5992077  
13.50453989  
12.70983137  
9.864395494  
6.169262792  
3.0133771  
1.561182387  
2.413750041  
5.441827023  
9.835988686  
14.35353147  
17.68381512  
18.82138549  
17.33784216  
13.47804257  
8.06126344  
2.226442404  
-2.895737924  
-6.484498293  
-8.219050262  
-8.310357262  
-7.377819093  
-6.219613669  
-5.553046392  
-5.804001333  
-7.003461853  
-8.812494373  
-10.65708338  
-11.92332087  
-12.1498957  
-11.16123109  
-9.106994745  
-6.404197615  
-3.606520332  
-1.244232698  
0.3175537113  
0.9640563025  
0.8402944624  
0.2881121365  
-0.2669883699  
-0.4455860145  
-0.02568517599  
0.9921400273  
2.380344801  
3.740087018  
4.60246724  
4.551035773  
3.336943377  
0.9596002081  
-2.307469679  
-5.954826881  
-9.335070308  
-11.80244688  
-12.86473585  
-12.31214124  
-10.28955675  
-7.288694036  
-4.053937253  
-1.41696301  
-0.09512110361  
-0.501641379  
-2.61739881  
-5.962454819  
-9.682621899  
-12.73712619  
-14.14565427  
-13.23474805  
-9.820042453  
-4.274823215  
2.536958874  
9.450041357  
15.26391076  
19.01901654  
20.21315407  
18.90357897  
15.67056547  
11.45482119  
7.313881656  
4.162768687  
2.566009262  
2.631771509  
4.029322255  
6.11698602  
8.138947626  
9.433522162  
9.596525884  
8.560230705  
6.574891051  
4.108212971  
1.699594517  
-0.1849618661  
-1.25669649  
-1.443022327  
-0.8603834541  
0.2595654062  
1.658704086  
3.123654798  
4.51741821  
5.766639416  
6.817595198  
7.586076473  
7.92846399  
7.652813031  
6.572517028  
4.587004959  
1.760474879  
-1.634138862  
-5.130701237  
-8.151867388  
-10.14233728  
-10.71887345  
-9.792810544  
-7.624471944  
-4.785868668  
-2.033812833  
-0.1225142949  
0.395288834  
-0.6766517502  
-3.112557988  
-6.310483291  
-9.440643013  
-11.65809607  
-12.32290121  
-11.16815292  
-8.370655478  
-4.506114906  
-0.4027575647  
3.065138167  
5.18733163  
5.576250154  
4.235971974  
1.530295418  
-1.93310059  
-5.463896174  
-8.448704565  
-10.4676967  
-11.34444011  
-11.12755414  
-10.02291124  
-8.306689928  
-6.249717947  
-4.073515499  
-1.942780438  
0.01596494098  
1.688839983  
2.96144159  
3.729003908  
3.92800118  
3.575406378  
2.795766051  
1.818644593  
0.9391874997  
0.4486690085  
0.5546405532  
1.316604061  
2.620235997  
4.201727532  
5.717571463  
-9.468544066  
-6.672292281  
-2.897752253  
0.9696876852  
4.177315652  
6.319553265  
7.410561754  
7.800559272  
7.977891543  
8.337921325  
9.008271528  
9.795450706  
10.2704302  
9.957778174  
8.55420674  
6.091490291  
2.97934658  
-0.09189856131  
-2.357695071  
-3.223640771  
-2.462653478  
-0.2962444515  
2.668157873  
5.621882472  
7.798295176  
8.69306981  
8.190409354  
6.559173277  
4.32884142  
2.095587059  
0.3292605263  
-0.7536594216  
-1.214581294  
-1.318078164  
-1.396977523  
-1.714998164  
-2.380050041  
-3.336410874  
-4.429434613  
-5.506275445  
-6.502393468  
-7.471486907  
-8.542589062  
-9.821525098  
-11.28101609  
-12.6928212  
-13.642107  
-13.6329409  
-12.25624779  
-9.362450876  
-5.172326824  
-0.2762304075  
4.491416633  
8.270767509  
10.4210314  
10.70977657  
9.380833038  
7.073583208  
4.616449095  
2.761162865  
1.946192054  
2.169112766  
3.011429386  
3.80736199  
3.898519636  
2.886408298  
0.7949142787  
-1.914498374  
-4.481805181  
-6.095772138  
-6.166572452  
-4.531956048  
-1.527579453  
2.102148115  
5.423362816  
7.590370817  
8.092086621  
6.890122149  
4.408749594  
1.386058674  
-1.36036002  
-3.175358325  
-3.740177983  
-3.129527376  
-1.743851031  
-0.1494556087  
1.11403547  
1.694416482  
1.508019241  
0.7242772311  
-0.3296629275  
-1.30323839  
-1.946560193  
-2.184443943  
-2.12209932  
-1.989101578  
-2.047536418  
-2.497996134  
-3.412455314  
-4.709584943  
-6.172423875  
-7.496193566  
-8.349530408  
-8.43480561  
-7.539573292  
-5.576872829  
-2.614020081  
1.113090753  
5.207488434  
9.149894286  
12.3743435  
14.37568159  
14.82946607  
13.69226622  
11.2465417  
8.063411386  
4.878413304  
2.404091846  
1.129047649  
1.165684617  
2.201364095  
3.579707085  
4.497925757  
4.265233257  
2.541465127  
-0.525436631  
-4.316645321  
-7.919276575  
-10.41351272  
-11.17954869  
-10.12106798  
-7.72395816  
-4.920425014  
-2.793348285  
-2.212350972  
-3.521214696  
-6.385253814  
-9.858528237  
-12.65967866  
-13.5746114  
-11.85862299  
-7.505804814  
-1.293023595  
5.422926337  
11.09611146  
14.4487619  
14.85021952  
12.49645107  
8.333005527  
3.747098859  
0.129205387  
-1.554105757  
-1.039604169  
1.187246416  
4.089531508  
6.447819764  
7.275205057  
6.14094496  
3.298928472  
-0.4153367284  
-3.877799168  
-6.055800772  
-6.34604216  
-4.759921305  
-1.900097594  
1.256448803  
3.689910196  
4.669768679  
3.978231013  
1.956530359  
-0.632468409  
-2.870868537  
-3.987398783  
-3.594029557  
-1.785316334  
0.9214523876  
3.773057779  
6.022578347  
7.143621501  
6.950679674  
5.598447143  
3.477279759  
1.055946681  
-1.26534484  
-3.241129889  
-4.785946534  
-5.913586754  
-6.651117772  
-6.975272701  
-6.804803121  
-6.05412633  
-4.723067853  
-2.977555756  
-1.175460766  
0.1889653143  
0.6163481544  
-0.2293732016  
-2.374037843  
-5.465711103  
-8.821421235  
-11.58557847  
-12.9584678  
-12.42652639  
-9.921858638  
-5.858603405  
-1.031887099  
3.591510201  
7.127750277  
8.999485499  
9.063722423  
7.611394825  
5.247348737  
2.695913591  
0.597066894  
-0.6444098491  
-0.9172022264  
-0.3637087808  
0.7301736516  
2.06746269  
3.444386629  
4.792170091  
6.148846089  
7.581163984  
9.09465972  
10.57250191  
11.77074224  
12.3746454  
12.09682791  
10.78187394  
8.479347624  
5.458291089  
2.156522835  
-0.9199247248  
-3.316283027  
-4.73191355  
-5.078578552  
-4.481984817  
-3.232592624  
-1.705623782  
-0.2756797173  
0.7520607647  
1.182076383  
0.9396972008  
0.06127921615  
-1.325766323  
-3.025087227  
-4.793464305  
-6.365815184  
-7.487439943  
-7.954450955  
-7.656911626  
-6.612946693  
-4.979924808  
-3.032652215  
-1.108093455  
0.4718963663  
1.478527952  
1.830294229  
1.604630291  
1.001364765  
0.2687761089  
-0.3831398294  
-0.8520025436  
-1.16981347  
-1.476704609  
-1.950347579  
-2.716691344  
-3.775856485  
-4.973034597  
-6.029130068  
-6.624484276  
-6.509166336  
-5.601998471  
-4.042275226  
-2.172726012  
-0.4547183346  
0.6603022256  
0.8640864933  
0.08806544963  
-1.467051768  
-3.377724627  
-5.105644819  
-6.134955388  
-6.099102926  
-4.863554287  
-2.546289463  
0.5224209123  
3.88287993  
7.04492633  
9.577756764  
11.17437462  
11.6861577  
11.13231681  
9.69231648  
7.686452928  
5.543506183  
3.749678491  
2.773590724  
2.970069016  
4.477836342  
7.13844417  
10.46875533  
13.71271382  
15.97904381  
16.44466693  
14.57725286  
10.31472938  
4.141908279  
-2.972695394  
-9.778687974  
-15.04043028  
-17.85125845  
-17.87577941  
-15.4456819  
-11.47378797  
-7.203753619  
-3.863169039  
-2.319230502  
-2.838331313  
-5.02172123  
-7.937413034  
-10.40938263  
-11.37723985  
-10.21826594  
-6.935498588  
-2.157088209  
3.049965015  
7.492311735  
10.19267679  
10.65928441  
9.004658593  
5.884367237  
2.282023228  
-0.787904063  
-2.566482786  
-2.741264795  
-1.491069707  
0.6183832428  
2.845078293  
4.514932778  
5.221760878  
4.924420238  
3.918926702  
2.703960729  
1.790324483  
1.518804387  
1.943831154  
2.815986314  
3.66361971  
3.943717201  
3.213323391  
1.270181177  
-1.776000594  
-5.517708025  
-9.34030246  
-12.56082598  
-14.57708023  
-14.9909584  
-13.68098586  
-10.81430115  
-6.803281391  
-2.222626055  
2.292507881  
6.147515157  
8.87310006  
10.18422727  
10.00908311  
8.488038353  
5.945440434  
2.839171675  
-0.3053661396  
-2.968625534  
-4.708530438  
-5.221249601  
-4.383458194  
-2.270928878  
0.8484735407  
4.546212757  
8.285330854  
11.4881709  
13.61308361  
14.23232014  
13.1019312  
10.21303907  
5.813547708  
0.3912320925  
-5.385742822  
-10.76672844  
-15.04102266  
-17.66234236  
-18.34849002  
-17.1316268  
-14.34429017  
-10.5414165  
-6.375556072  
-2.455710897  
0.7742671704  
3.106856152  
4.575040925  
5.392631783  
5.852695617  
6.217965998  
6.638028075  
7.117690138  
7.542589715  
7.748361878  
7.605028  
7.084143691  
6.283691284  
5.402084839  
4.671796733  
4.277992272  
4.292697957  
4.648651617  
5.161613246  
5.591528039  
5.718648393  
5.405985251  
4.626119265  
3.445621193  
1.978012138  
0.3289694993  
-1.439901239  
-3.311460761  
-5.27733869  
-7.284049675  
-9.189941465  
-10.76095978  
-11.71894152  
-11.83368872  
-11.02808594  
-9.453354885  
-7.495698811  
-5.696375266  
-4.598602865  
-4.565438818  
-5.630852467  
-7.443139577  
-9.334248989  
-10.50746491  
-10.29273381  
-8.389210414  
-5.010338999  
-0.8718564517  
2.988822373  
5.517167133  
5.980086356  
4.230178783  
0.8043687929  
-3.186051886  
-6.351755285  
-7.424758315  
-5.641116638  
-0.98830426  
5.761895807  
13.24859733  
19.88782526  
24.29909099  
25.66448201  
23.91532515  
19.69764329  
14.13796126  
8.492380039  
3.794063429  
0.6077727271  
-1.041666484  
-1.56187928  
-1.56124583  
-1.585526599  
-1.918946463  
-2.515383196  
-3.073355521  
-3.214193822  
-2.686064812  
-1.509930429  
-0.008659314408  
1.292937336  
1.859029841  
1.351367804  
-0.2250604174  
-2.496713297  
-4.82946302  
-6.533396757  
-7.092218229  
-6.335846074  
-4.495453309  
-2.122708782  
0.09632491715  
1.56537747  
1.961166015  
1.31375451  
-0.03860442463  
-1.596527393  
-2.888853691  
-3.632167409  
-3.803312535  
-3.604004519  
-3.33961286  
-3.267284852  
-3.478879389  
-3.867929312  
-4.193549973  
-4.212490773  
-3.82018244  
-3.135201774  
-2.482703027  
-2.27315386  
-2.817965576  
-4.154817469  
-5.959540271  
-7.594604133  
-8.295071031  
-7.438630744  
-4.807795444  
-0.7449542428  
3.869827842  
7.831057192  
9.956243092  
9.4643619  
6.259444383  
1.01808636  
-4.960648727  
-10.10754477  
-13.03401436  
-12.94145338  
-9.858432074  
-4.627724196  
1.355427471  
6.572309051  
9.84132166  
10.66436147  
9.35056257  
6.88145172  
4.565152405  
3.594320199  
4.651378455  
7.686445654  
11.93501503  
16.16396877  
19.06196183  
19.6469916  
17.56308381  
13.1781328  
7.461066007  
1.686585846  
-2.93361978  
-5.577767106  
-6.004481313  
-4.561473324  
-2.026333175  
0.6568837272  
2.656502097  
3.464012596  
2.984145388  
1.495176665  
-0.4889937068  
-2.3985576  
-3.769859214  
-4.346814244  
-4.106044232  
-3.217045772  
-1.965878472  
-0.6741133553  
0.3643196672  
0.9206252975  
0.8484082389  
0.0919765213  
-1.306171821  
-3.199143643  
-5.33985542  
-7.407594206  
-9.06336121  
-10.02797318  
-10.16325471  
-9.52820296  
-8.38430102  
-7.137961719  
-6.229436505  
-5.998683974  
-6.571056462  
-7.803233882  
-9.312283614  
-10.58319603  
-11.12255513  
-10.60840329  
-8.986112797  
-6.477843668  
-3.503308501  
-0.5411115462  
2.018840676  
3.978564665  
5.354821799  
6.316510336  
7.0649923  
7.708463865  
8.184694531  
8.268032107  
7.663180909  
6.152179641  
3.736437954  
0.7127079551  
-2.357022167  
-4.783550795  
-5.956391329  
-5.548107379  
-3.642203882  
-0.7319730127  
2.419135049  
5.015683172  
6.489360911  
6.689718497  
5.93683062  
4.911682473  
4.41601504  
5.080381503  
7.120214845  
10.22650098  
13.63390047  
16.34927405  
17.46808962  
16.4744985  
13.42429204  
8.947804655  
4.069399172  
-0.0987566401  
-2.689225022  
-3.330751138  
-2.239150701  
-0.1224704664  
2.063168796  
3.422717611  
3.393744976  
1.894746033  
-0.6904000521  
-3.675484532  
-6.317658498  
-8.05712594  
-8.670411196  
-8.292664918  
-7.313934039  
-6.199021284  
-5.304547411  
-4.762418368  
-4.468901136  
-4.175315703  
-3.636676311  
-2.753493979  
-1.646682247  
-0.6339745683  
-0.1165165431  
-0.4208105543  
-1.659657717  
-3.668791025  
-6.046684157  
-8.284369417  
-9.936379458  
-10.76671007  
-10.81247639  
-10.33936331  
-9.7054959  
-9.187601807  
-8.840436464  
-8.450298798  
-7.608712083  
-5.885635023  
-3.040285738  
0.8122272912  
5.14988646  
9.141762024  
11.87528233  
12.64379259  
11.19822099  
7.872393622  
3.529786141  
-0.6621222685  
-3.564827622  
-4.405234185  
-3.007010687  
0.1597386237  
4.12868825  
7.740157307  
9.999059748  
10.37235445  
8.930822513  
6.292186237  
3.388772059  
1.140806057  
0.1465816301  
0.4932090722  
1.74938713  
3.139280353  
3.835380233  
3.268747929  
1.350290984  
-1.472387888  
-4.342279187  
-6.262630458  
-6.420605748  
-4.459732483  
-0.6138918736  
4.338660177  
9.284811586  
13.08249027  
14.8681575  
14.27461259  
11.49965702  
7.214953071  
2.353207669  
-2.154318724  
-5.609226642  
-7.682421395  
-8.426982054  
-8.179662865  
-7.396130137  
-6.480434807  
-5.663611585  
-4.964104298  
-4.232396803  
-3.254574117  
-1.873070422  
-0.08145811932  
1.937543221  
3.841076109  
5.211048669  
5.6680858  
4.981453503  
3.145347344  
0.4025663655  
-2.789660831  
-5.843877318  
-8.159022382  
-9.246287225  
-8.839478862  
-6.967177377  
-3.96923729  
-0.4486893596  
2.838281227  
5.137860107  
5.870167868  
4.778210898  
2.014837768  
-1.862082968  
-5.99590278  
-9.422151412  
-11.30176253  
-11.13729396  
-8.911660909  
-5.105706245  
-0.5827790946  
3.633273654  
6.62729735  
7.832820061  
7.172388779  
5.055965595  
2.237804283  
-0.4238367426  
-2.228822005  
-2.836419257  
-2.342618003  
-1.210928657  
-0.08269786282  
0.4665615134  
0.1400638147  
-0.9724446998  
-2.429967772  
-3.606585882  
-3.930053588  
-3.106926133  
-1.251202103  
1.134256576  
3.322887578  
4.622682082  
4.638177781  
3.441237809  
1.583401062  
-0.06480951116  
-0.6021214378  
0.5801522253  
3.54936695  
7.747363268  
12.10975441  
15.36127414  
16.40014978  
14.65163722  
10.27658696  
4.164039334  
-2.296046293  
-7.594351792  
-10.52324713  
-10.50982985  
-7.761203468  
-3.1814541  
1.908847161  
6.159692875  
8.564461879  
8.707146477  
6.817247396  
3.629621953  
0.1084340883  
-2.866240512  
-4.745856237  
-5.421419371  
-5.171430927  
-4.485585075  
-3.840661512  
-3.516022079  
-3.515049274  
-3.614418453  
-3.512316531  
-3.00854936  
-2.137770535  
-1.196134541  
-0.6440882595  
-0.9179842288  
-2.221981451  
-4.384251352  
-6.842496596  
-8.779175255  
-9.371952429  
-8.079835072  
-4.866359581  
-0.2766058837  
4.669844145  
8.747138814  
10.87408972  
10.43834125  
7.489054347  
2.73327909  
-2.666550122  
-7.432422137  
-10.54157123  
-11.51187605  
-10.51317634  
-8.272442997  
-5.807470136  
-4.078325122  
-3.670621656  
-4.611776438  
-6.375889683  
-8.070187428  
-8.737401683  
-7.673054928  
-4.655456994  
-0.01854426615  
5.448520907  
10.7344837  
14.89103891  
17.2775528  
17.69314541  
16.36653692  
13.8236031  
10.69146624  
7.51326188  
4.635382413  
2.195390544  
0.1972859218  
-1.372516732  
-2.448216107  
-2.854765209  
-2.36241187  
-0.8050731952  
1.787662917  
5.104906528  
8.561003302  
11.40666529  
12.91731185  
12.59968684  
10.34706819  
6.487765671  
1.706729229  
-3.136743016  
-7.236416265  
-10.03768928  
-11.34439511  
-11.30429624  
-10.28746856  
-8.709547433  
-6.870161406  
-4.868493472  
-2.626304384  
-0.005371034233  
3.032318098  
6.292465514  
9.30729517  
11.41509048  
11.9440781  
10.44187507  
6.869169844  
1.682834258  
-4.231881016  
-9.769724056  
-13.8946296  
-15.91974117  
-15.68846824  
-13.59797834  
-10.45829788  
-7.234527146  
-4.757761517  
-3.498611058  
-3.47310184  
-4.303049392  
-5.398881812  
-6.19193177  
-6.329741346  
-5.76653783  
-4.724029687  
-3.548751922  
-2.531751902  
-1.769491622  
-1.126348913  
-0.316113282  
0.9310303115  
2.688108055  
4.720323032  
6.503029665  
7.379323118  
6.810421509  
4.6284512  
1.189683812  
-2.64672689  
-5.730941236  
-6.971824886  
-5.713323272  
-2.006604558  
3.32842641  
8.893722417  
13.11281613  
14.72137476  
13.19097416  
8.941115047  
3.257119204  
-2.074720074  
-5.309176127  
-5.293148492  
-1.848539945  
4.14087478  
10.97358968  
16.63427656  
19.40149643  
18.36831811  
13.71195779  
6.62887879  
-1.040892803  
-7.37747837  
-10.95193609  
-11.22446896  
-8.650151919  
-4.469582901  
-0.2643099998  
2.569818536  
3.257309235  
1.848724164  
-0.8585240483  
-3.643737029  
-5.311079392  
-5.106440044  
-2.964807676  
0.4867962613  
4.160166473  
6.881720092  
7.780193596  
6.556090922  
3.549804737  
-0.4018907295  
-4.259091902  
-7.113161037  
-8.447365045  
-8.242669543  
-6.907689256  
-5.074990433  
-3.349929182  
-2.107931336  
-1.410295599  
-1.058398424  
-0.7516500199  
-0.2759969588  
0.358739357  
0.8909733832  
0.9016460373  
-0.006207175115  
-2.01431911  
-4.960925878  
-8.332380619  
-11.38509844  
-13.35943832  
-13.71239162  
-12.28802502  
-9.366318558  
-5.574071939  
-1.689966986  
1.58788412  
3.832663646  
4.976035116  
5.269032817  
5.139569352  
5.005084872  
5.111708518  
5.457448155  
5.822630331  
5.889098376  
5.396897795  
4.274733245  
2.69283043  
1.018202681  
-0.3094442231  
-0.9328152355  
-0.7038195067  
0.2652629688  
1.643815747  
2.999956534  
3.94673037  
4.262096549  
3.939667746  
3.155675997  
2.171191893  
1.213478135  
0.3871743257  
-0.3480275715  
-1.1255736  
-2.070691445  
-3.196408234  
-4.346886222  
-5.219979462  
-5.468460702  
-4.845061011  
-3.334197731  
-1.212705854  
0.9955463725  
2.667873554  
3.290270519  
2.653802131  
0.9670778615  
-1.163779819  
-2.892695077  
-3.385788839  
-2.089774329  
1.071460577  
5.6399414  
10.73016959  
15.26974492  
18.30029974  
19.24478153  
18.0577568  
15.21368725  
11.5404193  
7.954420429  
5.183811579  
3.565826261  
2.977988186  
2.916714307  
2.689628568  
1.653951664  
-0.5762960965  
-4.015640092  
-8.311791199  
-12.85629654  
-16.95627597  
-20.00876722  
-21.62670986  
-21.6888425  
-20.31487177  
-17.79112344  
-14.48236334  
-10.76070405  
-6.966879945  
-3.400319639  
-0.3213759243  
2.05326583  
3.572268075  
4.184094786  
3.966959812  
3.132483475  
1.988496319  
0.8626961173  
0.007794759905  
-0.4784992264  
-0.6851728236  
-0.8520506268  
-1.271480616  
-2.158129219  
-3.533715979  
-5.173314315  
-6.641322895  
-7.414241477  
-7.054461737  
-5.376896722  
-2.547607583  
0.9271362056  
4.327122694  
6.925475288  
8.212285942  
8.060767057  
6.778102326  
5.019728398  
3.590726357  
3.195978919  
4.218549765  
6.5970671  
9.84068247  
13.17516526  
15.77173297  
16.98477976  
16.52464607  
14.51555665  
11.42833795  
7.91823144  
4.626105435  
2.008152274  
0.2435089896  
-0.7616097381  
-1.288798766  
-1.68196303  
-2.229914575  
-3.095025053  
-4.302756236  
-5.781259496  
-7.422330595  
-9.131312998  
-10.84417636  
-12.50926636  
-14.04998601  
-15.33453516  
-16.1754145  
-16.36648079  
-15.74581179  
-14.25756897  
-11.98294332  
-9.121316507  
-5.924024915  
-2.605711834  
0.7281586251  
4.101444225  
7.61812026  
11.35615333  
15.24496083  
18.98138868  
22.03204303  
23.74143231  
23.52475615  
21.08609034  
16.58302749  
10.66707742  
4.365773338  
-1.173904247  
-5.008493939  
-6.683670156  
-6.381748469  
-4.870011152  
-3.253444904  
-2.604030055  
-3.586434227  
-6.208711757  
-9.790684994  
-13.17198524  
-15.09969861  
-14.67001526  
-11.67350155  
-6.719933256  
-1.089100418  
3.653891032  
6.158014826  
5.735879989  
2.610152104  
-2.132369551  
-6.871978319  
-9.969276928  
-10.29389625  
-7.594219683  
-2.584472736  
3.281240794  
8.274335374  
10.94321034  
10.56922268  
7.378719976  
2.44552703  
-2.677520061  
-6.469509293  
-7.921422482  
-6.826525145  
-3.791133183  
0.02633252372  
3.347297855  
5.21955975  
5.322216176  
4.027706603  
2.208911283  
0.8705992537  
0.7456231411  
2.005792435  
4.192766855  
6.39236253  
7.586088446  
7.04905125  
4.646393529  
0.9171831748  
-3.088486019  
-6.164136739  
-7.368646551  
-6.365237465  
-3.556008871  
0.03832789914  
3.114742239  
4.525975311  
3.67078861  
0.7035325019  
-3.507377536  
-7.656418424  
-10.41849738  
-10.8667798  
-8.753914726  
-4.56957722  
0.6351947377  
5.588492602  
9.183228671  
10.78027218  
10.33720993  
8.336285617  
5.555492478  
2.777184742  
0.5421691986  
-0.968777121  
-1.898081718  
-2.552008284  
-3.196010199  
-3.894493912  
-4.461691974  
-4.542049601  
-3.784291541  
-2.034323766  
0.5367635758  
3.428872858  
5.944279063  
7.411807255  
7.423243827  
5.99330553  
3.579791127  
0.950200928  
-1.063083449  
-1.835744005  
-1.157680151  
0.6998860738  
3.079882705  
5.163776976  
6.246068813  
5.963260161  
4.398859564  
2.030881832  
-0.4555908385  
-2.420893066  
-3.496858782  
-3.706281978  
-3.435225528  
-3.270958656  
-3.766084506  
-5.21477139  
-7.521352631  
-10.20762094  
-12.5556461  
-13.83567112  
-13.54026177  
-11.54571197  
-8.148951341  
-3.972230922  
0.2273122234  
3.776116636  
6.258276656  
7.592593924  
7.996528582  
7.860494777  
7.584267086  
7.435316958  
7.475043679  
7.570203747  
7.474536636  
6.942082515  
5.826620827  
4.132432277  
2.004390235  
-0.3297372241  
-2.63473375  
-4.728055024  
-6.502671562  
-7.910199412  
-8.921064977  
-9.4885671  
-9.540808197  
-9.009584257  
-7.885393331  
-6.271598745  
-4.406203382  
-2.629458236  
-1.296823186  
-0.6611652271  
-0.7656534812  
-1.391485794  
-2.089814715  
-2.299287506  
-1.51906424  
0.5161958912  
3.718730309  
7.631886164  
11.52896416  
14.60171654  
16.18265392  
15.93233536  
13.93272807  
10.65756258  
6.830124491  
3.21498739  
0.4101533926  
-1.296223346  
-1.964028487  
-1.929900516  
-1.657991158  
-1.567841828  
-1.897827089  
-2.645960878  
-3.600006837  
-4.437075425  
-4.850587434  
-4.657233644  
-3.848556373  
-2.575904199  
-1.083310182  
0.3792509728  
1.626231349  
2.565738327  
3.183154967  
3.495239301  
3.502934627  
3.16980323  
2.439257353  
1.283675697  
-0.2390129763  
-1.952426712  
-3.576353657  
-4.79329121  
-5.347949065  
-5.142830501  
-4.289262493  
-3.086255961  
-1.925752941  
-1.152598316  
-0.9290914834  
-1.158025114  
-1.501152143  
-1.496971633  
-0.743738354  
0.9150440518  
3.27319876  
5.765145534  
7.603629871  
8.018239183  
6.521814145  
3.115426396  
-1.643767009  
-6.7466008  
-10.98744367  
-13.29935778  
-13.06733646  
-10.3208594  
-5.742514984  
-0.4862831663  
4.14094741  
7.038205327  
7.60127279  
5.860404709  
2.429870248  
-1.705718868  
-5.493429465  
-8.104022101  
-9.125425326  
-8.607543978  
-6.960977401  
-4.760518385  
-2.53155449  
-0.5955302134  
0.9784013803  
2.312376115  
3.588306519  
4.90916521  
6.214805541  
7.288030314  
7.846996298  
7.682801623  
6.78087038  
5.369765673  
3.869489443  
2.752125842  
2.365018118  
2.78537295  
3.767247661  
4.809410151  
5.32697308  
4.868363783  
3.297987451  
0.8732042072  
-1.819942671  
-4.056550777  
-5.224506605  
-5.047507075  
-3.69479695  
-1.730544813  
0.08712051143  
1.090842444  
0.9709007226  
-0.07712643217  
-1.387884763  
-2.046007631  
-1.224224042  
1.473529643  
5.787245173  
10.78451577  
15.07668239  
17.2131248  
16.13549999  
11.54700282  
4.072089046  
-4.855160705  
-13.35086409  
-19.58638501  
-22.28747568  
-21.07626504  
-16.55297011  
-10.09559053  
-3.443539972  
1.803077736  
4.614072844  
4.762395872  
2.799804722  
-0.2009040792  
-3.039729229  
-4.783447394  
-5.031847748  
-3.978337747  
-2.261018632  
-0.6720475625  
0.1616357511  
0.009253243028  
-0.9008646593  
-2.001724078  
-2.639043031  
-2.353927129  
-1.087063226  
0.7751894986  
2.53337752  
3.439933189  
3.000002413  
1.195705605  
-1.453849499  
-4.027765189  
-5.495541313  
-5.070741225  
-2.505496049  
1.778577479  
6.774866233  
11.1719784  
13.74392825  
13.72617981  
11.05607969  
6.399137348  
0.9516578105  
-3.917576811  
-7.072340944  
-7.932668742  
-6.616990923  
-3.862654837  
-0.7567892025  
1.630311078  
2.588206074  
1.976041023  
0.2360340488  
-1.786106237  
-3.147628776  
-3.136405278  
-1.510738097  
1.425175285  
4.929750932  
8.074683566  
10.05031277  
10.42293428  
9.260641052  
7.090461074  
4.706562372  
2.897712468  
2.186437641  
2.665026341  
3.978451772  
5.454022401  
6.329405154  
6.000526327  
4.208042274  
1.105273787  
-2.807375884  
-6.851564532  
-10.38104029  
-12.96003784  
-14.45279266  
-15.00107524  
-14.90715883  
-14.47229781  
-13.85452175  
-13.00020761  
-11.67517031  
-9.58361724  
-6.530217556  
-2.563525908  
1.956245564  
6.396991315  
9.997234378  
12.07070836  
12.20923252  
10.41801197  
7.137008443  
3.137057048  
-0.6812128863  
-3.526767595  
-4.924347011  
-4.825742901  
-3.593578136  
-1.864257786  
-0.3339164664  
0.4653831191  
0.3294117341  
-0.5651462945  
-1.73408398  
-2.561563636  
-2.522081277  
-1.376953295  
0.7192305775  
3.239696082  
5.432283585  
6.550647065  
6.100545472  
4.024417176  
0.7630295869  
-2.832228683  
-5.718756176  
-6.955521616  
-5.985993465  
-2.826650505  
1.899811851  
7.104672614  
11.51493791  
14.02175703  
13.99768223  
11.48956434  
7.225947293  
2.429293824  
-1.520164231  
-3.476980649  
-2.867395125  
0.129349775  
4.613320451  
9.207014892  
12.44442079  
13.19589495  
11.00483647  
6.234644638  
-0.02193003332  
-6.249277315  
-10.94441879  
-13.05395903  
-12.28173993  
-9.17284025  
-4.945547303  
-1.118965692  
0.9529814766  
0.5000298568  
-2.422092925  
-6.941785011  
-11.63376005  
-14.95523223  
-15.72348095  
-13.48816341  
-8.683058595  
-2.509315935  
3.41501277  
7.532159509  
8.802600424  
7.004313141  
2.78389386  
-2.552264345  
-7.437918181  
-10.51111795  
-10.99836969  
-8.903228248  
-4.948405277  
-0.3001167313  
3.82807723  
6.55914545  
7.599881122  
7.276228555  
6.353946686  
5.713742865  
5.997540063  
7.349964619  
9.344861973  
11.12244161  
11.69042421  
10.28652735  
6.678425536  
1.29767016  
-4.841102429  
-10.41349241  
-14.16581087  
-15.28237345  
-13.62382474  
-9.762541301  
-4.806129174  
-0.06660730243  
3.320521198  
4.710601622  
4.105612135  
2.111804272  
-0.2779849733  
-2.002592357  
-2.250827322  
-0.686277588  
2.47959729  
6.5740801  
10.66935828  
13.8372888  
15.37620482  
14.95200493  
12.62970384  
8.807624639  
4.092185417  
-0.8404353361  
-5.358611653  
-8.948287674  
-11.24841341  
-12.06554113  
-11.3846069  
-9.382445009  
-6.435300272  
-3.100698181  
-0.05405148127  
2.026652392  
2.612924748  
1.477555831  
-1.202915154  
-4.83905757  
-8.53374675  
-11.28783997  
-12.25711922  
-10.98839767  
-7.561738651  
-2.589149623  
2.938094297  
7.914181783  
11.41932546  
12.96598315  
12.61542513  
10.92884897  
8.769096916  
7.01639476  
6.288632554  
6.754598546  
8.097659115  
9.638014008  
10.57008424  
10.23505743  
8.338705677  
5.044797072  
0.9168859748  
-3.267825452  
-6.767267278  
-9.101537615  
-10.18345349  
-10.31219369  
-10.03658694  
-9.938282431  
-10.41074157  
-11.50977954  
-12.92582713  
-14.08628232  
-14.35299068  
-13.24860946  
-10.63704532  
-6.798964208  
-2.377655146  
1.788107341  
4.892885623  
6.385991694  
6.120617465  
4.389290942  
1.838853006  
-0.707181764  
-2.466582538  
-2.896356647  
-1.819739644  
0.5464650521  
3.664870888  
6.826165952  
9.332044152  
10.6662091  
10.61366443  
9.303248698  
7.166917536  
4.827698022  
2.942842008  
2.037717062  
2.368106537  
3.843542937  
6.032596406  
8.253858074  
9.736607365  
9.816628039  
8.120156558  
4.687010148  
-0.005232480344  
-5.131151636  
-9.706650096  
-12.83297532  
-13.93161079  
-12.90325697  
-10.16116401  
-6.522755574  
-2.984554468  
-0.4419583796  
0.5648482568  
0.00193697705  
-1.658669218  
-3.593754562  
-4.893246347  
-4.853769218  
-3.209950391  
-0.2299456362  
3.356606924  
6.577121267  
8.513224011  
8.583236296  
6.721141327  
3.396490986  
-0.5291852909  
-4.061607444  
-6.364666412  
-6.990894863  
-5.981584954  
-3.811136574  
-1.202073254  
1.121711042  
2.658748878  
3.258284595  
3.11692415  
2.654743876  
2.323421046  
2.419999442  
2.974215314  
3.747314186  
4.3379607  
4.351443842  
3.56636616  
2.035747971  
0.08536898178  
-1.788857601  
-3.085457134  
-3.462939024  
-2.846699754  
-1.441001299  
0.3539377114  
2.08456122  
3.390412392  
4.099785768  
4.242391325  
3.981314046  
3.499293101  
2.892433657  
2.12054672  
1.038643284  
-0.5014760478  
-2.523143329  
-4.829572299  
-6.992632756  
-8.446459308  
-8.665053934  
-7.365740056  
-4.662440627  
-1.102818512  
2.440598912  
5.00451251  
5.826045811  
4.596605114  
1.589371245  
-2.391348326  
-6.233151272  
-8.846732383  
-9.501780699  
-8.058648434  
-5.018026659  
-1.368994891  
1.71828369  
3.257498665  
2.751827417  
0.3427815655  
-3.243275217  
-6.929907855  
-9.626870102  
-10.55688595  
