-8.079755067  
-12.24800792  
-14.65527231  
-14.75195814  
-12.5796494  
-8.794482502  
-4.500002178  
-0.9338391425  
0.8979188913  
0.5247955292  
-1.842669915  
-5.374362153  
-8.87175795  
-11.13111923  
-11.3052839  
-9.151418688  
-5.089307006  
-0.05599087312  
4.79215326  
8.431317723  
10.26275434  
10.25518445  
8.898263197  
6.991534903  
5.346801143  
4.507775039  
4.581317749  
5.233273226  
5.84384034  
5.762424157  
4.568876039  
2.247768812  
-0.7855032283  
-3.815194289  
-6.065399251  
-6.964975327  
-6.343717716  
-4.490660324  
-2.053519851  
0.1861922334  
1.584444913  
1.857866265  
1.180448052  
0.1186077236  
-0.5750157107  
-0.2397112254  
1.438168861  
4.281617927  
7.642996734  
10.58542272  
12.16925842  
11.7516653  
9.201719293  
4.960024756  
-0.07828875282  
-4.821526033  
-8.299402262  
-9.941059785  
-9.72634286  
-8.164372786  
-6.10871349  
-4.470000582  
-3.918582513  
-4.67152821  
-6.430213449  
-8.486054619  
-9.958459367  
-10.08781581  
-8.490053999  
-5.292666254  
-1.110282723  
3.131484267  
6.468147071  
8.17984367  
7.999452082  
6.183117387  
3.424177095  
0.6393379299  
-1.305915305  
-1.849054688  
-0.8846999756  
1.221951859  
3.762266809  
5.9094962  
6.971735314  
6.595983003  
4.863814802  
2.253652233  
-0.5145896832  
-2.701925687  
-3.770757362  
-3.537168412  
-2.211461312  
-0.3183208844  
1.475448702  
2.570736677  
2.618768862  
1.62193671  
-0.07571992033  
-1.902885565  
-3.24313787  
-3.628311656  
-2.884279881  
-1.185907337  
0.993921279  
3.024334025  
4.302480518  
4.429692167  
3.326091325  
1.251371616  
-1.272188887  
-3.609619785  
-5.190721735  
-5.663228508  
-4.978800448  
-3.390157234  
-1.364363853  
0.5587129521  
1.919417678  
2.458476716  
2.172157275  
1.291088335  
0.194239547  
-0.7124135051  
-1.114958237  
-0.87434012  
-0.05213333195  
1.12318454  
2.334495708  
3.272407683  
3.720696478  
3.607835056  
3.013797254  
2.135095507  
1.222282259  
0.5098338422  
0.157610729  
0.2171407713  
0.6274227672  
1.236889357  
1.842670004  
2.23640822  
2.247067499  
1.774085642  
0.8071975934  
-0.5685014106  
-2.18258557  
-3.803905852  
-5.177969438  
-6.072932902  
-6.326947395  
-5.886908367  
-4.827906178  
-3.345124175  
-1.71586869  
-0.2375867819  
0.8441217372  
1.398353009  
1.44367977  
1.142234117  
0.7517334053  
0.5469360733  
0.7326213205  
1.374432878  
2.3701191  
3.472266989  
4.357851439  
4.724751138  
4.385833171  
3.330809167  
1.735305696  
-0.08704748184  
-1.7754399  
-3.027238489  
-3.684214607  
-3.771549302  
-3.476642194  
-3.074513624  
-2.824647551  
-2.87430532  
-3.202057415  
-3.622589142  
-3.853534814  
-3.623814302  
-2.78762586  
-1.404216211  
0.2473203018  
1.729272216  
2.569159425  
2.411339594  
1.149999666  
-1.000391104  
-3.52474577  
-5.719128155  
-6.869029791  
-6.447354988  
-4.276938257  
-0.6096754972  
3.904338061  
8.354833437  
11.78419526  
13.4215495  
12.87752746  
10.24846242  
6.101872169  
1.345736701  
-2.985824384  
-5.976600443  
-7.040962262  
-6.052851473  
-3.36092031  
0.3110498436  
4.050333876  
6.979142899  
8.459639255  
8.230545839  
6.445357596  
3.60830808  
0.4303298956  
-2.354147344  
-4.161480355  
-4.68201541  
-3.926515018  
-2.191957066  
0.03606037682  
2.212666508  
3.858795122  
4.652010228  
4.466733137  
3.363966578  
1.544570612  
-0.7125180994  
-3.106561542  
-5.35287429  
-7.200377218  
-8.4366496  
-8.892926104  
-8.459382756  
-7.113154778  
-4.951373724  
-2.213556656  
0.7242407298  
3.395023152  
5.325313817  
6.142481465  
5.676914292  
4.026958399  
1.561006888  
-1.15273821  
-3.47697827  
-4.864815722  
-5.004721335  
-3.908690679  
-1.915604696  
0.39451025  
2.353612584  
3.384109091  
3.152709011  
1.656674254  
-0.7805394937  
-3.600597192  
-6.159866813  
-7.893011831  
-8.444688279  
-7.735834366  
-5.952749659  
-3.470887398  
-0.7431303157  
1.810944762  
3.884014805  
5.312528226  
6.063418059  
6.193347346  
5.803849589  
5.011666933  
3.941963276  
2.73847206  
1.574838828  
0.6499712709  
0.1576102344  
0.2337387144  
0.8988873479  
2.019906429  
3.313358432  
4.400165217  
4.90263332  
4.557273936  
3.307023195  
1.339117502  
-0.9497299917  
-3.055786748  
-4.509815982  
-5.013909584  
-4.529125902  
-3.283978721  
-1.699427042  
-0.2538680024  
0.6676722124  
0.8902293191  
0.4928187191  
-3.150391262  
-0.8015142528  
2.042383986  
4.726626181  
6.664807373  
7.493237252  
7.15759589  
5.907171934  
4.200302976  
2.552008529  
1.372599455  
0.8482629844  
0.9004965108  
1.234952027  
1.460804713  
1.238584209  
0.4056861406  
-0.9627057231  
-2.576715053  
-4.029012483  
-4.930879333  
-5.039049971  
-4.329670444  
-2.995551659  
-1.370901847  
0.1862887997  
1.409629901  
2.195150041  
2.60342978  
2.795972613  
2.934544333  
3.086736985  
3.178635784  
3.016708  
2.372954294  
1.10060343  
-0.7671751134  
-2.979646537  
-5.114866512  
-6.701288809  
-7.37547008  
-7.019343741  
-5.823510926  
-4.246501186  
-2.876147353  
-2.23565816  
-2.599743397  
-3.886672623  
-5.668677689  
-7.303305883  
-8.145741287  
-7.771734436  
-6.134219373  
-3.596796425  
-0.8281115742  
1.411352497  
2.520543538  
2.262978747  
0.8555076845  
-1.091157466  
-2.762283516  
-3.397427608  
-2.532291304  
-0.1449483339  
3.339951799  
7.187372414  
10.57996268  
12.86023334  
13.70698862  
13.19162318  
11.70340415  
9.778540099  
7.899757885  
6.340033022  
5.104379844  
3.984912402  
2.701212454  
1.066412514  
-0.8894885122  
-2.890300016  
-4.493150904  
-5.249379749  
-4.887097805  
-3.44532875  
-1.305200589  
0.9002866792  
2.472798791  
2.870863997  
1.892488069  
-0.2453963498  
-2.960324473  
-5.475745468  
-7.056312153  
-7.23166559  
-5.937859689  
-3.533242234  
-0.6870043463  
1.820922913  
3.323732605  
3.446630036  
2.190631629  
-0.09541875765  
-2.835166602  
-5.391577361  
-7.225795431  
-8.003796657  
-7.630293628  
-6.21655221  
-4.009241644  
-1.314442285  
1.556386898  
4.308812271  
6.664850689  
8.359680212  
9.155724547  
8.88290993  
7.496630564  
5.130149249  
2.112816357  
-1.066791799  
-3.85503729  
-5.764129277  
-6.501374651  
-6.053427589  
-4.693046549  
-2.90003606  
-1.217178065  
-0.08568822604  
0.2860294654  
-0.02408502911  
-0.6949064773  
-1.288047745  
-1.41351656  
-0.8776000289  
0.239327084  
1.603465898  
2.740999854  
3.205809255  
2.743349591  
1.392998709  
-0.5083464307  
-2.424931994  
-3.791453201  
-4.196798308  
-3.520640536  
-1.976750571  
-0.04798124632  
1.666192999  
2.639954468  
2.587742865  
1.554204918  
-0.09984937037  
-1.808962961  
-2.974882569  
-3.144072598  
-2.136812736  
-0.09155012423  
2.583747675  
5.332715909  
7.603406109  
8.98613927  
9.298769547  
8.601465552  
7.146087377  
5.283777802  
3.363175488  
1.649153978  
0.2806520907  
-0.72889978  
-1.458379995  
-2.030178201  
-2.56328363  
-3.140228584  
-3.791957866  
-4.497926719  
-5.195300964  
-5.791591923  
-6.177958979  
-6.243461179  
-5.891849182  
-5.061265214  
-3.744274391  
-2.002811792  
0.0282819007  
2.153301435  
4.142925153  
5.770903723  
6.850819444  
7.263234627  
6.967061116  
5.994899843  
4.437954433  
2.429131075  
0.1317426194  
-2.263875438  
-4.54021325  
-6.4582647  
-7.778579038  
-8.301858473  
-7.923445282  
-6.685895024  
-4.807827334  
-2.669191015  
-0.7440362778  
0.5108134402  
0.7848181244  
0.02217177424  
-1.52888418  
-3.351093203  
-4.778616745  
-5.176290832  
-4.129041073  
-1.584576746  
2.097838136  
6.213955058  
9.883431589  
12.27582053  
12.82924474  
11.39786764  
8.285155596  
4.154561983  
-0.1532732924  
-3.839877566  
-6.338706301  
-7.421512452  
-7.196918691  
-6.013013002  
-4.306280527  
-2.453669989  
-0.6784929263  
0.9630010313  
2.519954833  
4.044651092  
5.498829161  
6.71281252  
7.419165919  
7.351079292  
6.367257284  
4.551006475  
2.237190726  
-0.05435826394  
-1.765616682  
-2.48166518  
-2.083614073  
-0.815086351  
0.7692880034  
1.965402992  
2.14406728  
0.9664096025  
-1.482631015  
-4.691531  
-7.857266977  
-10.11974794  
-10.82296267  
-9.719571951  
-7.052340367  
-3.48490292  
0.09711986101  
2.851674597  
4.228098425  
4.118967152  
2.869462602  
1.144246692  
-0.3022807139  
-0.8762075073  
-0.3338883048  
1.148027346  
3.041317998  
4.647238048  
5.328096499  
4.713468691  
2.816176353  
0.02486356734  
-3.018960708  
-5.61499763  
-7.204580971  
-7.514640935  
-6.604580183  
-4.809668188  
-2.608558619  
-0.4651169388  
1.301024405  
2.575294094  
3.427504498  
4.026475654  
4.528598723  
4.985822444  
5.308823823  
5.29889065  
4.735726283  
3.487292111  
1.5992171  
-0.6720561214  
-2.899061941  
-4.58767554  
-5.315403537  
-4.860808346  
-3.282965742  
-0.9247550249  
1.66330788  
3.858359363  
5.122116321  
5.136432207  
3.881412657  
1.637062753  
-1.089220436  
-3.687462774  
-5.588232963  
-6.387808276  
-5.926752685  
-4.307515042  
-1.853120289  
0.9769718031  
3.689570441  
5.853778146  
7.170542029  
7.505422709  
6.884680203  
5.46325644  
3.477823915  
1.198285811  
-1.112248741  
-3.22429408  
-4.95612905  
-6.179226358  
-6.819886955  
-6.860395653  
-6.34003978  
-5.35335232  
-4.041546438  
-2.574067373  
-1.120497804  
0.1823947085  
1.259764178  
2.113709609  
2.816302349  
3.47862464  
4.202134375  
5.026405361  
5.891595044  
6.632349009  
7.01180724  
6.79149649  
5.819073058  
4.105967928  
1.865264652  
-0.5113852226  
-2.541442084  
-3.785645438  
-3.99151992  
-3.199763027  
-1.772325434  
-0.3209469482  
0.4550497334  
-0.01818797407  
-1.98694967  
-5.244815346  
-9.13344874  
-12.68346444  
-14.86645003  
-14.89117415  
-12.45704607  
-7.88391915  
-2.069480661  
3.724506194  
8.203022805  
10.39264783  
9.915564218  
7.098458957  
2.879752246  
-1.460389908  
-4.667913284  
-5.869967314  
-4.809651454  
-1.890172676  
1.981966738  
5.701418975  
8.316214382  
9.313728746  
8.749494318  
7.180999981  
5.434025868  
4.285067084  
4.171102496  
5.027936354  
6.313764207  
7.210414893  
6.932698239  
5.037708346  
1.624152648  
-2.652092598  
-6.757900424  
-9.602951337  
-10.39523706  
-8.912959115  
-5.599393609  
-1.444934892  
2.309265885  
4.552178702  
4.645862739  
2.620076221  
-0.8435193372  
-4.630894529  
-7.546280862  
-8.679996477  
-7.676263211  
-4.819121634  
-0.9158866125  
2.976019405  
5.883846361  
7.204988926  
6.853810642  
5.231086065  
3.038775627  
1.013753398  
-0.3226578991  
-0.8137340146  
-0.670082754  
-0.3357268158  
-0.2760300585  
-0.7716531576  
-1.797059626  
-3.02778861  
-3.971087663  
-4.167989409  
-3.388294092  
-1.742934449  
0.3309559503  
2.209427623  
3.296350416  
3.235686143  
2.043635662  
0.1112952013  
-1.92521926  
-3.40245292  
-3.858524358  
-3.192251159  
-1.696020495  
0.04937135042  
1.380715064  
1.78639021  
1.085804219  
-0.5087399307  
-2.468941629  
-4.138296726  
-4.963974854  
-4.690860864  
-3.449764128  
-1.70948346  
-0.1104453798  
0.7611239163  
0.5794085042  
-0.60562981  
-2.382434653  
-4.114832537  
-5.152901871  
-5.044679638  
-3.677438587  
-1.303773071  
1.551189458  
4.26434116  
6.307641402  
7.393652489  
7.528207573  
6.960510458  
6.058215293  
5.160110029  
4.463307318  
3.984552271  
3.603765713  
3.164598471  
2.584600875  
1.924889853  
1.386758954  
1.233534263  
1.667962773  
2.715845873  
4.167258352  
5.606620474  
6.529420036  
6.508927873  
5.354080002  
3.198757958  
0.4843520663  
-2.165614817  
-4.140699465  
-5.043315746  
-4.823016417  
-3.795473219  
-2.535094569  
-1.674298378  
-1.676381262  
-2.660281537  
-4.340035807  
-6.103966678  
-7.21136133  
-7.043833881  
-5.328568288  
-2.258352863  
1.533663677  
5.139443951  
7.631096823  
8.326175411  
6.981274679  
3.856118452  
-0.3676808492  
-4.783088454  
-8.504969377  
-10.89171263  
-11.67784049  
-10.98690274  
-9.23425422  
-6.963238295  
-4.674894455  
-2.706274334  
-1.189056952  
-0.0881415349  
0.7088348269  
1.295362291  
1.684936005  
1.808038595  
1.564184598  
0.9023411027  
-0.1087965767  
-1.255159735  
-2.212923483  
-2.637285039  
-2.274555142  
-1.057101539  
0.8547721928  
3.101906672  
5.219559397  
6.765704761  
7.443279966  
7.177747365  
6.127081144  
4.624187086  
3.073599139  
1.837475927  
1.146316798  
1.058268556  
1.472377499  
2.182865547  
2.950092266  
3.562740061  
3.874189716  
3.809577022  
3.352637084  
2.527774275  
1.390806738  
0.03297011234  
-1.408208213  
-2.745092511  
-3.757135391  
-4.234791099  
-4.04246519  
-3.180155148  
-1.817558652  
-0.2791185433  
1.026558022  
1.719035111  
1.567912663  
0.5832581072  
-0.9608293413  
-2.585736959  
-3.739933588  
-3.965769208  
-3.049439462  
-1.103998819  
1.44542622  
3.974142542  
5.83574818  
6.550495768  
5.944663592  
4.196810215  
1.777047867  
-0.6994597614  
-2.655848298  
-3.714023815  
-3.782202046  
-3.046057868  
-1.873870258  
-0.6750060425  
0.2350834042  
0.7160941472  
0.8061341847  
0.6539899413  
0.4148131202  
0.1568518353  
-0.1790367652  
-0.7481958682  
-1.711089473  
-3.120823352  
-4.839592897  
-6.526164181  
-7.710641173  
-7.93861047  
-6.937126325  
-4.741761269  
-1.732913556  
1.441247085  
4.038334622  
5.439292022  
5.338766196  
3.843171015  
1.440729601  
-1.149151841  
-3.198179887  
-4.188799529  
-3.957323232  
-2.713367759  
-0.9321243738  
0.8387480199  
2.185240367  
2.969310473  
3.354245498  
3.703581768  
4.392177433  
5.602860986  
7.190534108  
8.673694128  
9.368057131  
8.624077002  
6.088558283  
1.895835161  
-3.287490795  
-8.393725909  
-12.23141533  
-13.82738398  
-12.72600494  
-9.147644069  
-3.95065371  
1.596638669  
6.166763349  
8.739914647  
8.875002347  
6.804479036  
3.329262998  
-0.4464775081  
-3.452086085  
-4.951456579  
-4.718071412  
-3.039469374  
-0.5646342378  
1.941831616  
3.84889445  
4.828094293  
4.89356118  
4.314002479  
3.444073353  
2.549057349  
1.694651829  
0.7443811433  
-0.5375045517  
-2.323040258  
-4.568371147  
-6.941452323  
-8.869992903  
-9.704691605  
-8.947379617  
-6.464734837  
-2.606954119  
1.821683688  
5.745743963  
8.108514038  
8.183930943  
5.813886111  
1.493704888  
-3.726889832  
-8.504312465  
-11.55118883  
-11.97696535  
-9.523066733  
-4.628148041  
1.69131462  
8.107517232  
13.31799567  
16.36003283  
16.82168709  
14.90136276  
11.31151246  
7.063161335  
3.195430777  
0.5220605107  
-0.5445961796  
-0.0570316111  
1.520827664  
3.460485214  
4.967264388  
5.381482197  
4.337960718  
1.851867553  
-1.684309146  
-5.589811446  
-9.051426225  
-11.31362487  
-11.86258496  
-10.5624723  
-7.709293544  
-3.983137667  
-0.3018072961  
2.396136668  
3.389638566  
2.37408157  
-0.4355968612  
-4.333574022  
-8.286114157  
-11.1935247  
-12.18443825  
-10.861375  
-7.42512013  
-2.636469363  
2.380518955  
6.442544072  
8.633114108  
8.555828071  
6.439101826  
3.059466117  
-0.4951670121  
-3.151993898  
-4.171200612  
-3.358998607  
-1.111613495  
1.72166265  
4.112074831  
5.175270732  
4.444198035  
2.007153456  
-1.529225115  
-5.236295943  
-8.153286229  
-9.576759652  
-9.258233106  
-7.450439565  
-4.793157916  
-2.081771221  
0.001382248877  
1.102957751  
1.291924022  
1.002909801  
0.8529850214  
1.397298855  
2.908571275  
5.256389793  
7.928147702  
10.18578342  
11.30714071  
10.83263808  
8.735853003  
5.461086004  
1.813601387  
-1.264844275  
-2.966483033  
-2.851196826  
-0.9725843691  
2.140565263  
5.639884735  
8.601374459  
10.28366932  
10.32447639  
8.819968704  
6.268719923  
3.402621583  
0.9598485454  
-0.5304547326  
-0.8886888484  
-0.3126428752  
0.7099211075  
1.572173094  
1.747389555  
0.9552175312  
-0.7537852375  
-3.017902122  
-5.279085416  
-6.955826484  
-7.621134754  
-7.132799788  
-5.678535159  
-3.724321789  
-1.882502121  
-0.7387897202  
-0.6881257405  
-1.825506236  
-3.921274672  
-6.485768816  
-8.903135351  
-10.59536002  
-11.17047678  
-10.51491002  
-8.807077081  
-6.452224496  
-3.960598676  
-1.805856176  
-0.3043395542  
0.4523661929  
0.5962833193  
0.4187269494  
0.2662371501  
0.4301871947  
1.062933691  
2.142897218  
3.494443403  
4.851225737  
5.939384337  
6.553148138  
6.600652363  
6.109869782  
5.198788327  
4.02538766  
2.737796899  
1.441985549  
0.1951540312  
-0.9783620316  
-2.060986877  
-3.021041293  
-3.80879091  
-4.372007977  
-4.68322778  
-4.763739565  
-4.688861539  
-4.565826978  
-4.487665159  
-4.478732989  
-4.455023931  
-4.221122275  
-3.514876796  
-2.093728514  
0.1611792697  
3.158373064  
6.5622296  
9.834131786  
12.34797321  
13.55357647  
13.14184352  
11.15928054  
8.030137029  
4.470068051  
1.308315184  
-0.7344152537  
-1.248054718  
-0.2532724329  
1.800231849  
4.161235093  
5.995741717  
6.633277871  
5.766952143  
3.546116426  
0.5323362407  
-2.469187798  
-4.652506918  
-5.454971647  
-4.728853697  
-2.788980387  
-0.3225087119  
1.811571945  
2.833095762  
2.267584054  
0.08402580758  
-3.293924853  
-7.102909613  
-10.4443861  
-12.51829006  
-12.82058589  
-11.25362773  
-8.126203546  
-4.052405945  
0.2146361508  
3.964121221  
6.675606224  
8.100360669  
8.265327021  
7.411429621  
5.893916533  
4.077837275  
2.256925401  
0.612071589  
-0.7889247047  
-1.96065385  
-2.955297919  
-3.820731552  
-4.57361809  
-5.192257396  
-5.62707058  
-5.821836417  
-5.737288305  
-5.369504977  
-4.758089731  
-3.98202525  
-3.143906081  
-2.34566704  
-1.660955767  
-1.110965539  
-0.6510982541  
-0.1749098114  
0.4614984189  
1.396814229  
2.712220607  
4.383569798  
6.25443519  
8.043670604  
9.392971296  
9.948173435  
9.455862702  
7.848583181  
5.291139183  
2.168502329  
-0.9885816187  
-3.625335505  
-5.300932791  
-5.803646494  
-5.207919565  
-3.853405033  
-2.248703962  
-0.9258044241  
-0.2874283012  
-0.493105629  
-1.419077827  
-2.704838072  
-3.872302981  
-4.480631193  
-4.268198447  
-3.237093608  
-1.653672633  
0.03462776787  
1.339358147  
1.883329472  
1.516985269  
0.3629255136  
-1.223929617  
-2.765979601  
-3.806141284  
-4.038908912  
-3.389165563  
-2.016993276  
-0.2513600137  
1.521829869  
2.978601805  
3.944178179  
4.422998932  
4.566534857  
4.595115378  
4.704449452  
4.990721453  
5.419545355  
5.84721025  
6.083664853  
5.97242327  
5.457449462  
4.612764361  
3.624382684  
2.731242674  
2.145955727  
1.98282287  
2.217589384  
2.692346349  
3.163716793  
3.378378297  
3.151531224  
2.423687775  
1.278687106  
-0.08160373682  
-1.397129156  
-2.425327157  
-3.010179798  
-3.125159024  
-2.878936729  
-2.483594055  
-2.195127892  
-2.242749784  
-2.765464781  
-3.771666064  
-5.131261708  
-6.602003903  
-7.883843459  
-8.689097094  
-8.812653302  
-8.186142233  
-6.90280724  
-5.205563637  
-3.438509718  
-1.970673194  
-1.108255747  
-1.016116965  
-1.669009723  
-2.847515429  
-4.183326723  
-5.245761737  
-5.649462065  
-5.155734398  
-3.7397777  
-1.60367492  
0.8707598146  
3.218311528  
5.010370703  
5.965299074  
6.017734403  
5.326795544  
4.220866699  
3.095541207  
2.29539451  
2.015199589  
2.250194409  
2.809862738  
3.390051372  
3.680210576  
3.471820929  
2.733888646  
1.631732773  
0.4829006806  
-0.3367019719  
-0.5084104509  
0.1262948889  
1.505932808  
3.349787293  
5.219372642  
6.623902924  
7.141508452  
6.524799921  
4.764578354  
2.097248238  
-1.044086911  
-4.121509211  
-6.604797655  
-8.079055165  
-8.324630865  
-7.353805176  
-5.398439322  
-2.85311191  
-0.1870024759  
2.156031713  
3.847444602  
4.734217698  
4.855608606  
4.412419035  
3.6962689  
2.99714683  
2.514608443  
2.29881308  
2.240833697  
2.118207616  
1.684758154  
0.7781192598  
-0.5903661703  
-2.197053506  
-3.639076601  
-4.437816024  
-4.187397188  
-2.704409052  
-0.1290882664  
3.061777327  
6.145579437  
8.331483821  
8.978222981  
7.788071366  
4.914906265  
0.9465344767  
-3.241537683  
-6.723381268  
-8.782548739  
-9.115620442  
-7.914733525  
-5.800288065  
-3.621724557  
-2.186848891  
-2.004718479  
-3.124590559  
-5.124103136  
-7.252201109  
-8.681890549  
-8.791010322  
-7.378630138  
-4.744252011  
-1.601221268  
1.149912013  
2.71551769  
2.674348118  
1.126164685  
-1.327520821  
-3.767027368  
-5.244808227  
-5.089265619  
-3.123568179  
0.2720272954  
4.275196823  
7.877221799  
10.19686718  
10.75142267  
9.598071218  
7.301415048  
4.739581547  
2.8135463  
2.154861935  
2.926258408  
4.778132124  
6.972453229  
8.631183196  
9.026757525  
7.820001515  
5.169663301  
1.680549673  
-1.790096519  
-4.403324884  
-5.59851078  
-5.260443156  
-3.742968688  
-1.745544051  
-0.08560390921  
0.5590210125  
-0.14343897  
-2.085426819  
-4.764381948  
-7.445448929  
-9.387650853  
-10.06185625  
-9.29501956  
-7.301310553  
-4.597427811  
-1.834720048  
0.3962042479  
1.728073055  
2.100525559  
1.74549071  
1.08606203  
0.5855899792  
0.5958217422  
1.249538662  
2.426601612  
3.798669708  
4.934631497  
5.432782489  
5.040710345  
3.730281465  
1.709811864  
-0.626281389  
-2.793735348  
-4.333632654  
-4.917129649  
-4.415435965  
-2.921182796  
-0.7198778031  
1.778425113  
4.129166663  
5.943913704  
6.96216552  
7.090704136  
6.404828003  
5.114452025  
3.505314871  
1.870192675  
0.4462267391  
-0.6279946566  
-1.327391351  
-1.72618226  
-1.960455122  
-2.178710599  
-2.493957617  
-2.949679769  
-3.50774681  
-4.060193031  
-4.460519377  
-4.565498925  
-4.276363665  
-3.569197525  
-2.507646955  
-1.235625715  
0.0477939133  
1.125698898  
1.805450656  
1.957873696  
1.546682714  
0.6427440403  
-0.5802720225  
-1.870019575  
-2.937597834  
-3.512320811  
-3.400125853  
-2.533609716  
-1.000856868  
0.9574409271  
2.987161755  
4.692117328  
5.723952527  
5.869654588  
5.11308752  
3.65116457  
1.855593082  
0.185685727  
-0.9277648035  
-1.197530977  
-0.5618703218  
0.7912094525  
2.466645313  
3.962339765  
4.800043488  
4.651071165  
3.421893201  
1.276222909  
-1.411174813  
-4.15368745  
-6.474872021  
-8.017644703  
-8.610991626  
-8.279413452  
-7.19930891  
-5.622875189  
-3.798753143  
-1.916624762  
-0.09150529587  
1.613025278  
3.138970384  
4.390503901  
5.216840899  
5.434425372  
4.885058551  
3.510628562  
1.415601215  
-1.110563628  
-3.627454954  
-5.632080796  
-6.680236362  
-6.506285919  
-5.104407676  
-2.744119389  
0.08800202834  
2.806150956  
4.869940434  
5.914765461  
5.831115752  
4.771840228  
3.088431256  
1.218671716  
-0.4383221648  
-1.621628315  
-2.254649614  
-2.428372605  
-2.332885302  
-2.164377285  
-2.041231191  
-1.957861816  
-1.790711804  
-1.352287589  
-0.4726650113  
0.9211666962  
2.756502519  
4.814295844  
6.777823541  
8.315145966  
9.168603702  
9.222428046  
8.526971312  
7.272565491  
5.722665055  
4.129373311  
2.660053464  
1.359850521  
0.1626342371  
-1.053789806  
-2.387980132  
-3.839945078  
-5.270151079  
-6.411647636  
-6.937454817  
-6.566344955  
-5.175263663  
-2.880928276  
-0.05904148611  
2.71385233  
4.787939807  
5.606722057  
4.866974325  
2.623949055  
-0.6943901321  
-4.376337235  
-7.601256449  
-9.656026268  
-10.13339658  
-9.05360039  
-6.869416356  
-4.346739722  
-2.349138253  
-1.584862012  
-2.38900291  
-4.606736832  
-7.616530138  
-10.49227343  
-12.26172368  
-12.18836355  
-9.994127362  
-5.955562973  
-0.8419701723  
4.28952541  
8.383881869  
10.67870052  
10.90996683  
9.37255837  
6.818583995  
4.225555198  
2.505482656  
2.242872053  
3.539260614  
6.007602529  
8.912588066  
11.40803251  
12.79398998  
12.71318361  
11.22901922  
8.767956662  
5.953576724  
3.393570997  
1.493086855  
0.3549763074  
-0.2053515901  
-0.5438411992  
-1.018720749  
-1.833515048  
-2.950482988  
-4.105461164  
-4.917093274  
-5.048507449  
-4.360015767  
-2.994235035  
-1.359001711  
-0.01008439253  
0.5281720633  
-0.05684930916  
-1.747524762  
-4.181747997  
-6.7503111  
-8.775587454  
-9.713826933  
-9.315783999  
-7.694769676  
-5.28242457  
-2.689532976  
-0.5194304129  
0.8050667108  
1.147634221  
0.6685166397  
-0.2570514819  
-1.178213353  
-1.71541699  
-1.666466854  
-1.041428214  
-0.02322129547  
1.123237736  
2.154859048  
2.928121653  
3.425463356  
3.726992208  
3.945601149  
4.156454045  
4.351705384  
4.439112495  
4.284080189  
3.776583552  
2.894251093  
1.734447081  
0.5006136807  
-0.5538672824  
-1.204391444  
-1.327796319  
-0.9426225264  
-0.2028538849  
0.6518159346  
1.370621072  
1.764697346  
1.754072803  
1.375444398  
0.7528084328  
0.04629341428  
-0.5992109373  
-1.086859487  
-1.37352636  
-1.452599813  
-1.328026543  
-0.9964365457  
-0.4488190624  
0.3078757674  
1.220246078  
2.166833257  
2.961494409  
3.388236817  
3.260030837  
2.481829573  
1.093111813  
-0.7295651347  
-2.715370124  
-4.574857156  
-6.081669446  
-7.128896885  
-7.736847644  
-8.007329162  
-8.041792465  
-7.857619638  
-7.341314227  
-6.26615675  
-4.377945539  
-1.524211077  
2.219576844  
6.479418688  
10.60681346  
13.80622352  
15.3378458  
14.73691727  
11.97835031  
7.527160687  
2.248698484  
-2.802539416  
-6.655630553  
-8.674913611  
-8.712471394  
-7.114204494  
-4.579916313  
-1.925940843  
0.1692205296  
1.35161001  
1.65137247  
1.401674442  
1.053987201  
0.9636534041  
1.229451981  
1.649754211  
1.813163661  
1.289380148  
-0.1542332565  
-2.398085285  
-4.945717954  
-7.050627833  
-7.959303075  
-7.18857528  
-4.736730465  
-1.144931654  
2.625875467  
5.473782952  
6.504857857  
5.337195926  
2.254626907  
-1.849073143  
-5.726123979  
-8.153982829  
-8.317657131  
-6.070886401  
-1.989648279  
2.801597637  
6.976308202  
9.41386287  
9.538366011  
7.480918881  
4.016652655  
0.3017055561  
-2.500245776  
-3.578799223  
-2.7097017  
-0.290191894  
2.825568878  
5.627728298  
7.283296206  
7.389423364  
6.068829289  
3.885673521  
1.621615948  
-0.003433542161  
-0.56772144  
-0.06387182599  
1.136115279  
2.443699466  
3.277971403  
3.267498854  
2.359737065  
0.8058673827  
-0.9636522738  
-2.518151733  
-3.588532598  
-4.150238443  
-4.398984632  
-4.633605522  
-5.096613493  
-5.839256258  
-6.668097531  
-7.198585155  
-6.999331955  
-5.774830989  
-3.51724427  
-0.5664618637  
2.45122283  
4.792619964  
5.822905827  
5.222578768  
3.105836789  
0.008088166389  
-3.256957351  
-5.827387835  
-7.038698742  
-6.608606335  
-4.705152285  
-1.880239617  
1.106316684  
3.513798413  
4.826879959  
4.879735021  
3.865993529  
2.240646951  
0.5538023656  
-0.7252348801  
-1.336827611  
-1.276295317  
-0.7499879451  
-0.0667252352  
0.4910221792  
0.7688298869  
0.7809458172  
0.6803338175  
0.6747485951  
0.9242567854  
1.460796128  
2.160702438  
2.7807682  
3.044611892  
2.747656087  
1.841939993  
0.4687778443  
-1.074621705  
-2.42538932  
-3.272666564  
-3.462896093  
-3.055801249  
-2.309667464  
-1.597624845  
-1.27991523  
-1.5730182  
-2.45955266  
-3.671755584  
-4.759088784  
-5.2237716  
-4.685030955  
-3.021025043  
-0.441043774  
2.540752981  
5.229915294  
6.943809701  
7.217402891  
5.960822206  
3.5173292  
0.5970794249  
-1.901911131  
-3.139622608  
-2.577992448  
-0.1512374487  
3.690821433  
8.084357159  
11.97365851  
14.39278367  
14.72644845  
12.87425427  
9.27014125  
4.751671066  
0.3190046529  
-3.143484096  
-5.099279899  
-5.477398001  
-4.644496484  
-3.246814671  
-1.978424399  
-1.354220535  
-1.561934534  
-2.438394648  
-3.571450146  
-4.485289548  
-4.838514522  
-4.561143114  
-3.879879024  
-3.22242594  
-3.036687527  
-3.593139718  
-4.846640279  
-6.414052187  
-7.68286438  
-8.017968816  
-6.996089576  
-4.583962411  
-1.192812933  
2.417057604  
5.355872302  
6.877966829  
6.61827872  
4.711115039  
1.749492887  
-1.402692327  
-3.883078657  
-5.09628728  
-4.883728597  
-3.542744433  
-1.692835396  
-0.03978916814  
0.8768428828  
0.8635821225  
0.1188178041  
-0.86726571  
-1.517370607  
-1.397934575  
-0.3897245268  
1.264375889  
3.050089972  
4.374716011  
4.788061069  
4.147413125  
2.66465126  
0.8191459625  
-0.8284370666  
-1.848234295  
-2.096222868  
-1.751580786  
-1.221941941  
-0.9545086449  
-1.229305785  
-2.019763261  
-2.981118493  
-3.577550176  
-3.303129831  
-1.911287235  
0.4409118359  
3.199154534  
5.578767303  
6.839195112  
6.567272838  
4.860108773  
2.329418261  
-0.08789084607  
-1.455391204  
-1.186068037  
0.7148131289  
3.611099274  
6.429963505  
8.032955442  
7.638988883  
5.147281199  
1.23501371  
-2.821557094  
-5.557293603  
-5.828711561  
-3.25049489  
1.600309115  
7.298016881  
11.97960828  
13.92982049  
12.15150174  
6.73030294  
-1.134562208  
-9.453947042  
-16.0301559  
-19.11282667  
-17.91979715  
-12.85680561  
-5.368902258  
2.522808012  
8.843484933  
12.24171333  
12.33786557  
9.741853209  
5.752398058  
1.856529937  
-0.7894124577  
-1.7179801  
-1.232949773  
-0.2031201534  
0.3416567353  
-0.3464500576  
-2.418576823  
-5.358343154  
-8.177403587  
-9.800335196  
-9.491991839  
-7.165389529  
-3.452718316  
0.4902671402  
3.378054577  
4.245729016  
2.792853101  
-0.5042410871  
-4.553483661  
-8.024689344  
-9.80915954  
-9.397453488  
-7.041482375  
-3.645131101  
-0.4253259784  
1.532202591  
1.661403858  
0.1088278026  
-2.336984942  
-4.55162676  
-5.502961188  
-4.643728835  
-2.124179666  
1.254096462  
4.327901179  
6.001664462  
5.660761522  
3.417998828  
0.1011724355  
-3.018300102  
-4.663100952  
-4.001625554  
-0.9548646976  
3.750271687  
8.801998103  
12.72482639  
14.3578133  
13.22814124  
9.69568968  
4.823982314  
0.02657780664  
-3.387135993  
-4.612304766  
-3.564120874  
-0.8453199118  
2.51012419  
5.417122358  
7.105282759  
7.344106776  
6.457125565  
5.133201232  
4.115946606  
3.893086164  
4.502928045  
5.527826655  
6.272834433  
6.058199104  
4.512398456  
1.752617044  
-1.61834909  
-4.70197805  
-6.614720873  
-6.808463255  
-5.284499443  
-2.621320797  
0.1983134635  
2.105074469  
2.298480855  
0.519174228  
-2.854859148  
-6.921272489  
-10.53806628  
-12.68528336  
-12.78429262  
-10.8711511  
-7.570483235  
-3.883030719  
-0.8605988094  
0.7233903132  
0.601682577  
-0.9298503511  
-3.137204849  
-5.107058155  
-6.05028019  
-5.550860535  
-3.683495349  
-0.9691568876  
1.808586903  
3.860678208  
4.637962636  
3.988754831  
2.185177221  
-0.180977847  
-2.391398615  
-3.817460618  
-4.091804418  
-3.187227488  
-1.387891499  
0.8274045092  
2.944835191  
4.564275715  
5.492461026  
5.758158997  
5.554190131  
5.134110785  
4.703420661  
4.343221675  
3.990458835  
3.478187899  
2.619020545  
1.301024861  
-0.4380876401  
-2.385408525  
-4.187250749  
-5.436129069  
-5.786298238  
-5.064184565  
-3.340038817  
-0.9367269107  
1.631553267  
3.778398098  
4.992809113  
4.976344377  
3.731407996  
1.573756658  
-0.9381284174  
-3.141316799  
-4.439180885  
-4.458708351  
