-3.954250384  
1.361647553  
5.409479574  
6.839681449  
5.231055913  
1.215219856  
-3.752069785  
-7.895200839  
-9.729695811  
-8.57580548  
-4.803239471  
0.2750631797  
4.826076933  
7.098168884  
6.004060064  
1.495056032  
-5.394750978  
-12.84794494  
-18.80962216  
-21.60452855  
-20.43073479  
-15.57825253  
-8.312110169  
-0.4671966406  
6.108361226  
10.08214805  
10.97607857  
9.220179207  
5.92231077  
2.445456403  
-0.05933587121  
-1.010313858  
-0.5332889746  
0.650890548  
1.537400232  
1.232585159  
-0.7028731877  
-4.074589  
-8.091859218  
-11.60177267  
-13.43830577  
-12.77269297  
-9.358078188  
-3.601062392  
3.549552816  
10.85104579  
17.07052779  
21.25562475  
22.90452847  
22.00647184  
18.96524444  
14.44877916  
9.219442606  
3.991295353  
-0.6604768045  
-4.336887568  
-6.815315464  
-8.033856766  
-8.074850751  
-7.15011379  
-5.579393659  
-3.750191795  
-2.053280072  
-0.8014307931  
-0.1523651935  
-0.0637066602  
-0.303226673  
-0.5216961694  
-0.3733635405  
0.3510226789  
1.623683977  
3.151297734  
4.437315742  
4.924500767  
4.178485593  
2.055551903  
-1.201830216  
-4.979135835  
-8.418742915  
-10.63335495  
-10.94623713  
-9.090270115  
-5.307891812  
-0.3212799105  
4.821788567  
8.986820758  
11.21472456  
10.94116985  
8.120849911  
3.230763325  
-2.842112142  
-8.9963369  
-14.14571054  
-17.43100867  
-18.37085057  
-16.92620619  
-13.4734731  
-8.699644049  
-3.446631269  
1.461332469  
5.372683881  
7.916669994  
9.045168804  
9.00189802  
8.227541772  
7.223541  
6.407910912  
6.000135505  
5.967071445  
6.047131457  
5.849138941  
4.999682402  
3.296005932  
0.8157997724  
-2.055404322  
-4.696166905  
-6.407109279  
-6.613186484  
-5.050967672  
-1.881726502  
2.309926214  
6.639054324  
10.13524939  
11.99004618  
11.76579582  
9.504945059  
5.708103672  
1.188686688  
-3.150848475  
-6.553521612  
-8.584414389  
-9.201144142  
-8.705334662  
-7.599986312  
-6.40561005  
-5.497281061  
-5.012913612  
-4.855298115  
-4.776730166  
-4.507590287  
-3.877963829  
-2.887921103  
-1.704016961  
-0.5880730876  
0.2109054961  
0.5590569249  
0.4958159384  
0.2278619765  
0.06329164928  
0.3120609705  
1.189161749  
2.753553916  
4.900169417  
7.401515633  
9.977654531  
12.36539373  
14.36176127  
15.83086756  
16.68065998  
16.82908857  
16.1830329  
14.64575595  
12.15406891  
8.730508887  
4.526383956  
-0.167352578  
-4.95292559  
-9.396126962  
-13.11211409  
-15.83692454  
-17.4595524  
-18.00500536  
-17.5789491  
-16.30106494  
-14.25977015  
-11.51196347  
-8.131348451  
-4.284802033  
-0.2989294263  
3.324010293  
5.966606697  
7.03095997  
6.113496441  
3.163373629  
-1.43561933  
-6.900721368  
-12.2078748  
-16.33383215  
-18.51286611  
-18.42830443  
-16.27677961  
-12.68350936  
-8.496380292  
-4.528124048  
-1.333416026  
0.9054517082  
2.350724595  
3.358405231  
4.269981768  
5.233845461  
6.131987529  
6.645668604  
6.436873514  
5.3716454  
3.68753533  
2.021128934  
1.260489882  
2.254833389  
5.475139018  
10.75073791  
17.19345143  
23.36397077  
27.65236153  
28.76405264  
26.15438944  
20.25837227  
12.42067429  
4.526886118  
-1.560096631  
-4.58174333  
-4.289645288  
-1.530621987  
2.032296302  
4.484865115  
4.33351888  
1.060139509  
-4.635035022  
-11.00080067  
-15.77698372  
-16.94781776  
-13.46516559  
-5.699098455  
4.547197334  
14.485442  
21.13130337  
22.19853157  
16.82159113  
5.877103289  
-8.204617395  
-22.08981654  
-32.46219833  
-36.93981522  
-34.71550656  
-26.7350896  
-15.37059607  
-3.699263887  
5.385303736  
9.960876302  
9.53592449  
5.06323506  
-1.468330977  
-7.713178932  
-11.69539602  
-12.35868021  
-9.786535805  
-5.053078813  
0.2168115907  
4.414413658  
6.450901035  
6.04402448  
3.716903276  
0.5373038944  
-2.29215069  
-3.843511563  
-3.737014972  
-2.20029265  
0.08598511279  
2.283218887  
3.716219224  
4.106874145  
3.645555056  
2.887458812  
2.522367406  
3.106498761  
4.851782296  
7.541559099  
10.59396151  
13.24290033  
14.76978776  
14.70785816  
12.957061  
9.782931708  
5.713391392  
1.379003534  
-2.645570308  
-5.950140224  
-8.323705881  
-9.721388006  
-10.19315935  
-9.813216511  
-8.641726682  
-6.731585829  
-4.170519969  
-1.132203651  
2.094467093  
5.120008519  
7.516933942  
8.914248647  
9.093862785  
8.055959511  
1.119138142  
-1.712215763  
-4.513094666  
-6.388789891  
-6.736259246  
-5.436274179  
-2.872515136  
0.2250021632  
3.05155914  
5.013219827  
5.921607891  
6.028259198  
5.8891899  
6.11345674  
7.092718685  
8.815735131  
10.84017824  
12.4353901  
12.84574893  
11.57826209  
8.607447474  
4.419277049  
-0.126267976  
-4.068502856  
-6.659673536  
-7.607734969  
-7.161529769  
-6.007647133  
-5.015405883  
-4.920677278  
-6.060719835  
-8.253392631  
-10.86177139  
-13.01858942  
-13.92823781  
-13.13776803  
-10.6818865  
-7.054776682  
-3.02593983  
0.6260691943  
3.359999612  
5.007281357  
5.750802332  
5.964277379  
5.98510817  
5.920842815  
5.576609553  
4.542439378  
2.413012616  
-0.9464293112  
-5.201970209  
-9.518519967  
-12.73423253  
-13.70543303  
-11.7146673  
-6.797794418  
0.1402755712  
7.488805736  
13.3483621  
16.08566973  
14.85273751  
9.89584396  
2.538877386  
-5.172811842  
-11.07012004  
-13.51737573  
-11.92007112  
-6.915737633  
-0.1790030516  
6.10415701  
9.929171139  
10.11169696  
6.666286591  
0.8011974792  
-5.470136886  
-9.97571123  
-11.08008692  
-8.203196385  
-1.996578119  
5.875849078  
13.27531614  
18.26334772  
19.69142979  
17.51458792  
12.7340568  
7.000482487  
2.022967314  
-1.008280746  
-1.787157393  
-0.9239383898  
0.3576408225  
0.7424334804  
-0.6279522495  
-3.782692978  
-7.864262359  
-11.41296669  
-12.89756552  
-11.30527763  
-6.578332731  
0.2675068974  
7.399682879  
12.72808064  
14.58609615  
12.30445751  
6.478153998  
-1.175011144  
-8.330397871  
-12.78654909  
-13.17336046  
-9.404880276  
-2.723651727  
4.683946296  
10.38099028  
12.45887548  
10.14919157  
4.069370476  
-3.977680638  
-11.58402499  
-16.50717853  
-17.37923613  
-14.12494576  
-7.956011931  
-0.9492493783  
4.64736257  
7.148756434  
5.964925588  
1.759041337  
-3.814045336  
-8.694492668  
-11.12773789  
-10.25821424  
-6.408431313  
-0.9532528704  
4.163770631  
7.105153146  
6.775523981  
3.20402833  
-2.45518333  
-8.303351483  
-12.32946172  
-13.08168522  
-10.15285531  
-4.318140208  
2.720398207  
8.89643725  
12.46190989  
12.5631582  
9.520900327  
4.722753688  
0.1647137215  
-2.207608505  
-1.143382581  
3.491153861  
10.64629661  
18.39619687  
24.51871663  
27.16248519  
25.39319042  
19.45506445  
10.67763515  
1.070265337  
-7.259095572  
-12.6780771  
-14.42748631  
-12.73851594  
-8.659162187  
-3.669433741  
0.7779228408  
3.645270894  
4.519109725  
3.601789976  
1.521648109  
-0.9489224621  
-3.160277827  
-4.751308724  
-5.676666926  
-6.113577201  
-6.308323897  
-6.436528852  
-6.534885741  
-6.524143219  
-6.30048134  
-5.84261582  
-5.276538693  
-4.860133571  
-4.887030786  
-5.547106162  
-6.804139956  
-8.349184872  
-9.661237362  
-10.16469937  
-9.432500826  
-7.360704249  
-4.245043129  
-0.7218183321  
2.416176794  
4.470841931  
5.07120004  
4.303282046  
2.686832628  
1.000959028  
0.01513536218  
0.2176862289  
1.637926748  
3.827769733  
6.013885764  
7.371396692  
7.325532584  
5.775324021  
3.157696547  
0.3241083135  
-1.733687111  
-2.218948993  
-0.8134368168  
2.18868083  
5.945499868  
9.313867313  
11.20034492  
10.90446533  
8.344462179  
4.094320927  
-0.777775437  
-5.016220433  
-7.532396155  
-7.698071447  
-5.493391816  
-1.475288207  
3.409863043  
8.099343991  
11.68332525  
13.59206972  
13.65932645  
12.06636387  
9.210282594  
5.558742834  
1.546090505  
-2.461762364  
-6.141983407  
-9.165918167  
-11.17347196  
-11.80505234  
-10.79588466  
-8.10351686  
-4.015321374  
0.8201247797  
5.47323303  
8.922435599  
10.30767393  
9.174265711  
5.62759675  
0.3413859685  
-5.593947992  
-10.94561431  
-14.65747974  
-16.11976804  
-15.30952827  
-12.76209626  
-9.386542359  
-6.185851536  
-3.969712869  
-3.145810652  
-3.646158008  
-4.999125378  
-6.511405451  
-7.492975737  
-7.451341109  
-6.199798305  
-3.859522152  
-0.7734833798  
2.622569224  
5.919246294  
8.803271817  
11.06537062  
12.56272789  
13.17134736  
12.76508465  
11.24206699  
8.593071707  
4.981543344  
0.7925319076  
-3.385992049  
-6.862555028  
-9.003423821  
-9.408590682  
-8.042840203  
-5.271477346  
-1.779404385  
1.608683762  
4.153886668  
5.403300505  
5.299993118  
4.167529643  
2.576284478  
1.1395568  
0.3115322337  
0.2574354961  
0.8393201768  
1.717953531  
2.528095062  
3.056671472  
3.351709608  
3.715321183  
4.577754985  
6.295869734  
8.951087492  
12.22707728  
15.42302541  
17.61245017  
17.90576681  
15.73542517  
11.06987484  
4.481615122  
-2.960255454  
-9.946645652  
-15.25970873  
-18.08014148  
-18.17991885  
-15.94677546  
-12.24014672  
-8.129854592  
-4.601907075  
-2.32018689  
-1.508336831  
-1.972724011  
-3.240694174  
-4.754200982  
-6.048300604  
-6.858606042  
-7.134381618  
-6.971556319  
-6.508080487  
-5.833223521  
-4.950371078  
-3.805630008  
-2.363844823  
-0.6917996105  
0.9958194075  
2.357310867  
3.013437674  
2.677589465  
1.279086984  
-0.9695189143  
-3.592574651  
-5.960029727  
-7.453719258  
-7.638581812  
-6.383097435  
-3.889828787  
-0.627493781  
2.810816471  
5.874776479  
8.194444063  
9.64666854  
10.33571451  
10.50437308  
10.4148442  
10.24579435  
10.04145768  
9.725152231  
9.163171626  
8.245910775  
6.94881699  
5.347378772  
3.582592762  
1.796643419  
0.07273403527  
-1.588063751  
-3.236622874  
-4.90117728  
-6.500923673  
-7.791737438  
-8.381067721  
-7.824900456  
-5.786520092  
-2.207034676  
2.576333879  
7.819368653  
12.49173148  
15.51058765  
16.02667102  
13.67827098  
8.731270043  
2.053719326  
-5.077416825  
-11.28726307  
-15.44380576  
-16.92968692  
-15.76696374  
-12.56234079  
-8.295955929  
-4.024091947  
-0.589798492  
1.571830712  
2.481998531  
2.518595766  
2.215271766  
2.035725115  
2.202478246  
2.634827297  
3.009037724  
2.909989829  
2.013153477  
0.228375559  
-2.245412952  
-4.971076021  
-7.407578779  
-9.077121044  
-9.705513466  
-9.289182393  
-8.070892735  
-6.439699684  
-4.795987522  
-3.431333324  
-2.462821131  
-1.837663841  
-1.396231316  
-0.960879055  
-0.411872574  
0.2786881567  
1.06294928  
1.868814342  
2.657098129  
3.453375903  
4.336306043  
5.385536205  
6.612697606  
7.909530461  
9.043072618  
9.709624258  
9.634418574  
8.682290061  
6.935589125  
4.703838303  
2.452928006  
0.6718473852  
-0.2795738111  
-0.2879193885  
0.476084228  
1.616896642  
2.653021336  
3.18755181  
3.048870807  
2.348684679  
1.433480049  
0.7445172405  
0.6363676602  
1.221554347  
2.301765394  
3.416146902  
3.994637191  
3.56452823  
1.936350814  
-0.7004185885  
-3.811168127  
-6.673076054  
-8.603805609  
-9.182908222  
-8.387195019  
-6.590245495  
-4.424182137  
-2.55164525  
-1.429619551  
-1.151572991  
-1.427594832  
-1.713087558  
-1.441783295  
-0.2787906039  
1.70153304  
3.984547646  
5.752501443  
6.151244275  
4.599193472  
1.031760782  
-4.00829315  
-9.475044317  
-14.09395215  
-16.72434234  
-16.69563036  
-14.00921274  
-9.340026113  
-3.836183073  
1.219696088  
4.779954569  
6.316181015  
5.931883145  
4.27443114  
2.282569229  
0.8574738638  
0.5667144317  
1.475292376  
3.152527545  
4.84412974  
5.745543956  
5.283001489  
3.311029366  
0.1672759633  
-3.425287485  
-6.56960519  
-8.447199579  
-8.533427816  
-6.71555705  
-3.290255305  
1.143239725  
5.848627367  
10.12085234  
13.41113694  
15.38632617  
15.92682361  
15.08683551  
13.04619849  
10.07476671  
6.514046185  
2.764928166  
-0.7367438587  
-3.570281078  
-5.404676319  
-6.078899284  
-5.657596663  
-4.433051198  
-2.859075042  
-1.427178532  
-0.5195873275  
-0.2879658513  
-0.6034642933  
-1.102380579  
-1.318842636  
-0.8629848678  
0.4171657191  
2.350745768  
4.473008963  
6.165793824  
6.866149972  
6.27169629  
4.467694892  
1.92441662  
-0.643007833  
-2.510747664  
-3.199924298  
-2.658172826  
-1.299988502  
0.11704187  
0.7462681004  
-0.04544061111  
-2.429709738  
-6.013000934  
-9.921629628  
-13.05714575  
-14.44462984  
-13.56130232  
-10.53465616  
-6.138472438  
-1.579639309  
1.862419273  
3.231695527  
2.200284881  
-0.8180755894  
-4.785882818  
-8.357700908  
-10.29695321  
-9.863613998  
-7.051279545  
-2.599134672  
2.225157502  
6.004415815  
7.596149326  
6.473154311  
2.879533186  
-2.240465119  
-7.51369583  
-11.52342088  
-13.19213323  
-12.05177787  
-8.330482685  
-2.843293492  
3.266966811  
8.85229902  
13.04753579  
15.44496347  
16.11808264  
15.50598638  
14.21073809  
12.78074062  
11.54920259  
10.57165229  
9.670117901  
8.556746939  
6.986578916  
4.884700915  
2.405911595  
-0.0898390567  
-2.135089824  
-3.292197944  
-3.286949529  
-2.098489871  
0.01947758922  
2.590881976  
5.027353062  
6.766611921  
7.404085321  
6.786239721  
5.044524905  
2.563341098  
-0.1099077691  
-2.392138028  
-3.800943822  
-4.06945035  
-3.213199894  
-1.532094113  
0.4555437836  
2.134138537  
2.940359412  
2.505172165  
0.7519504013  
-2.076920932  
-5.475206289  
-8.798294519  
-11.42720841  
-12.92673593  
-13.15292316  
-12.27809415  
-10.72520216  
-9.030426073  
-7.675706995  
-6.943227353  
-6.838094161  
-7.104403768  
-7.32986755  
-7.104613361  
-6.180764376  
-4.577495605  
-2.593073965  
-0.7158850628  
0.5391104319  
0.8152260139  
0.0571105572  
-1.439813033  
-3.096028868  
-4.21496232  
-4.200155502  
-2.753235003  
0.01317477141  
3.58796381  
7.200155488  
10.04295336  
11.51365006  
11.39293161  
9.90521924  
7.639375171  
5.354301985  
3.73181162  
3.15728067  
3.600404388  
4.636422969  
5.602291697  
5.837666554  
4.931442876  
2.891178894  
0.1760359105  
-2.422777977  
-4.020936821  
-3.926487554  
-1.882181887  
1.813995043  
6.352511063  
10.61273737  
13.4643507  
14.08245099  
12.18390092  
8.115245843  
2.766154436  
-2.666612228  
-6.996594426  
-9.356017146  
-9.409216203  
-7.414657703  
-4.123914788  
-0.5525597475  
2.307374681  
3.750599044  
3.525897856  
1.867097044  
-0.6119974589  
-3.120028722  
-4.924509446  
-5.553740533  
-4.910417092  
-3.271986091  
-1.186464719  
0.6990961817  
1.824735455  
1.865917902  
0.8068761065  
-1.074528458  
-3.298571416  
-5.320952786  
-6.675627852  
-7.086077675  
-6.520234243  
-5.181408411  
-3.444303739  
-1.757231732  
-0.5365226163  
-0.07707754117  
-0.4957105576  
-1.714499246  
-3.482334998  
-5.426380626  
-7.121594851  
-8.165910324  
-8.249557796  
-7.209152331  
-5.059380392  
-1.997660927  
1.619552841  
5.326536567  
8.61746719  
11.02451419  
12.19178022  
11.93196857  
10.25542916  
7.366538772  
3.629107974  
-0.4912471115  
-4.49562774  
-7.918130943  
-10.3791173  
-11.6194085  
-11.51476346  
-10.07439088  
-7.429153517  
-3.814557941  
0.449039526  
4.979510994  
9.361639599  
13.18334606  
16.07868486  
17.77288713  
18.12133329  
17.13293963  
14.97040591  
11.92465355  
8.367208118  
4.690433154  
1.248658405  
-1.687108324  
-3.952752354  
-5.491348127  
-6.335316206  
-6.579792134  
-6.356955614  
-5.81768277  
-5.121374795  
-4.429637736  
-3.897096101  
-3.654151046  
-3.781723703  
-4.284414209  
-5.073352997  
-5.970439885  
-6.740515402  
-7.148516185  
-7.027959206  
-6.339565496  
-5.197901615  
-3.851509736  
-2.616238037  
-1.778127629  
-1.495337825  
-1.732719806  
-2.255264156  
-2.688781622  
-2.633519775  
-1.796349792  
-0.0974897631  
2.287188026  
4.967721226  
7.456698628  
9.324867097  
10.34282558  
10.55699597  
10.26792625  
9.912033555  
9.883437732  
10.3575464  
11.1830181  
11.88975161  
11.82267361  
10.36631316  
7.188730908  
2.419397894  
-3.309536145  
-8.987948312  
-13.49295618  
-15.91853368  
-15.86521626  
-13.59087114  
-9.963091213  
-6.216065085  
-3.580039974  
-2.897603544  
-4.35117379  
-7.395117793  
-10.92199889  
-13.61604112  
-14.38297852  
-12.71631378  
-8.876928641  
-3.821557973  
1.101936879  
4.595956389  
5.84623151  
4.80085092  
2.197784742  
-0.673959537  
-2.405001067  
-1.947266155  
1.014324765  
5.927164874  
11.52292684  
16.2103431  
18.58152537  
17.86496763  
14.17487822  
8.473755761  
2.261213351  
-2.905932517  
-5.900521689  
-6.355507749  
-4.7289094  
-2.086090507  
0.3199235403  
1.519439684  
1.180120267  
-0.282735536  
-1.880152668  
-2.446625417  
-1.118276479  
2.282140526  
7.098181649  
11.99430584  
15.37006351  
15.89843223  
13.00444595  
7.114737663  
-0.4175263006  
-7.699404028  
-12.87686159  
-14.7175134  
-13.00400145  
-8.60441862  
-3.19206609  
1.296692192  
3.289934788  
2.087126981  
-1.920883834  
-7.390296706  
-12.47366622  
-15.42995431  
-15.19300023  
-11.711703  
-5.953102589  
0.4272295878  
5.63268709  
8.305663087  
7.947558386  
5.043475222  
0.8581132583  
-3.019500342  
-5.222203527  
-5.054695342  
-2.697440012  
0.8980341195  
4.378075027  
6.48603283  
6.515353252  
4.559398742  
1.473288686  
-1.436457474  
-2.884971242  
-2.080194967  
0.9707986143  
5.42628946  
9.858950948  
12.70764203  
12.78307656  
9.662010405  
3.843053109  
-3.38356031  
-10.30713664  
-15.2879224  
-17.21418827  
-15.78729571  
-11.5571682  
-5.712514313  
0.2943824117  
5.162979029  
8.072335341  
8.832439213  
7.833689505  
5.835168364  
3.678556482  
2.027470362  
1.210428256  
1.200315115  
1.712362271  
2.364512182  
2.830958592  
2.933705468  
2.650045143  
2.051444076  
1.216374078  
0.1661075958  
-1.142751044  
-2.764752617  
-4.677722648  
-6.706107511  
-8.500140655  
-9.594499953  
-9.537263851  
-8.048493176  
-5.150350712  
-1.215138267  
3.096556715  
6.997154836  
9.785524049  
11.04362423  
10.74972149  
9.267774425  
7.214102999  
5.2449209  
3.836479266  
3.133190817  
2.916549246  
2.706189606  
1.958442381  
0.2932743641  
-2.330543038  
-5.555556283  
-8.705805578  
-10.98436285  
-11.72512844  
-10.61658501  
-7.823439833  
-3.964892095  
0.04543366311  
3.248730865  
4.902699412  
4.676807346  
2.725322995  
-0.3777104766  
-3.814160142  
-6.74883774  
-8.537375544  
-8.856728226  
-7.730097163  
-5.454500987  
-2.469281592  
0.7820643658  
3.950083617  
6.812462058  
9.245377248  
11.16062636  
12.4471398  
12.95000368  
12.50090435  
10.98931217  
8.443523532  
5.083260728  
1.314029724  
-2.345306433  
-5.384063005  
-7.431864406  
-8.355643136  
-8.285390534  
-7.556522087  
-6.58612659  
-5.725109148  
-5.138394295  
-4.75716789  
-4.322387618  
-3.50611896  
-2.068027867  
0.01061659948  
2.467952515  
4.805723548  
6.429146684  
6.840107632  
5.81957993  
3.534826647  
0.5287564103  
-2.413468347  
-4.484575258  
-5.095460863  
-4.059573704  
-1.660886232  
1.419226287  
4.296109594  
6.137925614  
6.404634428  
4.996289806  
2.266574808  
-1.098657724  
-4.294896641  
-6.632952846  
-7.717854528  
-7.518463661  
-6.313052403  
-4.539608708  
-2.612139679  
-0.77408104  
0.9561619091  
2.729113502  
4.722873098  
6.976842634  
9.273816844  
11.1289724  
11.9059736  
11.0315462  
8.237853356  
3.742924323  
-1.708357098  
-6.978378469  
-10.82327013  
-12.25311456  
-10.85390501  
-6.961526438  
-1.617744533  
3.695586989  
7.475583491  
8.647779988  
6.905665762  
2.82729269  
-2.278401188  
-6.758933953  
-9.126449916  
-8.530830572  
-5.047208162  
0.3189068369  
5.919177868  
9.96041781  
11.06179976  
8.697592146  
3.383859161  
-3.454620699  
-9.901290144  
-14.12283203  
-14.92508385  
-12.11672325  
-6.566475093  
0.0648917735  
5.834471849  
9.109665848  
9.057945892  
5.881529018  
0.7257476789  
-4.706676607  
-8.710084551  
-10.12103984  
-8.680229205  
-5.096697504  
-0.7957662604  
2.566873356  
3.667761231  
1.973746568  
-2.052298045  
-7.06595832  
-11.24259611  
-12.8421574  
-10.7630045  
-4.913876473  
3.710701728  
13.27560895  
21.59826948  
26.74411596  
27.55097789  
23.93360447  
16.88716514  
8.197871642  
-0.04819222745  
-6.013919214  
-8.565054601  
-7.511784009  
-3.587379847  
1.810859741  
7.030075047  
10.59882172  
11.57549899  
9.727441736  
5.514177774  
-0.09649669238  
-5.910845081  
-10.80564835  
-13.96422676  
-15.00584609  
-13.99824524  
-11.37419473  
-7.792007881  
-3.983108165  
-0.6202217837  
1.776141225  
2.890817295  
2.634048892  
1.137746565  
-1.26682457  
-4.090319108  
-6.749069157  
-8.652535439  
-9.308184128  
-8.427727661  
-6.010856997  
-2.381062419  
1.84512577  
5.859648837  
8.82098575  
10.03734091  
9.133204691  
6.157396501  
1.601990147  
-3.678572594  
-8.635024013  
-12.24270389  
-13.72439514  
-12.72565083  
-9.401601921  
-4.39371567  
1.300001199  
6.533771898  
10.25609698  
11.73183622  
10.69552766  
7.40274096  
2.569213867  
-2.787188671  
-7.565121235  
-10.80949822  
-11.9015094  
-10.66866568  
-7.394348028  
-2.730284398  
2.462378973  
7.302909675  
11.06686566  
13.31039288  
13.92107578  
13.09334037  
11.24456612  
8.899778542  
6.575404409  
4.686869137  
3.49334037  
3.080522532  
3.373154566  
4.165237593  
5.158154361  
6.002357551  
6.343478056  
5.875579297  
4.40098362  
1.889257288  
-1.479648572  
-5.306762235  
-9.015234678  
-11.94537233  
-13.49098094  
-13.24788669  
-11.13506274  
-7.44978905  
-2.8321327  
1.862007299  
5.752727304  
8.144475093  
8.693902964  
7.488645228  
5.012431852  
2.004717714  
-0.745591823  
-2.61290439  
-3.292875598  
-2.861458967  
-1.721786149  
-0.4599747062  
0.3420804159  
0.27804851  
-0.7778708993  
-2.658625826  
-4.979664299  
-7.26925279  
-9.106372649  
-10.22132305  
-10.5318631  
-10.11368153  
-9.127733336  
-7.740332188  
-6.070008206  
-4.179956841  
-2.112733447  
0.05559252632  
2.173709807  
4.012378052  
5.30995538  
5.852942686  
5.560384722  
4.535286947  
3.056092471  
1.503350278  
0.2430068092  
-0.4926165412  
-0.6802806004  
-0.5050972568  
-0.2784459338  
-0.3009659115  
-0.7209823584  
-1.444723334  
-2.139376574  
-2.337409681  
-1.612192156  
0.2353228297  
3.048996318  
6.303594502  
9.222216072  
10.99648689  
11.04176961  
9.202242352  
5.83251226  
1.720755482  
-2.12907739  
-4.789714023  
-5.683817353  
-4.748164704  
-2.433870354  
0.4574401669  
3.046028402  
4.662311558  
5.053013643  
4.435872351  
3.386590232  
2.60063616  
2.616414946  
3.59977902  
5.267846843  
6.980285391  
7.966266912  
7.606556174  
5.670007944  
2.419426453  
-1.452157152  
-5.033923193  
-7.485081405  
-8.298516167  
-7.450031587  
-5.384107802  
-2.845334347  
-0.6187000867  
0.7274020878  
1.005336394  
0.4256633779  
-0.5310958507  
-1.33358619  
-1.622855821  
-1.353537252  
-0.800131745  
-0.4284507244  
-0.6850032755  
-1.789372309  
-3.614290281  
-5.704850585  
-7.434439499  
-8.240872707  
-7.852530018  
-6.414454229  
-4.459276862  
-2.725274704  
-1.882735589  
-2.268034315  
-3.727213033  
-5.635114265  
-7.094205037  
-7.250940589  
-5.62103306  
-2.306048521  
1.983002216  
6.114658442  
8.883971184  
9.405296306  
7.41890814  
3.404954276  
-1.538760923  
-6.019424982  
-8.768620084  
-9.021570348  
-6.732767605  
-2.559999109  
2.37275897  
6.848818091  
9.939618249  
11.26453544  
11.04648278  
9.953373804  
8.791188997  
8.165503007  
8.23740544  
8.663695104  
8.743113587  
7.714749631  
5.098149445  
0.9476098882  
-4.078520502  
-8.868585711  
-12.1859033  
-13.06822764  
-11.16400517  
-6.888860861  
-1.343385989  
3.988432913  
7.66863424  
8.728598281  
6.953880263  
2.942422667  
-2.079919548  
-6.626647439  
-9.385587492  
-9.588875205  
-7.209796232  
-2.935317055  
2.066590124  
6.505047761  
9.337095938  
10.04206693  
8.726488174  
6.042061238  
2.955438301  
0.4482993546  
-0.7608053341  
-0.3966449996  
1.331070512  
3.821882816  
6.274688707  
7.912689365  
8.180673812  
6.867890255  
4.135253515  
0.4523003845  
-3.530084191  
-7.134697348  
-9.80394273  
-11.20726243  
-11.29223356  
-10.27399539  
-8.569235577  
-6.6905022  
-5.123630098  
-4.214886958  
-4.093757293  
-4.650973984  
-5.5794938  
-6.470159331  
-6.937750549  
-6.741948921  
-5.865980153  
-4.525620066  
-3.101325514  
-2.010835138  
-1.561051815  
-1.82815486  
-2.609165567  
-3.467078851  
-3.861000655  
-3.322772586  
-1.622794727  
1.132226683  
4.506887161  
7.853201471  
10.50122149  
11.96307246  
12.08239717  
11.07755503  
9.46213436  
7.868179595  
6.831773483  
6.614711518  
7.124298331  
7.959537966  
8.567451434  
8.453776789  
7.372241432  
5.423381516  
3.02578635  
0.7685867918  
-0.8023987963  
-1.387043243  
-1.046449485  
-0.1862445624  
0.5902663537  
0.7091951698  
-0.1477764262  
-1.902005423  
-4.07748852  
-5.948999798  
-6.793230354  
-6.158822546  
-4.060853341  
-1.027872823  
2.022589559  
4.046641963  
4.194233927  
2.085386293  
-2.046547708  
-7.391742108  
-12.77108783  
-16.95069623  
-18.9688229  
-18.37941687  
-15.34580039  
-10.56669809  
-5.067909139  
0.0700921388  
3.966632816  
6.11047061  
6.411984507  
5.145597217  
2.821514789  
0.03931816752  
-2.631534553  
-4.721245667  
-5.882478693  
-5.888535546  
-4.633467545  
-2.150095976  
1.357670437  
5.490136617  
9.66449093  
13.18671522  
15.38313474  
15.76493376  
14.17796715  
10.88467611  
6.539718588  
2.052167024  
-1.635075246  
-3.787393756  
-4.069201644  
-2.622959566  
-0.01016453998  
2.967942831  
5.512853378  
7.056765378  
7.403886866  
6.742888896  
5.53265753  
4.306273101  
3.465051515  
3.135497322  
3.137751136  
3.07301903  
2.494568535  
1.097572666  
-1.142594852  
-3.934239513  
-6.748405276  
-8.98460595  
-10.16405788  
-10.08260361  
-8.871075418  
-6.944826741  
-4.863550267  
-3.153066844  
-2.151692486  
-1.931891351  
-2.318174431  
-2.986494948  
-3.601840857  
-3.939829814  
-3.94819894  
-3.730346547  
-3.464987456  
-3.300848361  
-3.273626177  
-3.281488634  
-3.129518456  
-2.623876809  
-1.674488574  
-0.3602053397  
1.075446852  
2.301819619  
3.025069762  
3.110347574  
2.6512713  
1.953325872  
1.429782296  
1.443241418  
2.149757857  
3.405973244  
4.780454588  
5.674626239  
5.518875378  
3.979924807  
1.107700133  
-2.632882287  
-6.462829425  
-9.495974379  
-10.98901869  
-10.55631656  
-8.281566314  
-4.691951311  
-0.6043597196  
3.106084248  
5.742269858  
6.954833167  
6.799112393  
5.671561854  
4.156512486  
2.839584621  
2.148625639  
2.266729699  
3.13215965  
4.508542678  
6.087264492  
7.579330802  
8.766548227  
9.504764801  
9.695209755  
9.25354315  
8.104628361  
6.215339009  
3.655017705  
0.6536827525  
-2.378997118  
-4.901252061  
-6.356553831  
-6.334419263  
-4.724865565  
-1.809417949  
1.754741329  
5.069142306  
7.21903414  
7.527229249  
5.759432832  
2.213164161  
-2.3448232  
-6.881340416  
-10.38362592  
-12.14560697  
-11.96662444  
-10.20101419  
-7.642231391  
-5.275957889  
-3.976874829  
-4.240771991  
-6.032156619  
-8.791737646  
-11.59946788  
-13.44259726  
-13.50866628  
-11.41843084  
-7.334276668  
-1.917829334  
3.845636772  
8.90218805  
12.39115669  
13.8442718  
13.27388667  
11.13504775  
8.179874086  
5.248641177  
3.053902605  
2.010812204  
2.15132928  
3.137312278  
4.363894558  
5.12511552  
4.801726791  
3.028065681  
-0.1997318849  
-4.49919923  
-9.168176818  
-13.33046282  
-16.13012802  
-16.93124672  
-15.47562435  
-11.95796198  
-6.995471265  
-1.494274075  
3.558115337  
7.323584017  
9.307813072  
9.465913191  
8.189615425  
6.178887095  
4.234031773  
3.027881588  
2.923992486  
3.893144012  
5.550474488  
7.298562774  
8.529156051  
8.818810679  
8.05703829  
6.468641881  
4.527055419  
2.791077487  
1.721294356  
1.53724646  
2.160410567  
3.257492863  
4.364027284  
5.042016369  
5.016038769  
4.242731288  
2.894516397  
1.269979743  
-0.3309405825  
-1.718054471  
-2.867088064  
-3.902383306  
-5.016477277  
-6.360973356  
-7.953482483  
-9.638435852  
-11.11821049  
-12.0436974  
-12.13054565  
-11.25772418  
-9.51204447  
-7.163109329  
-4.579638545  
-2.119886081  
-0.03755522284  
1.562939156  
2.708895794  
3.492101989  
3.984956105  
4.179598144  
3.979811682  
3.252818903  
1.921342533  
0.05656172807  
-2.072136614  
-4.021296261  
-5.275177131  
-5.398108463  
-4.187500684  
-1.77204217  
1.385519179  
4.590847185  
7.099333583  
8.321343348  
7.986167693  
6.211665312  
3.457521818  
0.378887252  
-2.369630215  
-4.314098989  
-5.267354748  
-5.330699066  
-4.79858589  
-4.007960779  
-3.192046408  
-2.394145502  
-1.472326373  
-0.1900278876  
1.645680295  
4.054807217  
6.817483154  
9.498925381  
11.56099952  
12.52202957  
12.10788238  
10.34024796  
7.531008696  
4.186173521  
0.8555302137  
-2.017160779  
-4.191032104  
-5.642077465  
-6.497432022  
-6.924669282  
-7.027268283  
-6.793214532  
-6.119632015  
-4.902417819  
-3.149574104  
-1.062993598  
0.9576521429  
2.405885587  
2.832093788  
2.024051693  
0.1340313301  
-2.30571238  
-4.501367046  
-5.624553741  
-5.080067534  
-2.725732952  
1.034835339  
5.327323482  
9.035730655  
11.11879612  
10.91573683  
8.344042429  
3.925982846  
-1.363903614  
-6.379738587  
-10.1221809  
-11.99237476  
-11.90617802  
-10.24289682  
-7.659912556  
-4.848170795  
-2.318617271  
-0.2914364768  
1.283522691  
2.598927968  
3.819214133  
4.945311766  
5.775733806  
5.982678268  
5.27206639  
3.558631454  
1.076897964  
-1.629194675  
-3.848661383  
-4.93488011  
-4.543449936  
-2.784317084  
-0.2221201892  
2.288185008  
3.88175093  
3.985023162  
2.52883348  
-0.008866295596  
-2.754544386  
-4.738541568  
-5.239774583  
-4.051956189  
-1.570927152  
1.33589036  
3.638897339  
4.528303171  
3.731282369  
1.644380263  
-0.776809878  
-2.34323674  
-2.066406094  
0.4502585195  
4.805974367  
9.867118193  
14.09449303  
16.03366547  
14.80779234  
10.44493344  
3.922295218  
-3.097950591  
-8.763424462  
-11.59986359  
-10.96858435  
-7.262740558  
-1.776985129  
3.707554083  
7.487459892  
8.46646923  
6.47927014  
2.308353306  
-2.604915066  
-6.653472272  
-8.595525074  
-7.948769541  
-5.123309601  
-1.258725439  
2.170547359  
3.843550326  
3.011727307  
-0.2842416869  
-5.258973172  
-10.65809036  
-15.16006093  
-17.76456621  
-18.04234034  
-16.17832336  
-12.81603462  
-8.779290892  
-4.783170532  
-1.239279181  
1.784737943  
4.455599542  
6.977435924  
9.401041214  
11.52551021  
12.93698338  
13.17038046  
11.92759686  
9.259555837  
5.63064264  
1.827604398  
-1.264791334  
-2.945946832  
-2.93790922  
-1.490316414  
0.692304326  
2.681572927  
3.637554457  
3.094391962  
