-5.172025002  
-6.875619293  
-8.395094786  
-9.271156831  
-9.100365411  
-7.65383477  
-4.950398762  
-1.263804164  
2.934822889  
7.078822134  
10.62124948  
13.13343547  
14.36689161  
14.27304708  
12.98809886  
10.79679939  
8.088128666  
5.309594406  
2.919738917  
1.334671746  
0.8667252488  
1.660682519  
3.641975519  
6.496632664  
9.700626871  
12.60523094  
14.56791788  
15.10068713  
13.99658222  
11.39565574  
7.765364169  
3.79392858  
0.2215765626  
-2.345049741  
-3.582913723  
-3.52369971  
-2.525754505  
-1.156386088  
-0.02110894006  
0.4081601908  
-0.0850463021  
-1.423710827  
-3.289812342  
-5.245556873  
-6.881318871  
-7.942168958  
-8.394447262  
-8.415077516  
-8.311818115  
-8.403917067  
-8.903176334  
-9.83270671  
-11.00667808  
-12.07442394  
-12.61325701  
-12.24182547  
-10.72289098  
-8.030318625  
-4.366925732  
-0.1328782681  
4.144799965  
7.905005572  
10.64947123  
12.02746142  
11.89529347  
10.34140019  
7.671810969  
4.355885597  
0.938820738  
-2.064819612  
-4.275167988  
-5.523778245  
-5.880735226  
-5.6200803  
-5.127718366  
-4.774021724  
-4.787278896  
-5.168216942  
-5.676990323  
-5.903419278  
-5.404482858  
-3.868756295  
-1.254385367  
2.148824422  
5.761360594  
8.855388821  
10.75716736  
11.04886803  
9.704389875  
7.111888107  
3.970899496  
1.092792561  
-0.8338449326  
-1.438117413  
-0.7591393725  
0.7937062568  
2.597811332  
4.037213287  
4.709356928  
4.547647574  
3.818402685  
2.995412287  
2.559130493  
2.794955352  
3.666001436  
4.809514373  
5.661460736  
5.666742288  
4.49970644  
2.213394728  
-0.7409012347  
-3.637459741  
-5.705974538  
-6.391003619  
-5.551562984  
-3.529437167  
-1.058295337  
0.9603833662  
1.742755612  
0.8759755453  
-1.543930085  
-4.934619775  
-8.402058698  
-11.00879766  
-12.04811384  
-11.23692278  
-8.770493321  
-5.230096338  
-1.383886627  
2.045780547  
4.569441334  
6.014901372  
6.492677822  
6.270412296  
5.615442225  
4.671964592  
3.420911841  
1.73447294  
-0.5024644698  
-3.259478101  
-6.277256361  
-9.075559896  
-11.05857938  
-11.68481612  
-10.64176905  
-7.961244391  
-4.031046313  
0.5043857175  
4.921599331  
8.613029604  
11.23242986  
12.74309982  
13.35766353  
13.39850406  
13.13683796  
12.67478425  
11.91650913  
10.63821868  
8.626744879  
5.827830283  
2.439695666  
-1.092746585  
-4.189370719  
-6.316178068  
-7.170686328  
-6.799935978  
-5.601406492  
-4.198950743  
-3.232670569  
-3.135910095  
-3.980845658  
-5.452368981  
-6.965000278  
-7.885278124  
-7.781468434  
-6.608820031  
-4.758189297  
-2.942429919  
-1.952929523  
-2.367197708  
-4.310019632  
-7.356534817  
-10.61971294  
-13.00226321  
-13.53544289  
-11.69478274  
-7.587185323  
-1.94426535  
4.079901732  
9.243861673  
12.57977279  
13.66481009  
12.7174408  
10.49109377  
8.004647835  
6.201658776  
5.651620069  
6.389528115  
7.941331548  
9.519490542  
10.31648393  
9.79351929  
7.866759477  
4.931095811  
1.71851166  
-0.9557255921  
-2.469310245  
-2.596973239  
-1.575020451  
-0.008236945241  
1.345031814  
1.833875454  
1.132817732  
-0.655054893  
-3.041052974  
-5.321505413  
-6.815867243  
-7.091913601  
-6.104781292  
-4.207391408  
-2.033221198  
-0.2933435761  
0.4448296788  
-0.07274290665  
-1.718585857  
-4.032628518  
-6.366696063  
-8.075384178  
-8.69387477  
-8.052023063  
-6.297562548  
-3.830615438  
-1.177290743  
1.155448695  
2.801417188  
3.603463147  
3.617884756  
3.064029899  
2.241848335  
1.444974862  
0.8929452664  
0.6962688181  
0.8563100471  
1.29222764  
1.881763815  
2.502066386  
3.059857382  
3.505283832  
3.828964358  
4.045907707  
4.172725156  
4.205687208  
4.107113853  
3.805817071  
3.214207505  
2.260029817  
0.9254531578  
-0.7181850869  
-2.493569556  
-4.129859293  
-5.308860602  
-5.739237191  
-5.242215004  
-3.824613775  
-1.713858252  
0.6632569928  
2.761856512  
4.046067194  
4.131279737  
2.902211192  
0.5697719217  
-2.356002441  
-5.177059296  
-7.177939851  
-7.81215029  
-6.853279908  
-4.467212039  
-1.182404966  
2.236821428  
4.981771493  
6.404984253  
6.185182272  
4.408119557  
1.543156201  
-1.676272219  
-4.435010128  
-6.033011807  
-6.047067612  
-4.419693322  
-1.458323947  
2.248612081  
5.97273349  
9.006865129  
10.8086818  
11.09752332  
9.888946392  
7.466814935  
4.305535351  
0.9632325686  
-2.030599468  
-4.069167667  
-1.909273955  
0.004341052586  
1.219406146  
1.546967916  
1.090316768  
0.1810296257  
-0.7525262464  
-1.338670409  
-1.387403663  
-0.9477680377  
-0.2820172792  
0.2314209018  
0.2314613295  
-0.5008291755  
-1.966722999  
-3.946503578  
-6.066777003  
-7.913908303  
-9.155207259  
-9.628780002  
-9.375159324  
-8.604310474  
-7.61305832  
-6.683337495  
-5.995950411  
-5.586885205  
-5.356964537  
-5.126643563  
-4.712864848  
-3.998919969  
-2.972943025  
-1.723674819  
-0.398526936  
0.8574464727  
1.956894674  
2.898455038  
3.757784108  
4.645845184  
5.651553245  
6.791793424  
7.988886567  
9.085167384  
9.890273881  
10.24440486  
10.07468282  
9.424191855  
8.442995116  
7.344265599  
6.341078728  
5.586021408  
5.134304801  
4.941941553  
4.897468275  
4.873370036  
4.776512896  
4.577941947  
4.310966124  
4.039228878  
3.808543458  
3.603237368  
3.326601541  
2.816394344  
1.893099143  
0.4258650304  
-1.606618064  
-4.08249713  
-6.74403688  
-9.24572826  
-11.22934373  
-12.40301957  
-12.60054402  
-11.80447257  
-10.12974828  
-7.778257018  
-4.984078407  
-1.970706748  
1.065471388  
3.943724977  
6.471143108  
8.418738012  
9.522034548  
9.517941984  
8.214738232  
5.576135741  
1.789979165  
-2.708597522  
-7.279163121  
-11.18381243  
-13.73983633  
-14.47923132  
-13.27062648  
-10.36631296  
-6.356203202  
-2.036371298  
1.775549439  
4.429908167  
5.589173294  
5.288751616  
3.899982842  
2.008130038  
0.2414161006  
-0.9004322411  
-1.171408488  
-0.6263742832  
0.4184961594  
1.496124727  
2.135187517  
2.000460491  
0.9885570279  
-0.7445631562  
-2.827971913  
-4.776033998  
-6.114799071  
-6.499952215  
-5.796394351  
-4.101615909  
-1.710640215  
0.9647720301  
3.499414152  
5.553111853  
6.940056381  
7.653181586  
7.839747165  
7.736663394  
7.584122672  
7.541580159  
7.629730024  
7.715909499  
7.549330923  
6.839245936  
5.35661026  
3.031449205  
0.01658582989  
-3.305151347  
-6.379490709  
-8.596570542  
-9.438354644  
-8.620201424  
-6.187021379  
-2.53352893  
1.663340489  
5.588194448  
8.473551032  
9.781428669  
9.331845038  
7.342641411  
4.368553899  
1.15505928  
-1.553731466  
-3.201027442  
-3.547251891  
-2.710427614  
-1.109619774  
0.6684215782  
2.038337969  
2.571726648  
2.096699843  
0.7179215532  
-1.241492665  
-3.351960003  
-5.205210173  
-6.518684913  
-7.188541266  
-7.282196688  
-6.981298814  
-6.500510844  
-6.012058257  
-5.600157807  
-5.256042604  
-4.908790283  
-4.475028893  
-3.906036881  
-3.214411849  
-2.472499473  
-1.78646445  
-1.258968416  
-0.956326825  
-0.8923104163  
-1.032454417  
-1.313630279  
-1.66759871  
-2.036816198  
-2.375822889  
-2.639688369  
-2.768390374  
-2.679232372  
-2.276607333  
-1.480517877  
-0.2654562673  
1.306071602  
3.072480273  
4.795422937  
6.214582843  
7.120595138  
7.422204719  
7.182313387  
6.605778139  
5.97769136  
5.568877831  
5.539165363  
5.872815474  
6.372104484  
6.716497461  
6.572005388  
5.716176316  
4.135917043  
2.06158709  
-0.07959020449  
-1.781020035  
-2.610271968  
-2.34954357  
-1.075511589  
0.8507451189  
2.884359236  
4.45821548  
5.154553665  
4.831036942  
3.65945234  
2.063358975  
0.5742941495  
-0.3464766837  
-0.4617595722  
0.163554083  
1.186676624  
2.105722759  
2.433760686  
1.869961092  
0.4102446393  
-1.640391234  
-3.759153744  
-5.371229993  
-6.036160019  
-5.593790118  
-4.22196238  
-2.386714464  
-0.7006954617  
0.2650054755  
0.1557824193  
-1.0598665  
-3.084695568  
-5.388425199  
-7.373395564  
-8.557684894  
-8.71914092  
-7.957440906  
-6.657636781  
-5.369045465  
-4.638023292  
-4.845072745  
-6.092836434  
-8.174204929  
-10.62515915  
-12.84298549  
-14.23424234  
-14.35214744  
-12.99008683  
-10.21313268  
-6.327463149  
-1.802763632  
2.828494442  
7.06993417  
10.53861803  
13.00980707  
14.42714525  
14.88310393  
14.57844227  
13.77060696  
12.72062309  
11.64687453  
10.69295958  
9.914786402  
9.289224178  
8.742150939  
8.188763747  
7.574474032  
6.902983193  
6.240321681  
5.690327116  
5.346603262  
5.235645028  
5.271853226  
5.244764233  
4.850967906  
3.769419904  
1.763343234  
-1.220242035  
-4.986388829  
-9.089891087  
-12.90503906  
-15.7563017  
-17.07870179  
-16.56460523  
-14.25420661  
-10.54087354  
-6.086124814  
-1.665286168  
2.014203176  
4.47127281  
5.542609877  
5.383204835  
4.379916752  
3.008157031  
1.678472963  
0.621591532  
-0.1532944205  
-0.8169413038  
-1.612909487  
-2.724306104  
-4.16258656  
-5.719296456  
-7.00081545  
-7.538421954  
-6.940422843  
-5.037797277  
-1.974918713  
1.7874802  
5.563710533  
8.60669302  
10.29900625  
10.31741982  
8.723699205  
5.955018669  
2.715644219  
-0.2009209066  
-2.111190793  
-2.609312445  
-1.659823546  
0.4061619992  
2.986549417  
5.366838207  
6.897988552  
7.147520286  
5.987950042  
3.605516571  
0.4341286755  
-2.962031883  
-6.022944915  
-8.309564641  
-9.576965626  
-9.792440806  
-9.102950929  
-7.768860741  
-6.086872964  
-4.323899865  
-2.676359535  
-1.259128545  
-0.1187046197  
0.7411369093  
1.33417276  
1.676538767  
1.784712265  
1.683200459  
1.414229693  
1.041159116  
0.6406906773  
0.2845729129  
0.01722203535  
-0.161157304  
-0.2970017847  
-0.4672043376  
-0.7472807944  
-1.173930092  
-1.715939356  
-2.266501739  
-2.663801083  
-2.73701285  
-2.36487311  
-1.5273887  
-0.3308339115  
1.006891982  
2.211173378  
3.032199799  
3.328357747  
3.122952406  
2.611473658  
2.110876738  
1.961229854  
2.407424136  
3.498436472  
5.039849793  
6.621435754  
7.719090363  
7.846261319  
6.711625545  
4.334107445  
1.075801612  
-2.424019017  
-5.401143565  
-7.165174472  
-7.288895016  
-5.732803339  
-2.866790996  
0.6195074261  
3.893522223  
6.193827832  
7.020896422  
6.251630939  
4.148268397  
1.264203017  
-1.720516334  
-4.18226927  
-5.701492186  
-6.135495455  
-5.603303948  
-4.398012156  
-2.863873413  
-1.283194637  
0.1896675595  
1.530106906  
2.78847483  
4.006931926  
5.145453683  
6.049562985  
6.47542459  
6.165461098  
4.947801386  
2.822918547  
0.004093882781  
-3.106323555  
-6.00111675  
-8.188620828  
-9.312985738  
-9.238179591  
-8.071874232  
-6.125013897  
-3.822900975  
-1.597291856  
0.2080364589  
1.393728574  
1.914057646  
1.84625378  
1.339155732  
0.5635871318  
-0.3188886161  
-1.163856124  
-1.835823431  
-2.198785444  
-2.120350075  
-1.496542554  
-0.2925769736  
1.415906579  
3.421398599  
5.39936347  
6.964251268  
7.756271171  
7.53529583  
6.252511188  
4.074814995  
1.350733967  
-1.474809623  
-3.972584833  
-5.83434274  
-6.939441902  
-7.363510401  
-7.328769699  
-7.114633012  
-6.959485619  
-6.986157027  
-7.174036639  
-7.38379862  
-7.422311944  
-7.122111957  
-6.406160863  
-5.315509909  
-3.991980876  
-2.624522906  
-1.380524321  
-0.3477255173  
0.4927881296  
1.254208352  
2.098339652  
3.174145547  
4.562249201  
6.243434461  
8.099429073  
9.942600847  
11.56216698  
12.77116823  
13.44120589  
13.51896588  
13.02602649  
12.04824592  
10.72115328  
9.214230487  
7.712093998  
6.388173324  
5.368448392  
4.68947838  
4.263246946  
3.866978243  
3.174684624  
1.836973468  
-0.4017395785  
-3.578173568  
-7.419582832  
-11.32963417  
-14.47657385  
-15.97993932  
-15.15742103  
-11.76534538  
-6.155780502  
0.7129541857  
7.438851308  
12.48768647  
14.58006505  
13.0492646  
8.06341693  
0.6370177786  
-7.586160154  
-14.73009124  
-19.15939548  
-19.89748939  
-16.87162582  
-10.914721  
-3.524385328  
3.549344358  
8.766573819  
11.17690625  
10.61063581  
7.636974781  
3.316954345  
-1.159813689  
-4.834260712  
-7.22098949  
-8.367726526  
-8.727667529  
-8.903855305  
-9.364783725  
-10.23522528  
-11.23544519  
-11.78681343  
-11.24222024  
-9.155911827  
-5.494367451  
-0.7111465746  
4.343582036  
8.651084214  
11.31525229  
11.82201449  
10.18400922  
6.927064642  
2.927846831  
-0.8402958614  
-3.569486518  
-4.806176806  
-4.514858277  
-3.009789322  
-0.7921975241  
1.64118725  
3.948983615  
6.007210292  
7.871174546  
9.664095127  
11.44530502  
13.11553022  
14.39961079  
14.91523356  
14.30240565  
12.36490055  
9.170342528  
5.07079333  
0.6346213097  
-3.488191793  
-6.722714141  
-8.697471358  
-9.306840354  
-8.694660244  
-7.17412368  
-5.119004139  
-2.866820697  
-0.6642588845  
1.335661037  
3.037686746  
4.357687493  
5.194921277  
5.441002784  
5.023515548  
3.96311745  
2.413095576  
0.654508172  
-0.9629418745  
-2.120783541  
-2.638770983  
-2.547316295  
-2.0920187  
-1.659781723  
-1.645298977  
-2.301556577  
-3.628330337  
-5.34341318  
-6.954638254  
-7.915355159  
-7.814519796  
-6.536660122  
-4.333408732  
-1.775752672  
0.4040987974  
1.533883573  
1.214729049  
-0.5438853212  
-3.313992043  
-6.369605108  
-8.90033952  
-10.2497366  
-10.10185654  
-8.557430445  
-6.078112025  
-3.321490836  
-0.9249960705  
0.6881268111  
1.417901359  
1.480448626  
1.294437558  
1.30738989  
1.826775641  
2.91592665  
4.388557456  
5.89826957  
7.084491402  
7.716655932  
7.780777351  
7.475777433  
7.121983289  
7.018114921  
7.30314081  
7.878213637  
8.421989368  
8.497851431  
7.716803868  
5.897799288  
3.166049776  
-0.04958719298  
-3.124301686  
-5.417267161  
-6.465088565  
-6.12429416  
-4.615015633  
-2.451005378  
-0.2792757135  
1.317529163  
1.991276486  
1.716676705  
0.7719488001  
-0.3776658151  
-1.251197579  
-1.519086758  
-1.110948988  
-0.230788971  
0.7214249741  
1.291825529  
1.128884705  
0.1022671131  
-1.652211725  
-3.771942609  
-5.774024342  
-7.191819697  
-7.698422738  
-7.182239161  
-5.758547919  
-3.722427001  
-1.465079529  
0.6175160472  
2.198709263  
3.064588145  
3.126845263  
2.414964215  
1.060333675  
-0.7195175071  
-2.636529998  
-4.354647435  
-5.528115321  
-5.859277768  
-5.169178632  
-3.463276689  
-0.9683088634  
1.881120781  
4.515404224  
6.352911089  
6.944965264  
6.102792659  
3.966717268  
0.9915400938  
-2.154273234  
-4.751653429  
-6.211869362  
-6.223800599  
-4.824772425  
-2.374770765  
0.5569178775  
3.357046908  
5.535004617  
6.84093769  
7.302497529  
7.174166358  
6.820985937  
6.578396035  
6.635279067  
6.97714934  
7.404359453  
7.614389626  
7.316224326  
6.335721118  
4.676063855  
2.514861757  
0.1422502131  
-2.135153544  
-4.088704352  
-5.627006664  
-6.80024385  
-7.750361902  
-8.627558461  
-9.505568496  
-10.32846665  
-10.91034757  
-10.9901858  
-10.32446373  
-8.786139077  
-6.435353386  
-3.535684743  
-0.5070980929  
2.17291974  
4.091683957  
5.010950783  
4.931088056  
4.090592754  
2.900874134  
1.835123071  
1.302835649  
1.544771484  
2.576094477  
4.190782675  
6.022849558  
7.644591309  
8.67347092  
8.859212718  
8.130612724  
6.594659952  
4.4943186  
2.141857804  
-0.1509875816  
-2.127296014  
-3.612878995  
-4.517405402  
-4.817416168  
-4.534834865  
-3.723702267  
-2.471825045  
-0.9151331746  
0.7457073633  
2.241298203  
3.255140922  
3.476072707  
2.674697365  
0.7850940018  
-2.034543015  
-5.388273132  
-8.692145968  
-11.28655405  
-12.59039778  
-12.25936519  
-10.30314015  
-7.121713596  
-3.439645298  
-0.1446697059  
1.934022608  
2.250931911  
0.7093449446  
-2.285285458  
-5.906976891  
-9.111624585  
-10.90979727  
-10.63614499  
-8.138782365  
-3.83185265  
1.407784014  
6.473835643  
10.32920711  
12.28474049  
12.17742435  
10.39633266  
7.749509216  
5.212461743  
3.634317627  
3.489935752  
4.751531146  
6.916138533  
9.17720983  
10.68476695  
10.812663  
9.351177439  
6.568392226  
3.125790679  
-0.1213009163  
-2.373708717  
-3.111719487  
-2.226736958  
-0.02828526233  
2.866362532  
5.717233934  
7.859600268  
8.855253064  
8.558922187  
7.093563907  
4.758853146  
1.91605107  
-1.106247229  
-4.056333449  
-6.749279163  
-9.022519318  
-10.69120568  
-11.53600818  
-11.3399651  
-9.966978862  
-7.452448229  
-4.065535397  
-0.307846198  
3.166277986  
5.694256241  
6.774934323  
6.210233679  
4.170358235  
1.156487149  
-2.132414974  
-4.990002337  
-6.891638825  
-7.623170516  
-7.309922394  
-6.339622585  
-5.208423136  
-4.344523849  
-3.970468426  
-4.050369847  
-4.337453807  
-4.50118836  
-4.284572801  
-3.63121272  
-2.732511837  
-1.974100541  
-1.7973573  
-2.523734556  
-4.205031254  
-6.556238403  
-9.000862497  
-10.82069246  
-11.36577688  
-10.25829954  
-7.523796006  
-3.605090173  
0.7487046839  
4.686049405  
7.48806945  
8.763573791  
8.545773153  
7.26380893  
5.601211564  
4.287650644  
3.88880798  
4.656793405  
6.481725673  
8.951866085  
11.49598033  
13.55835845  
14.7506576  
14.93662445  
14.23054579  
12.91927251  
11.34118642  
9.766230774  
8.316836419  
6.952386127  
5.516783932  
3.827384611  
1.771051507  
-0.6272424388  
-3.186717931  
-5.609248729  
-7.560427682  
-8.766234831  
-9.09413801  
-8.593435201  
-7.483041475  
-6.091337313  
-4.766859901  
-3.786566287  
-3.288071018  
-3.244388733  
-3.486841246  
-3.767902824  
-3.844634193  
-3.557937547  
-2.884395804  
-1.945436228  
-0.9707193143  
-0.2258597618  
0.07462228344  
-0.1570079463  
-0.8416498411  
-1.744116247  
-2.535620379  
-2.893128627  
-2.60778024  
-1.668844876  
-0.2935745309  
1.113121504  
2.064964533  
2.141023001  
1.131478361  
-0.8636313316  
-3.419308283  
-5.868671997  
-7.469597722  
-7.612688036  
-6.011248417  
-2.813996288  
1.400111555  
5.752428862  
9.28997982  
11.24386133  
11.24495624  
9.430258606  
6.403680339  
3.058655321  
0.3130672091  
-1.163986527  
-1.149232319  
0.07642207851  
1.828216904  
3.246435789  
3.582104307  
2.448217754  
-0.04513036375  
-3.317020449  
-6.496953333  
-8.704082018  
-9.334663796  
-8.263924416  
-5.895214574  
-3.038090077  
-0.6525566181  
0.4593721242  
-0.08440257062  
-2.115775105  
-4.961172756  
-7.648679016  
-9.21278004  
-9.000582797  
-6.882757135  
-3.302735361  
0.8511356943  
4.51024581  
6.744780437  
7.039167345  
5.44105276  
2.541530394  
-0.7033313233  
-3.252087803  
-4.273091245  
-3.368884842  
-0.6688591804  
3.228561442  
7.437888442  
11.03242172  
13.28041786  
13.80768985  
12.65032015  
10.19649552  
7.047888183  
3.849464181  
1.137990455  
-0.7541305523  
-1.72538543  
-1.870300462  
-1.407153605  
-0.5973215118  
0.3198740011  
1.164292079  
1.82407875  
2.245500973  
2.415226135  
2.344257623  
2.057441683  
1.587619171  
0.9713559996  
0.2443430657  
-0.5625630404  
-1.423269746  
-2.309128098  
-3.174448718  
-3.940018842  
-4.484037555  
-4.650537462  
-4.280908859  
-3.265426494  
-1.601586818  
0.561111944  
2.910901129  
5.011328974  
6.385761667  
6.631237814  
5.531225839  
3.132625683  
-0.2402823424  
-4.045088948  
-7.641731883  
-10.44256882  
-12.04997099  
-12.34205016  
-11.48261696  
-9.854756162  
-7.94072222  
-6.186597062  
-4.89281357  
-4.160777088  
-3.905456959  
-3.921249303  
-3.971862691  
-3.86991903  
-3.519795869  
-2.914476468  
-2.096697891  
-1.108873462  
0.04055947895  
1.375642295  
2.915020248  
4.615050213  
6.323383197  
7.772252452  
8.627344251  
8.586212189  
7.497533008  
5.458528036  
2.848715113  
0.2751981829  
-1.566936483  
-2.085193399  
-0.9757144553  
1.655094756  
5.277743038  
9.048624236  
12.01619985  
13.36827654  
12.64949096  
9.885290596  
5.575953485  
0.5630851835  
-4.191047726  
-7.846057949  
-9.878269692  
-10.17558809  
-9.012988087  
-6.926180014  
-4.530500296  
-2.344706671  
-0.6721702493  
0.4314209117  
1.105584898  
1.577010963  
2.040483926  
2.572117276  
3.102446758  
3.453102742  
3.417854836  
2.854679637  
1.754417126  
0.2625829194  
-1.350787698  
-2.760236393  
-3.668099165  
-3.875365027  
-3.321291275  
-2.086007788  
-0.3630829386  
1.583355363  
3.462057072  
4.989758507  
5.917401359  
6.05319376  
5.288953253  
3.631119627  
1.229293628  
-1.611984356  
-4.454002253  
-6.786321455  
-8.126565805  
-8.137281389  
-6.727837579  
-4.107024868  
-0.7621931419  
2.638918094  
5.402865494  
6.980644068  
7.103745985  
5.844218592  
3.578890746  
0.8678692994  
-1.714737365  
-3.743846371  
-5.048025755  
-5.723061492  
-6.052958457  
-6.368874529  
-6.898188724  
-7.659460621  
-8.44272204  
-8.883791477  
-8.606796448  
-7.383061445  
-5.246623151  
-2.520234747  
0.2634333992  
2.523155118  
3.819708249  
4.009085938  
3.301799493  
2.202244405  
1.343141251  
1.267613597  
2.232181845  
4.100093171  
6.366304645  
8.31208908  
9.242670877  
8.731123495  
6.786186034  
3.883803728  
0.8451713898  
-1.405771912  
-2.131458583  
-1.024590385  
1.673461452  
5.222091565  
8.588529338  
10.75179353  
11.01069497  
9.199731969  
5.743908217  
1.53281797  
-2.349442784  
-4.956426644  
-5.770945962  
-4.864679855  
-2.874008963  
-0.7964009538  
0.3326918132  
-0.2154552971  
-2.603171088  
-6.334855423  
-10.36778771  
-13.39941281  
-14.25178018  
-12.2427285  
-7.433996047  
-0.6789726534  
6.551874319  
12.52724205  
15.70003011  
15.12139035  
10.71006938  
3.30105893  
-5.543407746  
-13.91314063  
-20.0204875  
-22.63789633  
-21.38721081  
-16.80546761  
-10.17262277  
-3.151001558  
2.663253084  
6.153851808  
6.951708176  
5.486733673  
2.815879479  
0.2817891849  
-0.896943685  
0.01424851174  
3.05738722  
7.580984112  
12.44182298  
16.34604657  
18.2269841  
17.54867196  
14.44846281  
9.681431274  
4.388857286  
-0.2355916281  
-3.280152604  
-4.351120357  
-3.645072383  
-1.843209072  
0.1317962355  
1.41591561  
1.466387465  
0.208257581  
-1.974048555  
-4.388837736  
-6.277050404  
-7.059206319  
-6.510480707  
-4.812096322  
-2.469642989  
-0.1324484389  
1.62154158  
2.463142521  
2.39556467  
1.722282909  
0.9166646894  
0.4426765602  
0.5897470565  
1.376852548  
2.554747627  
3.700750001  
4.369477439  
4.245949126  
3.249291242  
1.554618785  
-0.4701737765  
-2.387310962  
-3.827795647  
-4.599316889  
-4.730079031  
-4.43866349  
-4.045194569  
-3.857167074  
-4.068822468  
-4.705062677  
-5.62342934  
-6.567541515  
-7.249719608  
-7.434220145  
-6.99651968  
-5.94569895  
-4.410889754  
-2.603511011  
-0.771310626  
0.8426356912  
2.029889766  
2.637042006  
2.581894841  
1.869547807  
0.6071542049  
-0.9902295531  
-2.613279421  
-3.899448827  
-4.500634045  
-4.165006976  
-2.810815027  
-0.5668121367  
2.239583779  
5.150501976  
7.687465816  
9.472120352  
10.3203636  
10.27838413  
9.587025191  
8.58500295  
7.583386918  
6.755441509  
6.082069245  
5.374389448  
4.367351238  
2.851318491  
0.7923237123  
-1.607094884  
-3.935524821  
-5.686585608  
-6.424571603  
-5.945273636  
-4.372681753  
-2.150734285  
0.07622369058  
1.66165126  
2.171108472  
1.540210788  
0.1185486556  
-1.42272852  
-2.297188691  
-1.861458508  
0.1562857175  
3.533320668  
7.578936786  
11.30791305  
13.711294  
14.04328255  
12.03720431  
7.985315964  
2.659624553  
-2.900190895  
-7.665806819  
-10.88226479  
-12.23780063  
-11.89814327  
-10.40556843  
-8.483855436  
-6.815400969  
-5.859012922  
-5.75736723  
-6.349750295  
-7.270902134  
-8.092124897  
-8.453786634  
-8.149337762  
-7.144256303  
-5.539105351  
-3.504393477  
-1.220052343  
1.156596874  
3.488225702  
5.632625117  
7.419136886  
8.649108696  
9.130927234  
8.741992847  
7.493941858  
5.57076682  
3.315880966  
1.161807601  
-0.4813232478  
-1.343945979  
-1.380715771  
-0.7871486399  
0.06154072539  
0.7329461651  
0.881947114  
0.3679784855  
-0.6964789444  
-1.984852357  
-3.071070518  
-3.580871952  
-3.326938228  
-2.379755321  
-1.048133462  
0.2247384952  
1.01355632  
1.05752248  
0.3487937371  
-0.8694066968  
-2.194801537  
-3.215273403  
-3.660991965  
-3.503223253  
-2.96208123  
-2.418080178  
-2.257662682  
-2.708155735  
-3.723573989  
-4.966655743  
-5.899719302  
-5.958438306  
-4.751995749  
-2.221062543  
1.303536841  
5.167298134  
8.568299513  
10.79090305  
11.42382084  
10.49258007  
8.462098461  
6.105584707  
4.27779766  
3.660728093  
4.5583638  
6.802012076  
9.793827527  
12.67458133  
14.56538294  
14.81282379  
13.16832596  
9.853838443  
5.500113519  
0.9797447892  
-2.815539187  
-5.192221314  
-5.811956259  
-4.753310291  
-2.470794832  
0.330152114  
2.865284861  
4.447107109  
4.624771366  
3.262080683  
0.5438593217  
-3.083261981  
-7.017720072  
-10.63290179  
-13.40371056  
-15.00605776  
-15.3712555  
-14.68550108  
-13.33461697  
-11.8049894  
-10.56154621  
-9.930324156  
-10.01444256  
-10.66644022  
-11.52723928  
-12.12491885  
-12.00932252  
-10.88650428  
-8.714492668  
-5.730602984  
-2.39904262  
0.7092632793  
3.071591218  
4.358147647  
4.522995405  
3.812784272  
2.689413949  
1.689463896  
1.263308379  
1.643814478  
2.785601508  
4.393692876  
6.031788859  
7.274597262  
7.854125657  
7.751429465  
7.202838721  
6.61742717  
6.431784219  
6.949228896  
8.216651544  
9.981142521  
11.74366234  
12.89638255  
12.90347239  
11.47069382  
8.651675817  
4.857343322  
0.7639198746  
-2.854922722  
-5.323966245  
-6.23491538  
-5.540933543  
-3.553110393  
-0.8435962386  
1.913530086  
4.116305212  
5.374856452  
5.581080896  
4.894460082  
3.655825504  
2.261232102  
1.03753048  
0.1574943009  
-0.3827426137  
-0.7225616397  
-1.051343288  
-1.511550696  
-2.125903025  
-2.77505956  
-3.234558645  
-3.259218582  
-2.686407272  
-1.521892186  
0.0239075344  
1.566570822  
2.641264228  
2.834260577  
1.913196973  
-0.0855152126  
-2.842926728  
-5.826973027  
-8.429095397  
-10.12995849  
-10.6448879  
-10.00338785  
-8.535481135  
-6.765802187  
-5.245879355  
-4.37633643  
-4.27656031  
-4.746780391  
-5.339396201  
-5.521101655  
-4.87578963  
-3.281298435  
-0.9971065473  
1.374722931  
3.053492954  
3.325183836  
1.795172955  
-1.433902522  
-5.723482975  
-10.02409591  
-13.13806627  
-14.04897616  
-12.22178308  
-7.781561531  
-1.511931554  
5.333025757  
11.35302157  
15.36941447  
16.72954054  
15.45903569  
12.21964561  
8.089479042  
4.236369072  
1.586111527  
0.5858946435  
1.129986745  
2.660922633  
4.402790824  
5.64250364  
5.963195087  
5.354595543  
4.17049292  
2.957515018  
2.223600481  
2.233580156  
2.907071879  
3.855071214  
4.540138896  
4.499397311  
3.545848481  
1.870355092  
0.001845722146  
-1.365728724  
-1.622074107  
-0.4779151982  
1.895069519  
4.876445437  
7.564765723  
9.050569838  
8.70689909  
6.401480419  
2.558990181  
-1.949543265  
-6.056645128  
-8.808679257  
-9.638613448  
-8.516834099  
-5.936551505  
-2.744566421  
0.1228050825  
1.911204788  
2.242061004  
1.174125768  
-0.8749579267  
-3.307895719  
-5.558063756  
-7.256572345  
-8.30337983  
-8.828662539  
-9.071928337  
-9.235068485  
-9.371621656  
-9.356715343  
-8.947943879  
-7.91014165  
-6.150921669  
-3.808655039  
-1.252189154  
1.014754371  
2.514498398  
2.965103225  
2.39624312  
1.16572192  
-0.1349987127  
-0.858906191  
-0.5080626733  
1.102547196  
3.776088014  
6.982393529  
10.00750901  
12.155169  
12.93588544  
12.18611625  
10.08572586  
7.076876783  
3.71906242  
0.53252733  
-2.119541167  
-4.078668664  
-5.36558155  
-6.104775705  
-6.437402231  
-6.459290627  
-6.205213872  
-5.677584523  
-4.897535684  
-3.947107177  
-2.97649797  
-2.167611222  
-1.666801583  
-1.516309432  
-1.617988739  
-1.75198439  
-1.651010823  
-1.106376359  
-0.0652096628  
1.322978879  
2.736295075  
3.784715164  
4.156111466  
3.751285635  
2.753665756  
1.598620039  
0.8420124575  
0.965631839  
2.184605796  
4.32771787  
6.842017936  
8.933370578  
9.807557337  
8.938502357  
6.275030371  
2.311923835  
-2.008413268  
-5.543339732  
-7.276223999  
-6.622670871  
-3.620571323  
1.058119131  
6.281068947  
10.76407301  
13.42151245  
13.65339843  
11.48467732  
7.51993554  
2.734962351  
-1.823519619  
-5.333048104  
-7.395127577  
-8.084357657  
-7.843479843  
-7.271276059  
-6.882546452  
-6.92390156  
-7.305319977  
-7.664474022  
-7.534128638  
-6.548327004  
-4.611794586  
-1.972030896  
0.8313921446  
3.12312527  
4.301296396  
4.030362373  
2.354913491  
-0.3011599156  
-3.248405477  
-5.721562407  
-7.086877612  
-7.006335292  
-5.51474038  
-2.994128085  
-0.0605004244  
2.599240835  
4.39305543  
4.95064959  
4.18617176  
2.291730053  
-0.3256457193  
-3.140871406  
-5.617105063  
-7.301779939  
-7.899993298  
-7.319079647  
-5.681694207  
-3.305848883  
-0.6516011656  
1.762529716  
3.463637115  
4.130813837  
3.678968905  
2.294334623  
0.4037079385  
-1.424350198  
-2.627476858  
-2.809113125  
-1.862952102  
-0.02026986095  
2.202249329  
4.147051887  
5.215009612  
5.060690213  
3.721120532  
1.63209879  
-0.4808933052  
-1.810695406  
-1.715499904  
0.07066180585  
3.331627546  
7.404402208  
11.35005652  
14.21133555  
15.27976541  
14.29091287  
11.48824344  
7.537206586  
3.31824315  
-0.334582889  
-2.866439221  
-4.133828828  
-4.3977316  
-4.185590893  
-4.072698072  
-4.458958631  
-5.416933826  
-6.661774813  
-7.651966784  
-7.785727307  
-6.626140313  
-4.07899539  
-0.4634005293  
3.549139918  
7.10858306  
9.418566467  
9.954893576  
8.604426103  
5.685416015  
1.84853772  
-2.105586975  
-5.43354631  
-7.619134961  
-8.461295599  
-8.064897545  
-6.751232211  
-4.928282628  
-2.968280752  
-1.130437098  
0.4549369119  
1.749741769  
2.746529493  
3.41597244  
3.689294215  
3.483400419  
2.755722906  
1.560970592  
0.07905723742  
-1.40623885  
-2.578732457  
-3.190835247  
-3.158695648  
-2.61400137  
-1.887062336  
-1.418482438  
-1.622060262  
-2.740724033  
-4.743016792  
-7.297400306  
-9.838279437  
-11.70871912  
-12.33969845  
-11.41303221  
-8.959051339  
-5.359424351  
-1.254304489  
2.618411997  
5.604358798  
7.28272583  
7.544917952  
6.585141001  
4.813507901  
2.724424647  
0.7634201751  
-0.7685400936  
-1.7503659  
-2.214986563  
-2.281625199  
-2.07707759  
-1.676478823  
-1.082943278  
-0.2483099805  
0.8791781498  
2.304096125  
3.95348423  
5.680667253  
7.302063534  
8.651590709  
9.62960836  
10.22506035  
10.50028538  
10.54348257  
10.40811471  
10.06579998  
9.396156157  
8.224137501  
6.397060606  
3.87623553  
0.8087362532  
-2.452640152  
-5.398523618  
-7.47601859  
-8.237467613  
-7.481245939  
-5.338770482  
-2.274844696  
1.006832822  
3.73218484  
5.254393169  
5.224526467  
3.684873916  
1.056171766  
-1.979033981  
-4.663881782  
-6.371317804  
-6.765922198  
-5.877707133  
