5.339056294  
6.696904932  
7.462571404  
7.779870026  
7.753278537  
7.38870256  
6.605226271  
5.308310571  
3.487201818  
1.288072355  
-0.9762415635  
-2.892738782  
-4.07141659  
-4.279935833  
-3.536651796  
-2.121915303  
-0.4973371815  
0.8421761883  
1.531858397  
1.456175143  
0.7783468969  
-0.1326640656  
-0.852427884  
-1.073547784  
-0.7353918877  
-0.06033715436  
0.5205972461  
0.5288721406  
-0.3707522222  
-2.219725869  
-4.713076384  
-7.268289698  
-9.196084114  
-9.916434264  
-9.145962821  
-6.991727474  
-3.918684998  
-0.6021174223  
2.283744595  
4.267867569  
5.206754794  
5.291042813  
4.937053475  
4.60688854  
4.625266148  
5.060648224  
5.712992265  
6.209967631  
6.172806065  
5.386972911  
3.911134409  
2.080907347  
0.4032525692  
-0.6215149308  
-0.6852954924  
0.203581323  
1.705437668  
3.252646577  
4.237838091  
4.222268342  
3.091465651  
1.102760038  
-1.193563831  
-3.134063511  
-4.162518688  
-4.016595413  
-2.818050015  
-1.036534338  
0.6603336278  
1.620493515  
1.41444514  
-0.03050628856  
-2.40948015  
-5.135582008  
-7.517583676  
-8.961431848  
-9.133333648  
-8.038172545  
-5.996461383  
-3.534983133  
-1.230517072  
0.4446879738  
1.233578517  
1.137355303  
0.3895046794  
-0.6220358903  
-1.457774563  
-1.728209417  
-1.175063369  
0.2770954341  
2.500718769  
5.175585309  
7.828931884  
9.905537856  
10.86549755  
10.30022775  
8.046895818  
4.272416395  
-0.5040797368  
-5.47274572  
-9.680999585  
-12.24401188  
-12.5690267  
-10.53135672  
-6.544766929  
-1.493362528  
3.469365886  
7.207550102  
8.898774967  
8.253214828  
5.5888555  
1.736331988  
-2.201802159  
-5.167112824  
-6.441907413  
-5.836815816  
-3.713719273  
-0.8404926093  
1.872458462  
3.666739739  
4.166028059  
3.469095631  
2.080062753  
0.7048139646  
-0.01330249568  
0.2733848561  
1.494174264  
3.187598445  
4.666936501  
5.264106512  
4.566554219  
2.565723659  
-0.332441458  
-3.436170709  
-5.989234332  
-7.40785429  
-7.452765803  
-6.28065423  
-4.362549467  
-2.303141074  
-0.6283590956  
0.3828951133  
0.7652561468  
0.8124413954  
0.9268877793  
1.432864563  
2.424805369  
3.708784672  
4.860487416  
5.380051947  
4.888336522  
3.2930551  
0.8625769234  
-1.823384409  
-4.034450241  
-5.111048573  
-4.674333126  
-2.754846841  
0.2036232503  
3.467996316  
6.229178456  
7.837659464  
7.987872546  
6.79496504  
4.742380334  
2.51947717  
0.8019063801  
0.04358314562  
0.3431840792  
1.42321959  
2.724236495  
3.582189932  
3.433768888  
1.98878297  
-0.6787311976  
-4.143459018  
-7.738117613  
-10.72535851  
-12.48373814  
-12.65868033  
-11.24189509  
-8.563654916  
-5.205103351  
-1.856601427  
0.8412305472  
2.436135147  
2.75256836  
1.913345795  
0.2939227037  
-1.576846843  
-3.145046009  
-3.959840277  
-3.773360433  
-2.59125456  
-0.6640217825  
1.577573314  
3.627195452  
5.022919095  
5.454345995  
4.831986852  
3.303536884  
1.214800305  
-0.9731835868  
-2.788993463  
-3.851380883  
-3.942175699  
-3.037110361  
-1.292332067  
1.003999616  
3.498047684  
5.835930526  
7.714196778  
8.908602494  
9.282955028  
8.78560057  
7.442328883  
5.351556256  
2.682131453  
-0.3308865551  
-3.399282928  
-6.208376408  
-8.456763132  
-9.902143908  
-10.40168398  
-9.934977905  
-8.602139065  
-6.597292729  
-4.165920269  
-1.559727962  
0.9973405275  
3.323795611  
5.276671797  
6.738118589  
7.605996992  
7.799946  
7.286343932  
6.114531159  
4.447488626  
2.567050865  
0.839429171  
-0.3598731494  
-0.7460910633  
-0.2207259321  
1.0714723  
2.750798929  
4.284278277  
5.12473931  
4.869675297  
3.391351447  
0.8942783445  
-2.123612804  
-5.000097424  
-7.092149119  
-7.958450487  
-7.483544991  
-5.903495113  
-3.724117032  
-1.557983721  
0.06651388363  
0.8612987365  
0.8488845395  
0.3250643258  
-0.2707118315  
-0.5301097088  
-0.233093525  
0.568859862  
1.573423305  
2.34474144  
2.485093929  
1.798350525  
0.3844590317  
-1.372139587  
-2.919972061  
-3.725680349  
-3.463508382  
-2.14245743  
-0.1245017776  
1.976121978  
3.481891119  
3.867975275  
2.934111738  
0.8753796778  
-1.771595822  
-4.2894738  
-5.995630928  
-6.443037111  
-5.543770171  
-3.57945649  
-1.100557993  
1.247985772  
2.915925751  
3.592026707  
3.262880772  
2.17656379  
0.7333570543  
-0.6527565388  
-1.673371135  
-2.189797559  
-2.229852728  
-1.930540435  
0.07896050299  
-2.194091471  
-5.070338526  
-7.779751544  
-9.515581981  
-9.692501593  
-8.148080371  
-5.217550116  
-1.652090228  
1.597447485  
3.663829717  
4.022879425  
2.645368624  
-0.006617780728  
-3.134874232  
-5.857752324  
-7.475136873  
-7.65923375  
-6.513006473  
-4.485819007  
-2.185435162  
-0.1595938089  
1.273102543  
2.08580603  
2.485135645  
2.764220713  
3.13249534  
3.5949413  
3.932472044  
3.793929049  
2.864482739  
1.042575728  
-1.449215363  
-4.071907554  
-6.105613181  
-6.873211912  
-5.976671544  
-3.461139751  
0.1565843196  
4.013311833  
7.143153186  
8.762178722  
8.500593871  
6.505616007  
3.381513255  
-0.01142312765  
-2.829832761  
-4.499863606  
-4.8662363  
-4.192672911  
-3.021454464  
-1.94889091  
-1.400990164  
-1.490419515  
-2.003402675  
-2.515954331  
-2.590750207  
-1.976734299  
-0.7334135834  
0.769204758  
1.977112053  
2.359572621  
1.620547528  
-0.1651577444  
-2.544109159  
-4.812095059  
-6.236043068  
-6.294287947  
-4.852330582  
-2.213253234  
0.9745797043  
3.920771608  
5.937935094  
6.64644107  
6.07273865  
4.613118886  
2.881391914  
1.497239538  
0.8890244221  
1.175475602  
2.159487247  
3.426362568  
4.503365993  
5.019724744  
4.811689464  
3.942396834  
2.640506108  
1.191555444  
-0.1695587048  
-1.322133224  
-2.258840191  
-3.02940483  
-3.661779815  
-4.102733183  
-4.210271144  
-3.806246235  
-2.769234802  
-1.127028286  
0.8959105019  
2.905487641  
4.440085446  
5.116681276  
4.768510253  
3.519792075  
1.76255965  
0.0354119925  
-1.158643908  
-1.532224673  
-1.124788296  
-0.2995294231  
0.3801957969  
0.357085144  
-0.7015572216  
-2.75176571  
-5.346557627  
-7.752500959  
-9.176460934  
-9.029210105  
-7.136433556  
-3.822184935  
0.1688107297  
3.889504884  
6.48047948  
7.436573138  
6.761293367  
4.956549681  
2.849877869  
1.315702895  
0.9828089644  
2.024794856  
4.102603465  
6.477407537  
8.255593684  
8.684394188  
7.400962279  
4.554324289  
0.7625270551  
-3.078507081  
-6.070390111  
-7.582690256  
-7.433565171  
-5.927369614  
-3.743340018  
-1.716217893  
-0.5811506253  
-0.7618339958  
-2.262391092  
-4.687521161  
-7.374897192  
-9.591880703  
-10.7346209  
-10.47394818  
-8.814872328  
-6.065536222  
-2.737381628  
0.5869744292  
3.380403858  
5.264862625  
6.059775851  
5.787375229  
4.645607887  
2.960772638  
1.128728631  
-0.4504812638  
-1.441025044  
-1.636363586  
-1.009523332  
0.2666266357  
1.842737552  
3.264761399  
4.084419787  
3.983008815  
2.873162612  
0.9438681489  
-1.372507745  
-3.509172367  
-4.922120293  
-5.248892895  
-4.417579549  
-2.667906596  
-0.4737656946  
1.610197646  
3.127942772  
3.866179382  
3.912173356  
3.602961119  
3.381975682  
3.613389159  
4.422042021  
5.620564441  
6.756087621  
7.266481434  
6.694903959  
4.886858208  
2.09543369  
-1.051109063  
-3.718698593  
-5.12427776  
-4.796821501  
-2.753137003  
0.4761268686  
3.986404887  
6.765481035  
8.002228351  
7.337276509  
4.972155388  
1.599419604  
-1.824124733  
-4.386073055  
-5.505957397  
-5.105674794  
-3.606668964  
-1.75710872  
-0.3507684405  
0.06334510776  
-0.6215485827  
-2.035151724  
-3.470666766  
-4.151819641  
-3.532246304  
-1.520607104  
1.450675016  
4.541565539  
6.769831721  
7.337512359  
5.907497668  
2.734547731  
-1.396649963  
-5.408841384  
-8.267920143  
-9.306233891  
-8.426419596  
-6.118478717  
-3.28527664  
-0.9355887173  
0.1523607996  
-0.3150798148  
-2.058837258  
-4.332102345  
-6.181014589  
-6.772310359  
-5.678172662  
-3.02438501  
0.5452195853  
4.073411235  
6.593272132  
7.429863549  
6.401984635  
3.861635437  
0.5638344899  
-2.58478069  
-4.812345459  
-5.708850269  
-5.323117985  
-4.104861704  
-2.719165323  
-1.801697261  
-1.739225481  
-2.547368028  
-3.88149303  
-5.170364309  
-5.821537747  
-5.426130353  
-3.894415315  
-1.480447169  
1.306803675  
3.8703567  
5.710751256  
6.568191713  
6.477669905  
5.725313329  
4.728009434  
3.882473417  
3.436815064  
3.426109784  
3.688689573  
3.951174993  
3.947780437  
3.53026441  
2.731240103  
1.761953491  
0.9488363204  
0.6328396284  
1.065426975  
2.332857696  
4.328176954  
6.773494673  
9.280174176  
11.42620141  
12.8300597  
13.20716582  
12.40428248  
10.4147177  
7.379796145  
3.579730369  
-0.5879567492  
-4.64781113  
-8.108012623  
-10.54186037  
-11.67648847  
-11.46657413  
-10.12707314  
-8.104754503  
-5.98367082  
-4.340822705  
-3.58807267  
-3.847237831  
-4.901548719  
-6.247537882  
-7.241351326  
-7.301718775  
-6.109121624  
-3.735923629  
-0.6588953303  
2.36009656  
4.497142849  
5.128585061  
4.049907244  
1.576399297  
-1.516357676  
-4.205092627  
-5.527406823  
-4.894382412  
-2.307926629  
1.592370065  
5.678720198  
8.646535476  
9.40089733  
7.403583304  
2.872870745  
-3.23118844  
-9.440894459  
-14.17316897  
-16.16966888  
-14.85736732  
-10.52332222  
-4.250368333  
2.370105397  
7.667356231  
10.34061626  
9.80190765  
6.318009688  
0.9165339134  
-4.910878307  
-9.618590445  
-12.01204469  
-11.53635762  
-8.375727313  
-3.348732894  
2.35653596  
7.521251533  
11.20795093  
12.96161668  
12.8550878  
11.38372427  
9.257746197  
7.165707742  
5.582601917  
4.673924875  
4.3111467  
4.177484506  
3.916979556  
3.272113716  
2.16609916  
0.7100417176  
-0.8568721354  
-2.264095802  
-3.30415177  
-3.891082424  
-4.066179842  
-3.95529017  
-3.699647279  
-3.389991985  
-3.029985732  
-2.541708612  
-1.80892083  
-0.7394064513  
0.6788655035  
2.349719606  
4.079513648  
5.622545434  
6.744490699  
7.281544784  
7.175704927  
6.476534517  
5.312510054  
3.84588465  
2.229629471  
0.5821765842  
-1.013389059  
-2.490360033  
-3.773389466  
-4.764035518  
-5.349121893  
-5.433985459  
-4.990685903  
-4.102216078  
-2.981472148  
-1.949775607  
-1.37233611  
-1.563320116  
-2.685728078  
-4.676636798  
-7.224122316  
-9.80929048  
-11.80877028  
-12.63537235  
-11.88255668  
-9.435686574  
-5.520485225  
-0.6746916786  
4.351964537  
8.746748653  
11.79769348  
13.03534483  
12.32191819  
9.870303489  
6.191596731  
1.985191171  
-2.003261969  
-5.125587593  
-6.947535234  
-7.316083855  
-6.366660692  
-4.47190462  
-2.145191737  
0.07897291134  
1.761339703  
2.645871781  
2.700603185  
2.103640547  
1.179591853  
0.3038290332  
-0.1997950317  
-0.1405532379  
0.499712735  
1.578750984  
2.851898218  
4.056340023  
4.993823105  
5.584610773  
5.874914671  
5.99589598  
6.089500894  
6.229029404  
6.365762559  
6.325324056  
5.860619577  
4.747476821  
2.891606351  
0.4077137973  
-2.362933337  
-4.91207388  
-6.691488416  
-7.273369472  
-6.494931595  
-4.538422214  
-1.914351827  
0.6556292684  
2.428041166  
2.84608163  
1.70523693  
-0.7759784611  
-4.00509872  
-7.173716715  
-9.479994514  
-10.35088247  
-9.59849682  
-7.464759227  
-4.542133195  
-1.59562574  
0.659466602  
1.757563199  
1.602600369  
0.4756458646  
-1.066829749  
-2.368755927  
-2.869005138  
-2.257216379  
-0.5489631982  
1.934680775  
4.668815834  
7.071121202  
8.647781146  
9.099761876  
8.367482613  
6.613255715  
4.158695099  
1.403298751  
-1.251228421  
-3.455816325  
-4.945427839  
-5.553912782  
-5.222356307  
-4.007132005  
-2.085935258  
0.2471130189  
2.608493159  
4.580615686  
5.790912478  
5.997787673  
5.158241633  
3.452223855  
1.249021178  
-0.981401534  
-2.79010879  
-3.868462666  
-4.127376489  
-3.709822371  
-2.931035663  
-2.165050373  
-1.715028453  
-1.711280682  
-2.071911075  
-2.539588129  
-2.781163792  
-2.514439807  
-1.616534651  
-0.1748014494  
1.537896333  
3.154056773  
4.334754119  
4.879430687  
4.781825574  
4.21220925  
3.434608212  
2.693224282  
2.114769327  
1.667767886  
1.197406692  
0.5235768267  
-0.4379639301  
-1.584494379  
-2.610912824  
-3.088761273  
-2.62136296  
-1.02311477  
1.545859654  
4.550541759  
7.185949867  
8.598390881  
8.160195218  
5.708257892  
1.659253489  
-3.052009012  
-7.209294003  
-9.665520881  
-9.702669215  
-7.285254543  
-3.118177363  
1.522322334  
5.144607303  
6.482463711  
4.887145195  
0.5471051773  
-5.53800674  
-11.827577  
-16.67667149  
-18.80825515  
-17.67779455  
-13.61951992  
-7.731291453  
-1.5359871  
3.473994965  
6.267802956  
6.551721846  
4.809377922  
2.101962654  
-0.3011074168  
-1.339731028  
-0.4962771689  
2.057273207  
5.537771258  
8.822022943  
10.81825992  
10.81748825  
8.715255153  
5.039289271  
0.7816758761  
-2.905150578  
-5.050101622  
-5.137785328  
-3.236709844  
0.04870709588  
3.777455852  
6.954433532  
8.808344003  
8.985616181  
7.612155912  
5.21729648  
2.554077308  
0.3755300078  
-0.7679814406  
-0.6589644038  
0.5547796065  
2.421960811  
4.317170494  
5.599167893  
5.759547013  
4.532288297  
1.947905878  
-1.671371251  
-5.76946541  
-9.655520472  
-12.62863063  
-14.10968907  
-13.75911969  
-11.55774901  
-7.830317859  
-3.198947529  
1.532213188  
5.542461211  
8.17489673  
9.087149681  
8.330266997  
6.329229103  
3.764473456  
1.382816523  
-0.2107917934  
-0.7203630269  
-0.2339897241  
0.8177216747  
1.809217244  
2.129345773  
1.387593998  
-0.4482133207  
-3.02743786  
-5.714666745  
-7.780232151  
-8.623266315  
-7.956565221  
-5.894739617  
-2.918470762  
0.2721744067  
2.966768244  
4.647909572  
5.124355478  
4.553815986  
3.352896626  
2.029227314  
0.9958626696  
0.4323315847  
0.2389628065  
0.09791312697  
-0.3830004527  
-1.496182769  
-3.292608533  
-5.524175352  
-7.692840276  
-9.193006982  
-9.502074485  
-8.357551443  
-5.863008541  
-2.487614063  
1.042565024  
3.930075588  
5.514336649  
5.443224457  
3.761421525  
0.8948052122  
-2.459612117  
-5.503627768  
-7.520163085  
-8.022301238  
-6.837557841  
-4.116699339  
-0.2765591952  
4.099820955  
8.37782074  
11.97642099  
14.44860107  
15.53106179  
15.16425662  
13.48645672  
10.8051525  
7.548021319  
4.196184787  
1.205789111  
-1.070892636  
-2.448957023  
-2.942195623  
-2.750129003  
-2.199006594  
-1.648362818  
-1.386780671  
-1.546538673  
-2.063852126  
-2.699376446  
-3.115550116  
-2.98907496  
-2.124344265  
-0.5316624843  
1.556114697  
3.736106096  
5.5426848  
6.577215537  
6.62012391  
5.690282572  
4.033139948  
2.04177143  
0.1362573876  
-1.360000718  
-2.308001443  
-2.777979287  
-3.005159632  
-3.292691718  
-3.894845545  
-4.91932289  
-6.280692686  
-7.719849443  
-8.882846147  
-9.43348472  
-9.163609599  
-8.06620265  
-6.348462291  
-4.38074953  
-2.596814724  
-1.374826588  
-0.9336289922  
-1.273233372  
-2.17508387  
-3.260483605  
-4.089899511  
-4.275860609  
-3.580288394  
-1.972790587  
0.362227396  
3.068551254  
5.698453213  
7.809950806  
9.058611302  
9.264488382  
8.441746248  
6.787253898  
4.633242459  
2.376048098  
0.3970309418  
-1.007586424  
-1.674149521  
-1.588061604  
-0.8685313793  
0.271961457  
1.581274573  
2.819855881  
3.798719326  
4.395703094  
4.550083288  
4.243061355  
3.476360605  
2.261272704  
0.625720433  
-1.361624344  
-3.560235189  
-5.736054348  
-7.566248133  
-8.680960703  
-8.740587112  
-7.532929243  
-5.063252812  
-1.606257044  
2.304958837  
5.962407198  
8.627634031  
9.705109228  
8.899654  
6.312412241  
2.443023723  
-1.910153288  
-5.831473938  
-8.506368455  
-9.419273976  
-8.477180263  
-6.024138338  
-2.741852307  
0.5366658986  
3.049041722  
4.299941607  
4.178692581  
2.967874249  
1.244041668  
-0.2979335732  
-1.045047282  
-0.6341042678  
0.9575827129  
3.419731623  
6.206859777  
8.693323274  
10.33865921  
10.81677968  
10.07647878  
8.323052418  
5.934299923  
3.341821451  
0.9154681844  
-1.116115656  
-2.690193523  
-3.879844238  
-4.825853587  
-5.657550176  
-6.430391303  
-7.100305867  
-7.541145213  
-7.597060852  
-7.150375746  
-6.181080464  
-4.797184823  
-3.224714009  
-1.758716912  
-0.6888327165  
-0.2207736626  
-0.4167701972  
-1.172968309  
-2.241552518  
-3.292894184  
-4.001642999  
-4.133526926  
-3.608795519  
-2.524004048  
-1.124867901  
0.2635918514  
1.331137012  
1.874485961  
1.860850959  
1.443051181  
0.9194533399  
0.6476508741  
0.9347454451  
1.93519872  
3.586687701  
5.60495655  
7.542550468  
8.898020342  
9.247005595  
8.359226169  
6.268345245  
3.274233762  
-0.1238837484  
-3.345467195  
-5.865606758  
-7.333769616  
-7.643304353  
-6.935725532  
-5.542870751  
-3.887362956  
-2.372012883  
-1.289108894  
-0.7714384773  
-0.7919730182  
-1.203694058  
-1.800211948  
-2.374858841  
-2.761121785  
-2.847762634  
-2.573391198  
-1.912874567  
-0.8690456109  
0.5224516587  
2.176795564  
3.942775919  
5.599572752  
6.879487908  
7.519081691  
7.32859376  
6.258954739  
4.441869606  
2.18381322  
-0.09171026379  
-1.941906883  
-3.015665547  
-3.144094989  
-2.38146866  
-0.9823494288  
0.6785154961  
2.217652852  
3.348860855  
3.948765688  
4.061320154  
3.842698024  
3.470015342  
3.05107795  
2.572422686  
1.908836349  
0.8938424691  
-0.5740833033  
-2.43149043  
-4.399764036  
-6.013774151  
-6.731627805  
-6.097907154  
-3.910443681  
-0.3341442618  
4.08196473  
8.499954578  
11.98075327  
13.71438067  
13.22722838  
10.5061664  
6.003454555  
0.5219998303  
-4.984288543  
-9.636556081  
-12.82019253  
-14.28884651  
-14.16380916  
-12.84201234  
-10.85154567  
-8.703965011  
-6.786058232  
-5.313689734  
-4.345420479  
-3.833432726  
-3.680682729  
-3.778465205  
-4.013975617  
-4.255727385  
-4.337425082  
-4.062560448  
-3.241714531  
-1.756851344  
0.3703130723  
2.937324663  
5.57400464  
7.818177807  
9.238374813  
9.566095676  
8.790716558  
7.178099956  
5.198019008  
3.377931867  
2.129693151  
1.610008889  
1.667997071  
1.905254738  
1.83400761  
1.081230094  
-0.4347395409  
-2.424484462  
-4.283984666  
-5.279861081  
-4.808045952  
-2.639042113  
0.9398421234  
5.145866808  
8.893915868  
11.1101208  
11.06980501  
8.648479321  
4.397070537  
-0.5936535993  
-5.006031144  
-7.692046694  
-8.028215577  
-6.112619902  
-2.735983566  
0.8692092782  
3.424795899  
4.022319695  
2.4231295  
-0.8559779525  
-4.702115189  
-7.761763691  
-8.879066486  
-7.475888654  
-3.750455302  
1.370355073  
6.510777338  
10.26907809  
11.64912226  
10.36407072  
6.917534794  
2.439139991  
-1.670667221  
-4.172774791  
-4.363078188  
-2.273988471  
1.353020684  
5.307919399  
8.284712396  
9.268268269  
7.818945968  
4.176039085  
-0.8394011112  
-6.080085872  
-10.3999052  
-12.95262376  
-13.37909744  
-11.84189652  
-8.915982452  
-5.385733414  
-2.019506771  
0.6110133574  
2.223841009  
2.823432708  
2.623571019  
1.937063076  
1.073802537  
0.2752166414  
-0.3075760054  
-0.6030531555  
-0.5966447407  
-0.3146212722  
0.1777908229  
0.7696392304  
1.303203731  
1.592870455  
1.468936751  
0.8372501464  
-0.2666221919  
-1.654134312  
-3.009799605  
-3.968307815  
-4.224231775  
-3.640033796  
-2.313529671  
-0.5758550884  
1.087331825  
2.172122135  
2.309103204  
1.382972907  
-0.4222441499  
-2.670353278  
-4.799869701  
-6.290759691  
-6.816810371  
-6.333583144  
-5.073341238  
-3.449985344  
-1.907786198  
-0.7669671688  
-0.1198813017  
0.1864630769  
0.4764110714  
1.107485224  
2.318138788  
4.116724833  
6.252691112  
8.282148503  
9.706844693  
10.1395439  
9.439192888  
7.7691686  
5.55793444  
3.37443613  
1.759105326  
1.065721846  
1.364832928  
2.437925744  
3.860762566  
5.144978187  
5.889210582  
5.890311381  
5.181269924  
3.989168394  
2.634083781  
1.408790551  
0.4830149254  
-0.1356037038  
-0.5743642355  
-1.017451783  
-1.610440677  
-2.385893568  
-3.239114215  
-3.963132337  
-4.328940244  
-4.179616105  
-3.501486643  
-2.443908649  
-1.278358867  
-0.3102857141  
0.2248202319  
0.2429835947  
-0.1599949859  
-0.7457919377  
-1.224980805  
-1.371158465  
-1.116862652  
-0.5951870974  
-0.1086853164  
-0.03183830633  
-0.6769086502  
-2.167122522  
-4.36112668  
-6.858006572  
-9.087361291  
-10.46189243  
-10.5490592  
-9.210505914  
-6.66561949  
-3.456684524  
-0.3213184794  
1.995045607  
2.936117672  
2.287030363  
0.2396339404  
-2.647985517  
-5.588000325  
-7.759872412  
-8.516734987  
-7.548053618  
-4.957603771  
-1.238410728  
2.847114659  
6.44991951  
8.833359835  
9.539665404  
8.485052356  
5.964124868  
2.567323734  
-0.9637703352  
-3.905093646  
-5.701455736  
-6.06690182  
-5.015844633  
-2.825371929  
0.05393747401  
3.110845627  
5.880032552  
8.018678199  
9.341262914  
9.814119362  
9.522108182  
8.624715196  
7.317266144  
5.806023268  
4.29683125  
2.989683537  
2.068694518  
1.680120899  
1.898505131  
2.69007761  
3.888881107  
5.201728048  
6.251568633  
6.656791812  
6.130138255  
4.570302112  
2.116426219  
-0.8572674265  
-3.813671179  
-6.178562676  
-7.48837622  
-7.518346907  
-6.351723798  
-4.365612768  
-2.132903825  
-0.2651544753  
0.7593735862  
0.7318993837  
-0.2282046891  
-1.711680462  
-3.145045325  
-3.967235061  
-3.804447027  
-2.590158341  
-0.5931648078  
1.655852461  
3.51803067  
4.434655537  
4.093898525  
2.526239171  
0.1002909841  
-2.579494345  
-4.842829035  
-6.14154346  
-6.201338221  
-5.094860549  
-3.217181362  
-1.172909738  
0.391445241  
0.9624444018  
0.2947769351  
-1.527777753  
-4.11807252  
-6.887267345  
-9.19287334  
-10.49395501  
-10.47542094  
-9.113660159  
-6.671843588  
-3.630415616  
-0.5723777285  
1.948489965  
3.526669543  
3.985994171  
3.406824157  
2.095244932  
0.5025167645  
-0.8864104053  
-1.669634895  
-1.622831187  
-0.7484763099  
0.73333007  
2.451341672  
3.990720783  
5.013227972  
5.356144502  
5.079931954  
4.447734019  
3.839306558  
3.622533481  
4.020782951  
5.018708181  
6.340174763  
7.511369189  
7.995690447  
7.362698579  
5.439623327  
2.395901884  
-1.270552037  
-4.847046724  
-7.589730598  
-8.923455848  
-8.597093306  
-6.745852912  
-3.840892405  
-0.542351349  
2.496660862  
4.811503965  
6.234347777  
6.895832059  
7.12330597  
7.274973949  
7.572113337  
7.992584328  
8.267386994  
7.984724924  
6.765982432  
4.449288752  
1.209833782  
-2.434915849  
-5.748075287  
-7.991393451  
-8.668815966  
-7.711587793  
-5.535506252  
-2.940575461  
-0.8757649871  
-0.1390539494  
-1.108995266  
-3.598693696  
-6.886745868  
-9.923465816  
-11.65261286  
-11.34860102  
-8.860505147  
-4.681294422  
0.184558357  
4.517184785  
7.249327656  
7.789753256  
6.198505583  
3.157432922  
-0.254680139  
-2.909706517  
-3.987919161  
-3.230176052  
-1.003632354  
1.838532364  
4.255153368  
5.372921825  
4.781454762  
2.669797952  
-0.2404220275  
-2.94207421  
-4.486751376  
-4.310768289  
-2.433656704  
0.5376326623  
3.601073777  
5.68545313  
6.002514183  
4.309435607  
0.9953101373  
-3.036623072  
-6.652152359  
-8.841882528  
-9.0336818  
-7.261026195  
-4.134617422  
-0.629637148  
2.238739682  
3.743207729  
3.667643238  
2.353956713  
0.5599904362  
-0.8210567228  
-1.083590498  
0.03456449669  
2.249885992  
4.819276569  
6.786489001  
7.307407433  
5.946388557  
2.845090356  
-1.293156957  
-5.40033572  
-8.360077654  
-9.342910504  
-8.054304193  
-4.818044066  
-0.4707677581  
3.89609282  
7.262805187  
8.972195036  
8.894610726  
7.419595589  
5.283978924  
3.298921753  
2.069522824  
1.80047406  
2.25008439  
2.844055921  
2.906340884  
1.925504534  
-0.2361556465  
-3.263552894  
-6.468339405  
-9.001964114  
-10.1320596  
-9.490235171  
-7.208161919  
-3.895245016  
-0.4628680884  
2.14960462  
3.259863116  
2.648026228  
0.617603048  
-2.10591279  
-4.604678726  
-6.051775214  
-5.957824798  
-4.304414723  
-1.526035868  
1.647937416  
4.43493665  
6.24308022  
6.838069481  
6.382399836  
5.340516334  
4.288783198  
3.699886222  
3.777531146  
4.397467345  
5.17220448  
5.612928588  
5.328297705  
4.187454298  
2.387856812  
0.4025483123  
-1.175781063  
-1.839959931  
-1.351040033  
0.1658643047  
2.247362454  
4.232033319  
5.468642116  
5.522314873  
4.309406843  
2.116263175  
-0.5031877598  
-2.914710583  
-4.611129325  
-5.368976853  
-5.302114909  
-4.796405097  
-4.351104411  
-4.38490821  
-5.076307754  
-6.295106777  
-7.649276888  
-8.630109318  
-8.803591746  
-7.979112411  
-6.294171801  
-4.182982418  
-2.237541257  
-1.007890716  
-0.8103395693  
-1.610810276  
-3.025503993  
-4.441331209  
-5.217594973  
-4.902222967  
-3.390208055  
-0.9705517409  
1.755208091  
4.057471362  
5.306805181  
5.172605001  
3.728966837  
1.43497968  
-1.002809665  
-2.841015484  
-3.516702983  
-2.805164551  
-0.8731291007  
1.783391699  
4.49166703  
6.594557578  
7.623853967  
7.406640633  
6.081401871  
4.02988024  
1.754913672  
-0.2538523008  
-1.627565883  
-2.175174268  
-1.885998157  
-0.8915485621  
0.590532813  
2.308622327  
4.01270485  
5.472854728  
6.489350443  
6.905738187  
6.631403668  
5.670876729  
4.147999119  
2.309170554  
0.4935791953  
-0.9309360104  
-1.654036368  
-1.507412526  
-0.5203779996  
1.074673212  
2.893562239  
4.496762987  
5.503822126  
5.691708975  
5.047236731  
3.758283942  
2.148137325  
0.5754456845  
-0.6674420399  
-1.425996219  
-1.704827328  
-1.636784744  
-1.41554047  
-1.218648438  
-1.149082489  
-1.21422425  
-1.345944988  
-1.449821915  
-1.461353247  
-1.385910335  
-1.306848937  
-1.359429616  
-1.681529897  
-2.360407439  
-3.395232977  
-4.687950436  
-6.063660889  
-7.31098388  
-8.22699693  
-8.652455588  
-8.489848768  
-7.706024313  
-6.327971318  
-4.441606102  
-2.198286355  
0.1750406429  
2.374386616  
4.040897827  
4.816009485  
4.426054386  
2.777064382  
0.02861334478  
-3.386325798  
-6.817404454  
-9.528486387  
-10.87781471  
-10.49810949  
-8.420166687  
-5.094422809  
-1.292865078  
2.089251831  
4.278313091  
4.841268264  
3.809808247  
1.667922386  
-0.7967050245  
-2.733000316  
-3.483259036  
-2.774604401  
-0.7841706715  
1.94118368  
4.681033225  
6.784694632  
7.877427477  
7.959109678  
7.363663645  
6.597826907  
6.121673737  
6.154934505  
6.584123658  
7.008483831  
6.910691495  
5.889815592  
3.867293805  
1.18224921  
-1.470299525  
-3.248335509  
-3.453045515  
-1.799726757  
1.431163097  
5.426893724  
9.061734998  
11.2391844  
11.2467354  
9.002320323  
5.103004918  
0.6503529954  
-3.09739333  
-5.134865615  
-5.043990759  
-3.137231195  
-0.3548558435  
2.056321307  
2.979809536  
1.83603049  
-1.181894088  
-5.130528386  
-8.599768682  
-10.17290339  
-8.916197369  
-4.736244253  
1.518362559  
8.254543221  
13.57902645  
15.8561959  
14.20718401  
8.793576554  
0.7948796749  
-7.916129452  
-15.30225377  
-19.73438475  
-20.43499489  
-17.66204981  
-12.58451016  
-6.896024197  
-2.291855307  
0.02839282023  
-0.3164457007  
-2.829999077  
-6.347612112  
-9.436240782  
-10.85282097  
-9.918126103  
-6.697143745  
-1.942919619  
3.163806412  
7.386204593  
9.793436976  
10.00413288  
8.247118816  
5.236846905  
1.91854496  
-0.8262273847  
-2.419135532  
-2.701732081  
-1.907284922  
-0.5147462669  
0.9524745443  
2.10858318  
2.808220035  
3.143288626  
3.34693724  
3.650113998  
4.150316638  
4.744397689  
5.151446965  
5.017541244  
4.063701118  
2.222138221  
-0.2910304831  
-2.997353376  
-5.270854685  
-6.513337925  
-6.336159363  
-4.690490592  
-1.902810413  
1.399119794  
4.450916082  
6.559930085  
7.29631753  
6.610145833  
4.839316485  
2.605081151  
0.6252454873  
-0.5004292561  
-0.4694597002  
0.6325456674  
2.356945922  
4.026487168  
4.940226791  
4.589025978  
2.817930456  
-0.1132202812  
-3.590083766  
-6.808651318  
-8.997357461  
-9.631924288  
-8.580294681  
-6.135530086  
-2.927793815  
0.2574486512  
2.700142838  
3.939329775  
3.883100521  
2.80473403  
1.230674602  
-0.240461274  
-1.127982607  
-1.207278482  
-0.553692643  
0.5179460207  
1.592843699  
2.323135789  
2.561844161  
2.415713241  
2.197786969  
2.296337573  
3.007342929  
4.39193079  
6.213097951  
7.97945351  
9.086598155  
9.011730041  
7.496525931  
4.654734017  
0.9643729806  
-2.857581342  
-6.060431059  
-8.079445103  
-8.698396702  
-8.101335234  
-6.796329904  
-5.436596192  
-4.598737191  
-4.592150706  
-5.363031851  
-6.524192157  
-7.499323939  
-7.731610898  
-6.885210863  
-4.971076397  
-2.354822201  
0.3552436897  
2.501364211  
3.585337275  
3.423604468  
2.198180843  
0.3892854114  
-1.38453077  
-2.56288445  
-2.810687039  
-2.102571998  
-0.7016695919  
0.9532203763  
2.407549215  
3.339915479  
3.649168437  
3.453833723  
3.01083632  
2.589333656  
2.350083271  
2.276502287  
2.182652943  
1.793947318  
0.8694358517  
-0.6804110442  
-2.724337867  
-4.915546224  
-6.771252623  
-7.800912989  
-7.642049506  
-6.161929345  
-3.496772916  
-0.02184698731  
3.732692378  
7.191281091  
9.836589572  
11.28480856  
11.3246004  
9.925549002  
7.229124751  
3.533619565  
-0.723900776  
-4.995304781  
-8.670724227  
-11.15794407  
-11.98831087  
-10.92948082  
-8.072469212  
-3.857851648  
0.9827434921  
5.570049903  
9.077023883  
10.93310201  
10.97197543  
9.473253077  
7.077843771  
4.596208582  
2.764481674  
2.023518152  
2.39168976  
3.474038667  
4.606575492  
5.089509241  
4.432505929  
2.52976843  
-0.2946956465  
-3.387685957  
-5.979782546  
-7.438326528  
-7.473825268  
-6.228959327  
-4.219731582  
-2.149726569  
-0.6627368642  
-0.1207221701  
-0.4852671808  
-1.34432755  
-2.074728304  
-2.082574801  
-1.035696153  
0.9956344282  
3.541671734  
5.881315986  
7.285458234  
7.271362767  
5.778923486  
3.205794079  
0.2867905258  
-2.143432984  
-3.424999537  
-3.292117947  
-1.963022748  
-0.07012270714  
1.546436414  
2.113312198  
1.176489625  
-1.249542593  
-4.681809513  
-8.314278144  
-11.2583489  
-12.79991819  
-12.59323976  
-10.7366403  
-7.715959328  
-4.244204738  
-1.05542813  
1.280985108  
2.473972973  
2.530420911  
1.692099465  
0.3259189634  
-1.188098873  
-2.535684975  
-3.499205163  
-3.948496543  
-3.81492643  
-3.07418024  
-1.752646654  
0.04544463112  
2.109150662  
4.115962776  
5.670361585  
6.387790784  
6.004681178  
4.479040785  
2.042686579  
-0.8217367438  
-3.481825478  
-5.309950583  
-5.846066029  
-4.91805639  
-2.681244122  
0.4349953421  
3.854657461  
7.013260451  
9.494625793  
11.10407477  
11.86070284  
11.9218518  
11.47708721  
10.65814977  
9.501563945  
7.976449702  
6.060713486  
3.826630823  
1.490663636  
-0.6043677926  
-2.078867156  
-2.650142603  
-2.259707086  
-1.139633308  
0.2188282518  
1.197025458  
1.245167093  
