2.141479393  
6.655918606  
9.784340016  
11.09545881  
10.70677092  
9.216064806  
7.488189159  
6.364967408  
6.389576098  
7.631296318  
9.66436678  
11.70591101  
12.86810838  
12.44478115  
10.14304622  
6.18920033  
1.278078966  
-3.616301152  
-7.509343096  
-9.672340957  
-9.818993451  
-8.161310376  
-5.325315618  
-2.15852859  
0.5091513297  
2.08048832  
2.323591906  
1.39274246  
-0.2573577241  
-2.0286126  
-3.356131303  
-3.853208433  
-3.388915531  
-2.086477837  
-0.2546439541  
1.718742158  
3.476029355  
4.772183194  
5.513690583  
5.752368523  
5.645024207  
5.396203806  
5.201226977  
5.201680497  
5.458937944  
5.945558245  
6.551532255  
7.101984046  
7.384090736  
7.181659365  
6.315115818  
4.682220497  
2.29204444  
-0.7168708455  
-4.082132362  
-7.45035724  
-10.43403489  
-12.68186088  
-13.94698004  
-14.13648186  
-13.32929819  
-11.75733775  
-9.754123255  
-7.683507452  
-5.865804564  
-4.518627644  
-3.725002286  
-3.433654418  
-3.488150453  
-3.6750916  
-3.77841734  
-3.627368133  
-3.129039965  
-2.281290078  
-1.166387722  
0.07081322881  
1.254661659  
2.214564874  
2.819454804  
3.005901399  
2.795574595  
2.298291572  
1.698370067  
1.224177852  
1.104148172  
1.516116127  
2.539967633  
4.12477026  
6.080284909  
8.098475449  
9.804399736  
10.82856724  
10.88692243  
9.850995732  
7.791328601  
4.981606583  
1.858841735  
-1.055557412  
-3.259643339  
-4.378654389  
-4.252802183  
-2.983630629  
-0.9250149932  
1.38380883  
3.332457412  
4.378071171  
4.17760142  
2.681436701  
0.1625720715  
-2.830949689  
-5.59428603  
-7.430249374  
-7.821509792  
-6.567116183  
-3.846190948  
-0.1885036902  
3.644596906  
6.841107743  
8.735247552  
8.968270108  
7.569595724  
4.935796193  
1.713367227  
-1.381445684  
-3.754292178  
-5.081136582  
-5.37180734  
-4.932632071  
-4.242551779  
-3.783097975  
-3.87588143  
-4.577875723  
-5.665759937  
-6.712108102  
-7.227402873  
-6.82190305  
-5.336367017  
-2.901858834  
0.08775605714  
3.079537045  
5.507430237  
6.935610854  
7.15810482  
6.229970901  
4.428043891  
2.160543813  
-0.1423451176  
-2.123649062  
-3.557080874  
-4.359291338  
-4.565265331  
-4.285124959  
-3.661993294  
-2.843880378  
-1.972125087  
-1.17930547  
-0.5856932563  
-0.285988398  
-0.3261523703  
-0.679091521  
-1.233071013  
-1.805136645  
-2.183078764  
-2.187190781  
-1.732212984  
-0.8659049467  
0.2339232581  
1.308225898  
2.098255883  
2.432460865  
2.286615489  
1.792520946  
1.188700694  
0.7286875652  
0.580583563  
0.7576507519  
1.110527007  
1.389444878  
1.357187098  
0.910981566  
0.1634850762  
-0.5561731063  
-0.7929013207  
-0.1245592387  
1.663346354  
4.452146549  
7.767538136  
10.88160889  
13.01716182  
13.59263468  
12.42535179  
9.818316949  
6.490717636  
3.364166649  
1.268115231  
0.6602550062  
1.458697101  
3.049750834  
4.478065832  
4.763473275  
3.242577166  
-0.1800989312  
-4.960723292  
-10.0562375  
-14.23693971  
-16.47281768  
-16.26681845  
-13.82247896  
-9.98628842  
-5.979297231  
-3.003475088  
-1.851463168  
-2.648932648  
-4.815845419  
-7.260693503  
-8.744466545  
-8.294824244  
-5.534598654  
-0.817883908  
4.868748969  
10.20466083  
13.9332781  
15.23000292  
13.92372875  
10.50796691  
5.949046417  
1.365225208  
-2.311177165  
-4.577665956  
-5.439705408  
-5.312790426  
-4.799732658  
-4.434220545  
-4.486707041  
-4.898704574  
-5.359019422  
-5.480763041  
-5.001258843  
-3.92151353  
-2.528615487  
-1.292440476  
-0.6784338955  
-0.951882677  
-2.052976621  
-3.595031483  
-4.990660792  
-5.66085437  
-5.248814361  
-3.756803203  
-1.551992943  
0.7640515151  
2.575907618  
3.483556011  
3.453878405  
2.835421494  
2.22728406  
2.247583116  
3.285487573  
5.329278053  
7.937191002  
10.36716959  
11.82402574  
11.73882406  
9.981663468  
6.930656535  
3.369481104  
0.2457696015  
-1.62851401  
-1.832983438  
-0.4646048087  
1.907635424  
4.440721008  
6.297470736  
6.910886671  
6.143722937  
4.293367439  
1.948389868  
-0.2444383509  
-1.81379346  
-2.612325124  
-2.828424209  
-2.862435632  
-3.119849192  
-3.805390925  
-4.801556676  
-5.683348243  
-5.869271921  
-4.856251164  
-2.451942405  
1.084857998  
5.055245064  
8.489977247  
10.42893388  
10.22075313  
7.742979133  
3.467038178  
-1.657476467  
-6.465558479  
-9.90481764  
-11.32619984  
8.082418156  
4.329097972  
1.011146975  
-1.549966765  
-3.223393781  
-4.038751982  
-4.127392555  
-3.659676772  
-2.799259201  
-1.685191756  
-0.440193831  
0.8069402183  
1.901618501  
2.661126568  
2.896586067  
2.45555267  
1.272261849  
-0.5922798321  
-2.936779704  
-5.441995231  
-7.727477956  
-9.430595157  
-10.28827505  
-10.20001867  
-9.255074681  
-7.715609421  
-5.959137515  
-4.393629386  
-3.365555933  
-3.082440867  
-3.567680391  
-4.65736505  
-6.038839004  
-7.321307247  
-8.121930257  
-8.147971373  
-7.257195272  
-5.484155694  
-3.028024303  
-0.2063958426  
2.612937823  
5.085615856  
6.952500044  
8.076042576  
8.444834696  
8.148643816  
7.334509536  
6.159413964  
4.755287751  
3.217210276  
1.616753221  
0.03243793887  
-1.41853942  
-2.565474151  
-3.199904688  
-3.124783714  
-2.226142632  
-0.5441033621  
1.685522067  
4.043545794  
6.003979369  
7.064260136  
6.897480885  
5.480931159  
3.154579752  
0.577988946  
-1.417983641  
-2.055055045  
-0.8488523805  
2.203940957  
6.55674493  
11.19775437  
14.88031572  
16.44596656  
15.15404722  
10.92221218  
4.401103893  
-3.149792641  
-10.16153952  
-15.15395044  
-17.12346014  
-15.81025821  
-11.76587339  
-6.198653732  
-0.639033141  
3.480430084  
5.20974793  
4.321013042  
1.336190106  
-2.659972918  
-6.361343701  
-8.63098048  
-8.82386417  
-6.9487834  
-3.628174276  
0.1224775287  
3.220078688  
4.840077625  
4.644299496  
2.847093659  
0.1102520929  
-2.689040256  
-4.736252323  
-5.514031528  
-4.924300626  
-3.270560998  
-1.120119174  
0.8970882687  
2.281540472  
2.787991767  
2.449555737  
1.50943884  
0.2994271129  
-0.8816445605  
-1.843486532  
-2.512476914  
-2.881912113  
-2.939031478  
-2.61243699  
-1.773141064  
-0.2967705949  
1.835698877  
4.443693629  
7.108903952  
9.226551732  
10.14723667  
9.373963673  
6.751821876  
2.581447858  
-2.394216285  
-7.141920354  
-10.59477088  
-11.9416046  
-10.86095053  
-7.624225576  
-3.030841636  
1.80986156  
5.786346817  
8.089351308  
8.420676073  
7.044074218  
4.666472551  
2.191669582  
0.4284507855  
-0.1525549017  
0.462422121  
1.868557325  
3.41727034  
4.462470716  
4.591271147  
3.760347689  
2.293875696  
0.7479613968  
-0.307148519  
-0.5079390827  
0.1577439253  
1.334348992  
2.417581126  
2.768458976  
1.948935561  
-0.1026049158  
-3.01810693  
-6.090395595  
-8.481201632  
-9.481164739  
-8.738507659  
-6.382631382  
-3.001942978  
0.5187914016  
3.252405132  
4.4975496  
3.980534113  
1.931281919  
-0.9872177656  
-3.872824183  
-5.842791956  
-6.281340533  
-5.006588631  
-2.312888779  
1.118229582  
4.408467134  
6.718052882  
7.460631509  
6.441897027  
3.89033646  
0.3790975583  
-3.333289584  
-6.496736748  
-8.546052758  
-9.216826122  
-8.576457006  
-6.96977344  
-4.900422466  
-2.884104396  
-1.314224413  
-0.3745543148  
-0.0188467049  
-0.01832537975  
-0.05938227234  
0.1395324951  
0.7275043999  
1.667593577  
2.746488652  
3.644756232  
4.046327543  
3.752920571  
2.766210101  
1.309079877  
-0.2245699909  
-1.37939447  
-1.775435463  
-1.229249853  
0.1811098873  
2.131499183  
4.146471985  
5.745876444  
6.596743175  
6.619564157  
6.010882952  
5.170701812  
4.555531133  
4.505039918  
5.102430481  
6.120662751  
7.079940848  
7.404349528  
6.629782773  
4.59365846  
1.538035138  
-1.917473561  
-4.93492313  
-6.706441537  
-6.715476961  
-4.925194895  
-1.82715201  
1.674313117  
4.513906238  
5.779598143  
4.992073828  
2.260003754  
-1.741054098  
-5.96294995  
-9.293775129  
-10.88514537  
-10.39523123  
-8.071707731  
-4.650539783  
-1.106279021  
1.66248224  
3.108608483  
3.183306079  
2.308842443  
1.190496876  
0.535218119  
0.7754536445  
1.894236571  
3.412661641  
4.545518118  
4.473443074  
2.640319758  
-1.024474542  
-6.034676146  
-11.45268151  
-16.14012559  
-19.0746267  
-19.63341648  
-17.75668114  
-13.94362508  
-9.088339395  
-4.212578909  
-0.1821393428  
2.506161119  
3.807532392  
4.068201394  
3.853192825  
3.728659816  
4.073479223  
4.978132568  
6.254225649  
7.538219487  
8.442326998  
8.693952046  
8.215263086  
7.121275647  
5.647331302  
4.042724761  
2.477395104  
0.999849978  
-0.4387113009  
-1.907534674  
-3.402592162  
-4.779776865  
-5.749193901  
-5.941361477  
-5.027753092  
-2.855332523  
0.4537979059  
4.477611113  
8.560591616  
11.9577407  
14.0163416  
14.34234147  
12.90213389  
10.03004695  
6.340544875  
2.572063798  
-0.5918043343  
-2.674345014  
-3.492599537  
-3.162432126  
-2.029473586  
-0.5531816628  
0.8196273813  
1.758038345  
2.105196348  
1.885370879  
1.268276544  
0.5075969804  
-0.1276521344  
-0.4142728447  
-0.2202045874  
0.4687774074  
1.541017003  
2.769564485  
3.84220218  
4.411281847  
4.160419184  
2.879133965  
0.5301359939  
-2.709681885  
-6.451576363  
-10.1490722  
-13.19859586  
-15.06666153  
-15.41272838  
-14.17442502  
-11.58952808  
-8.145663711  
-4.46893372  
-1.180790581  
1.238119868  
2.54063124  
2.739231306  
2.063166583  
0.8646070957  
-0.4938362448  
-1.734685596  
-2.717245846  
-3.434981049  
-3.967405873  
-4.409886711  
-4.810189286  
-5.135381932  
-5.279444775  
-5.105697753  
-4.505227342  
-3.447362321  
-2.002518945  
-0.3291079902  
1.369600512  
2.901758258  
4.135301669  
5.021708502  
5.588877243  
5.909494077  
6.060328911  
6.090512309  
6.011603971  
5.811864631  
5.48572691  
5.062260097  
4.616097661  
4.251806048  
4.064446914  
4.090889835  
4.272880831  
4.45094457  
4.398182038  
3.88816033  
2.776921641  
1.071398863  
-1.04162843  
-3.220335097  
-5.043302296  
-6.115190588  
-6.171360722  
-5.149631721  
-3.20765512  
-0.6818556412  
1.997550902  
4.407891625  
6.220987718  
7.252519332  
7.46571797  
6.937914172  
5.810458596  
4.245310586  
2.404577124  
0.4556913631  
-1.409322215  
-2.960742574  
-3.94348224  
-4.123465647  
-3.360085003  
-1.681288258  
0.6700517994  
3.245622465  
5.468152188  
6.763073255  
6.711778228  
5.180494704  
2.381336866  
-1.159984097  
-4.727141321  
-7.5949791  
-9.217770194  
-9.367636803  
-8.181021349  
-6.099615567  
-3.725518758  
-1.637528851  
-0.2273016165  
0.3935585743  
0.3889375416  
0.1026196396  
-0.09167262544  
0.05924341384  
0.5893285252  
1.299295181  
1.829835149  
1.794328521  
0.9232317686  
-0.8303308046  
-3.259436646  
-5.955328073  
-8.422182455  
-10.21353493  
-11.04393257  
-10.84083647  
-9.725423862  
-7.937472465  
-5.739116192  
-3.33761182  
-0.8566537656  
1.636382175  
4.064929628  
6.274923671  
8.002628229  
8.904573783  
8.650742779  
7.054512348  
4.193121876  
0.4686260072  
-3.4256693  
-6.638950602  
-8.36813972  
-8.078564229  
-5.673512036  
-1.557049634  
3.435968744  
8.229589551  
11.7666685  
13.26789986  
12.41867224  
9.43398363  
4.987642394  
0.0310286308  
-4.443498889  
-7.627680907  
-9.053008119  
-8.644484908  
-6.672872647  
-3.634870607  
-0.1071184457  
3.38040979  
6.421104463  
8.751014768  
10.22504763  
10.77734617  
10.39318243  
9.108175433  
7.033103694  
4.386757612  
1.511626383  
-1.148756589  
-3.117913967  
-3.988382878  
-3.529812614  
-1.768574692  
0.9904923012  
4.213425694  
7.249094795  
9.475506854  
10.44103426  
9.962384622  
8.154201727  
5.385594716  
2.179738271  
-0.9127273178  
-3.431648704  
-5.088581528  
-5.797566085  
-5.658138186  
-4.905893459  
-3.851040399  
-2.822398422  
-2.125770714  
-2.015841013  
-2.674536743  
-4.188301818  
-6.522171451  
-9.496702351  
-12.78048982  
-15.91228109  
-18.36084379  
-19.61891976  
-19.31402995  
-17.30840985  
-13.75815315  
-9.108926138  
-4.021771233  
0.7577950463  
4.556697436  
6.917478849  
7.690367575  
7.050462024  
5.436982006  
3.432908998  
1.619070837  
0.4419100398  
0.1278706627  
0.6619393267  
1.828631733  
3.296774224  
4.719630223  
5.821628708  
6.451052762  
6.591089938  
6.334814958  
5.838740685  
5.272454471  
4.778554898  
4.450114288  
4.325254484  
4.393308113  
4.605557109  
4.885634697  
5.138334516  
5.25875741  
5.144605211  
4.712714269  
3.917645763  
2.767103191  
1.328103288  
-0.2801785009  
-1.906509115  
-3.395257785  
-4.612921139  
-5.464895397  
-5.897746605  
-5.888377005  
-5.427621079  
-4.508777164  
-3.130098267  
-1.314008838  
0.862727616  
3.241184519  
5.571037947  
7.532452771  
8.791803364  
9.080857506  
8.277674444  
6.462151032  
3.923195963  
1.107384477  
-1.482807558  
-3.415386722  
-4.443276087  
-4.570686494  
-4.048021505  
-3.29318704  
-2.76064055  
-2.797288412  
-3.530094399  
-4.821686077  
-6.309489426  
-7.517439804  
-8.005846445  
-7.512215886  
-6.038180022  
-3.854741103  
-1.424045268  
0.7373352183  
2.210092465  
2.79104175  
2.542470411  
1.758231007  
0.859676097  
0.2565780631  
0.2182850885  
0.7954711625  
1.815224952  
2.947772943  
3.820342679  
4.139782157  
3.784583066  
2.838737069  
1.559725901  
0.2940283603  
-0.6309741723  
-1.004496372  
-0.7908007379  
-0.1340990471  
0.6875636578  
1.342514596  
1.535101541  
1.080557714  
-0.05193338006  
-1.734517339  
-3.710704443  
-5.649727721  
-7.212188065  
-8.114757667  
-8.184199494  
-7.393379785  
-5.873565618  
-3.898791026  
-1.840609075  
-0.09643259154  
0.9983391447  
1.256637141  
0.7018583364  
-0.4160127315  
-1.663639041  
-2.525101259  
-2.540053234  
-1.443810331  
0.7326597315  
3.638464573  
6.670775822  
9.124390058  
10.38509494  
10.11123613  
8.346602094  
5.524764196  
2.356808623  
-0.3689999424  
-2.017117014  
-2.293042797  
-1.328978051  
0.3637044901  
2.063570295  
3.078199795  
2.977057467  
1.741762037  
-0.2174940223  
-2.187866655  
-3.383786782  
-3.207500561  
-1.455270737  
1.599044717  
5.272004623  
8.669469579  
10.95272251  
11.58598413  
10.48605996  
8.027674219  
4.906245301  
1.90716417  
-0.3394152577  
-1.536361294  
-1.773237591  
-1.443581921  
-1.061400853  
-1.047203501  
-1.56336527  
-2.459448517  
-3.347250161  
-3.777197726  
-3.449523081  
-2.379109414  
-0.9474457932  
0.1858165106  
0.2892509703  
-1.18208024  
-4.36417994  
-8.877044133  
-13.87660166  
-18.25767091  
-20.94966695  
-21.21511417  
-18.85854275  
-14.28109512  
-8.364948224  
-2.225356241  
3.091253648  
6.869879698  
8.87263495  
9.330256544  
8.793014473  
7.899248265  
7.143501128  
6.7218565  
6.502150299  
6.121968734  
5.173261828  
3.403802489  
0.8615851131  
-2.070558961  
-4.764416327  
-6.531526189  
-6.843210864  
-5.512863897  
-2.779958343  
0.7332411672  
4.181041851  
6.722594949  
7.751331881  
7.058577084  
4.885148228  
1.84856663  
-1.230336943  
-3.550128176  
-4.537772041  
-3.987693507  
-2.096516039  
0.6108004289  
3.438356117  
5.714243364  
6.969407659  
7.053604149  
6.159887927  
4.753858676  
3.428541946  
2.724631167  
2.964581476  
4.145793385  
5.923646173  
7.692601989  
8.748007646  
8.48867529  
6.606715113  
3.210566274  
-1.158760489  
-5.631896757  
-9.21690822  
-11.05742217  
-10.67470535  
-8.124007896  
-4.014464289  
0.6228222621  
4.590970953  
6.842273837  
6.765107999  
4.35932082  
0.2451289987  
-4.502704595  
-8.652222088  
-11.15935639  
-11.46039961  
-9.625038458  
-6.323709915  
-2.618618521  
0.3585725595  
1.744688589  
1.196352468  
-1.02031131  
-4.125866679  
-7.076085017  
-8.882653364  
-8.905527618  
-7.028205902  
-3.667094703  
0.3798495163  
4.189457391  
6.988616128  
8.361231208  
8.327198736  
7.279074187  
5.809657615  
4.496866964  
3.720829172  
3.570424638  
3.860469091  
4.240292755  
4.344259365  
3.925207827  
2.924798876  
1.463914512  
-0.23065948  
-1.923375374  
-3.445536432  
-4.718310466  
-5.719177563  
-6.416069832  
-6.710229534  
-6.426609905  
-5.369662206  
-3.430827378  
-0.7052490317  
2.437980648  
5.377949817  
7.371367879  
7.762419273  
6.209342516  
2.847533148  
-1.678885905  
-6.34580594  
-10.0130538  
-11.74852228  
-11.11027222  
-8.291355073  
-4.072914828  
0.4067281622  
3.996892929  
5.882459453  
5.820395499  
4.186351438  
1.816738336  
-0.2979222529  
-1.360844434  
-1.035894947  
0.4598310626  
2.468933491  
4.168887658  
4.906775096  
4.467783581  
3.174262514  
1.773283777  
1.148652096  
1.960429183  
4.346099898  
7.800368406  
11.28975889  
13.57451026  
13.63330334  
11.0439611  
6.18217693  
0.1585606886  
-5.496965181  
-9.305895816  
-10.31248789  
-8.396500468  
-4.318581272  
0.5213214771  
4.534752874  
6.454995116  
5.735894534  
2.705860081  
-1.572829373  
-5.688325373  
-8.372721934  
-8.933742688  
-7.476232298  
-4.839338051  
-2.274966722  
-0.9834327788  
-1.671577491  
-4.289680714  
-8.039791553  
-11.65184693  
-13.82940127  
-13.70706359  
-11.15777303  
-6.841328626  
-1.976966752  
2.079857826  
4.307271116  
4.367785549  
2.716392316  
0.4276061311  
-1.198112424  
-1.110541136  
1.098701044  
5.027137016  
9.575792349  
13.3094433  
14.94027272  
13.76996509  
9.939752642  
4.403703949  
-1.365160243  
-5.836597037  
-7.898406543  
-7.189042703  
-4.18210587  
-0.002270162483  
3.958281903  
6.490125995  
6.933704781  
5.347251978  
2.430850984  
-0.7546511781  
-3.168586702  
-4.138007478  
-3.557098304  
-1.880036195  
0.07776996286  
1.450977472  
1.635262308  
0.4917426668  
-1.618909097  
-3.974746973  
-5.746789442  
-6.277313726  
-5.288350425  
-2.956687212  
0.1590652794  
3.303708378  
5.753785004  
7.01295905  
6.917919642  
5.634781267  
3.564677811  
1.203975995  
-0.9886317304  
-2.679176514  
-3.685907572  
-3.959491777  
-3.543766514  
-2.545141711  
-1.124952176  
0.4906219246  
2.004179694  
3.068940248  
3.352370769  
2.633861941  
0.9065567023  
-1.559046108  
-4.227556525  
-6.403106053  
-7.408916071  
-6.793814145  
-4.499925014  
-0.9302861637  
3.117648337  
6.644776302  
8.718990003  
8.740967651  
6.62507575  
2.837155139  
-1.725158941  
-5.974675345  
-8.926088104  
-9.948990736  
-8.908984829  
-6.161298701  
-2.409277755  
1.517868929  
4.892082805  
7.247209996  
8.431373477  
8.55016701  
7.838522947  
6.521223172  
4.720445834  
2.445058109  
-0.3395862513  
-3.596917957  
-7.114574807  
-10.46255721  
-13.04332858  
-14.22766529  
-13.53593985  
-10.80445593  
-6.278008841  
-0.5922999329  
5.354396973  
10.60492559  
14.36290517  
16.16509947  
15.96008591  
14.07782885  
11.1086829  
7.735590248  
4.57194327  
2.048336115  
0.3692797366  
-0.464923188  
-0.5957223977  
-0.2352077146  
0.3880160008  
1.055507341  
1.564551735  
1.729219531  
1.393516736  
0.4630404748  
-1.053036481  
-3.009753711  
-5.12671457  
-7.034856139  
-8.365795563  
-8.860371303  
-8.460238647  
-7.346652951  
-5.905400303  
-4.621766954  
-3.935474333  
-4.102574565  
-5.112051954  
-6.687913424  
-8.378201824  
-9.701105807  
-10.29693117  
-10.03165791  
-9.015071312  
-7.528274947  
-5.890054381  
-4.315925039  
-2.827907681  
-1.254572806  
0.6741597975  
3.171745461  
6.241139112  
9.589088761  
12.6542886  
14.75427158  
15.30974904  
14.07058325  
11.25884971  
7.566380078  
3.991010524  
1.552165733  
0.9723310096  
2.429625393  
5.469519074  
9.115022088  
12.14981604  
13.48954097  
12.52360491  
9.315634353  
4.59421229  
-0.4666465178  
-4.608696236  
-6.876293808  
-6.903713565  
-5.010453829  
-2.075690851  
0.763599389  
2.488342105  
2.521105788  
0.8916679732  
-1.80668888  
-4.649341181  
-6.716500448  
-7.415131632  
-6.675790905  
-4.959051256  
-3.073615782  
-1.87377508  
-1.944929752  
-3.388273533  
-5.779338804  
-8.312975507  
-10.08169142  
-10.38822536  
-8.982519855  
-6.141537077  
-2.56674503  
0.8611758896  
3.381233789  
4.597962212  
4.58826469  
3.834404782  
3.011268018  
2.708446733  
3.190710586  
4.286136005  
5.444625507  
5.947432881  
5.192873186  
2.954283802  
-0.4857768317  
-4.378946712  
-7.723971732  
-9.581007784  
-9.382041266  
-7.13121785  
-3.424297437  
0.7232779309  
4.186021377  
6.075573523  
6.012369529  
4.233583611  
1.50334555  
-1.143816827  
-2.741204558  
-2.699439707  
-0.9880951334  
1.865997373  
4.958585641  
7.30330399  
8.144529913  
7.187461162  
4.675555753  
1.297228755  
-2.040695808  
-4.494515863  
-5.528512979  
-5.048587765  
-3.390473364  
-1.177419397  
0.8967515536  
2.283450614  
2.724821452  
2.288917551  
1.294867598  
0.165435709  
-0.7342737294  
-1.213969461  
-1.294216005  
-1.157022198  
-1.03856985  
-1.111379645  
-1.404221421  
-1.790942844  
-2.050987156  
-1.975745146  
-1.476531201  
-0.6486905225  
0.2376060427  
0.8217504358  
0.7852388496  
-0.01454366989  
-1.45956295  
-3.171088594  
-4.602153765  
-5.198491466  
-4.578976723  
-2.67720413  
0.2046763648  
3.452818519  
6.29814744  
8.029633772  
8.202608105  
6.779666343  
4.160265762  
1.086870121  
-1.548724483  
-2.946109522  
-2.617350642  
-0.5268807434  
2.888815252  
6.827477301  
10.3245119  
12.49871339  
12.77466758  
11.02358674  
7.587166723  
3.180898511  
-1.294772836  
-4.983495755  
-7.281259575  
-7.970271324  
-7.246332019  
-5.637117552  
-3.837947051  
-2.513040053  
-2.117787179  
-2.789880538  
-4.336224457  
-6.314612974  
-8.182040808  
-9.462931111  
-9.885899278  
-9.448230646  
-8.390233386  
-7.089864012  
-5.91358286  
-5.073773637  
-4.541961368  
-4.049951507  
-3.182894741  
-1.537672681  
1.103641715  
4.643919135  
8.633208126  
12.34496175  
14.95271441  
15.76017442  
14.41712894  
11.05317072  
6.282374884  
1.069036758  
-3.51315594  
-6.56205348  
-7.58653266  
-6.632630885  
-4.25663223  
-1.350938362  
1.126498439  
2.438185571  
2.281878966  
0.8687036392  
-1.158891479  
-2.943211118  
-3.693444139  
-2.94525588  
-0.7165550463  
2.488917965  
5.83022808  
8.382194822  
9.412316768  
8.594931375  
6.097275331  
2.51413825  
-1.323342325  
-4.599943364  
-6.747341181  
-7.581685729  
-7.309088662  
-6.405739163  
-5.420843488  
-4.774466094  
-4.620626823  
-4.82005088  
-5.026200637  
-4.847356816  
-4.020856314  
-2.532722169  
-0.6372744741  
1.230602635  
2.617287366  
3.22464301  
3.029268302  
2.298916743  
1.49607462  
1.101324754  
1.420904373  
2.451679474  
3.858673396  
5.080793954  
5.533382427  
4.838239027  
2.997402383  
0.4420864153  
-2.070904347  
-3.689970643  
-3.754506825  
-2.039498077  
1.128656822  
4.933306642  
8.295803827  
10.20377729  
10.0354001  
7.772529342  
4.028489759  
-0.1250052081  
-3.48153864  
-5.073334757  
-4.474910101  
-1.93835765  
1.684974075  
5.212486499  
7.502432264  
7.810287479  
6.014821695  
2.641994821  
-1.318900166  
-4.744546244  
-6.743058649  
-6.935708315  
-5.563943339  
-3.389469636  
-1.42373487  
-0.5788826299  
-1.356746189  
-3.678003608  
-6.905754157  
-10.0527764  
-12.10165356  
-12.33142158  
-10.54482333  
-7.125356547  
-2.910781152  
1.070332767  
3.909898941  
5.078569167  
4.552191013  
2.774430166  
0.4787592062  
-1.562540372  
-2.775284482  
-2.930059462  
-2.158664148  
-0.8477389754  
0.5409322156  
1.651974621  
2.352828172  
2.746377549  
3.082037122  
3.605941564  
4.412952557  
5.361471721  
6.087821676  
6.11928479  
5.047763664  
2.702531443  
-0.7409508013  
-4.758505729  
-8.587743216  
-11.42050383  
-12.61877005  
-11.88782138  
-9.354411857  
-5.528197594  
-1.161078739  
2.950581488  
6.161089746  
8.112805152  
8.781934938  
8.428979364  
7.478661323  
6.372533121  
5.440692647  
4.827853592  
4.488329209  
4.241997934  
3.866091047  
3.190384463  
2.16649657  
0.8934032187  
-0.404387408  
-1.436340119  
-1.925183782  
-1.685427918  
-0.6828197318  
0.9383110447  
2.866509107  
4.673527338  
5.897119578  
6.143237601  
5.188508914  
3.059591888  
0.06600115165  
-3.23100827  
-6.117920823  
-7.883487741  
-7.99654188  
-6.262439401  
-2.91170029  
1.413320141  
5.782847598  
9.192658845  
10.81421943  
10.21419649  
7.478707211  
3.201154117  
-1.66913932  
-6.078429946  
-9.149047296  
-10.40644812  
-9.884889947  
-8.080268171  
-5.766462855  
-3.734915441  
-2.541938885  
-2.345576791  
-2.883966431  
-3.599709514  
-3.865417471  
-3.231058959  
-1.606144313  
0.6880691987  
3.016307082  
4.644675795  
4.999717731  
3.880598448  
1.548591623  
-1.340656671  
-3.942598129  
-5.499484501  
-5.593310086  
-4.289270949  
-2.119149684  
0.09202464623  
1.499430987  
1.52096724  
0.03417004815  
-2.578646169  
-5.552271224  
-7.986675059  
-9.138350574  
-8.658011308  
-6.696451274  
-3.845159198  
-0.9336904785  
1.246891266  
2.20190893  
1.887593137  
0.7135452456  
-0.6043232428  
-1.288791249  
-0.7621046301  
1.162241521  
4.216217116  
7.75840752  
10.96875269  
13.09157989  
13.65011149  
12.56929657  
10.17659525  
7.090030156  
4.036041357  
1.656224786  
0.3583145272  
0.2462906392  
1.1361958  
2.638420072  
4.272216598  
5.577170349  
6.19685185  
5.925692056  
4.723761558  
2.710621658  
0.1473680191  
-2.591186163  
-5.059187175  
-6.803690405  
-7.450011429  
-6.796404437  
-4.893670517  
-2.079440425  
1.057540362  
3.789942197  
5.422882606  
5.481217697  
3.857683755  
0.8708849651  
-2.795002555  
-6.261643938  
-8.695192928  
-9.543006251  
-8.695133937  
-6.517194583  
-3.740105787  
-1.237579724  
0.2406265224  
0.2959610442  
-1.00348088  
-3.156009903  
-5.396331847  
-6.946234546  
-7.263414908  
-6.20736924  
-4.069679029  
-1.462056412  
0.896813414  
2.421309408  
2.844110852  
2.285499989  
1.18681857  
0.1355715146  
-0.3534564636  
-0.02266390339  
1.042880849  
2.457480887  
3.687159238  
4.256141137  
3.932405282  
2.825004135  
1.357241718  
0.1235741656  
-0.3210187509  
0.3333432378  
2.02216721  
4.299327759  
6.456720748  
7.733684585  
7.549943518  
5.689119919  
2.376757198  
-1.768707572  
-5.894003279  
-9.128118216  
-10.79415279  
-10.55820889  
-8.481273914  
-4.971609042  
-0.6636164676  
3.734321712  
7.579576068  
10.39202517  
11.89699722  
12.02221049  
10.86738193  
8.665592432  
5.747482479  
2.508445719  
-0.6289780811  
-3.265723801  
-5.09078173  
-5.948982716  
-5.891175023  
-5.183339398  
-4.25883609  
-3.614918581  
-3.674974389  
-4.654434552  
-6.473526326  
-8.750656013  
-10.8878307  
-12.23069054  
-12.25997993  
-10.75762389  
-7.894592679  
-4.208955574  
-0.4749908847  
2.502321436  
4.109295352  
4.097503407  
2.658547688  
0.377342421  
-1.922929289  
-3.399934292  
-3.413815546  
-1.69097033  
1.611796514  
5.954885599  
10.55625378  
14.58181774  
17.33360252  
18.38896483  
17.66208717  
15.38250306  
12.00726911  
8.097572601  
4.194443642  
0.7223164351  
-2.06293615  
-4.078793764  
-5.382495347  
-6.114682354  
-6.437461191  
-6.481702238  
-6.31371493  
-5.926242985  
-5.253755405  
-4.207559377  
-2.722371344  
-0.8027979971  
1.443349299  
3.796898081  
5.951635697  
7.570433482  
8.362720168  
8.16414883  
6.994890887  
5.075524493  
2.789322959  
0.5948956099  
-1.090632528  
-2.00603715  
-2.123239009  
-1.660848973  
-1.025050505  
-0.6909197116  
-1.056874422  
-2.315406438  
-4.380514072  
-6.896515593  
-9.328567042  
-11.10994264  
-11.80286997  
-11.22481893  
-9.502152336  
-7.035133162  
-4.385270374  
-2.119440092  
-0.6575713737  
-0.1682964705  
-0.5410432776  
-1.438909995  
-2.412408026  
-3.037301802  
-3.035106255  
-2.343107248  
-1.118203623  
0.3205559485  
1.589015344  
2.344349129  
2.372068157  
1.63422062  
0.2724105836  
-1.428597699  
-3.103366137  
-4.37893581  
-4.945406445  
-4.614584529  
-3.360421953  
-1.336162429  
1.136828499  
3.612618454  
5.596688116  
6.646731507  
6.480715345  
5.066256709  
2.662808938  
-0.2052698922  
-2.85045167  
-4.582218939  
-4.88776876  
-3.582526553  
-0.8816192471  
2.638083428  
6.184578975  
8.970417351  
10.44283682  
10.45261388  
9.303616844  
7.659388908  
6.328059464  
5.988467736  
6.944225144  
8.989164723  
11.43638523  
13.31254888  
13.66462677  
11.88591289  
7.955921252  
2.510394812  
-3.292432927  
-8.07961605  
-10.65875478  
-10.38238096  
-7.367676739  
-2.498311899  
2.800056806  
6.950118652  
8.666870966  
7.325183321  
3.142508543  
-2.876819846  
-9.218611904  
-14.27496996  
-16.77815229  
-16.12855781  
-12.52809728  
-6.89029496  
-0.5644543916  
5.036987894  
8.796569123  
10.13636734  
9.091211348  
6.208278773  
2.322434926  
-1.711191385  
-5.242036679  
-7.944096682  
-9.809489413  
-11.03757579  
-11.87366927  
-12.46244702  
-12.76937523  
-12.59447872  
-11.66772372  
-9.786415104  
-6.941510018  
-3.385142523  
0.3870919211  
3.736429543  
6.03434131  
6.823329006  
5.938339937  
3.555221156  
0.1548346723  
-3.584739273  
-6.93729855  
-9.280375153  
-10.21438482  
-9.625473237  
-7.684258397  
-4.7878288  
-1.463145951  
1.745139471  
4.379961015  
6.151956773  
6.98242282  
7.003688561  
6.518152943  
5.923650683  
5.618728292  
5.906358542  
6.916692906  
8.567721876  
10.57583679  
12.51726105  
13.92809932  
14.4193216  
13.77687955  
12.01935564  
9.396032444  
6.324854355  
3.28734895  
0.7107181466  
-1.128681749  
-2.153060488  
-2.470444468  
-2.309481252  
-1.926888402  
-1.520867747  
-1.180592665  
-0.8876899872  
-0.5657436967  
-0.1551581075  
0.3196997597  
0.7222194935  
0.8310757713  
0.4188840834  
-0.6441176845  
-2.300588502  
-4.269385431  
-6.085024068  
-7.211355633  
-7.200403671  
-5.84798717  
-3.29349157  
-0.02467839896  
3.223815437  
5.656004761  
6.633251896  
5.861403061  
3.487864213  
0.07515012162  
-3.545938572  
-6.503499881  
-8.126570755  
-8.130762053  
-6.692245493  
-4.387984145  
-2.020088915  
-0.3768733904  
-0.001672138896  
-1.037440174  
-3.19159817  
-5.829049656  
-8.163226835  
-9.486767189  
-9.373536486  
-7.794273396  
-5.115460796  
-1.986153375  
0.8503732942  
2.763517771  
3.401871373  
2.775310398  
1.23511164  
-0.6359726175  
-2.187874453  
-2.874127456  
-2.384639264  
-0.7100214368  
1.871689184  
4.874220319  
7.721722883  
9.874908747  
10.9362743  
10.71604542  
9.252546081  
6.791161354  
3.732354323  
0.5610100508  
-2.231758571  
-4.225379104  
-5.137345352  
-4.873583112  
-3.552875514  
-1.49720316  
0.816833833  
2.843191819  
4.076372746  
4.165065049  
3.00262295  
0.7686387757  
-2.095206914  
-4.976289108  
-7.232116839  
-8.34857413  
-8.074500033  
-6.494815999  
-4.018616884  
-1.280724916  
1.020712009  
2.309175991  
2.287748617  
1.026330942  
-1.047436102  
-3.253082944  
-4.831349201  
-5.141495409  
-3.829657431  
-0.9240829827  
3.166681967  
7.750160103  
12.01333586  
15.20890432  
16.81637034  
16.63946121  
14.8206903  
11.7772246  
