4.381967524  
4.511899972  
3.798795818  
2.738876852  
1.751627572  
1.087599811  
0.8137663049  
0.862857862  
1.112377382  
1.454415036  
1.828846641  
2.213554474  
2.586684591  
2.88837544  
3.008492092  
2.813266169  
2.204145539  
1.184751693  
-0.09535658322  
-1.345398599  
-2.194410325  
-2.294602436  
-1.435059442  
0.3727796198  
2.869106141  
5.591521187  
7.981342295  
9.519434085  
9.851650595  
8.868666464  
6.721018667  
3.771256904  
0.503451379  
-2.580293924  
-5.048521094  
-6.597506827  
-7.074526543  
-6.476751994  
-4.939503869  
-2.723394139  
-0.2004996012  
2.169483959  
3.885410286  
4.480280777  
3.620345441  
1.206772005  
-2.551771881  
-7.127312337  
-11.74051692  
-15.50474782  
-17.61723375  
-17.54937223  
-15.18321008  
-10.85320383  
-5.278360686  
0.59824119  
5.818512785  
9.609847494  
11.52523681  
11.49266512  
9.773311229  
6.855470442  
3.326548431  
-0.2358746521  
-3.329226931  
-5.546453649  
-6.571762859  
-6.180517011  
-4.265512864  
-0.8924801893  
3.635877836  
8.744496058  
13.61725273  
17.31515092  
18.97037296  
18.01138073  
14.3519775  
8.476612422  
1.378793999  
-5.647093492  
-11.31183443  
-14.65009727  
-15.25644397  
-13.36462337  
-9.743875623  
-5.444707607  
-1.476411972  
1.478313343  
3.218904042  
4.004891146  
4.370958739  
4.851729415  
5.721752148  
6.851223566  
7.736293571  
7.698096186  
6.180195078  
3.033082564  
-1.327105653  
-5.958542741  
-9.636307978  
-11.22771104  
-10.0777291  
-6.270209466  
-0.665812824  
5.310638774  
10.0763273  
12.36481227  
11.61551133  
8.148628024  
3.063917558  
-2.107953034  
-5.890182009  
-7.323207624  
-6.255204624  
-3.365168414  
0.08694290266  
2.697450393  
3.395778871  
1.800704268  
-1.662263186  
-5.918982356  
-9.623204389  
-11.6206899  
-11.34138727  
-8.98597999  
-5.444549124  
-1.977281587  
0.2312371244  
0.4896779998  
-1.154877373  
-3.929274361  
-6.600956019  
-7.908763959  
-7.01168746  
-3.80282097  
1.019114042  
6.147303301  
10.07055237  
11.55223901  
10.029276  
5.802903456  
-0.03844088806  
-5.937251999  
-10.32306324  
-12.06246312  
-10.76526164  
-6.859072847  
-1.420543194  
4.172263239  
8.649799774  
11.19453576  
11.61873968  
10.33635934  
8.156804309  
5.982413105  
4.514976098  
4.064073056  
4.508143906  
5.403987892  
6.191406717  
6.412644928  
5.868900267  
4.66496727  
3.136591444  
1.697064076  
0.6657203273  
0.143339785  
-0.02124644193  
-0.1642213608  
-0.6667973887  
-1.794633256  
-3.574842203  
-5.754267647  
-7.853984058  
-9.302495793  
-9.60487649  
-8.494927105  
-6.024750862  
-2.567084986  
1.26715471  
4.769608121  
7.292927745  
8.385685413  
7.873379201  
5.873165988  
2.748280855  
-0.9784887973  
-4.727348003  
-7.957421219  
-10.24071634  
-11.30760995  
-11.06440436  
-9.587293293  
-7.097908809  
-3.924807383  
-0.4548498612  
2.920710765  
5.858732737  
8.106763084  
9.527319758  
10.09846944  
9.891034075  
9.029508129  
7.649272549  
5.864338278  
3.7566863  
1.39072214  
-1.153258149  
-3.740795252  
-6.158252575  
-8.116431504  
-9.289815896  
-9.386455554  
-8.231957234  
-5.84376613  
-2.471634076  
1.41277458  
5.181440216  
8.160405623  
9.762207366  
9.610794399  
7.630075794  
4.075078336  
-0.5026404616  
-5.34942291  
-9.645410216  
-12.65545282  
-13.86599439  
-13.08197522  
-10.46528844  
-6.506838351  
-1.936067218  
2.416849647  
5.781487243  
7.599945368  
7.640742654  
6.048019331  
3.311645165  
0.1599670426  
-2.60516317  
-4.296024481  
-4.505530479  
-3.210472276  
-0.7820518077  
2.10377318  
4.637711064  
6.088767477  
6.001343772  
4.324166795  
1.433813303  
-1.956531236  
-4.98069183  
-6.846452749  
-7.04355639  
-5.474916614  
-2.474641391  
1.291111372  
5.010575791  
7.945180218  
9.617141398  
9.912815542  
9.075180213  
7.593028201  
6.025638561  
4.820277503  
4.180156017  
4.022483255  
4.036176281  
3.816180252  
3.02692704  
1.538883615  
-0.5080187691  
-2.735314198  
-4.640992221  
-5.760273147  
-5.818817945  
-4.82748714  
-3.087035312  
-1.100561304  
0.5783636981  
1.513182713  
1.513839517  
0.6872338285  
-0.6066824318  
-1.878067988  
-2.669226901  
-2.703143035  
-1.971183136  
-0.732746683  
0.5717550501  
1.465520995  
1.590574342  
0.8239708158  
-0.6812978698  
-2.542429661  
-4.263912749  
-5.387511161  
-5.62772314  
-4.951164615  
-4.028634917  
-5.328329453  
-6.290802698  
-6.625922747  
-6.121027934  
-4.7198159  
-2.576845013  
-0.06360749052  
2.28712601  
3.894574839  
4.277679277  
3.199353377  
0.7645401782  
-2.562760805  
-6.038664568  
-8.80329606  
-10.09193592  
-9.438720398  
-6.815563451  
-2.663293985  
2.20010998  
6.775166079  
10.13078674  
11.64133475  
11.1448715  
8.977283463  
5.871242342  
2.747492116  
0.457077235  
-0.4523656131  
0.1200455931  
1.815462331  
3.934718626  
5.653579603  
6.270018966  
5.411364355  
3.142410189  
-0.05425643525  
-3.416582172  
-6.116948525  
-7.48848783  
-7.199976877  
-5.333269252  
-2.347523155  
1.052891815  
4.104525061  
6.171614341  
6.885380455  
6.205891412  
4.400939507  
1.958716964  
-0.5349400357  
-2.521208563  
-3.568366455  
-3.433614747  
-2.085453037  
0.3061125123  
3.402008636  
6.742039355  
9.805041753  
12.07980393  
13.14296418  
12.73462844  
10.81624164  
7.593049325  
3.487520931  
-0.9383161311  
-5.098306921  
-8.507479884  
-10.88226434  
-12.18462669  
-12.59470509  
-12.41928539  
-11.96574326  
-11.42486238  
-10.80481952  
-9.942243441  
-8.58894454  
-6.544259925  
-3.7834379  
-0.530167246  
2.761587575  
5.519710027  
7.227895066  
7.603018085  
6.710705563  
4.970818543  
3.040496398  
1.605836286  
1.148776131  
1.769737697  
3.132833088  
4.561659787  
5.262410578  
4.604749271  
2.366118978  
-1.147841334  
-5.156189233  
-8.621396038  
-10.56893623  
-10.40529324  
-8.127872948  
-4.352462861  
-0.1424879219  
3.309872791  
5.050030335  
4.656327932  
2.367576984  
-0.999381297  
-4.315007178  
-6.497717129  
-6.851081483  
-5.267805862  
-2.236624767  
1.344463592  
4.480115333  
6.405314697  
6.816943141  
5.933614926  
4.370032117  
2.877700911  
2.049976883  
2.099949778  
2.791382204  
3.546033399  
3.686052033  
2.720567803  
0.5692307749  
-2.362265993  
-5.286593358  
-7.2863045  
-7.626287112  
-6.018159244  
-2.743158685  
1.411255262  
5.381780788  
8.150028972  
9.046834514  
7.940286814  
5.248805221  
1.781108532  
-1.536910637  
-3.952567332  
-5.096678359  
-5.048684911  
-4.244991117  
-3.27401876  
-2.63867988  
-2.573683931  
-2.980241466  
-3.494481262  
-3.655962014  
-3.107290981  
-1.747408182  
0.2183012898  
2.347131707  
4.118198686  
5.119624135  
5.193385169  
4.48538246  
3.385255724  
2.381714563  
1.889216303  
2.109789928  
2.977767738  
4.201947551  
5.382883068  
6.156705834  
6.310598812  
5.830335772  
4.870064323  
3.665935265  
2.435926601  
1.30981821  
0.3161515405  
-0.5750600194  
-1.381756956  
-2.05239702  
-2.45670464  
-2.436319863  
-1.896619215  
-0.8968757651  
0.3102904317  
1.32298768  
1.716644665  
1.213821932  
-0.1687435168  
-2.063896507  
-3.830134051  
-4.753744488  
-4.318574972  
-2.448849246  
0.3734205888  
3.18118109  
4.787228288  
4.172073336  
0.8717911885  
-4.772044882  
-11.60483555  
-17.92440322  
-21.95817001  
-22.41264681  
-18.91910328  
-12.22055842  
-4.020357547  
3.480526405  
8.226466204  
8.933940025  
5.502306181  
-0.9288311721  
-8.303337541  
-14.25930901  
-16.83905249  
-15.07630543  
-9.276624637  
-0.9046545436  
7.881524805  
14.89613329  
18.57641351  
18.41226528  
15.02535959  
9.886087335  
4.776256694  
1.186027132  
-0.1507664483  
0.5675596893  
2.370584441  
3.941916601  
4.151524989  
2.501666384  
-0.6714174067  
-4.308748296  
-7.009845411  
-7.546014663  
-5.322266753  
-0.6236129603  
5.44206936  
11.28605316  
15.3481838  
16.59889976  
14.8628616  
10.85612818  
5.928096342  
1.600670951  
-0.9351116949  
-1.193004814  
0.4882094347  
3.112730448  
5.418494806  
6.349298499  
5.441273264  
2.988941905  
-0.06536975776  
-2.478237573  
-3.165720761  
-1.616803849  
1.884607943  
6.307711669  
10.17978606  
12.04879852  
10.95229566  
6.74012555  
0.1476863206  
-7.401914274  
-14.20158009  
-18.74142534  
-20.11904911  
-18.258399  
-13.88143985  
-8.2558218  
-2.808688676  
1.268693606  
3.308012235  
3.268432782  
1.647606169  
-0.7510414305  
-3.105461622  
-4.820487199  
-5.660368965  
-5.742263919  
-5.41352529  
-5.07126911  
-4.994788689  
-5.24799359  
-5.677671373  
-5.996383062  
-5.910107577  
-5.238920677  
-3.987060758  
-2.341459684  
-0.6057521595  
0.9006152938  
1.93895655  
2.41000485  
2.358431053  
1.928612755  
1.294460056  
0.5933489024  
-0.1108024515  
-0.8243702776  
-1.587086644  
-2.420961315  
-3.289370153  
-4.085082718  
-4.653073422  
-4.839152179  
-4.544406141  
-3.762926614  
-2.586634345  
-1.174227355  
0.304327653  
1.726091517  
3.052526445  
4.329564571  
5.64802979  
7.077764764  
8.600539449  
10.0697892  
11.21814991  
11.71835206  
11.28421616  
9.782569603  
7.319389831  
4.267346347  
1.21695801  
-1.144606954  
-2.200347516  
-1.572869853  
0.7514126512  
4.382267253  
8.588076561  
12.45156124  
15.08329901  
15.83951383  
14.48659829  
11.26661727  
6.842871384  
2.136473225  
-1.905242539  
-4.547872921  
-5.45254782  
-4.752044365  
-2.999066102  
-1.000555759  
0.4160151413  
0.6388575563  
-0.556074702  
-2.945739718  
-5.929681893  
-8.707568261  
-10.51224994  
-10.82994543  
-9.543666642  
-6.959521365  
-3.711018795  
-0.5731859397  
1.755283065  
2.83564683  
2.584955655  
1.259808707  
-0.6600749259  
-2.645273487  
-4.287361818  
-5.410912767  
-6.092980578  
-6.589286959  
-7.198805531  
-8.119252303  
-9.348103704  
-10.66645923  
-11.71253844  
-12.11847549  
-11.66003624  
-10.36274461  
-8.521745577  
-6.622437573  
-5.184135377  
-4.577578341  
-4.878876653  
-5.813112672  
-6.812711858  
-7.17821527  
-6.294613176  
-3.83633704  
0.1044230594  
5.008989899  
10.04932158  
14.29861547  
16.97446306  
17.64413836  
16.33390466  
13.51360693  
9.964977994  
6.574925333  
4.11393623  
3.059688538  
3.508502959  
5.188921723  
7.562314095  
9.97380879  
11.80874016  
12.61578595  
12.17406693  
10.50096072  
7.813520574  
4.464418056  
0.8726661134  
-2.537731896  
-5.386926897  
-7.378148203  
-8.329727966  
-8.200097858  
-7.100418009  
-5.286118094  
-3.120176052  
-1.00790533  
0.6867140305  
1.723547193  
2.043835345  
1.782636317  
1.227798996  
0.7333696102  
0.610784073  
1.03006736  
1.961919234  
3.179877522  
4.32305918  
5.000700218  
4.906285015  
3.906171615  
2.076502073  
-0.3205881413  
-2.910501659  
-5.303187351  
-7.181717596  
-8.356273324  
-8.772044579  
-8.477498881  
-7.573600216  
-6.169862366  
-4.367350087  
-2.274633187  
-0.04568312605  
2.084032302  
3.789964153  
4.697373575  
4.466863142  
2.905954926  
0.07066831521  
-3.682889908  
-7.7263607  
-11.27306717  
-13.55679489  
-14.03001991  
-12.52459592  
-9.323650374  
-5.115925424  
-0.8369714826  
2.564589282  
4.373330031  
4.297016208  
2.545221646  
-0.2280578533  
-3.104146595  
-5.152991852  
-5.689865235  
-4.463885974  
-1.725686291  
1.844421158  
5.327521115  
7.823019628  
8.700341406  
7.776388606  
5.370915877  
2.225783537  
-0.6891074431  
-2.430487904  
-2.329339592  
-0.1672429778  
3.762554845  
8.722276941  
13.70469221  
17.6693009  
19.77940209  
19.58257174  
17.09416448  
12.76981401  
7.381099915  
1.831094482  
-3.04187784  
-6.625536567  
-8.626564753  
-9.08213406  
-8.298548699  
-6.742268973  
-4.916524034  
-3.254778894  
-2.052340996  
-1.443274148  
-1.416488457  
-1.856019435  
-2.588433537  
-3.424075754  
-4.186115764  
-4.728588708  
-4.948675021  
-4.79807451  
-4.294212146  
-3.526717998  
-2.651361289  
-1.864652822  
-1.358444312  
-1.262749763  
-1.593405353  
-2.224796294  
-2.90390473  
-3.310536512  
-3.152514168  
-2.269690868  
-0.7124722864  
1.236410499  
3.113304594  
4.391728816  
4.637009855  
3.651021458  
1.558647629  
-1.19794736  
-3.963635683  
-6.047375275  
-6.920005879  
-6.370346751  
-4.567269998  
-2.003872745  
0.6617309561  
2.818931267  
4.100409707  
4.49409257  
4.330739717  
4.148406211  
4.478242839  
5.625779456  
7.526505574  
9.731964002  
11.53868073  
12.22216181  
11.29874881  
8.724097022  
4.954262588  
0.8394388987  
-2.623041396  
-4.599971872  
-4.695612626  
-3.093513897  
-0.5141242234  
2.004102025  
3.432701974  
3.084373445  
0.8380410018  
-2.818087389  
-6.941431639  
-10.43775416  
-12.41151548  
-12.44726268  
-10.72838611  
-7.954783039  
-5.089199313  
-3.020506179  
-2.26017605  
-2.776487233  
-4.022989609  
-5.150429347  
-5.32755128  
-4.058315494  
-1.384087457  
2.101123319  
5.429843068  
7.575292929  
7.794643745  
5.885536462  
2.269654924  
-2.124268766  
-6.138223908  
-8.731046783  
-9.279768022  
-7.741257661  
-4.628427333  
-0.8183681831  
2.735829225  
5.290133303  
6.499630911  
6.460408059  
5.60449568  
4.499801963  
3.635497051  
3.271083293  
3.396688469  
3.805753675  
4.237672551  
4.523165877  
4.668381465  
4.842427287  
5.275421982  
6.113121828  
7.293981635  
8.507464068  
9.26061358  
9.036186331  
7.486585659  
4.589684768  
0.7027079855  
-3.513931545  
-7.282781876  
-9.942865784  
-11.14755484  
-10.95430886  
-9.771951462  
-8.183901632  
-6.713018479  
-5.617925308  
-4.801314666  
-3.870398842  
-2.332152071  
0.1477563521  
3.522818761  
7.273976761  
10.49918817  
12.1707272  
11.48281198  
8.172391161  
2.695697725  
-3.815261487  
-9.821343271  
-13.7985964  
-14.68679596  
-12.22127207  
-7.036910376  
-0.5031858426  
5.665423711  
9.906239796  
11.25892253  
9.629573401  
5.786921095  
1.094223019  
-2.935593427  
-5.118938658  
-4.963148592  
-2.799026017  
0.3523643371  
3.13005689  
4.284266979  
3.082891182  
-0.4536803024  
-5.558346308  
-10.95447015  
-15.242988  
-17.31435224  
-16.65805373  
-13.48053718  
-8.606392904  
-3.206104739  
1.55570496  
4.839724887  
6.325802612  
6.234193607  
5.184710647  
3.953571565  
3.213725258  
3.340750635  
4.336905207  
5.882533559  
7.482178432  
8.646213071  
9.044563399  
8.586409604  
7.410483919  
5.802823859  
4.08140338  
2.493273008  
1.159018944  
0.07746550799  
-0.820898548  
-1.600639247  
-2.262163235  
-2.722023036  
-2.840498149  
-2.484522495  
-1.599683871  
-0.2612380333  
1.318242191  
2.831075659  
3.95471486  
4.444275808  
4.20666818  
3.331241029  
2.065849857  
0.7447857783  
-0.3097708499  
-0.8829206898  
-0.9302340733  
-0.5902203432  
-0.1425576546  
0.07564756387  
-0.2283618727  
-1.211830881  
-2.840881882  
-4.88547711  
-6.966054598  
-8.639649918  
-9.503465646  
-9.290171171  
-7.931963031  
-5.578796655  
-2.567715566  
0.6479627573  
3.591693482  
5.856653238  
7.177583032  
7.466887953  
6.81013855  
5.4265509  
3.608215016  
1.655728243  
-0.1734582892  
-1.693826023  
-2.796020921  
-3.433073682  
-3.600225005  
-3.320183574  
-2.64100691  
-1.646222713  
-0.4691632405  
0.7009806644  
1.632863383  
2.091449586  
1.896112603  
0.9831880765  
-0.5482814455  
-2.427728781  
-4.252594123  
-5.5731941  
-6.004434063  
-5.334436582  
-3.59737032  
-1.085311135  
1.709582801  
4.210829214  
5.90135403  
6.455271589  
5.819936104  
4.22414756  
2.109983934  
0.008268341988  
-1.605673553  
-2.433986511  
-2.42154607  
-1.747987512  
-0.7524696687  
0.1828827045  
0.7538009184  
0.822449406  
0.4491926469  
-0.1385014989  
-0.6267874303  
-0.7186801781  
-0.228165627  
0.8611756476  
2.386920211  
4.046492302  
5.469656757  
6.303534963  
6.288946694  
5.312534613  
3.427522657  
0.8439907439  
-2.105298803  
-5.015479121  
-7.469034638  
-9.09758678  
-9.639808948  
-8.98821686  
-7.216356656  
-4.578043184  
-1.473447388  
1.61669538  
4.218839186  
5.958512269  
6.634353196  
6.254571226  
5.0248181  
3.28978015  
1.444399299  
-0.1600624172  
-1.288542633  
-1.854103217  
-1.903953739  
-1.569930275  
-1.005305108  
-0.3330476956  
0.3758585593  
1.089240851  
1.776643765  
2.370616117  
2.750447603  
2.763712112  
2.284059675  
1.285654246  
-0.09752380424  
-1.559410623  
-2.675139009  
-3.015144615  
-2.290184092  
-0.479858065  
2.104923714  
4.859124495  
7.023616403  
7.895957618  
7.051496219  
4.50392787  
0.7470060325  
-3.347555947  
-6.756456947  
-8.594542457  
-8.382446398  
-6.208329124  
-2.728461378  
1.001315474  
3.819208763  
4.792476714  
3.495139227  
0.1450542461  
-4.441905097  
-9.068624698  
-12.48190961  
-13.71211595  
-12.33060244  
-8.554480068  
-3.174448942  
2.6666623  
7.775813778  
11.20433487  
12.45542503  
11.55559408  
8.983859765  
5.493404002  
1.887308636  
-1.183939229  
-3.350078116  
-4.549342388  
-4.965344555  
-4.906313971  
-4.672716012  
-4.455814798  
-4.293807119  
-4.090429795  
-3.680844325  
-2.917020486  
-1.742539341  
-0.233586048  
1.404505477  
2.882026271  
3.89696496  
4.214482478  
3.733473889  
2.523991235  
0.826080821  
-0.9912360929  
-2.504019315  
-3.326247785  
-3.201886037  
-2.074331361  
-0.1138057358  
2.30913646  
4.703356765  
6.574863459  
7.554153375  
7.498065562  
6.533949215  
5.02771762  
3.478763775  
2.368292257  
2.005204132  
2.418772586  
3.336563034  
4.261299591  
4.628604872  
3.999183784  
2.223908565  
-0.4751087359  
-3.54014779  
-6.225968044  
-7.818300511  
-7.855106053  
-6.278853236  
-3.468140266  
-0.135288658  
2.879466263  
4.851645032  
5.375381981  
4.460220948  
2.492754568  
0.0803471268  
-2.165110127  
-3.825564765  
-4.787045077  
-5.224961578  
-5.474570612  
-5.840393171  
-6.42253925  
-7.03280295  
-7.24043717  
-6.53784816  
-4.568141486  
-1.327924917  
2.738615712  
6.803698344  
9.87200839  
11.08592748  
10.0194692  
6.856632298  
2.38327068  
-2.218132192  
-5.714031622  
-7.198163354  
-6.378882714  
-3.677497936  
-0.0993686906  
3.085653581  
4.752665489  
4.288363714  
1.794327886  
-1.941174828  
-5.69526257  
-8.205082333  
-8.576841019  
-6.576555884  
-2.709128546  
1.93788234  
6.032895102  
8.410455099  
8.421505277  
6.115282991  
2.201743053  
-2.184607811  
-5.836566602  
-7.826618222  
-7.751635224  
-5.803339404  
-2.658246265  
0.7613122352  
3.56770529  
5.139019439  
5.236786965  
3.992564776  
1.792033432  
-0.8840610298  
-3.597822796  
-6.026730732  
-7.961200564  
-9.252046567  
-9.752571592  
-9.2980194  
-7.742768948  
-5.043676401  
-1.350135329  
2.949228225  
7.261344802  
10.91225393  
13.32868612  
14.21738405  
13.6737096  
12.16949889  
10.41027442  
9.099846302  
8.688471021  
9.193690449  
10.1643438  
10.81240183  
10.27939919  
7.954207095  
3.735126201  
-1.858501405  
-7.77432986  
-12.69894108  
-15.43557356  
-15.27079532  
-12.21214951  
-7.016764449  
-0.9958624357  
4.348565286  
7.74477488  
8.501011338  
6.677389275  
3.029964065  
-1.251074439  
-4.922913163  
-7.069452603  
-7.360285201  
-6.112266143  
-4.141269991  
-2.458506829  
-1.913511801  
-2.899948768  
-5.217241237  
-8.12940431  
-10.59940891  
-11.62308458  
-10.55738547  
-7.34190322  
-2.547109682  
2.764081333  
7.319397471  
9.982271662  
10.060903  
7.496506518  
2.88225869  
-2.687944549  
-7.896316539  
-11.52810417  
-12.76359382  
-11.3631408  
-7.703554295  
-2.663092989  
2.610250317  
6.985652674  
9.619196374  
10.14129091  
8.718858676  
5.981515399  
2.834789628  
0.2111913207  
-1.175038563  
-1.005386878  
0.5790789886  
3.042692504  
5.628720211  
7.590629813  
8.413254409  
7.958100951  
6.488875891  
4.569011883  
2.862709674  
1.902449058  
1.898662629  
2.656237556  
3.62995822  
4.106275572  
3.45596796  
1.375701351  
-1.964247209  
-5.921904613  
-9.544116903  
-11.84226393  
-12.0994098  
-10.1106349  
-6.275713266  
-1.508226995  
3.016480875  
6.199206848  
7.335719035  
6.315792987  
3.63897824  
0.2423688622  
-2.803481866  
-4.631655616  
-4.839881207  
-3.592461306  
-1.533571734  
0.4544509487  
1.563056983  
1.332848466  
-0.1999637426  
-2.532354224  
-4.883805371  
-6.475963897  
-6.80244697  
-5.793756716  
-3.820938007  
-1.539865536  
0.3647534425  
1.440694798  
1.638033522  
1.323532201  
1.131979029  
1.70624441  
3.419807264  
6.184361785  
9.417812551  
12.1932279  
13.52607338  
12.70711908  
9.569296504  
4.595288079  
-1.17691027  
-6.42762246  
-9.926731782  
-10.88827619  
-9.19858375  
-5.447707598  
-0.7555618522  
3.552412092  
6.320338133  
6.875502299  
5.190829849  
1.855848813  
-2.125018993  
-5.637810146  
-7.773055426  
-8.058031094  
-6.548201126  
-3.765233468  
-0.5145781538  
2.353347249  
4.166044292  
4.577583709  
3.614117083  
1.620523794  
-0.8610659453  
-3.23783668  
-4.997627735  
-5.798683887  
-5.509326262  
-4.203940392  
-2.129069073  
0.3468575202  
2.791686145  
4.772415799  
5.921220991  
6.000189809  
4.954541422  
2.93964096  
0.3076495381  
-2.452659117  
-4.816102931  
-6.339870094  
-6.769494255  
-6.100064661  
-4.571389679  
-2.595209492  
-0.6343952432  
0.9291481728  
1.896148387  
2.288440974  
2.31233398  
2.260507078  
2.387526294  
2.803605916  
3.425038802  
3.999740101  
4.199374432  
3.745272051  
2.522506986  
0.6400726736  
-1.586139482  
-3.723206739  
-5.353189006  
-6.200979585  
-6.212635067  
-5.556376772  
-4.546308766  
-3.517176393  
-2.696744303  
-2.123856877  
-1.644053829  
-0.9861607282  
0.1072157233  
1.743794028  
3.79340566  
5.885677122  
7.502440074  
8.139729279  
7.487454119  
5.564946023  
2.761779138  
-0.2377599406  
-2.630530623  
-3.720859844  
-3.128766338  
-0.9145784218  
2.421402819  
6.067638842  
9.122335242  
10.84183364  
10.84279118  
9.198459628  
6.401698217  
3.207584328  
0.4045690753  
-1.41632059  
-2.025447181  
-1.604371179  
-0.6693516009  
0.1055751502  
0.110592051  
-1.000313604  
-3.191784088  
-6.045698333  
-8.875401435  
-10.92126987  
-11.57031477  
-10.53646744  
-7.950413799  
-4.334190835  
-0.4685418802  
2.809275107  
4.820849367  
5.216311907  
4.053201646  
1.765232831  
-0.9676045368  
-3.409387415  
-4.964976981  
-5.328585497  
-4.544422838  
-2.965354487  
-1.124935795  
0.4370733835  
1.3425881  
1.485872415  
1.053835441  
0.4502510721  
0.1476168278  
0.5130442517  
1.663556  
3.398247159  
5.232236979  
6.526202781  
6.675392511  
5.3021853  
2.393236035  
-1.662802437  
-6.151977261  
-10.20691656  
-13.02564185  
-14.07429796  
-13.21533848  
-10.72513876  
-7.19858093  
-3.372380307  
0.07708669501  
2.699584743  
4.352070958  
5.175515939  
5.482538305  
5.599931252  
5.723990792  
5.840673132  
5.739098384  
5.113559589  
3.717321332  
1.511905396  
-1.245015114  
-4.011070732  
-6.075520595  
-6.75074928  
-5.582622883  
-2.514395392  
2.049445973  
7.304275357  
12.21929567  
15.77889511  
17.22618357  
16.24326811  
13.02174706  
8.208381939  
2.745391826  
-2.348469998  
-6.197897861  
-8.239087992  
-8.302190687  
-6.600414193  
-3.642603701  
-0.1017330289  
3.324211702  
6.029642929  
7.581216045  
7.758166945  
6.560590148  
4.195535258  
1.047310044  
-2.367664702  
-5.464949341  
-7.677444599  
-8.557169806  
-7.878133072  
-5.715719731  
-2.475067076  
1.152593945  
4.310628926  
6.157981525  
6.072700064  
3.827222718  
-0.3149807159  
-5.6164239  
-11.0036927  
-15.301552  
-17.50957995  
-17.05232554  
-13.93650403  
-8.769743056  
-2.629994525  
3.186332204  
7.47643467  
9.424814251  
8.802797051  
6.021220749  
2.021074227  
-1.971036562  
-4.760250582  
-5.491768165  
-3.870208039  
-0.2331193267  
4.54009043  
9.259159598  
12.73232258  
14.07172902  
12.9140052  
9.498267582  
4.582898139  
-0.7732659658  
-5.5024284  
-8.809127649  
-10.36208782  
-10.3435053  
-9.344660949  
-8.142187233  
-7.425301731  
-7.559564384  
-8.462159668  
-9.629949774  
-10.31393214  
-9.786835954  
-7.618830801  
-3.870369596  
0.8660008492  
5.597613898  
9.205377285  
10.78007116  
9.918104691  
6.881237202  
2.563025168  
-1.737241618  
-4.672270734  
-5.232212379  
-3.041957156  
1.521488426  
7.429753384  
13.29356982  
17.75565155  
19.86655966  
19.32953799  
16.54195481  
12.42587246  
8.107682572  
4.554444147  
2.286953468  
1.262260084  
0.9599647688  
0.6368275243  
-0.3439012434  
-2.228356787  
-4.73827417  
-7.141050275  
-8.505683787  
-8.059417871  
-5.520302101  
-1.283143716  
3.618618713  
7.779030769  
9.839326323  
8.930335901  
4.9916581  
-1.145121285  
-7.950079158  
-13.61821049  
-16.59901205  
-16.07058176  
-12.20853625  
-6.16045275  
0.2735523091  
5.162160085  
7.010380779  
5.202030026  
0.1834520584  
-6.666112603  
-13.43649377  
-18.2378401  
-19.73492689  
-17.50713289  
-12.13339723  
-4.987680567  
2.18208766  
7.756462963  
10.67570286  
10.67710048  
8.282373576  
4.559056304  
0.7476413365  
-2.119333118  
-3.487864767  
-3.369441196  
-2.236360122  
-0.7805074214  
0.3692472637  
0.8704631579  
0.7596193601  
0.3929531152  
0.269513435  
0.8093409187  
2.170832144  
4.172358259  
6.342468847  
8.076000823  
8.837007863  
8.335850652  
6.620673794  
4.056569397  
1.20649233  
-1.338968976  
-3.121731631  
-3.913873062  
-3.727755272  
-2.74794884  
-1.222780419  
0.6351538953  
2.698670921  
4.90995452  
7.213385495  
9.475490693  
11.43751939  
12.73347197  
12.9789028  
11.90386579  
9.480277104  
5.989337922  
1.991825208  
-1.802395693  
-4.731145085  
-6.380144373  
-6.716700878  
-6.105038519  
-5.189874331  
-4.680631898  
-5.105658862  
-6.620112772  
-8.936588636  
-11.40770236  
-13.23802126  
-13.75651022  
-12.65682304  
-10.12057446  
-6.776529249  
-3.504383614  
-1.146351038  
-0.2241132081  
-0.7599667837  
-2.267678965  
-3.921313435  
-4.848172018  
-4.446750213  
-2.618353371  
0.172653607  
3.038323331  
4.966046801  
5.179734676  
3.440570228  
0.1805540934  
-3.585074656  
-6.547564267  
-7.508896546  
-5.771772085  
-1.387696535  
4.821152368  
11.47825782  
17.04229963  
20.24842832  
20.4630015  
17.84202842  
13.24777793  
7.956693921  
3.258260752  
0.07708556592  
-1.26157937  
-1.054512711  
-0.03651173545  
0.9354554954  
1.212913417  
0.5836596251  
-0.6804242817  
-1.96601306  
-2.592597644  
-2.112388104  
-0.52133477  
1.700321938  
3.73701798  
4.725584368  
4.07883128  
1.726688191  
-1.816605851  
-5.590376623  
-8.489191637  
-9.627836458  
-8.644397174  
-5.835302516  
-2.072580587  
1.471764687  
3.702581356  
3.952504823  
2.188311999  
-0.996327112  
-4.59687303  
-7.545786534  
-9.070082345  
-8.933952172  
-7.48338869  
-5.480513201  
-3.790463341  
-3.036774547  
-3.352778071  
-4.32254655  
-5.136706666  
-4.910115865  
-3.047643677  
0.4765635819  
5.034127976  
9.493061078  
12.56224919  
13.21722731  
11.0615395  
6.495027423  
0.6230526272  
-5.071910624  
-9.192282199  
-10.86817008  
-10.03050623  
-7.418369576  
-4.31263538  
-2.081368545  
-1.688515027  
-3.333666959  
-6.350260132  
-9.4050885  
-10.94127821  
-9.722976056  
-5.301811907  
1.7541171  
9.95428086  
17.28481512  
21.79540551  
22.19354114  
18.25979735  
10.95135191  
2.156845257  
-5.826387776  
-10.93629593  
-11.91858951  
-8.658850866  
-2.180933741  
5.678988564  
12.81617517  
17.45073631  
18.59448171  
16.26123464  
11.37456697  
5.420783489  
-0.03063674252  
-3.784743912  
-5.320009201  
-4.850679615  
-3.154587494  
-1.242188955  
0.01251016699  
0.1555801728  
-0.735363729  
-2.135618078  
-3.311006622  
-3.617330738  
-2.75484559  
-0.8915343034  
1.382822483  
3.251450104  
3.944976352  
3.002158702  
0.4313908257  
-3.277334818  
-7.290428129  
-10.6712158  
-12.64516072  
-12.80797625  
-11.21672473  
-8.343748733  
-4.916695132  
-1.701159183  
0.7042776784  
2.000635089  
2.216696912  
1.636399422  
0.6607064742  
-0.3433394877  
-1.154965934  
-1.740043482  
-2.213788459  
-2.747500262  
-3.459001952  
-4.329611996  
-5.178760111  
-5.705425709  
-5.581717887  
-4.565881592  
-2.595937896  
0.1677153112  
3.364984394  
6.516839534  
9.138717349  
10.85201009  
11.46149518  
10.9791479  
9.592780638  
7.595062008  
5.299152422  
2.968324448  
0.7787833484  
-1.179004183  
-2.869507399  
-4.270647881  
-5.342171469  
-6.01808462  
-6.225731967  
-5.921696842  
-5.126783686  
-3.941739708  
-2.532691016  
-1.087808021  
0.2405365311  
1.385760839  
2.387282236  
3.368340053  
4.474300398  
5.79052607  
7.269614628  
8.698547525  
9.725560706  
9.947160774  
9.033858498  
6.856402201  
3.568997181  
-0.3845117522  
-4.353599631  
-7.636881454  
-9.668976357  
-10.18275742  
-9.294628156  
-7.481103194  
-5.447263689  
-3.921784989  
-3.438057147  
-4.168024209  
-5.861510394  
-7.912601725  
-9.535779348  
-9.999769494  
-8.848356495  
-6.040546044  
-1.967344187  
2.659252206  
7.009288586  
10.36578105  
12.31167399  
12.81651639  
12.20019246  
10.99157961  
9.73380687  
8.803706063  
8.305892998  
8.074257662  
7.77524612  
7.071314642  
5.781995195  
3.981269521  
1.993011993  
0.2832492552  
-0.7141518446  
-0.7761142143  
-0.007107207669  
1.15309773  
2.041291423  
1.971957303  
0.4652314552  
-2.572475167  
-6.776574586  
-11.38923415  
-15.44616805  
-18.03171408  
-18.52686039  
-16.77713663  
-13.13229108  
-8.349077626  
-3.389368163  
0.8247928987  
3.628593301  
4.746582649  
4.311473206  
2.777164466  
0.763448321  
-1.115112106  
-2.386686613  
-2.794966387  
-2.301625777  
-1.036087218  
0.7768865895  
2.88162549  
5.02971488  
6.990519861  
8.547028153  
9.495748025  
9.664676745  
8.950770798  
7.364158176  
5.057331108  
2.318683866  
-0.4788213493  
-2.964992614  
-4.869874785  
-6.096758465  
-6.740542021  
-7.038463148  
-7.26484739  
-7.604519898  
-8.051760312  
-8.377520806  
-8.18652629  
-7.054779597  
-4.706673388  
-1.171491391  
3.14072687  
7.482468632  
10.93262693  
12.64147899  
12.0863378  
9.257610416  
4.710922628  
-0.5410372  
-5.274775972  
-8.374198206  
-9.12976809  
-7.430301299  
-3.789375269  
0.8029297092  
5.160018906  
8.228106648  
9.368243576  
8.509779545  
6.133880156  
3.097607237  
0.3567632625  
-1.325681967  
-1.597341018  
-0.5977685078  
1.115239252  
2.765045078  
3.614805496  
3.203661676  
1.48929431  
-1.14258295  
-3.998958311  
-6.288353014  
-7.351381552  
-6.843827544  
-4.821367661  
-1.707557315  
1.837564183  
5.102992124  
7.50902681  
8.735038893  
8.762382791  
7.830232092  
6.327941915  
4.663617571  
3.150734171  
1.943722765  
1.034316838  
0.2999872331  
-0.4193076322  
-1.245494958  
-2.212623757  
-3.255836818  
-4.237190632  
-4.994605021  
-5.394476396  
-5.370264955  
-4.936929645  
-4.181000824  
-3.234471191  
-2.244527977  
-1.349700311  
-0.6674106973  
-0.2909924844  
-0.2893470073  
-0.7015260475  
-1.522350393  
-2.681938656  
