6.296357473  
6.097853971  
5.37789346  
4.214380015  
2.77811942  
1.259757181  
-0.2030823846  
-1.56802716  
-2.883152871  
-4.238956803  
-5.699087911  
-7.240632775  
-8.731063783  
-9.954159987  
-10.67728029  
-10.73517657  
-10.09778445  
-8.894189577  
-7.380763443  
-5.862046965  
-4.591150958  
-3.684877709  
-3.084692576  
-2.579075309  
-1.881486179  
-0.7385406719  
0.9679124491  
3.159614555  
5.563084225  
7.774208713  
9.366786158  
10.01179033  
9.571400819  
8.140446321  
6.024700997  
3.664246894  
1.525354313  
-0.008793024889  
-0.7205058076  
-0.5951080286  
0.1910305832  
1.323886818  
2.430148657  
3.16137182  
3.266836349  
2.643024715  
1.3533501  
-0.3834077972  
-2.233678135  
-3.813129383  
-4.765066872  
-4.840241473  
-3.962028244  
-2.260273355  
-0.06080117869  
2.173745558  
3.943686066  
4.831688156  
4.611677733  
3.315790937  
1.236291753  
-1.14379613  
-3.276645081  
-4.698999225  
-5.162042721  
-4.701966575  
-3.627501077  
-2.425184493  
-1.608869924  
-1.558211985  
-2.39571006  
-3.940966943  
-5.757446564  
-7.278395241  
-7.974006065  
-7.509179671  
-5.844610288  
-3.251963644  
-0.2407111739  
2.579210072  
4.656685145  
5.63445108  
5.424104128  
4.205918957  
2.361690886  
0.3670366914  
-1.322600783  
-2.362096755  
-2.565600539  
-1.912972291  
-0.5251016162  
1.37512686  
3.50220377  
5.541835475  
7.181958963  
8.147924488  
8.246450346  
7.414729305  
5.761313689  
3.579199921  
1.313704077  
-0.5209962589  
-1.465017406  
-1.246040441  
0.1175504942  
2.281872079  
4.633083655  
6.428917181  
6.993388956  
5.91126035  
3.16388602  
-0.8381274107  
-5.340851516  
-9.431146774  
-12.26783937  
-13.29341571  
-12.36510815  
-9.769141852  
-6.118075091  
-2.166990686  
1.392222785  
4.095569437  
5.784466824  
6.581058818  
6.780648783  
6.706386179  
6.580119536  
6.452868865  
6.213356489  
5.663057569  
4.622617195  
3.025225796  
0.9607336225  
-1.344290787  
-3.599207412  
-5.542844059  
-7.019088168  
-8.004478057  
-8.578622351  
-8.852568969  
-8.888196159  
-8.646003732  
-7.987242171  
-6.733786517  
-4.76417133  
-2.106963463  
1.009411108  
4.177060738  
6.899796744  
8.727939908  
9.390773889  
8.87861597  
7.442727703  
5.510396146  
3.543924919  
1.89382897  
0.7000508636  
-0.1220683919  
-0.8057949833  
-1.596498286  
-2.608870661  
-3.736988475  
-4.658637879  
-4.940618845  
-4.212455157  
-2.346484143  
0.425560988  
3.511713413  
6.088759957  
7.329363723  
6.658501096  
3.955345706  
-0.3696350885  
-5.454300288  
-10.20248879  
-13.57534462  
-14.86701058  
-13.87996126  
-10.94811048  
-6.805619318  
-2.349261301  
1.624877532  
4.62480018  
6.54476262  
7.609283698  
8.210614498  
8.706881027  
9.258413679  
9.761956653  
9.903496894  
9.305141525  
7.706232628  
5.106734016  
1.815654573  
-1.616585312  
-4.559352296  
-6.498755701  
-7.198959841  
-6.76918493  
-5.612174674  
-4.273120148  
-3.244281026  
-2.796289802  
-2.896810365  
-3.244705446  
-3.405077058  
-2.993460179  
-1.839445823  
-0.06789487619  
1.933491868  
3.649204256  
4.624399565  
4.637398482  
3.791956489  
2.493781822  
1.317420505  
0.8092996623  
1.295837845  
2.764053476  
4.856584512  
6.982886543  
8.50808479  
8.954773686  
8.150120581  
6.271209293  
3.777858694  
1.260826851  
-0.7397193656  
-1.883898975  
-2.10397495  
-1.582939464  
-0.6583241385  
0.3057584348  
1.028766642  
1.36910931  
1.313664381  
0.9183684056  
0.2358107284  
-0.7317403457  
-2.029863675  
-3.700853619  
-5.709334756  
-7.883601497  
-9.908153719  
-11.3830416  
-11.93719064  
-11.35736987  
-9.682886862  
-7.224186439  
-4.489402277  
-2.037375882  
-0.3054935046  
0.5260712165  
0.5819251975  
0.2293999704  
-0.07409655557  
0.03029486726  
0.6496401216  
1.583165219  
2.391414932  
2.5720386  
1.781149027  
0.01701707949  
-2.309415792  
-4.45615019  
-5.569329146  
-4.973507909  
-2.435302032  
1.695449086  
6.526686294  
10.84780822  
13.47392706  
13.60449167  
11.08047054  
6.453578537  
0.840415849  
-4.395777387  
-8.036315169  
-9.347665015  
-8.26482938  
-5.36326557  
-1.635387026  
1.848303549  
4.277253909  
5.325794613  
5.194771491  
4.465137094  
3.824408526  
3.770025335  
4.399431634  
5.363546257  
6.000163617  
5.598405421  
3.697415356  
0.3092670588  
-4.018235765  
-8.327428007  
-11.5278698  
-12.73393157  
-11.55008116  
-2.132670609  
3.676449138  
10.30994768  
16.26513705  
20.06891758  
20.67468468  
17.77701707  
11.9462085  
4.528667291  
-2.676630626  
-7.888661829  
-9.836057808  
-8.129674979  
-3.402300267  
2.835855321  
8.596341162  
11.96073317  
11.62489474  
7.28254091  
-0.2655696775  
-9.312557251  
-17.70221444  
-23.41235081  
-25.09811894  
-22.44101117  
-16.20722684  
-8.005324767  
0.1789295004  
6.529617551  
9.869411601  
9.919218004  
7.285682372  
3.197782745  
-0.9122448484  
-3.847004651  
-4.967328962  
-4.311503447  
-2.490600079  
-0.4120743859  
1.065339184  
1.427663122  
0.6591097241  
-0.7874629467  
-2.180338431  
-2.784545852  
-2.125035795  
-0.1494543848  
2.758435771  
5.910596563  
8.53938036  
10.03495657  
10.11651735  
8.886050075  
6.756595115  
4.289817217  
2.005433473  
0.2292792039  
-0.9724631705  
-1.75962467  
-2.407826395  
-3.169642865  
-4.160911161  
-5.31199058  
-6.3964201  
-7.119821829  
-7.231001301  
-6.61228197  
-5.317649097  
-3.549855049  
-1.5914989  
0.2789166866  
1.852832396  
3.017788476  
3.741900939  
4.033623197  
3.903823058  
3.354098026  
2.400428677  
1.121230292  
-0.2973080394  
-1.55018704  
-2.258182917  
-2.067208233  
-0.7760773577  
1.552203036  
4.543166994  
7.559053784  
9.842905925  
10.72387174  
9.822311084  
7.1861269  
3.306490519  
-1.002151603  
-4.82794439  
-7.425690189  
-8.434624423  
-7.976780354  
-6.599945218  
-5.080348778  
-4.148385573  
-4.228877228  
-5.285204402  
-6.823768377  
-8.061930346  
-8.206623782  
-6.751289236  
-3.689687117  
0.4297457413  
4.633827423  
7.80259831  
9.009254622  
7.813763  
4.415551489  
-0.3846489644  
-5.402616489  
-9.399812501  
-11.4214495  
-11.04059289  
-8.438419777  
-4.30536111  
0.3948366104  
4.714981815  
7.973602436  
9.889275764  
10.57012341  
10.37997512  
9.743237245  
8.966503435  
8.141956694  
7.161689373  
5.827322138  
4.002612095  
1.741398115  
-0.665580888  
-2.748570311  
-4.003249424  
-4.068793724  
-2.87199823  
-0.6809155503  
1.956099343  
4.368182729  
5.96319817  
6.402822285  
5.691129727  
4.147637384  
2.277483932  
0.5881760686  
-0.5795067073  
-1.145787696  
-1.280176767  
-1.293410155  
-1.479410107  
-1.972595104  
-2.679488091  
-3.314367943  
-3.527357593  
-3.075472604  
-1.967536371  
-0.5202121855  
0.706515418  
1.081411908  
0.1264431885  
-2.285284637  
-5.832820604  
-9.794935918  
-13.23621809  
-15.27707549  
-15.36140561  
-13.43308122  
-9.96044379  
-5.79759606  
-1.925583993  
0.8430677349  
2.100687516  
1.945783388  
0.9190691289  
-0.2008580826  
-0.6709389355  
-0.03361088792  
1.73890794  
4.250152853  
6.82692267  
8.753093139  
9.507024747  
8.922064543  
7.2197945  
4.911971097  
2.612912587  
0.8332389776  
-0.1715995764  
-0.44828442  
-0.2791247379  
-0.03523495661  
-0.01069058035  
-0.3030852425  
-0.7851392965  
-1.174916507  
-1.172925346  
-0.6081702379  
0.4681741084  
1.782064596  
2.932574848  
3.549280075  
3.449767242  
2.733190364  
1.767826833  
1.069754492  
1.111763418  
2.130508902  
4.004784431  
6.255528585  
8.17650663  
9.057589861  
8.427487331  
6.23232635  
2.885212036  
-0.8359502214  
-4.01398515  
-5.870246127  
-6.004528814  
-4.518226383  
-1.979868589  
0.7556809921  
2.814975349  
3.573036119  
2.833608762  
0.8666517708  
-1.70443907  
-4.123534608  
-5.753464674  
-6.274111114  
-5.7631822  
-4.637916537  
-3.48377855  
-2.833758863  
-2.976400499  
-3.858128197  
-5.110794738  
-6.191363604  
-6.582426606  
-5.982841723  
-4.422997854  
-2.266457701  
-0.09892983848  
1.457009582  
1.939727189  
1.195197959  
-0.572381616  
-2.858529086  
-5.003197554  
-6.375250933  
-6.541163156  
-5.371577697  
-3.06175991  
-0.06887232955  
3.008565564  
5.571998553  
7.148951211  
7.47878577  
6.548081255  
4.578995602  
1.981679339  
-0.716687081  
-2.956193925  
-4.23452243  
-4.195886423  
-2.707776423  
0.09000158838  
3.781600248  
7.729782633  
11.18999434  
13.46712864  
14.08072717  
12.89399259  
10.16468689  
6.493492662  
2.674163877  
-0.5185986809  
-2.544016994  
-3.246823319  
-2.894380648  
-2.08150994  
-1.527154964  
-1.824153492  
-3.2224847  
-5.519820028  
-8.101498549  
-10.12438077  
-10.79073168  
-9.625542919  
-6.665330535  
-2.491454284  
1.910683602  
5.428858992  
7.1541408  
6.660422568  
4.14339621  
0.3719719995  
-3.53565796  
-6.443098126  
-7.531181052  
-6.53335088  
-3.79865108  
-0.1652259114  
3.312350598  
5.692795141  
6.429402943  
5.515415159  
3.452031071  
1.056077881  
-0.8241748165  
-1.588931616  
-1.071002784  
0.4326765081  
2.286647616  
3.751893456  
4.247685706  
3.551618632  
1.872588942  
-0.2240562972  
-2.010129774  
-2.839385288  
-2.361224504  
-0.6342389365  
1.893985735  
4.529231105  
6.544297715  
7.392445683  
6.853199645  
5.069146561  
2.470616816  
-0.3780750076  
-2.954077269  
-4.914031745  
-6.15347143  
-6.777049323  
-7.001067264  
-7.03188663  
-6.968808238  
-6.767218825  
-6.272715328  
-5.309323907  
-3.784789718  
-1.770258856  
0.4780510541  
2.565762553  
4.061316433  
4.617189305  
4.070813713  
2.492365036  
0.1654724509  
-2.490243427  
-5.02723781  
-7.073129731  
-8.397965049  
-8.930022672  
-8.723866911  
-7.900729105  
-6.58869583  
-4.88650632  
-2.861995633  
-0.5798865402  
1.859783139  
4.296140591  
6.513239068  
8.281691279  
9.424434822  
9.882128584  
9.750078017  
9.266123823  
8.745460798  
8.47821766  
8.621677537  
9.124952377  
9.716908514  
9.969601166  
9.424981441  
7.750236126  
4.874300777  
1.059746209  
-3.11924783  
-6.895320682  
-9.495959603  
-10.35152366  
-9.264559826  
-6.489617873  
-2.695807787  
1.183660401  
4.178876097  
5.528918046  
4.880410549  
2.384705375  
-1.334283426  
-5.335352821  
-8.599201272  
-10.28973326  
-9.969272133  
-7.71139563  
-4.081742752  
0.008255424945  
3.536530071  
5.633115264  
5.802182656  
4.046061816  
0.8598464252  
-2.900772736  
-6.242776923  
-8.291161089  
-8.509720948  
-6.830775667  
-3.662241989  
0.2267286278  
3.908464878  
6.532547042  
7.532578407  
6.75193078  
4.460283971  
1.263068081  
-2.065799862  
-4.779182179  
-6.3276324  
-6.464695936  
-5.267199283  
-3.076343474  
-0.3864515004  
2.281209821  
4.484035292  
5.920360495  
6.443678907  
6.040769947  
4.795157163  
2.856779194  
0.4293822342  
-2.226563915  
-4.789542678  
-6.88997834  
-8.154178149  
-8.279494288  
-7.124427125  
-4.784439233  
-1.621118678  
1.778445943  
4.715087218  
6.542136315  
6.838594094  
5.539376339  
2.978369119  
-0.1771099358  
-3.089907637  
-4.972919092  
-5.303501647  
-3.969106663  
-1.299122967  
2.028771614  
5.18154326  
7.406178664  
8.237430143  
7.616366553  
5.886082246  
3.669205759  
1.668195789  
0.4522634082  
0.2967662525  
1.121942731  
2.544471968  
4.01897328  
5.019015578  
5.197525548  
4.477021637  
3.04638782  
1.273568366  
-0.4291124861  
-1.737301836  
-2.500067998  
-2.754370614  
-2.672183073  
-2.468304678  
-2.309240352  
-2.259650928  
-2.284876578  
-2.303430227  
-2.261849259  
-2.194534872  
-2.237079658  
-2.581068428  
-3.383794367  
-4.667814185  
-6.253917003  
-7.762628248  
-8.696195025  
-8.582918774  
-7.139835253  
-4.398071228  
-0.7428710506  
3.15406556  
6.49722404  
8.579206171  
8.977463469  
7.673473002  
5.055332615  
1.801599165  
-1.317482376  
-3.658512333  
-4.874484574  
-4.983515133  
-4.318966213  
-3.3826907  
-2.654620039  
-2.42477003  
-2.703716793  
-3.238663272  
-3.624606452  
-3.467133004  
-2.536545893  
-0.8578030637  
1.294713799  
3.493539386  
5.308486228  
6.454854911  
6.884787924  
6.788441365  
6.505087102  
6.377547461  
6.604564282  
7.147051452  
7.725206705  
7.910823473  
7.284517329  
5.603308932  
2.918720663  
-0.3987385276  
-3.74147249  
-6.429775151  
-7.908167939  
-7.910416789  
-6.540503864  
-4.244274307  
-1.681721315  
0.4589477006  
1.647487141  
1.642596001  
0.532546485  
-1.319370609  
-3.399654814  
-5.19537936  
-6.323460585  
-6.603624145  
-6.063020871  
-4.884410717  
-3.326513349  
-1.648981782  
-0.06579384623  
1.265889356  
2.231498884  
2.73995594  
2.719803237  
2.140046  
1.049377504  
-0.3862997085  
-1.873380631  
-3.025810199  
-3.448237936  
-2.848646026  
-1.145609659  
1.469574448  
4.545924957  
7.46855299  
9.6168559  
10.54088926  
10.10094352  
8.522496579  
6.342545663  
4.256934731  
2.910689636  
2.693994023  
3.607584898  
5.242352353  
6.883970439  
7.715130361  
7.057494968  
4.582358914  
0.4275207197  
-4.814703013  
-10.23559986  
-14.83508613  
-17.7701777  
-18.55835504  
-17.18229434  
-14.07204856  
-9.975772805  
-5.759925001  
-2.196085648  
0.2091623679  
1.30121954  
1.267061979  
0.5402468899  
-0.3451096537  
-0.9084907197  
-0.845435089  
-0.09150993777  
1.181043188  
2.625277758  
3.818834561  
4.37377133  
4.03155939  
2.72461342  
0.5947999973  
-2.0312847  
-4.702847117  
-6.928422831  
-8.266709313  
-8.408492126  
-7.235183778  
-4.84333228  
-1.530415663  
2.255723797  
5.994203887  
9.179979378  
11.40662888  
12.42705398  
12.18156084  
10.79081997  
8.519427446  
5.721722391  
2.783613155  
0.07207976961  
-2.101338344  
-3.502785667  
-3.98832987  
-3.511697756  
-2.13070745  
-0.01112909464  
2.577604449  
5.282055763  
7.704643042  
9.462394271  
10.25538034  
9.929176677  
8.513618124  
6.224037881  
3.420564945  
0.5331537154  
-2.029173969  
-3.960823547  
-5.111715532  
-5.496052993  
-5.25840303  
-4.611121479  
-3.765644296  
-2.880790387  
-2.043662634  
-1.285685836  
-0.6226572306  
-0.09832168889  
0.1903481927  
0.1007830018  
-0.5133232466  
-1.739035254  
-3.543392471  
-5.739927066  
-8.000150008  
-9.913059734  
-11.07926646  
-11.21342436  
-10.22437512  
-8.248069987  
-5.62230322  
-2.809839782  
-0.2918069059  
1.538829784  
2.455467836  
2.429749221  
1.613980666  
0.2853373347  
-1.227863919  
-2.616000149  
-3.638046785  
-4.145167329  
-4.081355348  
-3.470319751  
-2.398360279  
-0.9989754275  
0.5608838509  
2.09707452  
3.431409136  
4.421998009  
4.994833978  
5.165595285  
5.040079397  
4.786909345  
4.586098614  
4.567908194  
4.763496934  
5.088229021  
5.369110203  
5.412052648  
5.088036169  
4.406478991  
3.544194948  
2.810947202  
2.554346459  
3.030563342  
4.284124226  
6.082790422  
7.939543765  
9.226384348  
9.352633243  
7.954910952  
5.036663178  
1.006695642  
-3.403857228  
-7.32760195  
-9.99631023  
-10.9532674  
-10.17501631  
-8.062879501  
-5.306664863  
-2.665207848  
-0.7359703138  
0.2106712291  
0.2795086307  
-0.1311517269  
-0.5078929524  
-0.4310902334  
0.2615670694  
1.41526679  
2.621783021  
3.38090161  
3.297717531  
2.240764492  
0.4006664877  
-1.773515006  
-3.736629951  
-5.046700887  
-5.524141143  
-5.307906071  
-4.784164975  
-4.412434937  
-4.515513671  
-5.117078641  
-5.896624582  
-6.289361668  
-5.703586045  
-3.77983691  
-0.5936862845  
3.28292172  
6.900970489  
9.209636432  
9.403514209  
7.224749916  
3.10977927  
-1.883316403  
-6.359063623  
-8.999673965  
-8.981067702  
-6.252977626  
-1.585448042  
3.642412738  
7.851539624  
9.743641795  
8.701446895  
4.980149302  
-0.3716542366  
-5.836194244  
-9.891483836  
-11.46801802  
-10.25283  
-6.748362147  
-2.075045207  
2.410144624  
5.549140425  
6.729166444  
6.031547902  
4.144092186  
2.078405619  
0.7968048759  
0.8792607003  
2.341296288  
4.657461669  
6.972297626  
8.41722277  
8.418966286  
6.893024408  
4.260010439  
1.286660275  
-1.186193037  
-2.530017022  
-2.530221223  
-1.43772319  
0.1399570526  
1.46277878  
1.915037457  
1.206090319  
-0.5492038  
-2.889076817  
-5.172262005  
-6.789111335  
-7.341871648  
-6.737178968  
-5.170159682  
-3.020038382  
-0.7065122278  
1.435558333  
3.219947589  
4.597857848  
5.590624839  
6.207249345  
6.390901363  
6.02265964  
4.982897044  
3.242816318  
0.9425156579  
-1.58562004  
-3.869137436  
-5.414017428  
-5.852097511  
-5.065400244  
-3.240424167  
-0.8287226946  
1.576881326  
3.410851081  
4.292504141  
4.12094267  
3.078505174  
1.54664978  
-0.03135295429  
-1.289838383  
-2.034084662  
-2.260164165  
-2.104068153  
-1.750170931  
-1.342921786  
-0.9406840362  
-0.5293034945  
-0.08441798596  
0.3522180592  
0.6256613699  
0.4824113526  
-0.3472214649  
-2.024548004  
-4.484820497  
-7.380477951  
-10.12193817  
-12.01811731  
-12.47957503  
-11.21839592  
-8.37263183  
-4.503567257  
-0.4555269393  
2.883847945  
4.847288845  
5.187519141  
4.143329292  
2.346735941  
0.6009092757  
-0.3955289748  
-0.2817919054  
0.8565119024  
2.542229359  
4.105071683  
4.951082836  
4.803369037  
3.822846443  
2.560039493  
1.750429082  
2.024548876  
3.638474232  
6.327345026  
9.343831858  
11.67886176  
12.39574135  
10.9648881  
7.481111361  
2.68156246  
-2.251234746  
-6.043378972  
-7.727113871  
-6.950743983  
-4.096543626  
-0.1649677117  
3.539045869  
5.816037935  
5.94474642  
3.897058994  
0.3278804714  
-3.652343883  
-6.843342957  
-8.336291655  
-7.786347618  
-5.492064196  
-2.264292696  
0.8624085601  
2.972754839  
3.551843329  
2.614798953  
0.6513995566  
-1.583147864  
-3.349173289  
-4.173306747  
-3.983626806  
-3.08951191  
-2.023849544  
-1.313554623  
-1.266764314  
-1.854824681  
-2.729150883  
-3.36220673  
-3.256787522  
-2.14463812  
-0.1016853694  
2.460551355  
4.922072268  
6.652490176  
7.208984696  
6.465804805  
4.634136844  
2.171936304  
-0.377802833  
-2.558580248  
-4.120511038  
-5.050555972  
-5.510274715  
-5.713696247  
-5.799148654  
-5.748947997  
-5.39013238  
-4.476393062  
-2.818632139  
-0.4114791743  
2.496908288  
5.424592551  
7.765694476  
8.957843521  
8.653142587  
6.835787154  
3.846355508  
0.3032102985  
-3.055341732  
-5.559919791  
-6.773544614  
-6.583672535  
-5.201124596  
-3.073814399  
-0.747950921  
1.278280365  
2.666539723  
3.289324435  
3.215702603  
2.64747068  
1.833598102  
0.9921125136  
0.2603768857  
-0.3184599922  
-0.7778837168  
-1.192510818  
-1.639436806  
-2.16755855  
-2.779791964  
-3.427798174  
-4.016416727  
-4.415548707  
-4.479127868  
-4.071753805  
-3.101960432  
-1.557091577  
0.4698384144  
2.773165152  
5.056897504  
6.988069748  
8.271877964  
8.72897927  
8.350229479  
7.307357472  
5.910045345  
4.517232468  
3.427492314  
2.783495966  
2.524281148  
2.405531707  
2.086120876  
1.255852818  
-0.2368877735  
-2.301835763  
-4.599841046  
-6.620068939  
-7.82116989  
-7.793901812  
-6.393812421  
-3.800868281  
-0.4857551997  
2.907622816  
5.727301636  
7.47541332  
7.91934262  
7.122136712  
5.389896471  
3.160531797  
0.8750409511  
-1.126198142  
-2.653283291  
-3.656771937  
-4.174749203  
-4.268329823  
-3.977593811  
-3.317230965  
-2.310755827  
-1.042700342  
0.3021458651  
1.439851113  
2.040184313  
1.819946587  
0.6458127827  
-1.393055688  
-3.97551291  
-6.614436943  
-8.783308738  
-10.06476283  
-10.271597  
-9.497478911  
-8.077448756  
-6.469421758  
-5.096215729  
-4.202608641  
-3.77764433  
-3.570008854  
-3.191353142  
-2.270835079  
-0.605321908  
1.749244138  
4.479048351  
7.106701769  
9.145438185  
10.25811135  
10.36382183  
9.653734595  
8.510412179  
7.360130061  
6.512168347  
6.044140565  
5.776072098  
5.343879413  
4.346875647  
2.51671937  
-0.1531841395  
-3.365435961  
-6.580887715  
-9.16624028  
-10.57836262  
-10.52435182  
-9.045321933  
-6.498643173  
-3.447826042  
-0.4993818318  
1.858760616  
3.367077232  
4.023541534  
4.032872511  
3.70372704  
3.336250353  
3.139994138  
3.205098652  
3.525432456  
4.051172465  
4.738664137  
5.570547254  
6.536589314  
7.587278842  
8.588482367  
9.308792549  
9.459302058  
8.78273928  
7.164258375  
4.720321166  
1.822682555  
-0.9667995433  
-3.043544824  
-3.950125655  
-3.547093307  
-2.101921228  
-0.2545726371  
1.143278709  
1.275486827  
-0.377456613  
-3.846265316  
-8.615527725  
-13.72740547  
-18.0225644  
-20.45046181  
-20.35783028  
-17.66953104  
-12.90858885  
-7.051430283  
-1.264273613  
3.398833055  
6.247522919  
7.087048597  
6.201870959  
4.209223729  
1.839306015  
-0.2836779028  
-1.792955662  
-2.624871196  
-2.958985061  
-3.087522421  
-3.26877082  
-3.618205312  
-4.071875481  
-4.427098335  
-4.437170181  
-3.919378867  
-2.834423704  
-1.309403088  
0.4006114713  
1.99477889  
3.220586293  
3.946634985  
4.19152137  
4.103880036  
3.905944908  
3.823593938  
4.026613452  
4.594926854  
5.514134426  
6.692624518  
7.987243712  
9.22636729  
10.22635121  
10.80520632  
10.80145864  
10.10395286  
8.690456811  
6.663163717  
4.262950787  
1.845790615  
-0.1847637907  
-1.478329227  
-1.844458755  
-1.32890676  
-0.2264500513  
0.9856314504  
1.783117641  
1.762640261  
0.788147945  
-0.9371001945  
-2.906472492  
-4.453520592  
-4.965545354  
-4.101777261  
-1.943125554  
0.9828172087  
3.82046063  
5.621216686  
5.627224211  
3.516146065  
-0.4726275553  
-5.575586741  
-10.70104485  
-14.72747214  
-16.81449577  
-16.63148486  
-14.4337025  
-10.96390417  
-7.212346628  
-4.112445278  
-2.268558565  
-1.800166219  
-2.347545356  
-3.230990606  
-3.706301998  
-3.229705086  
-1.644978389  
0.7664111651  
3.38463798  
5.463420066  
6.381794148  
5.852173587  
4.017922115  
1.411639958  
-1.208692831  
-3.090023764  
-3.706401465  
-2.904316685  
-0.9302429052  
1.661495319  
4.184903629  
6.023362385  
6.79313983  
6.423859995  
5.140298797  
3.361994622  
1.561003206  
0.1265378929  
-0.7230150846  
-0.9606256833  
-0.7083467396  
-0.156993991  
0.5181550174  
1.215144901  
1.919859639  
2.678566612  
3.545323954  
4.528872816  
5.56160311  
6.503071542  
7.176611454  
7.425140473  
7.165645798  
6.422742646  
5.329420302  
4.094291841  
2.945444104  
2.067901762  
1.552937844  
1.373231584  
1.390087254  
1.390096623  
1.141411214  
0.4555801864  
-0.759696423  
-2.469012986  
-4.506384601  
-6.602658319  
-8.438795541  
-9.715024548  
-10.22161548  
-9.895103091  
-8.844924264  
-7.340415746  
-5.756514434  
-4.487007181  
-3.84413349  
-3.969809181  
-4.783999918  
-5.988516072  
-7.131022494  
-7.717160644  
-7.343679403  
-5.81681268  
-3.221477594  
0.08136827178  
3.532491813  
6.508927014  
8.479694717  
9.139703596  
8.484054359  
6.801569077  
4.589662309  
2.415414021  
0.7632667002  
-0.08701040534  
-0.1181417083  
0.4452087525  
1.22603321  
1.824212236  
1.94539022  
1.491226617  
0.5858025754  
-0.4671026389  
-1.280691624  
-1.505607145  
-0.93865924  
0.4106494889  
2.312943971  
4.37127661  
6.117300201  
7.12541851  
7.116256166  
6.025288614  
4.022200825  
1.478416256  
-1.108622918  
-3.217695547  
-4.411481406  
-4.428453494  
-3.240969449  
-1.067770221  
1.66279852  
4.393238033  
6.546460919  
7.642888677  
7.400256468  
5.793382739  
3.058939054  
-0.3574640588  
-3.900313392  
-7.02572017  
-9.315157215  
-10.55293799  
-10.7486899  
-10.10177103  
-8.921174228  
-7.527063623  
-6.164451154  
-4.954056043  
-3.892013675  
-2.893130143  
-1.857768242  
-0.7352818546  
0.4404548455  
1.556272258  
2.462470303  
3.035136788  
3.232365386  
3.120854301  
2.860769324  
2.653061654  
2.668447291  
2.98505984  
3.559227398  
4.24155928  
4.833044191  
5.160001772  
5.138602922  
4.802980742  
4.284732208  
3.75090652  
3.325004371  
3.02398367  
2.73987345  
2.278362269  
1.444132574  
0.1424159646  
-1.543776096  
-3.336155323  
-4.819406648  
-5.563713325  
-5.274390963  
-3.917143636  
-1.771020228  
0.6177795941  
2.575540209  
3.495580645  
3.027537337  
1.199186425  
-1.572386112  
-4.588673092  
-7.066363077  
-8.362499591  
-8.157578525  
-6.53897015  
-3.959387849  
-1.08587595  
1.409499689  
3.048097598  
3.668276259  
3.437120736  
2.752142773  
2.072298034  
1.740603716  
1.861438544  
2.27435462  
2.63064668  
2.542017713  
1.745290823  
0.2222452356  
-1.769469982  
-3.766028713  
-5.243361629  
-5.788177168  
-5.234562078  
-3.719569925  
-1.640098054  
0.4721660258  
2.113432638  
2.952672642  
2.911945075  
2.160158675  
1.029537343  
-0.1096889328  
-0.9688038698  
-1.412737118  
-1.464205355  
-1.246632292  
-0.8959419358  
-0.4817247726  
0.02772889824  
0.7417405015  
1.775400928  
3.161004293  
4.782480121  
6.364830468  
7.529859274  
7.90360826  
7.23973128  
5.514978961  
2.960981146  
0.01800667259  
-2.776543295  
-4.929475224  
-6.117502541  
-6.257898112  
-5.504516957  
-4.17566264  
-2.642925648  
-1.221304644  
-0.09699789029  
0.6877187238  
1.196009823  
1.527862637  
1.754238811  
1.882559233  
1.866270171  
1.650797261  
1.231578237  
0.6940114062  
0.2125263995  
0.003518769918  
0.2475360643  
1.011037956  
2.200948199  
3.574271044  
4.804133162  
5.580833375  
5.711112722  
5.177365136  
4.132411699  
2.829820422  
1.515482555  
0.3230393029  
-0.7834223049  
-1.992454362  
-3.555444064  
-5.654937719  
-8.281648642  
-11.17182788  
-13.83776476  
-15.69114409  
-16.22353292  
-15.18361292  
-12.68678975  
-9.212440806  
-5.48107555  
-2.245926395  
-0.06549421311  
0.866436087  
0.7735420311  
0.2112473627  
-0.1313505127  
0.3240016563  
1.837374967  
4.252971115  
7.046799619  
9.505162128  
10.97338313  
11.08848103  
9.913617003  
7.925215261  
5.854488862  
4.436171642  
4.150699237  
5.049898397  
6.728630566  
8.455291187  
9.419150278  
9.011603818  
7.045497912  
3.836577509  
0.1171550123  
-3.191434712  
-5.273141795  
-5.681075657  
-4.483492214  
-2.243566768  
0.16051562  
1.816155485  
2.066316039  
0.7155491031  
-1.912611037  
-5.082687937  
-7.881443682  
-9.502572351  
-9.491475072  
-7.875421562  
-5.142940901  
-2.08469713  
0.4499118207  
1.803223591  
1.691997833  
0.272507418  
-1.923430415  
-4.154280169  
-5.682095862  
-5.970480232  
-4.81498584  
-2.378127281  
0.8698486595  
4.278793811  
7.175835777  
9.011761817  
9.46599354  
8.49441677  
6.319214144  
3.37084318  
0.1981215198  
-2.63595103  
-4.655833354  
-5.557067518  
-5.258268683  
-3.910924737  
-1.86223979  
0.4248299252  
2.479326467  
3.933103094  
4.605478731  
4.536273366  
3.954642238  
3.190118909  
2.551859181  
2.215089961  
2.154580688  
2.151803813  
1.878316425  
1.030536281  
-0.5299343831  
-2.682582102  
-5.040920182  
-7.044255942  
-8.125742629  
-7.90439343  
-6.335318795  
-3.761450703  
-0.8399542678  
1.641631974  
3.005000227  
2.898702491  
1.418675089  
-0.9145135453  
-3.321122709  
-5.020559779  
-5.498157813  
-4.688814514  
-3.010133624  
-1.226302027  
-0.1815818223  
-0.4891187805  
-2.280587443  
-5.106801271  
-8.032694036  
-9.906683552  
-9.724939786  
-6.975833456  
-1.851148263  
4.750554113  
11.43887671  
16.70585017  
19.34864833  
18.81251547  
15.34875363  
9.939184641  
4.010408367  
-0.9744682408  
-3.922550933  
-4.395011265  
-2.687238313  
0.3108698192  
3.422736676  
5.559771754  
6.045263872  
4.791064978  
2.280904599  
-0.623268555  
-2.981210594  
-4.080417229  
-3.65180771  
-1.932466239  
0.4354112749  
2.62799317  
3.908266034  
3.852537927  
2.466568033  
0.1617932996  
-2.392337299  
-4.486377904  
-5.587580407  
-5.489116324  
-4.351218247  
-2.629804336  
-0.9226506321  
0.2144145841  
0.4244813295  
-0.3639354913  
-1.939257398  
-3.888523022  
-5.726545007  
-7.030531299  
-7.541549065  
-7.208613384  
-6.170848431  
-4.691593511  
-3.070225731  
-1.560121001  
-0.3153075672  
0.6233841692  
1.305053201  
1.821545461  
2.255121814  
2.639333232  
2.945632783  
3.099377285  
3.019222219  
2.66634028  
2.086080665  
1.425792073  
0.9183882705  
0.8307351213  
1.386793131  
2.684959293  
4.6342165  
6.932319084  
9.100760913  
10.5768062  
10.8459413  
9.583472592  
6.766469408  
2.720364253  
-1.921266673  
-6.342575151  
-9.730904206  
-11.47588037  
-11.32802502  
-9.47018328  
-6.476909492  
-3.168041215  
-0.3936365012  
1.190844749  
1.295344553  
0.06236594104  
-1.989563711  
-4.129689698  
-5.637479214  
-6.017305229  
-5.141358308  
-3.278906949  
-1.004994495  
0.9813912506  
2.072406828  
1.933513059  
0.5983401724  
-1.549435632  
-3.897077547  
-5.785085884  
-6.692194688  
-6.366838249  
-4.869155394  
-2.518277784  
0.2295888355  
2.926480086  
5.251774082  
7.068716719  
8.406857414  
9.386089305  
10.11800981  
10.62623272  
10.81777168  
10.51658551  
9.545711505  
7.825476975  
5.448473958  
2.699785067  
0.01029740783  
-2.145334526  
-3.374772341  
-3.478019535  
-2.506235733  
-0.7509984442  
1.331994503  
3.240354132  
4.547728855  
4.996705891  
4.538769202  
3.316550566  
1.601604639  
-0.2874270647  
-2.059564547  
-3.499878587  
-4.485190066  
-4.973587219  
-4.982287019  
-4.568671182  
-3.822989922  
-2.871419827  
-1.879999207  
-1.047045131  
-0.5758174399  
-0.6286781072  
-1.274721905  
-2.450048298  
-3.949654389  
-5.461600747  
-6.63998914  
-7.198471532  
-6.99606489  
-6.086506688  
-4.711888678  
-3.238655662  
-2.053023197  
-1.447289918  
-1.532808902  
-2.207743281  
-3.190513174  
-4.108516495  
-4.613680688  
-4.487765261  
-3.704035854  
-2.426698847  
-0.9503603679  
0.3987038068  
1.36575612  
1.841431203  
1.883563281  
1.682848045  
1.487303834  
1.513613422  
1.876342845  
2.557968921  
3.427106112  
4.294891731  
4.986639405  
5.401808225  
5.541189436  
5.493444  
5.388594478  
5.337989647  
5.384553011  
5.482326791  
5.512711949  
5.330769221  
4.823827754  
3.960385313  
2.811284351  
1.535581097  
0.3363671533  
-0.597629712  
-1.144475722  
-1.278332318  
-1.067408257  
-0.6437708483  
-0.157607697  
0.2672072084  
0.5616855103  
0.7172062267  
0.7700187704  
0.7743408008  
0.7765987466  
0.8008367783  
0.8489363144  
0.9119210292  
0.9835734742  
1.067080656  
1.16959121  
1.286493908  
1.38371141  
1.389347291  
1.203542442  
0.7283929693  
-0.08959628943  
-1.219664358  
-2.527099124  
-3.786866404  
-4.733192158  
-5.134647208  
-4.873112886  
-4.000394378  
-2.750223301  
-1.49568606  
-0.6588590122  
-0.5953769637  
-1.486424458  
-3.270633212  
-5.63824466  
-8.092592758  
-10.06469471  
-11.05143054  
-10.74106487  
-9.093461693  
-6.35486  
-3.004610299  
0.3515716037  
3.114967321  
4.822458527  
5.242288318  
4.418242387  
2.655634956  
0.4541845069  
-1.597873253  
-2.948328629  
-3.201470416  
-2.211967252  
-0.1323589754  
2.59995037  
5.341099942  
7.376837258  
8.093855903  
7.150666102  
4.60463117  
0.9542123194  
-2.929635529  
-5.983087485  
-7.208588537  
-5.953513136  
