3.480004385  
3.062773748  
2.196606634  
0.8570376201  
-0.8035890159  
-2.509713818  
-3.971274916  
-5.003306192  
-5.606006524  
-5.968995737  
-6.39293046  
-7.155336772  
-8.372226383  
-9.912751887  
-11.40733785  
-12.35603142  
-12.30496068  
-11.02959499  
-8.655551231  
-5.665250858  
-2.776871412  
-0.7278172776  
-0.03193941524  
-0.7940530171  
-2.650485603  
-4.86428292  
-6.551276673  
-6.966604596  
-5.757021045  
-3.091950832  
0.3757810302  
3.712354496  
6.005623268  
6.669297275  
5.646659887  
3.443071823  
0.9725137413  
-0.7346209529  
-0.8680921109  
0.8917409472  
4.259460582  
8.424991331  
12.30366113  
14.87465482  
15.49769173  
14.10527095  
11.20960752  
7.724636969  
4.664311337  
2.817854944  
2.508353295  
3.511272357  
5.155036926  
6.565115491  
6.966789867  
5.944759654  
3.57526639  
0.3914068105  
-2.800971989  
-5.190407893  
-6.218468935  
-5.745018625  
-4.069890464  
-1.811160208  
0.3117276151  
1.712015614  
2.107084273  
1.573122759  
0.4718718985  
-0.7165817342  
-1.589737811  
-1.974846805  
-1.983518605  
-1.951908673  
-2.291637759  
-3.308452283  
-5.056722966  
-7.28442263  
-9.49085448  
-11.07923045  
-11.5527945  
-10.68754938  
-8.622118032  
-5.832789113  
-2.999853002  
-0.8070458468  
0.2626366525  
0.07073392879  
-1.137400345  
-2.8087075  
-4.249014661  
-4.828488374  
-4.164402333  
-2.228957536  
0.6458332584  
3.862946502  
6.72348963  
8.609829015  
9.138492869  
8.244975979  
6.184089532  
3.453034981  
0.6631287006  
-1.604352087  
-2.923516873  
-3.104768672  
-2.219145157  
-0.5675794355  
1.392925694  
3.148227872  
4.231544397  
4.315611777  
3.278039741  
1.22973761  
-1.498584274  
-4.411037758  
-6.934799356  
-8.527776774  
-8.78619172  
-7.530277389  
-4.848856746  
-1.090916135  
3.19635889  
7.371139474  
10.81975632  
13.07134078  
13.8787533  
13.24883228  
11.41798078  
8.782611087  
5.804537407  
2.915641021  
0.4437369514  
-1.426597339  
-2.655343589  
-3.317719584  
-3.557845933  
-3.540369311  
-3.411815577  
-3.277323986  
-3.192466291  
-3.165654265  
-3.16581828  
-3.131746649  
-2.982545228  
-2.63095167  
-2.001498533  
-1.053301044  
0.19637363  
1.654938173  
3.151984372  
4.457412405  
5.320741421  
5.525005037  
4.942439062  
3.576118967  
1.57365818  
-0.7943438461  
-3.188586369  
-5.275676155  
-6.80369299  
-7.65780621  
-7.879768638  
-7.644801828  
-7.201546137  
-6.791584864  
-6.571431846  
-6.559839699  
-6.626587834  
-6.527512637  
-5.977432045  
-4.741647096  
-2.720690722  
-0.003913929191  
3.125010771  
6.235262404  
8.839425789  
10.50612681  
10.96669906  
10.18792717  
8.390347101  
6.004597074  
3.573835715  
1.624512505  
0.5370567365  
0.4496354739  
1.221248936  
2.466239972  
3.654202532  
4.251674833  
3.869814714  
2.378922738  
-0.04221633416  
-2.937976395  
-5.683170135  
-7.639787454  
-8.32270192  
-7.530180363  
-5.40346891  
-2.398377624  
0.8244209129  
3.561407261  
5.237223026  
5.539190803  
4.48053492  
2.377885097  
-0.2471611832  
-2.812005851  
-4.820695351  
-5.974738442  
-6.219509132  
-5.719089485  
-4.77370331  
-3.709731173  
-2.777842412  
-2.089150568  
-1.604856362  
-1.176636429  
-0.6193299393  
0.2111569903  
1.360848572  
2.758409517  
4.236382991  
5.58210529  
6.598737305  
7.155540932  
7.212417084  
6.814144259  
6.060653061  
5.067143033  
3.929639481  
2.707499137  
1.42658056  
0.09837928848  
-1.255293953  
-2.583826567  
-3.803778144  
-4.811370948  
-5.506923511  
-5.822271678  
-5.741530994  
-5.308399242  
-4.618205314  
-3.797896592  
-2.980361844  
-2.279875632  
-1.773617744  
-1.491125235  
-1.411134185  
-1.464306917  
-1.540973824  
-1.504492312  
-1.211449239  
-0.5389021605  
0.5841520531  
2.14771934  
4.043573008  
6.068962313  
7.956142479  
9.424935568  
10.24684498  
10.30284621  
9.61593188  
8.345115907  
6.739116228  
5.061660769  
3.511621941  
2.165308762  
0.9629291135  
-0.2527711256  
-1.656060421  
-3.342794234  
-5.255147586  
-7.157765424  
-8.681055472  
-9.424318325  
-9.089012274  
-7.59840304  
-5.160319861  
-2.245324866  
0.5205589133  
2.520525125  
3.319549315  
2.789539848  
1.144706233  
-1.127464956  
-3.419892218  
-5.195657479  
-6.151793351  
-6.302183174  
-5.950972171  
-5.56452311  
-5.585001887  
-6.249776397  
-7.480347779  
-8.882174937  
-9.859545172  
-9.810160963  
-8.33572684  
-5.397553427  
-8.320826072  
-10.58453239  
-12.30791377  
-13.69522729  
-14.86213137  
-15.81951634  
-16.50534918  
-16.84043805  
-16.77894066  
-16.33189728  
-15.55755904  
-14.52849192  
-13.29570671  
-11.86973151  
-10.22910953  
-8.352110173  
-6.255162494  
-4.016839095  
-1.771998874  
0.3254941669  
2.157134992  
3.686109682  
4.970448902  
6.129780444  
7.272259063  
8.408364941  
9.38969699  
9.907560705  
9.567615772  
8.028075032  
5.16078957  
1.177547056  
-3.333304749  
-7.491193944  
-10.32144648  
-11.01920765  
-9.202373184  
-5.071191645  
0.5858633888  
6.5564142  
11.50229209  
14.31044308  
14.39465506  
11.8566175  
7.454826257  
2.387351894  
-2.048707616  
-4.820335197  
-5.436753239  
-4.061897425  
-1.43215413  
1.389913542  
3.346160337  
3.695467249  
2.216089019  
-0.7562020478  
-4.454828182  
-7.924205824  
-10.29543837  
-11.01102937  
-9.937529441  
-7.346047298  
-3.784328298  
0.1046602807  
3.753098125  
6.776608869  
8.999093242  
10.40605776  
11.06307043  
11.04325846  
10.39649257  
9.168879615  
7.4551419  
5.449238321  
3.457550495  
1.854239485  
0.9841005938  
1.043629624  
1.985568674  
3.489354982  
5.019606866  
5.964178611  
5.813292939  
4.32333637  
1.610261161  
-1.861664384  
-5.396337767  
-8.253386988  
-9.848943322  
-9.907409157  
-8.518691947  
-6.087111897  
-3.193860298  
-0.4221445722  
1.796367042  
3.266244374  
4.023558399  
4.253970351  
4.172649944  
3.916103175  
3.488097698  
2.778313139  
1.642533667  
0.008362287019  
-2.040038824  
-4.237023259  
-6.186333878  
-7.474319349  
-7.807128425  
-7.122419318  
-5.633117154  
-3.783490392  
-2.128054808  
-1.170919445  
-1.217205623  
-2.284514263  
-4.102240554  
-6.197238221  
-8.036200757  
-9.177833739  
-9.38698195  
-8.678120944  
-7.280826314  
-5.546000821  
-3.829400443  
-2.392867555  
-1.353068535  
-0.6875424745  
-0.2861271582  
-0.02075177318  
0.1968856944  
0.3916246812  
0.5404168398  
0.6150042417  
0.6282500081  
0.6598120762  
0.8464329805  
1.337984912  
2.235895527  
3.539288904  
5.1225587  
6.756563375  
8.168856667  
9.122821589  
9.487570714  
9.273194155  
8.618561225  
7.73649601  
6.837146375  
6.058364394  
5.42897946  
4.877843092  
4.283625888  
3.544372572  
2.638017292  
1.6485074  
0.7456691735  
0.1253680856  
-0.06743773875  
0.1975063116  
0.8111437249  
1.551429226  
2.152834072  
2.394481336  
2.174411186  
1.541894808  
0.6749365182  
-0.1893423909  
-0.8456861733  
-1.198691798  
-1.297622198  
-1.31390596  
-1.468810758  
-1.938309511  
-2.771805351  
-3.857373057  
-4.949455801  
-5.751573344  
-6.02505625  
-5.683317558  
-4.834537076  
-3.752999078  
-2.785092894  
-2.220765328  
-2.176091046  
-2.53157632  
-2.953583703  
-2.998282922  
-2.26814981  
-0.5705889662  
1.975954477  
4.928835857  
7.613065379  
9.296682766  
9.400337274  
7.678766351  
4.318193124  
-0.08254150311  
-4.645490522  
-8.426592189  
-10.65000692  
-10.89998401  
-9.219160314  
-6.089051863  
-2.301198597  
1.243886605  
3.75559  
4.734064132  
4.070544276  
2.047842719  
-0.7521312659  
-3.60500692  
-5.823099112  
-6.913868918  
-6.683043772  
-5.263014041  
-3.065005553  
-0.6698762231  
1.315725226  
2.405252623  
2.34827716  
1.191298967  
-0.7304767385  
-2.869860969  
-4.597151193  
-5.353925945  
-4.795210889  
-2.884383824  
0.08551717304  
3.553673771  
6.825019333  
9.243963201  
10.36382082  
10.06576812  
8.592474035  
6.483636314  
4.427875883  
3.069929136  
2.826531055  
3.763599668  
5.571202496  
7.645199931  
9.253768482  
9.741981309  
8.716320715  
6.156758817  
2.425204407  
-1.830554754  
-5.848228636  
-8.947579667  
-10.69645635  
-11.00155489  
-10.10273157  
-8.478493262  
-6.695190628  
-5.246375678  
-4.428138208  
-4.282353674  
-4.617487872  
-5.093528185  
-5.340542064  
-5.073726732  
-4.172758646  
-2.706788972  
-0.9038814493  
0.920745312  
2.453721186  
3.464113109  
3.855522986  
3.679589422  
3.111871797  
2.400081483  
1.799774677  
1.513437963  
1.646256584  
2.186948877  
3.016347813  
3.94065546  
4.741479784  
5.231136171  
5.300076292  
4.944333916  
4.264892465  
3.437592132  
2.66052304  
2.0932533  
1.806440527  
1.759089693  
1.813451144  
1.785747356  
1.518141991  
0.9478685853  
0.1475372253  
-0.6823269106  
-1.272179389  
-1.379143139  
-0.8890375049  
0.1121505097  
1.32829108  
2.317488504  
2.618724745  
1.904989874  
0.1132966772  
-2.495863341  
-5.378195596  
-7.842078868  
-9.246635371  
-9.202102098  
-7.707403919  
-5.175512612  
-2.330608988  
-0.002190478523  
1.123490305  
0.717107042  
-1.08481116  
-3.714306752  
-6.343180466  
-8.139424157  
-8.528261781  
-7.373663988  
-5.02056972  
-2.182634961  
0.2892136955  
1.682663895  
1.654435129  
0.3398922392  
-1.693711493  
-3.634323705  
-4.689990968  
-4.343850367  
-2.515532444  
0.4223487279  
3.774748116  
6.754462184  
8.732149234  
9.421223302  
8.937079473  
7.715092324  
6.321462614  
5.22828464  
4.635789916  
4.407049178  
4.139337571  
3.346700292  
1.687137798  
-0.8500224384  
-3.869235249  
-6.641427798  
-8.308616795  
-8.158267862  
-5.878758049  
-1.709929754  
3.565971719  
8.79826378  
12.76022291  
14.47627412  
13.48923915  
9.990952917  
4.78032179  
-0.936965683  
-5.848899675  
-8.854844192  
-9.317803126  
-7.192128523  
-3.005134805  
2.28951018  
7.538930596  
11.63821995  
13.74173146  
13.40062447  
10.61204966  
5.786310734  
-0.3481902999  
-6.877628912  
-12.85013575  
-17.41919641  
-19.96771298  
-20.1986772  
-18.17886418  
-14.32444813  
-9.324531414  
-4.010528667  
0.8060449052  
4.49276841  
6.713579098  
7.472360321  
7.069429111  
5.982493715  
4.707279272  
3.607070213  
2.818803235  
2.245576789  
1.636493667  
0.7242342966  
-0.6304785679  
-2.342295104  
-4.09148563  
-5.409423628  
-5.832697644  
-5.072423452  
-3.13698567  
-0.3602762722  
2.680335272  
5.332795307  
7.069893073  
7.65013854  
7.182013359  
6.066623434  
4.837260797  
3.952712313  
3.620111557  
3.714855773  
3.831551212  
3.452282895  
2.17356207  
-0.09211785591  
-3.020008017  
-5.92798561  
-7.975753471  
-8.447880985  
-7.025292671  
-3.946888325  
0.005090097083  
3.705126951  
6.015406742  
6.14502539  
3.919488132  
-0.1332118122  
-4.916538567  
-9.084534403  
-11.44901949  
-11.34621196  
-8.844499641  
-4.724814773  
-0.238283553  
3.281901782  
4.829850376  
4.026509854  
1.214989013  
-2.675001676  
-6.444255906  
-9.014440593  
-9.76139503  
-8.682910912  
-6.350562282  
-3.669316545  
-1.533642823  
-0.5024964466  
-0.6067423619  
-1.354794446  
-1.932133146  
-1.522235891  
0.3659984342  
3.681826555  
7.806405226  
11.73006969  
14.37595806  
14.96157407  
13.27571313  
9.775527254  
5.468336418  
1.614396886  
-0.6537776597  
-0.6728477501  
1.558093192  
5.39159391  
9.744048195  
13.43274346  
15.52622853  
15.59591357  
13.79364372  
10.74029188  
7.273867328  
4.15027206  
1.801444456  
0.2310498713  
-0.9233194658  
-2.191990799  
-4.016933782  
-6.533993078  
-9.474939647  
-12.2270032  
-14.03118055  
-14.251302  
-12.62015955  
-9.375840219  
-5.237731335  
-1.22510272  
1.626666801  
2.563551896  
1.331157804  
-1.753048378  
-5.893442523  
-10.04379612  
-13.19649957  
-14.64562594  
-14.14863372  
-11.94702304  
-8.651771382  
-5.039949782  
-1.831385142  
0.4867900968  
1.742528765  
2.057738922  
1.747368389  
1.184619783  
0.6821265247  
0.4249970642  
0.4668076516  
0.7741525287  
1.288713336  
1.973687798  
2.823409146  
3.835166917  
4.961834425  
6.074564094  
6.961955646  
7.376765239  
7.119521566  
6.129305454  
4.543571086  
2.695716718  
1.039467679  
0.01632582682  
-0.09366235477  
0.7137682223  
2.132689741  
3.613925044  
4.521310202  
4.333263319  
2.826242397  
0.1777101534  
-3.051596165  
-6.059126411  
-8.028487218  
-8.376466544  
-6.942117693  
-4.055866725  
-0.4622881899  
2.884602364  
5.094102861  
5.597495148  
4.313477199  
1.669028092  
-1.531051362  
-4.345858273  
-5.976785221  
-5.996924031  
-4.461869817  
-1.870070979  
1.011400686  
3.397664973  
4.732119168  
4.849432811  
4.005118736  
2.765256065  
1.795397463  
1.620202914  
2.434165561  
4.026553011  
5.845783113  
7.182508892  
7.411407354  
6.211998972  
3.694984598  
0.390708594  
-2.899218607  
-5.341734265  
-6.328075651  
-5.663884797  
-3.632075321  
-0.9067916907  
1.656180956  
3.28766037  
3.5478431  
2.466602924  
0.5356919904  
-1.446768198  
-2.632909991  
-2.404092689  
-0.5855683395  
2.471091508  
5.965985958  
8.868849672  
10.2139769  
9.385421374  
6.308226277  
1.489005677  
-4.106421094  
-9.303085088  
-13.02269304  
-14.55842037  
-13.74261274  
-10.96414429  
-7.036519585  
-2.960479678  
0.3470782645  
2.280011724  
2.66508891  
1.752925107  
0.09132206365  
-1.671762022  
-2.991098268  
-3.571933411  
-3.423401738  
-2.811006224  
-2.133579289  
-1.771900586  
-1.960857311  
-2.724725138  
-3.890316265  
-5.165188868  
-6.24666183  
-6.919609307  
-7.108657791  
-6.870114442  
-6.333126543  
-5.619044033  
-4.775693588  
-3.756198352  
-2.453072165  
-0.7744365432  
1.270177883  
3.514202008  
5.639854315  
7.254606905  
8.019499384  
7.786739141  
6.693971855  
5.171514457  
3.845083616  
3.352531425  
4.126641868  
6.214869358  
9.203181916  
12.28348872  
14.46030129  
14.8451945  
12.95334469  
8.907069488  
3.472348119  
-2.099008217  
-6.389772759  
-8.215218407  
-6.983355487  
-2.906528092  
3.007760733  
9.195688434  
13.94580588  
15.86453245  
14.26497858  
9.364942492  
2.234389006  
-5.494022628  
-12.06786159  
-16.08267588  
-16.83970716  
-14.49322713  
-9.951637674  
-4.570854551  
0.2604473173  
3.515086455  
4.7838846  
4.324579963  
2.900841182  
1.474849954  
0.860104594  
1.448501101  
3.096173469  
5.196971349  
6.909523977  
7.454870828  
6.381910345  
3.713251539  
-0.07209963418  
-4.205918537  
-7.884342964  
-10.51766909  
-11.89122932  
-12.18642821  
-11.86165293  
-11.44210059  
-11.29822551  
-11.49461368  
-11.76404317  
-11.61570399  
-10.53804138  
-8.22244532  
-4.726190908  
-0.5136052645  
3.643567469  
6.877189846  
8.477456316  
8.108604511  
5.915880838  
2.490084415  
-1.297274063  
-4.534193026  
-6.507673974  
-6.870375034  
-5.689622186  
-3.374614823  
-0.5170248438  
2.29506859  
4.6274382  
6.270956872  
7.223385124  
7.604920213  
7.552793855  
7.143230694  
6.37285183  
5.203143508  
3.642790352  
1.824777388  
0.03552085803  
-1.328027282  
-1.867526849  
-1.323486294  
0.3057589535  
2.716277476  
5.349704915  
7.536507481  
8.689926275  
8.487462499  
6.976782318  
4.565587022  
1.893498736  
-0.3749844629  
-1.768161954  
-2.160690067  
-1.807814658  
-1.244507076  
-1.080499486  
-1.759713613  
-3.368059167  
-5.56045244  
-7.63998002  
-8.771284747  
-8.263438786  
-5.830536282  
-1.740841712  
3.202511239  
7.854152275  
11.04165228  
11.91129741  
10.19903395  
6.340553985  
1.380912197  
-3.296457864  
-6.346987623  
-6.841601407  
-4.534726817  
0.05352848985  
5.765226883  
11.10699482  
14.64294241  
15.37018991  
12.97609746  
7.911186614  
1.263542914  
-5.52575426  
-11.02616773  
-14.16311416  
-14.45802151  
-12.10808017  
-7.895447353  
-2.959974544  
1.49819578  
4.506993221  
5.531103313  
4.556045646  
2.037713108  
-1.258111711  
-4.476458571  
-6.893719448  
-8.083148357  
-7.989163056  
-6.90040761  
-5.337953449  
-3.894987662  
-3.073367365  
-3.159201076  
-4.165687699  
-5.851397505  
-7.801569801  
-9.544540364  
-10.66875084  
-10.90942357  
-10.18605817  
-8.588275265  
-6.323210958  
-3.647460492  
-0.8080758408  
1.99002317  
4.585539087  
6.840049314  
8.613083011  
9.752553185  
10.11292776  
9.600428964  
8.23033357  
6.172133493  
3.757786404  
1.43825716  
-0.3091116193  
-1.100646359  
-0.7583163482  
0.6245089279  
2.690763996  
4.906341651  
6.705158197  
7.650680998  
7.563251752  
6.570407065  
5.060679547  
3.552620615  
2.520014331  
2.230894923  
2.655517355  
3.476842411  
4.202756028  
4.343690514  
3.594935058  
1.958954159  
-0.2383431019  
-2.447522237  
-4.08080992  
-4.719633664  
-4.270565457  
-3.010589022  
-1.499320179  
-0.3825704031  
-0.1520270841  
-0.9456155576  
-2.463737698  
-4.040167984  
-4.854096753  
-4.219109158  
-1.853588576  
1.963063162  
6.411242761  
10.33585407  
12.58036015  
12.34939193  
9.484198927  
4.557639379  
-1.250639269  
-6.469754012  
-9.75351526  
-10.27240354  
-7.962067353  
-3.551194046  
1.641526914  
6.081433024  
8.451723373  
8.019341118  
4.82797153  
-0.3325112605  
-6.16299066  
-11.22147315  
-14.30807911  
-14.75952627  
-12.57828182  
-8.375641869  
-3.163872508  
1.927906416  
5.926769967  
8.206264257  
8.557910077  
7.149577351  
4.409194996  
0.8863551802  
-2.862505055  
-6.341842051  
-9.140647878  
-10.93446826  
-11.49303002  
-10.71015163  
-8.652465357  
-5.603696936  
-2.071904212  
1.266655803  
3.692334433  
4.612833726  
3.733297893  
1.169804408  
-2.539000147  
-6.538756988  
-9.863745396  
-11.68408332  
-11.52383706  
-9.383987399  
-5.732351342  
-1.36388058  
2.824486681  
6.074144528  
7.947220551  
8.399616038  
7.731149541  
6.440443494  
5.04189473  
3.91036821  
3.203939339  
2.882224908  
2.800474101  
2.831459031  
2.958897701  
3.300381691  
4.048859416  
5.357383266  
7.217980029  
9.391558756  
11.42865813  
12.78639314  
13.00795141  
11.90225108  
9.654714998  
6.819218707  
4.180563439  
2.522823269  
2.375312517  
3.820759487  
6.43428614  
9.380926339  
11.64750583  
12.3390515  
10.94676639  
7.502121262  
2.567920023  
-2.929958755  
-7.974718336  
-11.74649578  
-13.83459204  
-14.31022996  
-13.64429216  
-12.50647719  
-11.52037427  
-11.06000567  
-11.15451731  
-11.52620417  
-11.73836898  
-11.3911057  
-10.28858387  
-8.515297863  
-6.395603338  
-4.356322954  
-2.749600559  
-1.70823226  
-1.093252129  
-0.5576939547  
0.2949917411  
1.717703421  
3.668029936  
5.762465693  
7.364054865  
7.782243213  
6.52067032  
3.487064309  
-0.912159058  
-5.833649311  
-10.20432471  
-13.01319815  
-13.5968865  
-11.82795037  
-8.14617693  
-3.423902917  
1.289553532  
5.061139615  
7.312055726  
7.929317055  
7.224901094  
5.768894615  
4.164298804  
2.847050315  
1.980310723  
1.473151064  
1.105058155  
0.6971731569  
0.2538745024  
0.01047354182  
0.3601645429  
1.682034832  
4.133991788  
7.493812527  
11.12021839  
14.06693804  
15.32905333  
14.15137023  
10.30076122  
4.209055718  
-3.070177986  
-10.09052445  
-15.3676406  
-17.75929027  
-16.75987566  
-12.62407207  
-6.286277092  
0.895728132  
7.492994252  
12.34869314  
14.81647848  
14.83629493  
12.84409923  
9.563452697  
5.758790351  
2.033237009  
-1.271218888  
-4.056062645  
-6.360125823  
-8.223862387  
-9.588549867  
-10.27533842  
-10.05285219  
-8.763339052  
-6.451192274  
-3.433730859  
-0.2743960023  
2.344900358  
3.815975264  
3.797353752  
2.339214  
-0.1083145498  
-2.813555227  
-4.974857198  
-5.958537319  
-5.485597669  
-3.705470676  
-1.132362543  
1.534046427  
3.642709496  
4.800869479  
4.988676677  
4.541094315  
4.005084739  
3.923114431  
4.619219351  
6.062951619  
7.859690051  
9.372320655  
9.93422204  
9.082042048  
6.729760089  
3.224983015  
-0.7324391475  
-4.283921908  
-6.655889608  
-7.376689687  
-6.400043139  
-4.100428809  
-1.1480126  
1.69134407  
3.764380759  
4.682456468  
4.376199415  
3.047420769  
1.048020453  
-1.26222455  
-3.624906331  
-5.922811693  
-8.143905499  
-10.29386444  
-12.30168154  
-13.96487013  
-14.96423541  
-14.94961344  
-13.66808585  
-11.08665105  
-7.459571963  
-3.307864644  
0.6913292215  
3.875194392  
5.772313297  
6.228361897  
5.437986938  
3.871335772  
2.119110018  
0.7078407858  
-0.05282565536  
-0.1403753101  
0.2144294758  
0.6504785441  
0.8419595029  
0.6450837509  
0.1709091524  
-0.2444934196  
-0.1643755134  
0.7727831419  
2.688873449  
5.374745192  
8.309850862  
10.79348876  
12.14939539  
11.93843483  
10.10878481  
7.031301149  
3.404093298  
0.05293411186  
-2.311311646  
-3.301952741  
-2.965681394  
-1.756356579  
-0.3809303126  
0.4342228959  
0.1830310407  
-1.249923261  
-3.541710705  
-6.020778526  
-7.86601355  
-8.353779904  
-7.077952502  
-4.077725839  
0.1625254745  
4.837881735  
9.031901934  
11.94735092  
13.09322355  
12.37974262  
10.10322455  
6.835842686  
3.260945831  
0.005537706085  
-2.484368718  
-3.998809266  
-4.547454991  
-4.29179156  
-3.458188919  
-2.263980357  
-0.8774235237  
0.5842375142  
2.030141932  
3.365045619  
4.472467092  
5.222952266  
5.505666404  
5.269761849  
4.556100247  
3.502429844  
2.314585304  
1.209564618  
0.3477606502  
-0.2226886361  
-0.5891027682  
-0.9546952407  
-1.579878085  
-2.701204418  
-4.452455408  
-6.81209037  
-9.593226395  
-12.47915857  
-15.0936696  
-17.08540658  
-18.20238353  
-18.33711671  
-17.53271278  
-15.95248492  
-13.82580638  
-11.3883707  
-8.834282293  
-6.291452675  
-3.823049434  
-1.449392635  
0.820776942  
2.961935961  
4.915768414  
6.59169037  
7.88243093  
8.688952118  
8.947258838  
8.650248087  
7.859921405  
6.707772671  
5.383244357  
4.111327175  
3.121301006  
2.609576452  
2.701178263  
3.416516802  
4.651608495  
6.179964868  
7.681587229  
8.798972442  
9.21243309  
8.71954711  
7.298837788  
5.137988494  
2.613279736  
0.2183983752  
-1.545172332  
-2.291508543  
-1.855763045  
-0.3517105276  
1.838450808  
4.14480841  
5.94455035  
6.718442245  
6.188729456  
4.401158568  
1.727215514  
-1.21676222  
-3.714990703  
-5.12622089  
-5.042456807  
-3.39250763  
-0.464764569  
3.155396394  
6.716708776  
9.46826185  
10.82040423  
10.46335677  
8.419140799  
5.020120391  
0.8250570529  
-3.503175375  
-7.328363989  
-10.15244532  
-11.68822737  
-11.88516182  
-10.91094518  
-9.099553372  
-6.880064197  
-4.700251641  
-2.956222567  
-1.935824151  
-1.780613745  
-2.469336254  
-3.824596488  
-5.54300586  
-7.246492254  
-8.548770997  
-9.126784032  
-8.783772686  
-7.490157389  
-5.391545052  
-2.779968373  
-0.03333956833  
2.463379237  
4.396310081  
5.580743099  
5.985137771  
5.716544181  
4.974102756  
3.986296004  
2.951710108  
2.000641254  
1.186766339  
0.5070570843  
-0.06200895279  
-0.5294349781  
-0.8720567045  
-1.04280773  
-1.001826577  
-0.7564586437  
-0.3901710107  
-0.0621949506  
0.03051201726  
-0.2774057315  
-1.040065972  
-2.140236272  
-3.277272321  
-4.019360538  
-3.915789742  
-2.642724678  
-0.1392961729  
3.313253539  
7.105341268  
10.41665244  
12.41662975  
12.49767029  
10.4743505  
6.684741539  
1.952956723  
-2.590059618  
-5.788170992  
-6.771245511  
-5.208870099  
-1.430650247  
3.628471545  
8.650898058  
12.27145785  
13.435106  
11.678584  
7.257039678  
1.079674741  
-5.527532541  
-11.16511587  
-14.71322539  
-15.59744946  
-13.89757765  
-10.2767847  
-5.760965715  
-1.439631575  
1.821592013  
3.576069758  
3.851140744  
3.060994679  
1.818762591  
0.7166680508  
0.146725939  
0.2145287357  
0.7629793513  
1.484081984  
2.068542302  
2.333847279  
2.284038779  
2.0831399  
1.958130917  
2.074344532  
2.436177577  
2.856081357  
3.00834469  
2.551364475  
1.274494297  
-0.7861454809  
-3.310209912  
-5.755322857  
-7.505473027  
-8.060801582  
-7.207073774  
-5.106951356  
-2.278702642  
0.5361819549  
2.579007076  
3.291641268  
2.479614206  
0.3707779618  
-2.447920016  
-5.195549617  
-7.113849493  
-7.67116933  
-6.695731253  
-4.404046197  
-1.322936157  
1.865389979  
4.506157159  
6.130549651  
6.550403775  
5.872487294  
4.440354182  
2.730165504  
1.233943289  
0.3594163967  
0.3634363783  
1.322067722  
3.130487361  
5.522702414  
8.104432385  
10.39845028  
11.90579997  
12.18471356  
10.94154938  
8.11724461  
3.944244226  
-1.05203525  
-6.123470341  
-10.43821791  
-13.26218301  
-14.13778507  
-13.00795783  
-10.24324758  
-6.555245293  
-2.813698965  
0.1836455755  
1.921100719  
2.290227794  
1.589617292  
0.3977644285  
-0.6409187104  
-1.046983661  
-0.6761426948  
0.2303748267  
1.135196364  
1.406317579  
0.5634150328  
-1.516430934  
-4.508269959  
-7.701978398  
-10.20480113  
-11.22183683  
-10.32335842  
-7.60851793  
-3.706271171  
0.3935021618  
3.629662478  
5.190301775  
4.761884413  
2.626422709  
-0.425695929  
-3.340178361  
-5.12272943  
-5.139132659  
-3.296734677  
-0.05207001484  
3.753420136  
7.171832559  
9.447785532  
10.24012002  
9.696838829  
8.364582314  
6.969836235  
6.150813699  
6.233168967  
7.124733329  
8.361502103  
9.284246462  
9.280779132  
8.008051317  
5.517665253  
2.243863911  
-1.138187104  
-3.931295547  
-5.634607828  
-6.086493479  
-5.48591417  
-4.290600569  
-3.034078405  
-2.131019941  
-1.742261988  
-1.746703299  
-1.826503031  
-1.629394879  
-0.9431619606  
0.1872739398  
1.448304034  
2.360311346  
2.45978704  
1.494692013  
-0.4410724927  
-2.889209214  
-5.140033536  
-6.445917625  
-6.26690211  
-4.465831365  
-1.384157216  
2.23258626  
5.441245314  
7.376832977  
7.510938547  
5.81038858  
2.745330385  
-0.8558959319  
-4.058607427  
-6.100251566  
-6.607988296  
-5.688784088  
-3.867583385  
-1.897962816  
-0.5096970091  
-0.1755768391  
-0.9707802262  
-2.5657438  
-4.349231036  
-5.636751101  
-5.894294951  
-4.90572288  
-2.833669384  
-0.1603514739  
2.466439265  
4.428396633  
5.309545303  
4.99512607  
3.672074634  
1.739865648  
-0.3317928657  
-2.148289766  
-3.492216671  
-4.35467994  
-4.894172266  
-5.345347962  
-5.914027404  
-6.695140854  
-7.638209241  
-8.56588922  
-9.232492518  
-9.397710422  
-8.889508721  
-7.638476825  
-5.679496097  
-3.129698919  
-0.1588315465  
3.032846006  
6.2221077  
9.159878292  
11.57079945  
13.1702155  
13.70739034  
13.03144075  
11.16274609  
8.343447698  
5.040622122  
1.886385096  
-0.4421268562  
-1.378955939  
-0.6217675852  
1.764202927  
5.326329914  
9.303243748  
12.78874147  
14.94219004  
15.19136084  
13.37346035  
9.775906685  
5.065466157  
0.1250347318  
-4.15770553  
-7.093379106  
-8.333513202  
-7.91918671  
-6.229647299  
-3.852523571  
-1.417128721  
0.5610231323  
1.784015584  
2.201929359  
1.9714682  
1.365033293  
0.6642534733  
0.07220824704  
-0.3317873994  
-0.5876496434  
-0.8100383142  
-1.125574512  
-1.616667954  
-2.291362613  
-3.086872729  
-3.901292207  
-4.63790868  
-5.243043905  
-5.722116328  
-6.127994876  
-6.526888807  
-6.955938006  
-7.390018977  
-7.732120687  
-7.833078594  
-7.535659997  
-6.728986795  
-5.394925572  
-3.630318635  
-1.63656006  
0.3213976329  
1.974678645  
3.111066776  
3.619114726  
3.50412254  
2.873904349  
1.901723574  
0.7802954307  
-0.3181210417  
-1.264717191  
-1.977245409  
-2.408628666  
-2.531900914  
-2.332859005  
-1.817073158  
-1.029632829  
-0.07781013323  
0.8580915089  
1.539116764  
1.713086415  
1.184966928  
-0.10611745  
-2.029116191  
-4.247958087  
-6.268542041  
-7.544006848  
-7.616652092  
-6.25909845  
-3.571312184  
0.002619200869  
3.754271956  
6.87600903  
8.672852783  
8.763944639  
7.213437449  
4.54565042  
1.629439312  
-0.5459392769  
-1.147342382  
0.249254159  
3.503997468  
7.908059313  
12.33973377  
15.54754873  
16.48793216  
14.62560573  
10.11112017  
3.780935487  
-3.026845842  
-8.796767859  
-12.21604324  
-12.50895732  
-9.635489597  
-4.300551659  
2.228057646  
8.442790048  
12.97265833  
14.91214054  
14.01765784  
10.72547298  
5.995228352  
1.0306722  
-3.040250859  
-5.437741354  
-5.88605773  
-4.621667135  
-2.266246925  
0.3859453301  
2.597396965  
3.866938105  
4.015229055  
3.165157929  
1.639363735  
-0.1799782648  
-1.978020878  
-3.580876521  
-4.959597431  
-6.174636263  
-7.291549757  
-8.306474085  
-9.11315538  
-9.525183312  
-9.344699306  
-8.45052099  
-6.870678956  
-4.809589727  
-2.616095338  
-0.6996933105  
0.5793491961  
1.010729352  
0.593211516  
-0.4667978362  
-1.816354855  
-3.057008056  
-3.854202855  
-4.022493673  
-3.563460439  
-2.64951542  
-1.563811576  
-0.6186498316  
-0.07821573411  
-0.1060955164  
-0.7465364834  
-1.935682178  
-3.530090626  
-5.3374479  
-7.138912382  
-8.701090742  
-9.783946477  
-10.15499938  
-9.617860946  
-8.055203842  
-5.476139475  
-2.050485515  
1.888679338  
5.885566032  
9.443223244  
12.1285441  
13.67189245  
14.03021791  
13.39113221  
12.11302666  
10.61712821  
9.264380238  
8.256520509  
7.593886396  
7.103878897  
6.529579466  
5.646462613  
4.364180729  
2.774683659  
1.126658994  
-0.2668027299  
-1.154513102  
-1.459620786  
-1.332183182  
-1.115039597  
-1.226892985  
-1.998046563  
-3.515642513  
-5.537530635  
-7.515219592  
-8.731526173  
-8.518811782  
-6.492453239  
-2.722811288  
2.217226409  
7.356347268  
11.56060405  
13.83755832  
13.62000941  
10.94249852  
6.453107249  
1.251593154  
-3.402516576  
-6.428219519  
-7.209387498  
-5.74634131  
-2.630667752  
1.145212276  
4.483181289  
6.489170782  
6.706355026  
5.207517389  
2.527994845  
-0.5300813804  
-3.154243457  
-4.756741059  
-5.118720841  
-4.407708882  
-3.07537766  
-1.679982763  
-0.698119996  
-0.3878616519  
-0.7424683152  
-1.539714335  
-2.458808905  
-3.216132162  
-3.668944096  
-3.852177146  
-3.940722761  
-4.157657238  
-4.667697933  
-5.498406868  
-6.518952794  
-7.483108801  
-8.118407672  
-8.226359681  
-7.755242523  
-6.817989552  
-5.648811074  
-4.515064635  
-3.617378686  
-3.015120202  
-2.604758588  
-2.159392436  
-1.415692589  
-0.1777801461  
1.59811918  
3.767537186  
6.022537385  
7.969475672  
9.234849248  
9.566452206  
8.900233847  
7.375578357  
5.298380154  
3.066264132  
1.079029168  
-0.342205194  
-1.010177465  
-0.8941430393  
-0.1124044234  
1.097315245  
2.420932493  
3.518142532  
4.076170416  
3.864414673  
2.78486848  
0.9088827753  
-1.512422574  
-4.075881738  
-6.296715558  
-7.713861634  
-8.008185583  
-7.101333814  
-5.20162861  
-2.773860402  
-0.4305146839  
1.232835673  
1.813646545  
1.236130741  
-0.2040453629  
-1.906945221  
-3.136366172  
-3.243946914  
-1.882784879  
0.8579669389  
4.445670104  
8.034762723  
10.7029954  
11.7258745  
10.806523  
8.188596769  
4.613351898  
1.128790399  
-1.195962786  
-1.568437074  
0.30399695  
4.129757548  
9.109829636  
14.14999262  
18.14386597  
20.24426259  
20.04803826  
17.64985448  
13.56182033  
8.535643207  
3.34887057  
-1.379414158  
-5.295248349  
