-2.093134072  
0.8072755579  
3.616355093  
5.798041853  
7.059329401  
7.380879431  
6.95634505  
6.071440346  
4.972948764  
3.778139054  
2.456650277  
0.8872272153  
-1.038046334  
-3.307986419  
-5.731686148  
-7.952213481  
-9.535021167  
-10.10206722  
-9.46395925  
-7.701267371  
-5.163343627  
-2.382006125  
0.07232317253  
1.744104035  
2.404936235  
2.089111244  
1.044956554  
-0.3755465501  
-1.845318394  
-3.160986541  
-4.277646057  
-5.271494443  
-6.250908286  
-7.256689125  
-8.19615692  
-8.841913319  
-8.899984549  
-8.123429371  
-6.427769596  
-3.961300527  
-1.098346759  
1.648641366  
3.771789178  
4.917382943  
4.98998818  
4.173591396  
2.861257432  
1.517278012  
0.5202666564  
0.04259246795  
0.008574150597  
0.1453673604  
0.1068636486  
-0.375618163  
-1.371771598  
-2.705238066  
-3.999205606  
-4.799197673  
-4.72949044  
-3.627450924  
-1.608074214  
0.9638489302  
3.583534499  
5.758805519  
7.15215163  
7.664244599  
7.433420954  
6.756682927  
5.965850524  
5.307097187  
4.868330703  
4.578398976  
4.273167854  
3.79725098  
3.096766914  
2.262842445  
1.50616112  
1.071375423  
1.125668388  
1.668018759  
2.499659137  
3.273761885  
3.611717779  
3.246140353  
2.137473091  
0.5174954454  
-1.16267917  
-2.368569087  
-2.659476006  
-1.846876952  
-0.07794169931  
2.188173444  
4.30764322  
5.643732919  
5.761214518  
4.559909647  
2.303801153  
-0.4630781329  
-3.085227226  
-4.992600747  
-5.861766971  
-5.691003662  
-4.769470903  
-3.556671033  
-2.517687087  
-1.972157461  
-2.007050678  
-2.478435037  
-3.095045853  
-3.548108751  
-3.637428759  
-3.347658244  
-2.848837929  
-2.423788342  
-2.351459013  
-2.790334702  
-3.704803797  
-4.86095084  
-5.893017173  
-6.417069542  
-6.152737662  
-5.012442564  
-3.129862673  
-0.8207835541  
1.508209273  
3.471927168  
4.804053974  
5.41192616  
5.376624603  
4.904511592  
4.250565544  
3.639694392  
3.209137787  
2.985243046  
2.895673236  
2.807918021  
2.579557961  
2.105728197  
1.353055483  
0.3744505823  
-0.6964256929  
-1.669602144  
-2.339087292  
-2.5341766  
-2.173923294  
-1.312948416  
-0.1637550824  
0.9188643137  
1.499471203  
1.165731869  
-0.3451499347  
-3.03043152  
-6.555455056  
-10.26988876  
-13.32044491  
-14.84556267  
-14.20834756  
-11.20394334  
-6.175121167  
0.01142061926  
6.138582291  
10.92804144  
13.37174802  
13.01252876  
10.08816592  
5.488273935  
0.526524644  
-3.413558691  
-5.260294585  
-4.552096024  
-1.563085871  
2.783354548  
7.189424109  
10.36554866  
11.40738371  
10.055438  
6.761470894  
2.544644777  
-1.316165447  
-3.659396238  
-3.774260874  
-1.594279172  
2.300400674  
6.864330483  
10.89037809  
13.34181188  
13.61678687  
11.67576846  
8.007941489  
3.46127088  
-1.002318552  
-4.550779345  
-6.658782699  
-7.18003705  
-6.313336576  
-4.491358474  
-2.23790055  
-0.03864719136  
1.744167425  
2.904069706  
3.379467525  
3.219654503  
2.547391791  
1.52910947  
0.3529046844  
-0.7929080784  
-1.74818755  
-2.417136224  
-2.803405647  
-3.028106198  
-3.314791124  
-3.934339263  
-5.117788851  
-6.960774346  
-9.352384278  
-11.95907509  
-14.27973678  
-15.76523169  
-15.97217468  
-14.70522191  
-12.10099005  
-8.62162973  
-4.952889843  
-1.83170267  
0.1481775989  
0.6954201384  
-0.102265113  
-1.806810325  
-3.754497585  
-5.238698923  
-5.696575174  
-4.846877998  
-2.743536764  
0.2630184349  
3.637149076  
6.803308841  
9.28163691  
10.7793107  
11.22179506  
10.72866069  
9.553847996  
8.015400445  
6.434860891  
5.095326569  
4.21575599  
3.93270163  
4.281855793  
5.179210808  
6.410891986  
7.646044123  
8.484726515  
8.54179589  
7.552084454  
5.467987184  
2.514889081  
-0.8234274404  
-3.898183997  
-6.05109274  
-6.791639899  
-5.943525063  
-3.712026894  
-0.645531707  
2.503371694  
4.979275782  
6.228152296  
6.042055257  
4.599807222  
2.3922876  
0.05819398985  
-1.814977908  
-2.85962109  
-3.012959845  
-2.494673436  
-1.691106687  
-0.9919366904  
-0.6403959185  
-0.6513903702  
-0.825623486  
-0.8517604753  
-0.4558539519  
0.4604681102  
1.747638303  
3.032115714  
3.831618066  
3.722422888  
2.499310035  
0.2697616729  
-2.553793971  
-5.364482455  
-7.538947732  
-8.623646334  
-8.467190183  
-7.255044182  
-5.436554954  
-3.571127445  
-2.147220697  
-1.435657961  
-1.42493527  
-1.85630488  
-2.341097208  
-4.687661186  
-2.466912522  
0.2550775975  
2.737231376  
4.320624278  
4.569834415  
3.351313636  
0.8404462205  
-2.533376002  
-6.182814635  
-9.475416849  
-11.84180971  
-12.86437484  
-12.33786982  
-10.29810047  
-7.016677393  
-2.961431646  
1.275504773  
5.074996095  
7.899798027  
9.394908821  
9.456417344  
8.249439417  
6.166191463  
3.730619266  
1.471714243  
-0.201499853  
-1.089054213  
-1.22832436  
-0.8547320558  
-0.3090193951  
0.07790980875  
0.08484393453  
-0.3467334286  
-1.120926795  
-2.049164182  
-2.9383061  
-3.668854923  
-4.231710137  
-4.708813287  
-5.206317824  
-5.769332291  
-6.317023095  
-6.631221296  
-6.412116273  
-5.38770393  
-3.439694223  
-0.6968606661  
2.446788872  
5.408106178  
7.571047002  
8.477524957  
7.989585885  
6.363245466  
4.1995011  
2.27775764  
1.317675948  
1.7434988  
3.529134752  
6.180217512  
8.866884691  
10.67172625  
10.8776826  
9.204390764  
5.914950067  
1.754773855  
-2.262380584  
-5.156420438  
-6.276676091  
-5.497942438  
-3.25450398  
-0.4013861169  
2.052877222  
3.257109132  
2.774189008  
0.7045240564  
-2.35906283  
-5.526154481  
-7.887806425  
-8.79005212  
-8.017520305  
-5.83491941  
-2.88164453  
0.03885906463  
2.202853766  
3.165842553  
2.86058951  
1.573388535  
-0.1810848324  
-1.83578924  
-2.93715506  
-3.250677012  
-2.782921864  
-1.72813915  
-0.3722175873  
1.003821908  
2.186370059  
3.043455913  
3.499640425  
3.497288133  
2.973435588  
1.870886989  
0.1825763005  
-1.991541731  
-4.406757053  
-6.683525536  
-8.376518779  
-9.089861916  
-8.603389567  
-6.964352956  
-4.505590409  
-1.773754617  
0.6176351688  
2.167132904  
2.638114526  
2.13223222  
1.054858555  
-0.02025049887  
-0.5446998663  
-0.1834740546  
1.06698025  
2.872564699  
4.671546315  
5.865176282  
6.024805063  
5.044571522  
3.186474181  
1.000873631  
-0.8518927452  
-1.819065755  
-1.638665797  
-0.4261987448  
1.364500534  
3.093032007  
4.145482878  
4.13720562  
3.038053855  
1.179816574  
-0.8541678034  
-2.417892744  
-3.00573215  
-2.402807697  
-0.7361954349  
1.584168241  
4.008308023  
6.019418685  
7.277117152  
7.684987291  
7.366653072  
6.568691632  
5.534377902  
4.400362475  
3.156606228  
1.683103742  
-0.1544625542  
-2.392032551  
-4.886987202  
-7.308321983  
-9.208358025  
-10.15543389  
-9.882053353  
-8.394246009  
-5.999051223  
-3.234409692  
-0.7198532865  
1.024990613  
1.734095079  
1.468731506  
0.5849472832  
-0.3957640647  
-0.9702912305  
-0.8308478654  
0.02476708836  
1.287742743  
2.441108622  
2.938342722  
2.399639668  
0.7612318034  
-1.672463975  
-4.293532686  
-6.354938005  
-7.186272639  
-6.396522989  
-4.003348795  
-0.45042249  
3.49277102  
6.920631659  
9.018174458  
9.263705548  
7.555048255  
4.229430536  
-0.02380796701  
-4.331199351  
-7.838911676  
-9.901685848  
-10.2136003  
-8.854281703  
-6.245747968  
-3.035624082  
0.06232812586  
2.432305515  
3.688633747  
3.748421782  
2.831175546  
1.388128772  
-0.02069480774  
-0.8722490691  
-0.8144876274  
0.2434951127  
2.107346771  
4.345820677  
6.399943445  
7.725474436  
7.931647064  
6.879515883  
4.713621779  
1.818994002  
-1.283349114  
-4.071536321  
-6.149025091  
-7.325495152  
-7.630825825  
-7.262044561  
-6.484719856  
-5.524696886  
-4.488406926  
-3.339213592  
-1.936968616  
-0.1249646286  
2.169065916  
4.857162621  
7.671588149  
10.21295883  
12.05317859  
12.85988873  
12.50012862  
11.08669508  
8.949656578  
6.541094009  
4.304388918  
2.551840328  
1.391533046  
0.7268293922  
0.3258984468  
-0.06655605571  
-0.618278637  
-1.341730843  
-2.095729022  
-2.656296559  
-2.829566547  
-2.562110529  
-2.002831736  
-1.486647792  
-1.438237534  
-2.224410847  
-4.005144608  
-6.637752428  
-9.673778649  
-12.45837848  
-14.30705829  
-14.70681834  
-13.47772582  
-10.84117701  
-7.36956759  
-3.829764089  
-0.9670209247  
0.7045583997  
1.040693114  
0.2930159456  
-0.9833732798  
-2.109687569  
-2.492901247  
-1.799840704  
-0.04442427336  
2.434130147  
5.089281878  
7.339459051  
8.73860532  
9.093615223  
8.497674074  
7.277258007  
5.877235164  
4.724902561  
4.115352231  
4.148394557  
4.727096102  
5.607551099  
6.475861547  
7.02531454  
7.01361502  
6.292559845  
4.814778072  
2.628896606  
-0.1263282463  
-3.22536144  
-6.362004316  
-9.169195016  
-11.26211014  
-12.30577176  
-12.09570805  
-10.62901851  
-8.139019686  
-5.072647089  
-2.005569312  
0.489475498  
1.98724302  
2.324809877  
1.64899263  
0.3769949031  
-0.9226736953  
-1.69618426  
-1.568070997  
-0.4524813553  
1.422653807  
3.586133538  
5.466366801  
6.561615062  
6.58458262  
5.537743982  
3.699148353  
1.52776024  
-0.4773385414  
-1.916742593  
-2.585819825  
-2.499383361  
-1.845724874  
-0.8937001055  
0.1094709807  
1.012405643  
1.782276727  
2.474012786  
3.164757509  
3.884714555  
4.575254384  
5.092677486  
5.256740855  
4.924438448  
4.058892236  
2.764517084  
1.27220364  
-0.1226950978  
-1.148901504  
-1.643309802  
-1.601193318  
-1.175366704  
-0.6255242297  
-0.2365131059  
-0.2341364864  
-0.7262167112  
-1.685418538  
-2.973813546  
-4.39394729  
-5.743177132  
-6.85028296  
-7.584419705  
-7.841189313  
-7.522687358  
-6.531783183  
-4.794366496  
-2.308473906  
0.7970133019  
4.222279842  
7.502849361  
10.0770143  
11.40738024  
11.12661716  
9.162507471  
5.79718406  
1.631839921  
-2.543330777  
-5.942530774  
-7.986297293  
-8.45067709  
-7.516183053  
-5.699649149  
-3.689299399  
-2.134991683  
-1.460177393  
-1.754734782  
-2.780215256  
-4.080928419  
-5.158603128  
-5.64771922  
-5.430231994  
-4.651644893  
-3.63702869  
-2.7422029  
-2.198827369  
-2.013882596  
-1.963200783  
-1.682951805  
-0.825323222  
0.7810395266  
3.029003113  
5.532687177  
7.735492507  
9.092457634  
9.263606424  
8.247711033  
6.404349431  
4.350107728  
2.759341402  
2.135193617  
2.629636656  
3.977095247  
5.568872564  
6.647889254  
6.561486547  
4.988832402  
2.06650405  
-1.631272216  
-5.25328858  
-7.922010496  
-8.99384989  
-8.246268712  
-5.933842305  
-2.698983169  
0.6298125995  
3.284502796  
4.769834829  
4.977674147  
4.174874246  
2.878938755  
1.670855107  
1.010661999  
1.114116091  
1.922516827  
3.1628475  
4.464915963  
5.486896752  
6.00445654  
5.938954604  
5.327496751  
4.260816117  
2.825025728  
1.076866471  
-0.9373956587  
-3.132867055  
-5.337474555  
-7.277913484  
-8.621027343  
-9.067179105  
-8.466311223  
-6.911064055  
-4.762475664  
-2.583711283  
-0.9898268094  
-0.4551693459  
-1.141637368  
-2.811364986  
-4.864339893  
-6.50152324  
-6.970436782  
-5.818166895  
-3.068387474  
0.741312033  
4.683076545  
7.693006975  
8.88169946  
7.805792564  
4.614856463  
0.02552818592  
-4.871462715  
-8.91330507  
-11.18423848  
-11.25551988  
-9.276325738  
-5.893812722  
-2.034428982  
1.379495533  
3.68711546  
4.642850337  
4.426576666  
3.519024556  
2.494435978  
1.806316269  
1.639293152  
1.872995891  
2.162744807  
2.101230803  
1.39910294  
0.01855242752  
-1.787024821  
-3.540037507  
-4.688045561  
-4.78368168  
-3.634590934  
-1.374423164  
1.56677745  
4.581385391  
7.053229267  
8.524076831  
8.808672366  
8.027876591  
6.555945539  
4.903118534  
3.57114201  
2.923019232  
3.099697531  
3.999874346  
5.320663426  
6.642112287  
7.530824153  
7.637848733  
6.771424533  
4.933371749  
2.315978101  
-0.7372608617  
-3.798959697  
-6.44140817  
-8.32177235  
-9.252245839  
-9.238969983  
-8.477581682  
-7.301836372  
-6.093646408  
-5.175324599  
-4.713364763  
-4.663967412  
-4.781594809  
-4.694472697  
-4.029619975  
-2.551736617  
-0.2716574518  
2.514513593  
5.275467662  
7.37630895  
8.256717547  
7.602830699  
5.458442407  
2.237569292  
-1.370009407  
-4.574793353  
-6.693434515  
-7.322517731  
-6.428462766  
-4.328866565  
-1.575778536  
1.217385508  
3.547006463  
5.133933091  
5.949451854  
6.153267366  
5.975597956  
5.594169757  
5.055853015  
4.272992891  
3.09325796  
1.411359073  
-0.7271440297  
-3.078168447  
-5.234921461  
-6.741626525  
-7.247382914  
-6.643197364  
-5.127136315  
-3.165875925  
-1.357745028  
-0.2394685013  
-0.1023292225  
-0.8839331401  
-2.178097401  
-3.365085171  
-3.821718132  
-3.141033326  
-1.285436033  
1.381522437  
4.198493556  
6.4116233  
7.412741469  
6.929375983  
5.102118045  
2.424415589  
-0.4316466262  
-2.839943092  
-4.414586875  
-5.105346975  
-5.162888311  
-4.991228291  
-4.947161777  
-5.166702299  
-5.488829908  
-5.510343191  
-4.755267561  
-2.896777468  
0.05411010905  
3.670928968  
7.1857312  
9.700779969  
10.47223307  
9.169798125  
6.019167895  
1.770560752  
-2.505339934  
-5.732967403  
-7.157470213  
-6.57241112  
-4.372285085  
-1.410478212  
1.291295914  
2.88538175  
2.977608326  
1.749817144  
-0.1154670006  
-1.68211914  
-2.094941056  
-0.8877467834  
1.839651393  
5.435712761  
8.89819776  
11.19494267  
11.59796236  
9.921188815  
6.585437435  
2.492122804  
-1.250175336  
-3.655988866  
-4.144802027  
-2.689226405  
0.208848445  
3.695588389  
6.830137884  
8.848616765  
9.346691  
8.334145685  
6.161104905  
3.357380472  
0.4497930639  
-2.179276677  
-4.352383249  
-6.071798565  
-7.436104734  
-8.544009943  
-9.428681374  
-10.04657732  
-10.31734257  
-10.18785657  
-9.683538929  
-8.917490314  
-8.049006182  
-7.208357204  
-6.423121588  
-5.584475034  
-4.477460236  
-2.872732657  
-0.6491108501  
2.101747914  
5.036609965  
7.615513919  
9.244015396  
9.461809379  
8.114270972  
5.442925122  
2.054149572  
-1.234605565  
-3.628695756  
-4.597135167  
-4.040594483  
-2.327501552  
-0.1813790815  
1.548063883  
2.157742788  
1.319533107  
-0.8108217514  
-3.640188676  
-6.324711909  
-8.035379199  
-8.215860747  
-6.749945652  
-3.987346223  
-0.6244577516  
2.515711596  
4.729049007  
5.621352148  
5.187506274  
3.762552757  
1.872644988  
0.04603406806  
-1.346889078  
-2.171578426  
-2.506763684  
-2.54182073  
-2.44379459  
-2.252631403  
-1.848989235  
-1.007873284  
0.4844280672  
2.699215389  
5.476300045  
8.418180813  
10.97730615  
12.61020165  
12.94553934  
11.90589116  
9.738162316  
6.939887549  
4.106195009  
1.750944497  
0.1649680753  
-0.6395670726  
-0.8816314807  
-0.8821363604  
-0.9053164556  
-1.034216535  
-1.131295274  
-0.9028755017  
-0.0458201849  
1.578732438  
3.813910086  
6.175973102  
7.948194177  
8.379938615  
6.931409352  
3.483537822  
-1.561434353  
-7.331322234  
-12.68220267  
-16.49057851  
-17.95456595  
-16.81378673  
-13.42098048  
-8.643098211  
-3.621335125  
0.538119603  
3.051278109  
3.639062863  
2.557048547  
0.4713154843  
-1.77433473  
-3.424245238  
-4.028371608  
-3.549041304  
-2.331826542  
-0.9580515858  
-0.03140612475  
0.03182776876  
-0.8557684374  
-2.420288572  
-4.109241445  
-5.261283461  
-5.310647327  
-3.9661767  
-1.314396677  
2.181172603  
5.78334125  
8.659255891  
10.08706277  
9.639430022  
7.299265198  
3.480050556  
-1.054154605  
-5.351199812  
-8.479520881  
-9.736487336  
-8.809482985  
-5.8525081  
-1.459127366  
3.464533699  
7.899826575  
10.94373046  
12.01170351  
10.96605309  
8.137387916  
4.232713132  
0.1527338816  
-3.234745795  
-5.305877324  
-5.820349267  
-4.952786364  
-3.209576852  
-1.257331333  
0.2853128389  
1.030521505  
0.9248137078  
0.2439629801  
-0.516619562  
-0.8198052516  
-0.2759643352  
1.216299486  
3.421889483  
5.8278611  
7.789971984  
8.721132502  
8.263826511  
6.3949799  
3.434037709  
-0.04467035396  
-3.365587178  
-5.924042555  
-7.327241082  
-7.467696685  
-6.515970125  
-4.844374207  
-2.911812238  
-1.146650395  
0.1411911639  
0.8022603047  
0.8442251621  
0.3969258909  
-0.3350331072  
-1.116294699  
-1.714116565  
-1.923174685  
-1.589001263  
-0.635772802  
0.9026653337  
2.858483075  
4.927593816  
6.703149857  
7.748872454  
7.701456779  
6.376744654  
3.846637733  
0.4569926688  
-3.228337706  
-6.549661552  
-8.909569234  
-9.922196056  
-9.508341561  
-7.906006574  
-5.591897099  
-3.138006983  
-1.048805045  
0.3692587783  
1.065459974  
1.21477274  
1.115838294  
1.057685777  
1.20618246  
1.552549921  
1.941762543  
2.167116598  
2.090405424  
1.735391226  
1.310766274  
1.145058043  
1.550957281  
2.667237147  
4.340969993  
6.104243156  
7.269815766  
7.128299465  
5.190206599  
1.393762544  
-3.796901467  
-9.448267214  
-14.36576058  
-17.40072936  
-17.7674786  
-15.27365899  
-10.39063347  
-4.138089501  
2.185404002  
7.346121535  
10.49031738  
11.33769223  
10.19960318  
7.824704998  
5.129151293  
2.90300501  
1.588203968  
1.195381567  
1.377162757  
1.621491716  
1.488577777  
0.802672763  
-0.2711506834  
-1.291745614  
-1.722550378  
-1.159986576  
0.4766198934  
2.866987184  
5.357812076  
7.158847319  
7.602802495  
6.380042391  
3.665121323  
0.08714230811  
-3.45182937  
-6.0543085  
-7.111318235  
-6.499160715  
-4.622892209  
-2.289934739  
-0.4527345912  
0.09780865851  
-1.009767193  
-3.60048985  
-6.996805092  
-10.2185786  
-12.27532084  
-12.45875062  
-10.54574933  
-6.852147348  
-2.126205502  
2.679229682  
6.680825118  
9.299384459  
10.3861019  
10.20924012  
9.315646077  
8.319822283  
7.692490369  
7.615696475  
7.945470574  
8.285776399  
8.14173847  
7.097328713  
4.959401848  
1.825599638  
-1.938460797  
-5.797261114  
-9.181419446  
-11.61688238  
-12.81080602  
-12.6768128  
-11.30505019  
-8.899919144  
-5.715170586  
-2.010727213  
1.958521139  
5.928311052  
9.603663425  
12.65248433  
14.72915644  
15.52937151  
14.86233254  
12.71619483  
9.291434933  
4.985429537  
0.3269374155  
-4.124252744  
-7.885379622  
-10.6366267  
-12.26222173  
-12.83861665  
-12.57827379  
-11.75045222  
-10.60538712  
-9.32371659  
-8.001655574  
-6.668343174  
-5.320789547  
-3.957522422  
-2.595833042  
-1.267200372  
0.003112356497  
1.218292027  
2.418562014  
3.666790024  
5.01280546  
6.449398208  
7.879758245  
9.114701094  
9.90846475  
10.02715017  
9.329534657  
7.831799292  
5.729691865  
3.363874581  
1.133328488  
-0.6190907421  
-1.712352954  
-2.187269397  
-2.296609995  
-2.423371091  
-2.94994122  
-4.119286571  
-5.934645276  
-8.133904293  
-10.25151858  
-11.75196736  
-12.19403371  
-11.3731437  
-9.394442922  
-6.650669528  
-3.70975701  
-1.146953657  
0.6248712434  
1.471920326  
1.565464699  
1.309439492  
1.194591999  
1.628489323  
2.798255527  
4.61119005  
6.731365752  
8.697234226  
10.0777862  
10.61236134  
10.2861163  
9.316975551  
8.061946343  
6.879643656  
6.00120388  
5.457917306  
5.092255252  
4.647190506  
3.898604053  
2.778062  
1.435379355  
0.2116740357  
-0.4731963598  
-0.2817209305  
0.8896165341  
2.826492093  
5.018007146  
6.784593212  
7.475943122  
6.675464054  
4.342153704  
0.8392384852  
-3.164199888  
-6.889541529  
-9.679885332  
-11.19011619  
-11.47274019  
-10.93121634  
-10.15778839  
-9.712339248  
-9.919271197  
-10.75296125  
-11.85141425  
-12.65256347  
-12.60445121  
-11.37423826  
-8.981228658  
-5.805905679  
-2.471014617  
0.3635221141  
2.219106335  
2.952431714  
2.789842055  
2.229816643  
1.849005296  
2.082447049  
3.058634726  
4.550828551  
6.064108248  
7.027957295  
7.024534037  
5.967928194  
4.165458947  
2.233372501  
0.8918314002  
0.7090203526  
1.885116967  
4.155692646  
6.854040904  
9.116579334  
10.16436538  
9.565082543  
7.384404405  
4.172326223  
0.7866110076  
-1.887845658  
-3.228083122  
-3.071252266  
-1.753693396  
0.02193900075  
1.444057119  
1.882756241  
1.110536821  
-0.6252616131  
-2.703885472  
-4.369775066  
-5.021971645  
-4.448748757  
-2.920451976  
-1.10360659  
0.1765158298  
0.2421721689  
-1.171262044  
-3.788105898  
-6.854326279  
-9.373342767  
-10.43836531  
-9.547860712  
-6.793813061  
-2.854160165  
1.212833225  
4.306246167  
5.639877875  
4.998725695  
2.807188082  
-0.01502936654  
-2.361371303  
-3.30754626  
-2.417133327  
0.1186050927  
3.552271155  
6.836973118  
8.97928046  
9.368105964  
7.968802701  
5.319122349  
2.332129037  
-0.02318353508  
-1.052143338  
-0.5623706074  
1.086697416  
3.126257595  
4.65988437  
4.984704233  
3.840168022  
1.499112572  
-1.328616034  
-3.74487597  
-4.977205183  
-4.649632232  
-2.917728998  
-0.4224046386  
1.921350186  
3.229340368  
2.944982122  
1.030476383  
-2.008960386  
-5.273737203  
-7.741721925  
-8.576045151  
-7.373464688  
-4.280456116  
0.05151947616  
4.649822513  
8.481635285  
10.71270844  
10.89270528  
9.025238965  
5.519193317  
1.052310421  
-3.602379565  
-7.735962636  
-10.81323247  
-12.52042458  
-12.76107265  
-11.62246483  
-9.335209178  
-6.238702062  
-2.751944781  
0.6603916914  
3.53775238  
5.49218702  
6.285145134  
5.890325297  
4.516575943  
2.572401072  
0.5710680484  
-1.00324368  
-1.830624436  
-1.84873618  
-1.270468246  
-0.5147414192  
-0.06756909776  
-0.3151264459  
-1.402254881  
-3.164011023  
-5.155632726  
-6.774807369  
-7.439767101  
-6.767910592  
-4.698764055  
-1.522606337  
2.193831845  
5.760656822  
8.548854344  
10.14875145  
10.45674871  
9.668803227  
8.189460613  
6.491046056  
4.970816204  
3.850502782  
3.145331061  
2.704639472  
2.302663183  
1.743633175  
0.944070471  
-0.03358240482  
-1.003097484  
-1.72024439  
-1.966855599  
-1.62454666  
-0.7159427559  
0.5959033989  
2.045246755  
3.323727687  
4.144525466  
4.295313316  
3.671762022  
2.290695792  
0.28662224  
-2.104010833  
-4.568682532  
-6.755390058  
-8.321054054  
-8.989675364  
-8.612307263  
-7.214729268  
-5.015997711  
-2.40438438  
0.1328773165  
2.115466608  
3.187141829  
3.211883937  
2.318359655  
0.874257017  
-0.6081417501  
-1.612357455  
-1.76535615  
-0.949082802  
0.658540623  
2.627357483  
4.392283066  
5.410473394  
5.31257321  
4.004222907  
1.68964837  
-1.186838929  
-4.061165356  
-6.394144287  
-7.798347641  
-8.113684152  
-7.416498133  
-5.968259856  
-4.127081238  
-2.252817069  
-0.6332374572  
0.5532052074  
1.23764304  
1.436268687  
1.218719394  
0.6844084349  
-0.04683833051  
-0.8337027114  
-1.512731538  
-1.909569851  
-1.867545475  
-1.289200509  
-0.1772964027  
1.342244089  
3.029593855  
4.576456648  
5.678523563  
6.114637992  
5.807929915  
4.848509073  
3.469415768  
1.98287189  
0.6971246212  
-0.1597675443  
-0.4862863593  
-0.3124626401  
0.23280195  
0.9754774517  
1.748832661  
2.425467071  
2.920941987  
3.174778373  
3.125334939  
2.698002579  
1.819705462  
0.4593310969  
-1.321059463  
-3.328869563  
-5.241757025  
-6.65928424  
-7.199325843  
-6.61348848  
-4.883682909  
-2.262792445  
0.7626193163  
3.584762806  
5.633001812  
6.530626156  
6.199666532  
4.877949157  
3.04055746  
1.249740368  
-0.01798830577  
-0.5104104107  
-0.2581506973  
0.4648214166  
1.262179286  
1.772313792  
1.803237349  
1.395438928  
0.7895926393  
0.3118930574  
0.2214419244  
0.5798845292  
1.196850836  
1.677622353  
1.561200782  
0.5015511826  
-1.574528736  
-4.394759224  
-7.387937249  
-9.84184349  
-11.12373567  
-10.88944582  
-9.207585047  
-6.552003861  
-3.660186819  
-1.301832484  
-0.03447432307  
-0.02908823517  
-1.025951163  
-2.436495965  
-3.55627825  
-3.814993004  
-2.976038221  
-1.215334553  
0.9484439658  
2.847477717  
3.9130654  
3.889231806  
2.933827037  
1.568790462  
0.4948469827  
0.334889206  
1.396875587  
3.541791199  
6.206299804  
8.575870915  
9.851024011  
9.515891518  
7.516472169  
4.286600551  
0.6121479224  
-2.619985031  
-4.701847305  
-5.3175608  
-4.617893289  
-3.133622195  
-1.561865697  
-0.5038148525  
-0.2485398114  
-0.6799938464  
-1.339279305  
-1.617953593  
-1.010565174  
0.6672255216  
3.176653811  
5.910462272  
8.088388526  
9.026670777  
8.386978393  
6.31554947  
3.420438987  
0.5903909862  
-1.286126734  
-1.608259247  
-0.260127295  
2.347885536  
5.407207799  
7.964828905  
9.217474464  
8.74894051  
6.634620658  
3.383930736  
-0.2530897429  
-3.543466771  
-6.002462752  
-7.519886852  
-8.342698835  
-8.926895138  
-9.71775965  
-10.94166571  
-12.4869064  
-13.91796465  
-14.619313  
-14.01857889  
-11.81053148  
-8.102868954  
-3.431613763  
1.361662246  
5.351970258  
7.781063298  
8.256483519  
6.839197  
3.997869422  
0.4518353538  
-3.040511497  
-5.877366579  
-7.733418749  
-8.574510354  
-8.576184897  
-7.987961395  
-7.001059567  
-5.671324652  
-3.924453239  
-1.636964239  
1.243843851  
4.593346638  
8.064675745  
11.13125192  
13.21025651  
13.82996597  
12.78580368  
10.23095871  
6.667047066  
2.832002348  
-0.4845690359  
-2.644836857  
-3.32494427  
-2.588555683  
-0.8515273597  
1.249742594  
3.045610417  
4.020699745  
3.948452324  
2.937418203  
1.381205384  
-0.168118312  
-1.163059867  
-1.212644804  
-0.1823914125  
1.781043454  
4.301350925  
6.880298025  
9.028377758  
10.38199585  
10.77765588  
10.2675941  
9.078150272  
7.526860622  
5.923863153  
4.485304387  
3.281591141  
2.232888534  
1.151343095  
-0.183022504  
-1.934712244  
-4.138782675  
-6.662570406  
-9.216112901  
-11.41112975  
-12.85483328  
-13.25414794  
-12.50147873  
-10.71682455  
-8.232065019  
-5.519320305  
-3.08147396  
-1.334716479  
-0.515961266  
-0.6410968385  
-1.524695378  
-2.852803821  
-4.283773776  
-5.543535517  
-6.484438537  
-7.09024685  
-7.429748764  
-7.580729677  
-7.557747192  
-7.276565165  
-6.57448959  
-5.284004437  
-3.334054123  
-0.8385330599  
1.869285542  
4.282254176  
5.843586106  
6.118493665  
4.959588983  
2.606848191  
-0.3221798177  
-2.96410734  
-4.435807023  
-4.092887745  
-1.741911422  
2.264393858  
7.087775091  
11.61310941  
14.75009178  
15.74092258  
14.38119483  
11.0846257  
6.768638631  
2.592602454  
-0.3734326757  
-1.449531318  
-0.5255335434  
1.933139371  
5.051423545  
7.82649865  
9.434277005  
9.463611929  
8.007155753  
5.586298301  
2.942647287  
0.7714983266  
-0.5102039768  
-0.8835225845  
-0.6975718012  
-0.5056038275  
-0.8294654956  
-1.939494646  
-3.731038992  
-5.744496228  
-7.32480121  
-7.866169763  
-7.056015727  
-5.029529409  
-2.374611691  
0.0234015949  
1.253094929  
0.6790962286  
-1.824064442  
-5.786493924  
-10.2403535  
-13.97682593  
-15.88788693  
-15.29006557  
-12.13137121  
-7.01776001  
-1.050415282  
4.477442563  
8.433764582  
10.14677566  
9.564432258  
7.232569577  
4.105296977  
1.25049408  
-0.4585056111  
-0.5743109901  
0.8330150846  
3.241916525  
5.872243482  
7.938368444  
8.882167537  
8.51716405  
7.047065344  
4.962963022  
2.860533448  
1.240309688  
0.3549449714  
0.1482637276  
0.2992430929  
0.3502781917  
-0.1259855734  
-1.376380104  
-3.380131558  
-5.849360763  
-8.312937267  
-10.25393491  
-11.25612377  
-11.11460793  
-9.879391881  
-7.822982704  
-5.347003428  
-2.86070986  
-0.6709654778  
1.082659255  
2.430268998  
3.51510066  
4.500831481  
5.476788541  
6.395280369  
7.064304687  
7.200394226  
6.526141841  
4.88122885  
2.309834212  
-0.9070976569  
-4.290241884  
-7.264863127  
-9.301591244  
-10.05490134  
-9.457636909  
-7.741322163  
-5.373100464  
-2.925166023  
-0.9135759263  
0.3460896872  
0.8225458172  
0.7659002249  
0.6179754362  
0.8628336502  
1.863628616  
3.737050017  
6.305385573  
9.142008169  
11.69611339  
13.45667112  
14.10234122  
13.58827163  
12.14146154  
10.16709891  
8.098812848  
6.245762282  
4.691530487  
3.282594678  
1.712991633  
-0.3230810064  
-2.965368923  
-6.071209082  
-9.197781774  
-11.6997733  
-12.91889288  
-12.40694628  
-10.10733223  
-6.428093678  
-2.171485373  
1.66898978  
4.187883521  
4.838212098  
3.605439169  
1.024201162  
-1.97499855  
-4.347490584  
-5.259818486  
-4.357046602  
-1.885656614  
1.37060947  
4.325928715  
5.927937124  
5.490006572  
2.916406503  
-1.25060176  
-5.977058295  
-10.03185489  
-12.33856449  
-12.27707772  
-9.845291281  
-5.63689255  
-0.6497031135  
4.009088885  
7.425749107  
9.098958208  
9.015497016  
7.573378428  
5.3931324  
3.091238091  
1.095528425  
-0.4395274595  
-1.600593075  
-2.593354375  
-3.589161822  
-4.606967645  
-5.479435414  
-5.916152105  
-5.636704349  
-4.517319963  
-2.687913703  
-0.5343006273  
1.403455137  
2.60482476  
2.753043845  
1.860586446  
0.2851642581  
-1.376255006  
-2.483522219  
-2.573195677  
-1.524645285  
0.3887938691  
2.585664269  
4.37304404  
5.187606587  
4.797084578  
3.390035273  
1.519575597  
-0.08254893445  
-0.7591786715  
-0.161032883  
1.621707442  
4.077165246  
6.435124693  
7.921598757  
8.017999478  
6.636029588  
4.148025336  
1.262224603  
-1.214058082  
-2.641738161  
-2.755957776  
-1.740809203  
-0.1488968157  
1.303870011  
1.994654361  
1.610551711  
0.250211518  
-1.623807349  
-3.362550211  
-4.372374917  
-4.332624021  
-3.310126502  
-1.72895245  
-0.2064710529  
0.684401333  
0.6393090654  
-0.2507724864  
-1.519695926  
-2.490388159  
-2.527889247  
-1.292266092  
1.100266404  
4.069990276  
6.729946011  
8.158987381  
7.703168376  
5.205067312  
1.082713676  
-3.771316573  
-8.240936651  
-11.30852542  
-12.34560958  
-11.28087844  
-8.595130479  
-5.149663615  
-1.908238997  
0.3547366929  
1.266223978  
0.9232711756  
-0.1949441523  
-1.432395209  
-2.202120997  
-2.186283661  
-1.42398371  
-0.2626881565  
0.8019539516  
1.33453325  
1.138179448  
0.3374002463  
-0.6639146922  
-1.333026965  
-1.211987489  
-0.09987876838  
1.853346577  
4.177303859  
6.228134965  
7.403126572  
7.350000918  
6.0985481  
4.067696277  
1.942359318  
0.4577203581  
0.1595531651  
1.21770746  
3.35346922  
5.905759788  
8.017750959  
8.888248488  
8.012655042  
5.341939191  
1.313140762  
-3.25696833  
-7.383929053  
-10.17307582  
-11.0513161  
-9.911417117  
-7.132995805  
-3.478516858  
0.1046110755  
2.722277965  
3.751128652  
2.982507844  
0.660851176  
-2.588520355  
-5.920788463  
-8.48096208  
-9.610472624  
-9.002693199  
-6.771985202  
-3.421201914  
0.2840196738  
3.504331208  
5.534110556  
5.977034928  
4.845941912  
2.560268091  
-0.1610198301  
-2.486515  
-3.693139283  
-3.363262671  
-1.504498267  
1.442994376  
4.717604509  
7.439132175  
8.850072758  
8.529171914  
6.516614767  
3.313366387  
-0.2479423927  
-3.22669485  
-4.830918277  
-4.63497599  
-2.696902416  
0.4576866449  
3.980104119  
6.930056173  
8.528489997  
8.361430056  
6.480009442  
3.372696763  
-0.1777419546  
-3.308665802  
-5.302269848  
-5.760476901  
