4.163052121  
1.358400243  
-1.911916908  
-5.310022861  
-8.428044688  
-10.85466654  
-12.25481267  
-12.44147969  
-11.41963376  
-9.389264629  
-6.705997403  
-3.809174072  
-1.13574343  
0.959130125  
2.257326446  
2.699635902  
2.374658068  
1.483297981  
0.2915170762  
-0.9166520427  
-1.87801395  
-2.378925892  
-2.275987985  
-1.512248555  
-0.1304627698  
1.719094487  
3.782453195  
5.724637287  
7.175416701  
7.795531924  
7.35246771  
5.787955107  
3.257116841  
0.1233724143  
-3.096575706  
-5.829624046  
-7.56390772  
-7.958115354  
-6.913501598  
-4.588584611  
-1.352076961  
2.31282046  
5.9253182  
9.111440147  
11.66625754  
13.5575751  
14.87342075  
15.73375101  
16.1987293  
16.20731781  
15.57044854  
14.02508243  
11.33491496  
7.406560515  
2.382572902  
-3.322958105  
-9.064871477  
-14.08002372  
-17.64750489  
-19.25494862  
-18.72614423  
-16.27393779  
-12.46200523  
-8.0831435  
-3.984249085  
-0.8819051248  
0.7855278503  
0.9341025786  
-0.176794744  
-2.035248632  
-4.019769481  
-5.55524521  
-6.242264783  
-5.930273878  
-4.722174475  
-2.916940317  
-0.9123143022  
0.9024069358  
2.23456721  
2.937238545  
3.012628357  
2.576870725  
1.803215909  
0.8643347568  
-0.1084801631  
-1.039507347  
-1.89653113  
-2.661788204  
-3.300211556  
-3.739050864  
-3.868156259  
-3.562501008  
-2.720546949  
-1.306391502  
0.6181469462  
2.882804137  
5.224879132  
7.329900265  
8.888208771  
9.654445647  
9.496408498  
8.422585944  
6.583040846  
4.244535119  
1.746139367  
-0.5550715446  
-2.337921879  
-3.361916007  
-3.497202378  
-2.737497937  
-1.196618593  
0.9089256959  
3.288081579  
5.610942545  
7.548819593  
8.815317995  
9.20439946  
8.620681193  
7.096910351  
4.794297279  
1.983517091  
-0.9925900011  
-3.769758072  
-6.018319084  
-7.494540726  
-8.077619787  
-7.785360046  
-6.765834725  
-5.267333561  
-3.593096748  
-2.049959058  
-0.9003027764  
-0.3249221568  
-0.4013689206  
-1.098957029  
-2.28887889  
-3.766380837  
-5.281531097  
-6.575228498  
-7.417193382  
-7.642180329  
-7.179571203  
-6.070619523  
-4.467622856  
-2.611342792  
-0.7870807287  
0.7344189543  
1.759436275  
2.221565987  
2.20448052  
1.926905355  
1.688637578  
1.787846538  
2.429792487  
3.652577331  
5.293717897  
7.012091426  
8.364914042  
8.923006246  
8.394408651  
6.721230359  
4.119380661  
1.045264934  
-1.906208868  
-4.147632522  
-5.250155779  
-5.057210245  
-3.727470707  
-1.692835164  
0.4586536459  
2.143092966  
2.939263688  
2.700372631  
1.587053103  
0.01233417626  
-1.485221632  
-2.403170165  
-2.424733962  
-1.513130185  
0.07613084135  
1.867819685  
3.303086411  
3.899976694  
3.393141976  
1.814264071  
-0.5080575459  
-3.027823611  
-5.118376892  
-6.230065317  
-6.02878099  
-4.482016059  
-1.873504918  
1.254491863  
4.215859442  
6.325373572  
7.042392484  
6.084724151  
3.491702099  
-0.3739493463  
-4.884705999  
-9.256343873  
-12.68668274  
-14.5009434  
-14.27777525  
-11.93217176  
-7.73765952  
-2.280599576  
3.647448621  
9.199568393  
13.6349434  
16.45649944  
17.49285374  
16.90487904  
15.11559168  
12.68213861  
10.14454655  
7.892808012  
6.088694643  
4.662764936  
3.384143528  
1.978319786  
0.2529268977  
-1.811119282  
-4.034591163  
-6.090698315  
-7.615663234  
-8.342271229  
-8.210191657  
-7.412980296  
-6.361398635  
-5.57000316  
-5.500003537  
-6.407358896  
-8.245419106  
-10.65564344  
-13.05277362  
-14.7811441  
-15.29609488  
-14.31627252  
-11.90157244  
-8.434691165  
-4.514094845  
-0.7929014556  
2.186791484  
4.115797682  
4.963979003  
4.944409542  
4.415299894  
3.757171811  
3.266620582  
3.097688085  
3.261711312  
3.674412776  
4.223138709  
4.822803935  
5.437642935  
6.063012995  
6.680537171  
7.212760965  
7.505076889  
7.352052484  
6.566288097  
5.068030058  
2.96088069  
0.55893052  
-1.655566551  
-3.141437676  
-3.447123448  
-2.353412243  
0.03758742123  
3.301466917  
6.786116932  
9.77843941  
11.69480352  
12.23686261  
11.46331692  
9.753849526  
7.675722059  
5.795136287  
4.493907615  
3.85092462  
3.627091237  
3.358880886  
2.529984453  
0.7646706368  
-2.021049462  
-5.561039299  
-9.294027868  
-12.51607301  
-14.58294371  
-15.0990548  
-14.0338959  
-11.7303146  
-8.803314845  
-5.962252533  
-3.81227641  
-2.695714799  
-2.619526092  
-3.286484421  
-4.214695043  
-0.1100686097  
-0.7726574912  
-0.01757113051  
2.335504761  
5.908281061  
9.812009305  
12.87157746  
13.9665721  
12.3869039  
8.088933202  
1.763873098  
-5.313386284  
-11.61756081  
-15.79120278  
-17.02101919  
-15.25611599  
-11.20063549  
-6.084383638  
-1.285308711  
2.075716191  
3.440427369  
2.92609246  
1.217673763  
-0.715966935  
-1.980096538  
-2.062859331  
-0.9914008424  
0.7130264  
2.258894301  
2.90326003  
2.249707536  
0.4180255804  
-1.97593625  
-4.024642791  
-4.846944136  
-3.908825099  
-1.233851522  
2.572454159  
6.496629845  
9.433946181  
10.54283168  
9.518416949  
6.693155553  
2.930117448  
-0.6562148182  
-3.059328673  
-3.701467878  
-2.610335693  
-0.3943118768  
1.974211824  
3.494673742  
3.481826336  
1.803536296  
-1.065171212  
-4.189740551  
-6.477842064  
-7.038494907  
-5.483946013  
-2.078517873  
2.312929427  
6.461901522  
9.12722442  
9.415459596  
7.045287316  
2.440888588  
-3.369389479  
-9.016806523  
-13.14209964  
-14.73499576  
-13.37469667  
-9.314310411  
-3.39679745  
3.165535339  
9.083927531  
13.2816948  
15.10985653  
14.44573601  
11.66317079  
7.494723454  
2.829593473  
-1.498619694  
-4.883562759  
-7.041171722  
-8.013586215  
-8.090494531  
-7.675880529  
-7.139951784  
-6.697993702  
-6.349538932  
-5.894461341  
-5.021102511  
-3.440461909  
-1.025543031  
2.089331498  
5.485673973  
8.530482845  
10.52706533  
10.90912623  
9.422730952  
6.238645281  
1.953323346  
-2.532964473  
-6.235569348  
-8.345258785  
-8.454254185  
-6.67945589  
-3.64056632  
-0.2925891559  
2.343621038  
3.476022643  
2.773828436  
0.4663484074  
-2.724372827  
-5.799598134  
-7.785080432  
-8.026621651  
-6.389831184  
-3.302570936  
0.3733065132  
3.601760662  
5.484220576  
5.52788368  
3.789516898  
0.8528369344  
-2.350768087  
-4.820741394  
-5.77876361  
-4.885447026  
-2.320496527  
1.29147368  
5.079558916  
8.183440538  
9.988376379  
10.26981751  
9.211392287  
7.301469086  
5.150455682  
3.292167262  
2.032173357  
1.385939875  
1.117577462  
0.8573335554  
0.253098733  
-0.8954295697  
-2.561115634  
-4.491306668  
-6.280576378  
-7.486714401  
-7.752428565  
-6.898001414  
-4.962914516  
-2.191764451  
1.024447509  
4.231058115  
6.994165629  
8.969296245  
9.944915353  
9.859295474  
8.794270066  
6.95113181  
4.613530866  
2.101511858  
-0.2786768128  
-2.282351787  
-3.762996834  
-4.688498222  
-5.130884555  
-5.229920001  
-5.139429591  
-4.972337055  
-4.763148782  
-4.462458358  
-3.967956733  
-3.182865963  
-2.080990835  
-0.7523290022  
0.5926085747  
1.668312008  
2.199917116  
2.02242487  
1.158111639  
-0.1597875787  
-1.533334318  
-2.508904813  
-2.718560952  
-2.00882492  
-0.5120174054  
1.368857547  
3.063462978  
3.997940543  
3.769467046  
2.275821398  
-0.2432211656  
-3.268170267  
-6.147547589  
-8.284482986  
-9.302471041  
-9.13756423  
-8.029204862  
-6.416233509  
-4.776713317  
-3.468474685  
-2.625621763  
-2.144984268  
-1.763337082  
-1.193011522  
-0.262296691  
0.9944397973  
2.333055376  
3.385875792  
3.806981536  
3.422054358  
2.324495429  
0.8774155861  
-0.3855570183  
-0.9304039846  
-0.4062206094  
1.222965521  
3.64722571  
6.295761368  
8.512643396  
9.765352088  
9.815314961  
8.791405623  
7.140076586  
5.468319666  
4.333134842  
4.050166663  
4.588119626  
5.585885696  
6.486546512  
6.741343531  
6.011793652  
4.298299166  
1.949003577  
-0.4555504243  
-2.30257101  
-3.162340084  
-2.942872473  
-1.928407019  
-0.6861568667  
0.128543651  
0.00288826529  
-1.246040503  
-3.392384761  
-5.860032698  
-7.901120842  
-8.836555567  
-8.279577176  
-6.268863763  
-3.267804224  
-0.03059935277  
2.620689289  
4.036026151  
3.918371457  
2.391068521  
-0.06453519343  
-2.775090419  
-5.086654047  
-6.551842203  
-7.035012092  
-6.708316503  
-5.9492185  
-5.18206448  
-4.722063538  
-4.674857401  
-4.921866283  
-5.189476813  
-5.170707233  
-4.651184593  
-3.592638618  
-2.144985666  
-0.5856835438  
0.788061775  
1.772053613  
2.329758487  
2.600759531  
2.839775689  
3.308688003  
4.161539305  
5.365488556  
6.68850796  
7.761521804  
8.196695057  
7.723681824  
6.298355609  
4.146398704  
1.724227955  
-0.3943862817  
-1.674296743  
-1.772361136  
-0.6432619676  
1.433610561  
3.915005956  
6.126577895  
7.432095805  
7.3943059  
5.885781609  
3.122061206  
-0.3899151451  
-3.973439244  
-6.942139994  
-8.758503173  
-9.152544516  
-8.173286024  
-6.162895878  
-3.662291945  
-1.273460061  
0.4864323441  
1.302771664  
1.124605131  
0.1555800732  
-1.220297078  
-2.5558425  
-3.467019836  
-3.732392425  
-3.337699364  
-2.454000689  
-1.358266576  
-0.3237024259  
0.4825164321  
1.057879416  
1.556853796  
2.216467184  
3.238623549  
4.670355283  
6.32804488  
7.800816716  
8.54398088  
8.042845835  
6.000060833  
2.485831652  
-2.004571014  
-6.617244626  
-10.32439626  
-12.18341473  
-11.59893013  
-8.510071718  
-3.442652477  
2.596336971  
8.358232101  
12.66161638  
14.68398863  
14.1536547  
11.38886435  
7.177228559  
2.536213932  
-1.570041792  
-4.472228768  
-5.927418534  
-6.110605102  
-5.482494062  
-4.58864163  
-3.863520525  
-3.505823584  
-3.461368341  
-3.508687739  
-3.404746958  
-3.027518179  
-2.45571108  
-1.952039575  
-1.855226974  
-2.422920799  
-3.689043772  
-5.396379767  
-7.039133552  
-8.009685386  
-7.803647122  
-6.212322913  
-3.431538454  
-0.04147791391  
3.144745418  
5.320366948  
5.936450985  
4.882969229  
2.537962899  
-0.3341365232  
-2.804483388  
-4.052042763  
-3.599960309  
-1.442875509  
1.970898277  
5.890102896  
9.489204498  
12.09749829  
13.35595446  
13.25877841  
12.0796403  
10.22316158  
8.065509256  
5.846265187  
3.648198713  
1.462796782  
-0.6974298877  
-2.699128218  
-4.255676283  
-4.989186049  
-4.573199927  
-2.904423869  
-0.2321198832  
2.81877363  
5.361075061  
6.476857239  
5.501943326  
2.271341  
-2.762432937  
-8.590748575  
-13.88636429  
-17.35478701  
-18.09657937  
-15.86955599  
-11.16786843  
-5.091150953  
0.9574787879  
5.652189759  
8.087983437  
7.985273767  
5.700775322  
2.05363289  
-1.965399328  
-5.499846151  
-8.04786456  
-9.532028928  
-10.20973423  
-10.47231847  
-10.61842803  
-10.69232751  
-10.44968261  
-9.462733864  
-7.322457617  
-3.857200096  
0.7206593405  
5.803280589  
10.52537651  
14.01049056  
15.64296805  
15.27064618  
13.26490262  
10.41273096  
7.673366977  
5.879213405  
5.480592237  
6.419302213  
8.17188173  
9.94552363  
10.95767235  
10.70275305  
9.115398894  
6.576795049  
3.765870514  
1.410828001  
0.03005509399  
-0.2464497072  
0.2862979815  
1.024335554  
1.280708299  
0.5407033413  
-1.343479138  
-4.086153751  
-7.052064654  
-9.461021826  
-10.64255503  
-10.25429834  
-8.391857088  
-5.556369124  
-2.494621649  
0.03148438848  
1.468297829  
1.614870546  
0.6469046406  
-0.9788570321  
-2.699098976  
-4.033097627  
-4.722505094  
-4.779811135  
-4.438567937  
-4.033186038  
-3.858329412  
-4.060363966  
-4.596770659  
-5.270932201  
-5.820948411  
-6.022647061  
-5.765074589  
-5.071309508  
-4.061595114  
-2.879890482  
-1.619171052  
-0.2800353571  
1.217917337  
2.975686318  
5.030812512  
7.286677166  
9.488710058  
11.26406233  
12.21686537  
12.04899933  
10.66460941  
8.220355842  
5.101094558  
1.826180321  
-1.084539708  
-3.242305454  
-4.477226063  
-4.85652594  
-4.631573364  
-4.135666315  
-3.669491142  
-3.41250487  
-3.386489927  
-3.477303758  
-3.50021523  
-3.280723401  
-2.72070129  
-1.828904888  
-0.7108221612  
0.4714019244  
1.548638178  
2.383841159  
2.888860132  
3.020034973  
2.764115739  
2.129677705  
1.154081147  
-0.07515228389  
-1.397583264  
-2.575084194  
-3.321241255  
-3.368312701  
-2.557366713  
-0.9218114405  
1.27114605  
3.548265845  
5.333294732  
6.103940632  
5.557818327  
3.732069159  
1.030076832  
-1.864642391  
-4.170584761  
-5.235186206  
-4.735780042  
-2.787317877  
0.08335480848  
3.094294481  
5.449834791  
6.589590006  
6.362770371  
5.068057093  
3.343050046  
1.93801273  
1.448842783  
2.099819855  
3.651614603  
5.468919299  
6.728255324  
6.698502615  
5.000835464  
1.760204399  
-2.404312374  
-6.549822903  
-9.687022604  
-11.07587564  
-10.44529956  
-8.068178966  
-4.670906307  
-1.210112608  
1.409544324  
2.587062137  
2.17105437  
0.4627504402  
-1.913365913  
-4.219726576  
-5.824194894  
-6.359396375  
-5.782222051  
-4.330493119  
-2.407983379  
-0.4477754535  
1.197742748  
2.311307081  
2.808123844  
2.698136575  
2.045531396  
0.9512146667  
-0.4349736361  
-1.887682379  
-3.094599121  
-3.688307244  
-3.332006729  
-1.84249642  
0.6913331506  
3.847315442  
6.908729197  
9.015047786  
9.395665938  
7.620701218  
3.78562939  
-1.442411361  
-6.949978008  
-11.45262121  
-13.84550292  
-13.5231122  
-10.56453601  
-5.718914831  
-0.1885218207  
4.726452322  
8.009604779  
9.213248297  
8.553473279  
6.784966255  
4.899533962  
3.75307198  
3.751109495  
4.703869705  
5.903459414  
6.398162334  
5.368626544  
2.472629875  
-1.966915879  
-7.003888036  
-11.33526844  
-13.70780305  
-13.33025373  
-10.15134656  
-4.906510296  
1.086743488  
6.32071782  
9.549466412  
10.15353063  
8.300066472  
4.850234832  
1.050671595  
-1.882851519  
-3.148111905  
-2.579593153  
-0.6444449674  
1.776177283  
3.734119908  
4.561625615  
4.095503192  
2.702466785  
1.103946934  
0.07154351699  
0.1103056047  
1.249693028  
3.021142838  
4.631480378  
5.26862839  
4.426283461  
2.125738588  
-1.051087  
-4.135847111  
-6.098517754  
-6.210390427  
-4.316752953  
-0.9201314964  
2.960118565  
6.108308083  
7.506120271  
6.666152883  
3.791558929  
-0.2927111905  
-4.41355925  
-7.434802813  
-8.622681976  
-7.868570653  
-5.695774305  
-3.052048242  
-0.963118944  
-0.1692536971  
-0.8711799843  
-2.67212068  
-4.73359003  
-6.08805339  
-5.997363142  
-4.230723069  
-1.164502541  
2.331477627  
5.182527944  
6.473455673  
5.763612619  
3.24445955  
-0.3147073924  
-3.815227392  
-6.188386097  
-6.745186143  
-5.399835554  
-2.692954926  
0.3923322936  
2.759627093  
3.56445598  
2.49528042  
-0.1210261025  
-3.422404261  
-6.288469678  
-7.700482122  
-7.068472324  
-4.422021353  
-0.4062906479  
3.912546548  
7.368838907  
9.044502188  
8.535227728  
6.057700629  
2.370832124  
-1.458643265  
-4.370532784  
-5.609530246  
-4.9212995  
-2.595170129  
0.6496512354  
3.891448918  
6.274067618  
7.236418864  
6.641528944  
4.777285128  
2.240193497  
-0.2541616178  
-2.073694589  
-2.827649723  
-2.440828616  
-1.133425751  
0.6762113947  
2.508835241  
3.957718985  
4.781327472  
4.935005748  
4.542037137  
3.82224364  
3.00638824  
2.265006061  
1.671849925  
1.208589759  
0.8032528444  
0.3845971027  
-0.06908332547  
-0.5048535891  
-0.8028660454  
-0.8147318614  
-0.4200302413  
0.4176294785  
1.613928815  
2.960175928  
4.156876922  
4.878155373  
4.851615843  
3.933341381  
2.15813774  
-0.2492776423  
-2.90715926  
-5.348209462  
-7.114847775  
-7.857759201  
-7.416101195  
-5.861524503  
-3.495666603  
-0.8004080151  
1.650257397  
3.300133561  
3.7214716  
2.704698418  
0.3091020289  
-3.136960694  
-7.088516096  
-10.88128635  
-13.85671415  
-15.49082598  
-15.5004665  
-13.90321124  
-11.01546766  
-7.38596776  
-3.67658878  
-0.5158447461  
1.641176859  
2.612095927  
2.51974673  
1.747950949  
0.8305220142  
0.3019718011  
0.549993067  
1.71056743  
3.635444041  
5.941505989  
8.12763465  
9.724420889  
10.43185254  
10.20341212  
9.251413329  
7.972897428  
6.820299672  
6.158527597  
6.153930027  
6.729741698  
7.600314323  
8.370251351  
8.663348847  
8.237275309  
7.046320515  
5.234015807  
3.063050328  
0.8124487746  
-1.316857622  
-3.251326234  
-5.030711865  
-6.738215822  
-8.405989573  
-9.939042026  
-11.09578413  
-11.54289937  
-10.97290859  
-9.245411447  
-6.498404397  
-3.18051276  
0.02122847651  
2.348111068  
3.185795954  
2.262390976  
-0.2388590429  
-3.696359049  
-7.200409707  
-9.797070383  
-10.75318314  
-9.760455887  
-7.014004243  
-3.140327043  
1.001551506  
4.580556009  
7.03050808  
8.187184817  
8.283980131  
7.813668372  
7.310093438  
7.130962445  
7.321561239  
7.60932665  
7.531173281  
6.646212027  
4.753558156  
2.030604521  
-0.9665794354  
-3.450692695  
-4.654806402  
-4.104478506  
-1.814928412  
1.660710217  
5.357974593  
8.16974419  
9.174881223  
7.921980111  
4.575423934  
-0.1257200709  
-5.084955109  
-9.173398699  
-11.55921997  
-11.93707673  
-10.58649948  
-8.244609306  
-5.839119418  
-4.172146758  
-3.65937896  
-4.20852059  
-5.273070241  
-6.058878958  
-5.811200402  
-4.085302346  
-0.9115900233  
3.196906631  
7.39399836  
10.75520948  
12.55412143  
12.47227623  
10.6792214  
7.763028631  
4.539516563  
1.80493973  
0.110778947  
-0.3723050922  
0.1337442063  
1.121322748  
1.981393129  
2.203170311  
1.527826615  
0.01371136421  
-1.999299468  
-4.007766356  
-5.504143864  
-6.128676867  
-5.771437817  
-4.599784241  
-3.008736192  
-1.511812949  
-0.6030975612  
-0.625511308  
-1.67637014  
-3.571404038  
-5.875477795  
-7.994646089  
-9.311800132  
-9.338303176  
-7.848316066  
-4.962585872  
-1.15566038  
2.824734743  
6.117017968  
7.952584818  
7.861441685  
5.821160761  
2.301862019  
-1.816592673  
-5.445136832  
-7.558536994  
-7.470050672  
-5.030160471  
-0.6881165588  
4.608501346  
9.654426382  
13.30296084  
14.7683147  
13.82620745  
10.85406108  
6.700342641  
2.424935082  
-1.008060688  
-2.990045177  
-3.402123755  
-2.588064102  
-1.183745545  
0.1323787313  
0.8791747085  
0.920885079  
0.4760325595  
-0.009417211613  
-0.0724147412  
0.5551830243  
1.814641569  
3.320215231  
4.493590474  
4.785105851  
3.900141006  
1.944538793  
-0.5702722161  
-2.872578381  
-4.182020378  
-3.983493225  
-2.227934972  
0.6132881617  
3.665479674  
5.906359772  
6.479944149  
4.96718073  
1.525237398  
-3.149661443  
-8.023176312  
-12.02169155  
-14.33287311  
-14.61388615  
-13.04656449  
-10.23108576  
-6.962785825  
-3.972459953  
-1.717421747  
-0.2876883685  
0.5519494244  
1.211238914  
2.078038045  
3.350373837  
4.955529353  
6.579269214  
7.786737811  
8.184447802  
7.561116904  
5.957167154  
3.642638556  
1.018938454  
-1.512574616  
-3.662698178  
-5.306299351  
-6.460257887  
-7.205080715  
-7.590923613  
-7.574265673  
-7.017553813  
-5.756208986  
-3.707023498  
-0.9712435678  
2.11654579  
5.024860458  
7.146660882  
7.971697271  
7.253294179  
5.110365003  
2.024466057  
-1.273801846  
-3.997028904  
-5.512384301  
-5.505514205  
-4.046166225  
-1.538061902  
1.425557027  
4.248563325  
6.496771254  
7.987959415  
8.783257156  
9.092755884  
9.138627799  
9.032736559  
8.717580954  
7.993432828  
6.620238131  
4.453386357  
1.558408297  
-1.743608271  
-4.923592577  
-7.375092622  
-8.587782459  
-8.307409889  
-6.629133758  
-3.992627154  
-1.078968656  
1.359823251  
2.688205748  
2.538520255  
0.8877608267  
-1.954079468  
-5.431414291  
-8.87458212  
-11.63741198  
-13.20910665  
-13.28328352  
-11.78295475  
-8.851248271  
-4.820719667  
-0.1700749339  
4.529747749  
8.682659876  
11.74870483  
13.33297798  
13.26558349  
11.64911887  
8.851721102  
5.435661901  
2.031206215  
-0.8138072159  
-2.764832172  
-3.768970366  
-4.034772573  
-3.926222974  
-3.804645924  
-3.873913072  
-4.087453244  
-4.15691705  
-3.667067161  
-2.261219707  
0.1690528983  
3.364490473  
6.704814692  
9.355753713  
10.5199872  
9.713439243  
6.970952413  
2.900928596  
-1.445821702  
-4.866280101  
-6.370715355  
-5.507759748  
-2.538900022  
1.60427502  
5.578290756  
8.028440202  
8.008831047  
5.287802867  
0.4377685262  
-5.324111873  
-10.49794764  
-13.75312499  
-14.32731773  
-12.24592987  
-8.293281311  
-3.747314346  
0.03391540253  
2.038754194  
1.904053635  
-0.001437537183  
-2.733273664  
-5.108862035  
-6.110049717  
-5.216129429  
-2.559629107  
1.140528043  
4.83831545  
7.518762809  
8.53138087  
7.787781126  
5.762044433  
3.30119064  
1.317230969  
0.4699191407  
0.9487676686  
2.42525129  
4.185805816  
5.394193088  
5.389587405  
3.917742034  
1.218822363  
-2.053281865  
-5.047666236  
-6.992188631  
-7.434704053  
-6.371748825  
-4.227723246  
-1.69902619  
0.4785083681  
1.758541776  
1.935331269  
1.173346081  
-0.08509436665  
-1.29422505  
-1.997043909  
-1.970086706  
-1.276385192  
-0.216426132  
0.7981948223  
1.399867719  
1.394559309  
0.8245365759  
-0.0517554004  
-0.8502184775  
-1.187998039  
-0.8042042896  
0.36204633  
2.155971064  
4.252745423  
6.245628724  
7.748401831  
8.48412721  
8.340324846  
7.382239843  
5.827004106  
3.98895907  
2.209641093  
0.7859252605  
-0.09164230497  
-0.379941955  
-0.1951460197  
0.2103237698  
0.5061089521  
0.3696708449  
-0.4178027907  
-1.890228595  
-3.856957593  
-5.924716164  
-7.585873586  
-8.357147642  
-7.933215705  
-6.308396885  
-3.822317542  
-1.103645345  
1.084267175  
2.059360167  
1.437281719  
-0.7202307219  
-3.878963955  
-7.148133944  
-9.515427891  
-10.13843217  
-8.607206852  
-5.095947786  
-0.3511238226  
4.488977058  
8.197036395  
9.796730802  
8.841239554  
5.547853005  
0.748221165  
-4.331896831  
-8.399372226  
-10.43277797  
-9.938314684  
-7.054495062  
-2.484154158  
2.716790627  
7.425249906  
10.72701497  
12.10894684  
11.52517896  
9.336575048  
6.159541366  
2.68141306  
-0.5001960893  
-2.974846313  
-4.542411547  
-5.177643385  
-4.968101798  
-4.05833555  
-2.620755049  
-0.8544208318  
1.00385676  
2.679006873  
3.885349823  
4.384820245  
4.059975067  
2.973227372  
1.382730079  
-0.302542128  
-1.624262969  
-2.205783267  
-1.87072135  
-0.7068079167  
0.9518084594  
2.623624999  
3.831267501  
4.255990777  
3.842039538  
2.812613996  
1.588577483  
0.6348997479  
0.2863647374  
0.6135996354  
1.378936469  
2.102303248  
2.219963114  
1.285957187  
-0.8507003865  
-3.95466536  
-7.434028977  
-10.48757535  
-12.32730556  
-12.40845336  
-10.59534022  
-7.210691573  
-2.95215106  
1.298850767  
4.717578144  
6.753008774  
7.257176409  
6.491154989  
5.010952238  
3.473327286  
2.424766133  
2.139299708  
2.552969137  
3.310532794  
3.904396911  
3.857879025  
2.89320228  
1.031861169  
-1.401871613  
-3.872539032  
-5.789426369  
-6.677787238  
-6.313864404  
-4.785169373  
-2.461304038  
0.1126083506  
2.366036683  
3.85229017  
4.355280771  
3.926724849  
2.848026617  
1.5325527  
0.3996361219  
-0.2425999975  
-0.2735033524  
0.2232031888  
1.002402317  
1.743986645  
2.154911674  
2.056185602  
1.430105883  
0.4158457989  
-0.7427011425  
-1.778687362  
-2.487101  
-2.785574305  
-2.732116265  
-2.49458087  
-2.282327406  
-2.263280258  
-2.495134867  
-2.89580812  
-3.265950361  
-3.359113331  
-2.978102218  
-2.065158438  
-0.7527198023  
0.6480060733  
1.724272799  
2.086249094  
1.502068698  
-0.0005824069811  
-2.103863134  
-4.258065047  
-5.819449057  
-6.231751062  
-5.198437336  
-2.791503122  
0.5414070294  
4.080516191  
7.023193781  
8.706261643  
8.795885764  
7.386969134  
4.979555763  
2.336462932  
0.2625916249  
-0.6290851499  
-0.0951289527  
1.670178223  
4.095852919  
6.40494237  
7.842450326  
7.891471603  
6.413684949  
3.675110404  
0.2541688062  
-3.135022032  
-5.846843622  
-7.473192414  
-7.928999603  
-7.434693908  
-6.40932799  
-5.314893174  
-4.504584997  
-4.12228736  
-4.080384675  
-4.115700584  
-3.89842652  
-3.154332725  
-1.76020322  
0.2148520411  
2.529310822  
4.837334646  
6.778709907  
8.06160224  
8.516447382  
8.112688658  
6.943585183  
5.192932735  
3.098580991  
0.9221820439  
-1.073848623  
-2.647798775  
-3.605568029  
-3.835270711  
-3.343207706  
-2.277048423  
-0.9195158006  
0.3584364709  
1.183092311  
1.284039242  
0.5899384495  
-0.7205858623  
-2.238702253  
-3.42162228  
-3.745856461  
-2.875879333  
-0.7959918682  
2.140799551  
5.270881505  
7.776882921  
8.902915501  
8.166797442  
5.505337663  
1.306873378  
-3.681278604  
-8.544431936  
-12.43433896  
-14.7753449  
-15.3824574  
-14.45980723  
-12.4867443  
-10.03475035  
-7.579168457  
-5.368848821  
-3.394350834  
-1.459512055  
0.6757186798  
3.138409489  
5.833499288  
8.426625094  
10.4295657  
11.36122117  
10.92820066  
9.159682456  
6.444548631  
3.450801299  
0.947000535  
-0.4204519723  
-0.3237693282  
1.139839482  
3.467819405  
5.894047043  
7.610060119  
7.998212769  
6.806157464  
4.211642008  
0.7617673497  
-2.789911086  
-5.694844607  
-7.403940515  
-7.688925795  
-6.661338182  
-4.694267109  
-2.282186214  
0.1094077701  
2.155089506  
3.710621145  
4.781107748  
5.439775643  
5.736952194  
5.639186135  
5.023974208  
3.732054224  
1.655908499  
-1.171656877  
-4.52574419  
-7.998326088  
-11.06996581  
-13.22378218  
-14.06614048  
-13.41627927  
-11.33829238  
-8.108954208  
-4.13668221  
0.1377835567  
4.324869408  
8.128872941  
11.34311158  
13.81070512  
15.37828008  
15.87242207  
15.11862316  
13.00328294  
9.558353638  
5.03372194  
-0.07951733753  
-5.099085018  
-9.275366587  
-11.96273933  
-12.79109928  
-11.78365642  
-9.377855051  
-6.332569201  
-3.538674798  
-1.78129408  
-1.520094166  
-2.75256843  
-5.003773075  
-7.450328557  
-9.14730659  
-9.295588482  
-7.47428469  
-3.77183753  
1.221812844  
6.55985377  
11.17875064  
14.16621214  
14.98270525  
13.57773686  
10.3740173  
6.131310949  
1.735289606  
-2.024850482  
-4.627621344  
-5.896943097  
-5.975369924  
-5.214389102  
-4.026626112  
-2.751969806  
-1.579374437  
-0.5426150439  
0.4195886309  
1.371480973  
2.298427404  
3.071486973  
3.475042901  
3.288604891  
2.391355016  
0.8471014783  
-1.068043843  
-2.913759178  
-4.200783583  
-4.539156955  
-3.770375461  
-2.036219077  
0.244434789  
2.489706876  
4.127543387  
4.773282823  
4.353482397  
3.132674835  
1.630211783  
0.45059341  
0.08055186272  
0.7192741225  
2.199592913  
4.029532317  
5.544366751  
6.12205324  
5.392159954  
3.36845166  
0.4588040559  
-2.654090108  
-5.224518086  
-6.679388599  
-6.799237405  
-5.782719801  
-4.170759076  
-2.653716665  
-1.825562904  
-1.968969063  
-2.947007762  
-4.242697731  
-5.137812528  
-4.973728742  
-3.40634561  
-0.5653995176  
2.94254245  
6.197102407  
8.246427925  
8.419263846  
6.562879295  
3.123209791  
-0.967174906  
-4.564924673  
-6.671508159  
-6.754711728  
-4.929150138  
-1.93147483  
1.108739556  
3.034448069  
3.048174193  
0.995232073  
-2.552306741  
-6.444666521  
-9.296198644  
-9.917039525  
-7.700847126  
-2.846100442  
3.661232294  
10.30230942  
15.44254414  
17.78635544  
16.7337273  
12.53408649  
6.196371738  
-0.8112366858  
-6.975769877  
-11.14126156  
-12.78048905  
-12.06487182  
-9.726545547  
-6.770854317  
-4.139962053  
-2.436082866  
-1.785735715  
-1.87483553  
-2.126672557  
-1.950406776  
-0.9701879945  
0.841209229  
3.162124847  
5.444810932  
7.109857468  
7.740437967  
7.210474403  
5.709068726  
3.662649278  
1.591425947  
-0.04416483942  
-0.9542632332  
-1.056778109  
-0.4415578114  
0.7098930226  
2.206577717  
3.894508561  
5.650936817  
7.33731649  
8.744288315  
9.569086415  
9.454064313  
8.088446136  
5.344475304  
1.396530032  
-3.231997809  
-7.730841092  
-11.17503434  
-12.76712893  
-12.07841644  
-9.20931506  
-4.807922818  
0.07243599771  
4.244117743  
6.70771931  
6.928511436  
4.979592565  
1.504635235  
-2.48995116  
-5.948393176  
-8.084630499  
-8.604977614  
-7.763847691  
-6.237325365  
-4.859926627  
-4.315423924  
-4.887484394  
-6.355095296  
-8.06818736  
-9.177255044  
-8.938237892  
-6.988010368  
-3.495734375  
0.8628325051  
5.101119549  
8.223478456  
9.533341227  
8.84666302  
6.541797582  
3.431846362  
0.504160116  
-1.385702174  
-1.765709662  
-0.6661064319  
1.426946978  
3.75912255  
5.567765041  
6.324177548  
5.87960816  
4.473417786  
2.611440913  
0.866693661  
-0.3218849344  
-0.7814318943  
-0.6263445314  
-0.1701515855  
0.2300227962  
0.3315671864  
0.1044268157  
-0.2675931827  
-0.4797839828  
-0.2538003569  
0.5221156767  
1.71880528  
2.991081356  
3.896317807  
4.063896173  
3.350926041  
1.922230706  
0.2188609594  
-1.179928716  
-1.756033541  
-1.243164935  
0.2610050944  
2.30530598  
4.219678752  
5.331136848  
5.188174752  
3.715929261  
1.247127769  
-1.58355444  
-4.046529828  
-5.554788705  
-5.849871405  
-5.072150336  
-3.691851232  
-2.326438744  
-1.510348417  
-1.500158725  
-2.185840661  
-3.140850414  
-3.793784478  
-3.659759163  
-2.546609489  
-0.6580108101  
1.449271852  
3.045407301  
3.486407844  
2.462782903  
0.14845258  
-2.808788441  
-5.46176835  
-6.853744942  
-6.332730218  
-3.787578565  
0.2750407102  
4.844625565  
8.683163598  
10.68279924  
10.19660672  
7.240936333  
2.506401234  
-2.827342636  
-7.418420137  
-10.13457701  
-10.36121825  
-8.157866913  
-4.221866065  
0.3243016893  
4.25511194  
6.577779328  
6.78658805  
4.968895895  
1.74203552  
-1.950432889  
-5.116830611  
-6.987389649  
-7.202194936  
-5.871835536  
-3.504634704  
-0.8317381936  
1.413282478  
2.696355528  
2.813226254  
1.919267543  
0.4593551204  
-0.9751951547  
-1.819124661  
-1.687959949  
-0.4764961406  
1.619972016  
4.161793785  
6.579690842  
8.316460664  
8.959875983  
8.335356257  
6.538484293  
3.902721322  
0.9134968229  
-1.907900006  
-4.120751231  
-5.453151918  
-5.841876822  
-5.417292485  
-4.441730265  
-3.222178969  
-2.024351899  
-1.013191714  
-0.2352408107  
0.3561771357  
0.8465739357  
1.300104227  
1.71845234  
2.036062998  
2.154520729  
2.002810941  
1.598238868  
1.079770771  
0.6936247658  
0.7275396586  
1.41023973  
2.808603623  
4.76080797  
6.875890961  
8.610495451  
9.407723273  
8.859999608  
6.845699216  
3.593361531  
-0.3528031339  
-4.262228067  
-7.407674304  
-9.259898153  
-9.628247395  
-8.703564219  
-6.989674453  
-5.144693112  
-3.781681455  
-3.290564691  
-3.735472152  
-4.856333443  
-6.169507404  
-7.13069706  
-7.305209424  
-6.491306494  
-4.76138836  
-2.415367133  
0.1293434335  
2.467557197  
4.309561154  
5.526157577  
6.129042328  
6.205912139  
5.84605995  
5.093070889  
3.946296542  
2.40874704  
0.5556788246  
-1.414262234  
-3.179345099  
-4.360441626  
-4.637542184  
-3.876973216  
-2.217457866  
-0.07169425985  
1.972615461  
3.331022924  
3.625013664  
2.837572583  
1.358591685  
