1.562427227  
4.165612184  
5.064418021  
4.057787052  
1.414041355  
-2.237483999  
-6.091524192  
-9.369766231  
-11.48615182  
-12.1386656  
-11.31903376  
-9.256499315  
-6.327018316  
-2.96055951  
0.4305064608  
3.494292532  
5.959681897  
7.646666146  
8.477276965  
8.488997595  
7.842748228  
6.812200624  
5.743618233  
4.985575216  
4.801774852  
5.291599877  
6.346547972  
7.663297181  
8.817459641  
9.381450442  
9.052794734  
7.752347318  
5.658801273  
3.164791513  
0.7651865533  
-1.089131817  
-2.126173692  
-2.333212091  
-1.956477513  
-1.419928352  
-1.189043504  
-1.623119223  
-2.862686026  
-4.786499001  
-7.049493673  
-9.187116182  
-10.75116662  
-11.43421862  
-11.14595477  
-10.02220758  
-8.369938828  
-6.570664942  
-4.975186202  
-3.821023951  
-3.192603997  
-3.028039862  
-3.161362699  
-3.380563466  
-3.481652959  
-3.305960869  
-2.75787111  
-1.80865207  
-0.4951955465  
1.080153939  
2.749152028  
4.283578596  
5.417131125  
5.889316966  
5.508329428  
4.218959005  
2.153548484  
-0.3568538597  
-2.82566113  
-4.707131847  
-5.526620516  
-5.010907759  
-3.179921959  
-0.3684393043  
2.83541775  
5.724200803  
7.644793128  
8.165576399  
7.19111586  
4.992057306  
2.141300097  
-0.6267600225  
-2.59646258  
-3.243562058  
-2.357073545  
-0.08218021068  
3.122294826  
6.596836246  
9.633826272  
11.63258058  
12.22264817  
11.33162097  
9.187670866  
6.260812919  
3.15798906  
0.4938941349  
-1.237429833  
-1.765955186  
-1.103404542  
0.4582727299  
2.411159982  
4.149238883  
5.117362038  
4.958033194  
3.618203079  
1.383186447  
-1.179824656  
-3.363126205  
-4.513736059  
-4.231616072  
-2.512892545  
0.2102664994  
3.15518522  
5.385994984  
6.073530829  
4.74518046  
1.449136638  
-3.222085677  
-8.264882211  
-12.52395333  
-15.00740692  
-15.16696764  
-13.05982973  
-9.34143476  
-5.088217006  
-1.499997474  
0.4316469173  
0.1925665019  
-2.124605655  
-5.865560351  
-10.01575917  
-13.49396385  
-15.44836981  
-15.46886053  
-13.65857103  
-10.5536024  
-6.926598897  
-3.542887416  
-0.9471983845  
0.6568549104  
1.406802134  
1.673740387  
1.893162254  
2.395612678  
3.292693115  
4.450394103  
5.550107116  
6.209093941  
6.116047578  
5.137631034  
3.366499581  
1.103472825  
-1.212531356  
-3.100408899  
-4.130916917  
-3.99923837  
-2.568933187  
0.1094459955  
3.79773956  
8.083333373  
12.40882906  
16.12662745  
18.58596085  
19.25074323  
17.83127733  
14.39769392  
9.435437099  
3.80898848  
-1.379267058  
-5.017408379  
-6.250589478  
-4.716184371  
-0.6767275232  
4.998446898  
11.01208898  
15.94107829  
18.58533427  
18.26929048  
15.01151324  
9.513702202  
2.97165515  
-3.238049033  
-7.906924175  
-10.28219931  
-10.21746914  
-8.153610921  
-4.94812327  
-1.613345301  
0.954719746  
2.180643817  
1.899006471  
0.3212443811  
-2.089708626  
-4.783372847  
-7.268165788  
-9.201107376  
-10.40943922  
-10.85983021  
-10.60712304  
-9.754447351  
-8.442282465  
-6.862765233  
-5.277783218  
-4.013179163  
-3.410339388  
-3.736791193  
-5.080782562  
-7.270474944  
-9.858420274  
-12.1943974  
-13.57954099  
-13.46274378  
-11.61901349  
-8.248002355  
-3.951881702  
0.410907227  
3.95777432  
6.030607938  
6.382439212  
5.241039463  
3.2270563  
1.151789897  
-0.240264093  
-0.5004972201  
0.3972488016  
2.072002711  
3.884356015  
5.165278218  
5.44584155  
4.610240285  
2.922750083  
0.924054634  
-0.7623825401  
-1.643274438  
-1.51301556  
-0.5032073146  
0.9879073366  
2.454891391  
3.471399947  
3.834165858  
3.613841698  
3.09863043  
2.657529843  
2.579849874  
2.955493794  
3.643240172  
4.339256999  
4.717999888  
4.588574832  
4.002097291  
3.263174567  
2.834754039  
3.166880289  
4.510847049  
6.788847682  
9.571887767  
12.18112572  
13.88357093  
14.11816672  
12.67570676  
9.77064206  
5.979630778  
2.067672783  
-1.238758365  
-3.454735797  
-4.449159362  
-4.433078469  
-3.835662612  
-3.119247299  
-2.605089008  
-2.374827905  
-2.281861968  
-2.063655029  
-1.506304355  
-0.5918075073  
0.4358062933  
1.118882431  
0.9381682682  
-0.4838420302  
-3.203694822  
-6.872946926  
-10.78932191  
-14.07595377  
-15.9352488  
-15.89495992  
-13.96330506  
-10.6385557  
-6.766260183  
-3.28855799  
-0.9662799638  
-0.163583021  
-0.7633982157  
-2.237632756  
-3.844137656  
-4.881099762  
-4.912519798  
-7.249153619  
-11.51763978  
-14.53049013  
-16.18948486  
-16.73345072  
-16.56417829  
-16.03768702  
-15.30874464  
-14.29095968  
-12.74535351  
-10.45657904  
-7.418524387  
-3.944768298  
-0.6465657459  
1.727816006  
2.542855614  
1.525829771  
-1.079078651  
-4.520464208  
-7.725811978  
-9.614225196  
-9.437849696  
-7.038684017  
-2.930578613  
1.828602945  
5.941168576  
8.257640488  
8.126934909  
5.597688034  
1.406889409  
-3.239991949  
-7.027010246  
-8.910840857  
-8.410524293  
-5.718256536  
-1.604976959  
2.839789963  
6.544046677  
8.75659289  
9.225824077  
8.208467284  
6.320942086  
4.296401983  
2.736674965  
1.942574795  
1.872353786  
2.229372508  
2.634086983  
2.808096605  
2.6980539  
2.493398002  
2.533867536  
3.145055049  
4.46760672  
6.348611096  
8.341514286  
9.821759745  
10.18311783  
9.04933349  
6.427740901  
2.748817052  
-1.227691006  
-4.615514944  
-6.652636854  
-6.922295727  
-5.474599087  
-2.809598092  
0.2742682408  
2.920571329  
4.470715713  
4.656981852  
3.673773551  
2.105250943  
0.7311284609  
0.2692867321  
1.133054412  
3.276996848  
6.179349813  
8.969444638  
10.66628692  
10.46191225  
7.969460153  
3.364726678  
-2.621228922  
-8.860148546  
-14.09576746  
-17.25397601  
-17.71216642  
-15.45653461  
-11.08588153  
-5.661300154  
-0.4420627357  
3.422211976  
5.162457443  
4.554895713  
1.940518793  
-1.899438539  
-5.971692454  
-9.335628562  
-11.33039474  
-11.70472198  
-10.62118983  
-8.545210049  
-6.062881102  
-3.690762378  
-1.73888502  
-0.266941575  
0.8603015599  
1.847192166  
2.824143002  
3.745912616  
4.374260757  
4.356751403  
3.376978475  
1.322574002  
-1.59371235  
-4.81288161  
-7.530347442  
-8.899282356  
-8.280355508  
-5.461093858  
-0.7719022882  
4.946255381  
10.52362635  
14.7478213  
16.67569729  
15.88220465  
12.57440364  
7.537777476  
1.930779934  
-3.013040308  
-6.291124532  
-7.362843298  
-6.247345314  
-3.471438565  
0.1060613718  
3.534890001  
6.008141865  
7.030718268  
6.48763576  
4.611659359  
1.878152886  
-1.130208624  
-3.84767604  
-5.812195289  
-6.708635621  
-6.379524125  
-4.821909254  
-2.185097042  
1.227933091  
4.965759596  
8.458054761  
11.08377247  
12.27889268  
11.66583234  
9.170496843  
5.08715996  
0.0600007514  
-5.027984813  
-9.239406995  
-11.79553496  
-12.26026645  
-10.64229485  
-7.385023722  
-3.246553591  
0.8952671823  
4.256259501  
6.31786728  
6.91352357  
6.214305222  
4.630880927  
2.672707888  
0.8135581009  
-0.5973550342  
-1.362174211  
-1.409039206  
-0.7439690891  
0.5856659197  
2.492633381  
4.815006379  
7.267083406  
9.412554393  
10.69443175  
10.53714016  
8.506349347  
4.482489057  
-1.212960315  
-7.795284471  
-14.12903657  
-18.96444835  
-21.24379969  
-20.3938895  
-16.51576541  
-10.40641832  
-3.39360385  
2.979847315  
7.339032862  
8.821300222  
7.284900808  
3.323660608  
-1.914068048  
-7.047043723  
-10.828736  
-12.45611409  
-11.73641288  
-9.074484277  
-5.298076516  
-1.384889443  
1.820630549  
3.817148737  
4.529048844  
4.251808375  
3.493248903  
2.772654254  
2.446129287  
2.610694316  
3.108467684  
3.617657106  
3.790462559  
3.387298828  
2.363778442  
0.8872082994  
-0.7153314713  
-2.053957131  
-2.783765302  
-2.691007596  
-1.736894836  
-0.05433859157  
2.092916667  
4.37139847  
6.441523242  
8.011249133  
8.874308233  
8.933034624  
8.20747555  
6.831143461  
5.031606004  
3.093985645  
1.308886861  
-0.08735169602  
-0.9657026468  
-1.33350338  
-1.325903394  
-1.156584671  
-1.03911871  
-1.103559045  
-1.338912066  
-1.587155421  
-1.598531076  
-1.135398989  
-0.09093863791  
1.422141891  
3.05337641  
4.286601585  
4.591210747  
3.610223876  
1.322981273  
-1.879522193  
-5.246145937  
-7.844276591  
-8.82231393  
-7.679299057  
-4.454780598  
0.2299396963  
5.305131541  
9.531796781  
11.84886147  
11.68384627  
9.12842839  
4.918526735  
0.2181512151  
-3.731469119  
-5.991136539  
-6.212871233  
-4.746008994  
-2.523044849  
-0.7569625544  
-0.5420256814  
-2.482060855  
-6.463737318  
-11.64876265  
-16.69190614  
-20.12223807  
-20.77450707  
-18.14201203  
-12.54565629  
-5.069127863  
2.720809905  
9.187524247  
13.05303363  
13.72235484  
11.4174082  
7.090562556  
2.150111396  
-1.920504406  
-3.944132417  
-3.333109128  
-0.2083700871  
4.663762229  
10.08740601  
14.74059678  
17.48666461  
17.62062564  
15.00133761  
10.05211719  
3.643539181  
-3.104773611  
-9.055182947  
-13.267844  
-15.16239746  
-14.60110449  
-11.88508089  
-7.670665055  
-2.825817606  
1.74423944  
5.268237112  
7.243898555  
7.510857295  
6.248367245  
3.901250104  
1.054261507  
-1.712515732  
-3.950316794  
-5.419197149  
-6.099957976  
-6.143716538  
-5.780923852  
-5.223101578  
-4.59100447  
-3.891982315  
-3.050759274  
-1.977976686  
-0.6468693297  
0.8545421864  
2.319184849  
3.469742116  
4.045081738  
3.893502433  
3.037854025  
1.686538134  
0.1833624811  
-1.088473871  
-1.815909337  
-1.841058476  
-1.192333094  
-0.05185282872  
1.32698534  
2.719010787  
4.004564566  
5.19360615  
6.386564882  
7.687269895  
9.103989972  
10.48193698  
11.50142176  
11.75236371  
10.86654906  
8.664440516  
5.263024843  
1.10009722  
-3.143832307  
-6.710199029  
-8.966663389  
-9.587251355  
-8.649121049  
-6.61166863  
-4.181217825  
-2.102144757  
-0.9400423133  
-0.9256574317  
-1.90850021  
-3.432659657  
-4.906786592  
-5.809231649  
-5.858586008  
-5.092907489  
-3.833305298  
-2.547958976  
-1.667049291  
-1.415767404  
-1.725706592  
-2.257045264  
-2.524892974  
-2.08626948  
-0.7224120004  
1.448344397  
3.969140124  
6.159637756  
7.313786005  
6.91900527  
4.828129622  
1.330274598  
-2.901577623  
-6.970640157  
-9.976822526  
-11.23463262  
-10.42960934  
-7.67577195  
-3.467280493  
1.452906819  
6.264908629  
10.23721777  
12.84786309  
13.8426469  
13.23206679  
11.24359814  
8.252095854  
4.70792622  
1.073965507  
-2.226329486  
-4.85261118  
-6.585292858  
-7.354430451  
-7.251591118  
-6.514502086  
-5.47833336  
-4.497317128  
-3.85259021  
-3.671536304  
-3.885666164  
-4.246041398  
-4.398598079  
-4.001782139  
-2.852273863  
-0.9780735719  
1.335101761  
3.59920113  
5.250398011  
5.812291974  
5.046906256  
3.045601033  
0.2283603983  
-2.752944051  
-5.182318452  
-6.471105253  
-6.317778197  
-4.789442124  
-2.301436079  
0.4988497142  
2.910227588  
4.367389193  
4.589548807  
3.64891417  
1.943458331  
0.08501855237  
-1.264503694  
-1.564851488  
-0.5341111147  
1.780539019  
5.010823313  
8.54786216  
11.6737539  
13.71418794  
14.18052059  
12.87403948  
9.933395466  
5.816382355  
1.21830546  
-3.059997095  
-6.271577607  
-7.879934028  
-7.679517203  
-5.850461523  
-2.92893703  
0.3076870325  
3.02051067  
4.513910652  
4.414609888  
2.775603485  
0.07150391284  
-2.92072084  
-5.329529408  
-6.431663873  
-5.862844805  
-3.73433251  
-0.6176254079  
2.603489885  
4.975123407  
5.742044067  
4.56538419  
1.624889971  
-2.42557203  
-6.637450892  
-10.02979682  
-11.85772474  
-11.80880875  
-10.07144529  
-7.258182996  
-4.210634171  
-1.747209713  
-0.4301295997  
-0.419621802  
-1.454376903  
-2.957655008  
-4.230679325  
-4.670709853  
-3.947295642  
-2.086817808  
0.5536999849  
3.407873902  
5.873205296  
7.480839353  
8.011897618  
7.530801918  
6.333532361  
4.834532102  
3.432073131  
2.394390823  
1.798484368  
1.534447388  
1.367496781  
1.033612234  
0.3372942905  
-0.7776983995  
-2.203564123  
-3.694330997  
-4.933243487  
-5.622335987  
-5.570319744  
-4.756064465  
-3.350928718  
-1.692320625  
-0.2115954291  
0.6700733768  
0.6554577984  
-0.3328014329  
-2.101150278  
-4.198870804  
-6.002935609  
-6.862080638  
-6.269847728  
-4.023030852  
-0.3189996607  
4.244160957  
8.777766658  
12.30532413  
14.01071372  
13.46531199  
10.7665462  
6.540063704  
1.794332065  
-2.339849972  
-4.915078501  
-5.429922838  
-3.967876591  
-1.16594812  
1.983165534  
4.439151069  
5.439234895  
4.738396707  
2.68619231  
0.1116798748  
-1.950983595  
-2.610903929  
-1.430704522  
1.404353981  
5.118307978  
8.573270159  
10.62618344  
10.50075549  
8.053718561  
3.845839945  
-1.010469563  
-5.183140722  
-7.529095473  
-7.44995064  
-5.080325954  
-1.246722991  
2.791689476  
5.738918915  
6.668641137  
5.311569329  
2.131969585  
-1.830683052  
-5.303422749  
-7.194764535  
-6.949678548  
-4.731315335  
-1.372209209  
1.888347321  
3.796355222  
3.480101959  
0.7277515776  
-3.939530524  
-9.418518974  
-14.34859461  
-17.50741378  
-18.15600199  
-16.2313276  
-12.33474707  
-7.52896297  
-3.013427484  
0.2189020616  
1.640929639  
1.296256732  
-0.269842815  
-2.218770298  
-3.692452525  
-4.065255072  
-3.100854621  
-0.9767169187  
1.817058682  
4.659717122  
6.997305865  
8.492262608  
9.083525445  
8.948553152  
8.391252743  
7.701832488  
7.039789207  
6.379516686  
5.534293901  
4.247330119  
2.316484377  
-0.2908739614  
-3.372737291  
-6.501053098  
-9.105472467  
-10.6111411  
-10.59330022  
-8.905756863  
-5.746271499  
-1.637717834  
2.674720507  
6.388238169  
8.830124465  
9.621968793  
8.777470718  
6.70557034  
4.113256066  
1.828016217  
0.5821597093  
0.8139684344  
2.539765067  
5.335190377  
8.436468371  
10.9397042  
12.04735847  
11.29463661  
8.690532323  
4.729670859  
0.2667442279  
-3.714391034  
-6.372277746  
-7.24071998  
-6.352750312  
-4.216705044  
-1.649986523  
0.4795937873  
1.524889697  
1.257520691  
-0.07066589594  
-1.823669949  
-3.205299425  
-3.539232313  
-2.513947178  
-0.3110366739  
2.427755879  
4.787567464  
5.863906861  
5.052869912  
2.255254178  
-2.071119089  
-7.027974591  
-11.52518623  
-14.58292329  
-15.59341742  
-14.46375507  
-11.60167702  
-7.758153134  
-3.78576335  
-0.3955731675  
2.009948476  
3.381800279  
3.946421122  
4.047351629  
3.974666813  
3.849655024  
3.606321565  
3.070585658  
2.098077146  
0.707376391  
-0.8533979819  
-2.142884306  
-2.660879078  
-2.035402285  
-0.1923072387  
2.561432705  
5.581931542  
8.056525181  
9.246455734  
8.724624063  
6.526114144  
3.155709038  
-0.5562666036  
-3.706666332  
-5.599583668  
-5.961592295  
-5.02055412  
-3.421597735  
-2.008246965  
-1.541618687  
-2.450426821  
-4.692914896  
-7.772832539  
-10.89931169  
-13.23304761  
-14.13495316  
-13.33679618  
-10.98413852  
-7.548301628  
-3.649121174  
0.1421516545  
3.449396009  
6.141904544  
8.282876784  
10.01047372  
11.41016943  
12.43713397  
12.92347612  
12.66728959  
11.5638343  
9.718527727  
7.485445836  
5.402774031  
4.037633498  
3.791302497  
4.736522894  
6.552483331  
8.591107718  
10.06161238  
10.27587119  
8.871787935  
5.935918055  
1.979720069  
-2.225373952  
-5.898197558  
-8.495960807  
-9.872210054  
-10.28817115  
-10.27389692  
-10.39090202  
-10.98540242  
-12.02645241  
-13.09373539  
-13.52520433  
-12.67490003  
-10.18772576  
-6.187720345  
-1.303741763  
3.486974071  
7.151163892  
8.930253441  
8.594014176  
6.525060978  
3.599046986  
0.8968555476  
-0.6545683547  
-0.5886324289  
0.9552663223  
3.299879218  
5.48999559  
6.653166475  
6.332599035  
4.670867232  
2.374107851  
0.4636555044  
-0.1011550649  
1.203524908  
4.231744868  
8.16288143  
11.73810311  
13.66526206  
13.05778383  
9.756907814  
4.422361779  
-1.647117501  
-6.910707089  
-10.07212885  
-10.49547418  
-8.410893257  
-4.83945467  
-1.259500879  
0.8770470368  
0.6198330401  
-2.169130107  
-6.770134218  
-11.83906684  
-15.84097085  
-17.54088831  
-16.39266162  
-12.70266391  
-7.521489436  
-2.306011693  
1.533033624  
3.050234374  
2.021000726  
-1.037935815  
-5.074567483  
-8.853207699  
-11.32908392  
-11.92531993  
-10.63375373  
-7.926568545  
-4.530474425  
-1.156814711  
1.713698415  
3.92322053  
5.590168573  
6.962019765  
8.241140421  
9.461519489  
10.46747446  
10.99920534  
10.84344284  
9.978774066  
8.646087102  
7.30427986  
6.478595487  
6.554897328  
7.599708017  
9.281737058  
10.93653553  
11.76365386  
11.09479985  
8.640994939  
4.629013082  
-0.2273452703  
-4.919207965  
-8.438239036  
-10.07845962  
-9.642581758  
-7.482999468  
-4.364359127  
-1.196695867  
1.2669466  
2.662641157  
3.097536278  
3.056173465  
3.169232955  
3.932664281  
5.483187321  
7.515670694  
9.375905587  
10.29751563  
9.697378793  
7.420141553  
3.838034393  
-0.2375578669  
-3.808962264  
-6.025366127  
-6.48034433  
-5.366772238  
-3.429265943  
-1.723772478  
-1.261525782  
-2.65657553  
-5.897574275  
-10.32399802  
-14.81861227  
-18.154673  
-19.38360204  
-18.13485886  
-14.72914061  
-10.06910651  
-5.346426799  
-1.664907249  
0.2942704934  
0.4559157691  
-0.6727967062  
-2.217024356  
-3.259583976  
-3.161102556  
-1.764659536  
0.5817468163  
3.185590796  
5.289041053  
6.362123278  
6.302037746  
5.466360349  
4.528880544  
4.211331023  
4.989549703  
6.882580163  
9.404544025  
11.70191714  
12.83328083  
12.09763813  
9.298654672  
4.852346348  
-0.3023908836  
-4.965232318  
-8.02541242  
-8.790363628  
-7.188167156  
-3.781917354  
0.4044250084  
4.189376115  
6.568577742  
6.977725333  
5.40909108  
2.358013437  
-1.368841855  
-4.910528968  
-7.587354284  
-9.044354117  
-9.270842867  
-8.510180239  
-7.110402878  
-5.381198752  
-3.511683184  
-1.572698088  
0.410418824  
2.358507596  
4.067161974  
5.205247476  
5.395245239  
4.351352739  
2.02384568  
-1.309965338  
-5.052721448  
-8.403412942  
-10.55532048  
-10.91640759  
-9.281783663  
-5.900802583  
-1.414674942  
3.317439674  
7.44964159  
10.36554132  
11.81384042  
11.92586165  
11.11768064  
9.917314646  
8.779766192  
7.952557479  
7.432554225  
7.019947508  
6.440185355  
5.482058155  
4.097711812  
2.428157969  
0.7485310305  
-0.6411102829  
-1.533087076  
-1.889319269  
-1.847435331  
-1.653991765  
-1.552912804  
-1.675982783  
-1.98232313  
-2.274848874  
-2.290904625  
-1.833182752  
-0.8881784646  
0.3195818572  
1.367549141  
1.764577274  
1.12937272  
-0.6450906388  
-3.304714651  
-6.265406481  
-8.762952224  
-10.07989084  
-9.777289975  
-7.852880409  
-4.767736558  
-1.325528058  
1.562255184  
3.151992726  
3.095239577  
1.542074665  
-0.915225178  
-3.441107248  
-5.233060463  
-5.783337036  
-5.038202301  
-3.400851593  
-1.576998435  
-0.3159860757  
-0.136686479  
-1.133708525  
-2.933003997  
-4.815321034  
-5.968114745  
-5.781118212  
-4.083495271  
-1.237664421  
1.948561986  
4.469307909  
5.450541452  
4.455444557  
1.662712241  
-2.146185541  
-5.794416726  
-8.052824424  
-8.01470563  
-5.386180696  
-0.600422369  
5.282585743  
10.86343114  
14.79323329  
16.15068173  
14.69516698  
10.92327436  
5.915423592  
1.021734085  
-2.517970207  
-3.908716084  
-2.995584899  
-0.2699580919  
3.305780539  
6.595607058  
8.617856957  
8.808968131  
7.152420372  
4.145480689  
0.6245394718  
-2.491571125  
-4.462243491  
-4.916859411  
-3.930237781  
-1.970889881  
0.252642568  
1.996527573  
2.678035878  
2.012743882  
0.06337653645  
-2.802046502  
-6.021048481  
-8.979972343  
-11.15018333  
-12.18567429  
-11.96552859  
-10.58143659  
-8.284023448  
-5.409125272  
-2.305288816  
0.7216031874  
3.439335308  
5.69711564  
7.41724802  
8.580078045  
9.210107347  
9.367234494  
9.142442035  
8.653773228  
8.03722239  
7.428898953  
6.938678707  
6.620448714  
6.44792953  
6.306484855  
6.00896195  
5.337676821  
4.106355316  
2.22751925  
-0.2344527098  
-3.044310373  
-5.824021005  
-8.128649205  
-9.555674392  
-9.860207451  
-9.041878339  
-7.37247331  
-5.34718941  
-3.563848326  
-2.557663661  
-2.636890412  
-3.770201524  
-5.566631934  
-7.364595633  
-8.414011516  
-8.104635178  
-6.174253341  
-2.830286637  
1.260878863  
5.125225128  
7.738431193  
8.318901071  
6.569992924  
2.794810109  
-2.158513825  
-7.113224383  
-10.88409056  
-12.60872013  
-11.99038677  
-9.376568949  
-5.646084516  
-1.936493221  
0.7058248128  
1.644633143  
0.8414130862  
-1.148673366  
-3.372265892  
-4.802899181  
-4.69094053  
-2.823783766  
0.3909969775  
4.0504612  
7.052226433  
8.467319181  
7.867939923  
5.499464672  
2.233886432  
-0.6883804742  
-2.052098201  
-1.073227766  
2.313741008  
7.384781129  
12.80337398  
16.99992284  
18.64268618  
17.05757657  
12.46612648  
5.963446123  
-0.7645060212  
-5.906348703  
-8.039531411  
-6.543517328  
-1.790716336  
4.941459583  
11.81296396  
16.92031955  
18.81118839  
16.87047489  
11.47327695  
3.867792722  
-4.172253635  
-10.82365454  
-14.68468155  
-15.11462841  
-12.35750433  
-7.428451479  
-1.806810138  
2.970966623  
5.704716761  
5.808127442  
3.406684778  
-0.7550998688  
-5.557049288  
-9.82080736  
-12.61226323  
-13.4516294  
-12.38530695  
-9.913989205  
-6.809690042  
-3.880363794  
-1.749160673  
-0.7056622373  
-0.6626824893  
-1.221934093  
-1.823037959  
-1.930225809  
-1.203817373  
0.389790163  
2.557957545  
4.75545334  
6.331403287  
6.710349741  
5.559659743  
2.899116789  
-0.8768160118  
-5.071605055  
-8.837629576  
-11.36920001  
-12.09047982  
-10.79221037  
-7.683917985  
-3.349310979  
1.383377414  
5.623751947  
8.609931789  
9.862696547  
9.269207759  
7.081202221  
3.834160463  
0.21232992  
-3.104882526  
-5.578812431  
-6.901624508  
-7.026648439  
-6.140541547  
-4.591634287  
-2.795970874  
-1.143459646  
0.07766235599  
0.7267925984  
0.8233084381  
0.5271380908  
0.0933442825  
-0.1907952865  
-0.07580983959  
0.5851343029  
1.789966238  
3.372557401  
5.027229257  
6.373514061  
7.051187426  
6.824654589  
5.668673425  
3.807327745  
1.687160557  
-0.117796521  
-1.050621283  
-0.7291861571  
0.9287548969  
3.654405295  
6.873788794  
9.846046749  
11.8602183  
12.43539914  
11.4635897  
9.248127036  
6.420243173  
3.753682387  
1.930582226  
1.330034574  
1.906720109  
3.201151605  
4.482420147  
4.981773972  
4.144585594  
1.819968228  
-1.674886359  
-5.639746896  
-9.201887728  
-11.58679348  
-12.36254572  
-11.57803315  
-9.748176725  
-7.688341244  
-6.249408051  
-6.038275197  
-7.214568526  
-9.430680362  
-11.93635648  
-13.8155486  
-14.27991349  
-12.92425419  
-9.861084119  
-5.690463438  
-1.314741748  
2.341715357  
4.61687925  
5.307483097  
4.71451671  
3.524355899  
2.565878645  
2.524267846  
3.705897006  
5.931423693  
8.591722995  
10.84773931  
11.90828675  
11.29457576  
9.004987695  
5.526481658  
1.689058452  
-1.589452237  
-3.585889906  
-3.990945457  
-2.995513164  
-1.217802065  
0.5040285812  
1.386390696  
0.9540049218  
-0.8074443933  
-3.447031555  
-6.192609392  
-8.19630158  
-8.803445355  
-7.760593641  
-5.298254636  
-2.063719877  
1.074077504  
3.286723724  
4.034904186  
3.228039724  
1.247578248  
-1.171794194  
-3.166248661  
-4.004685905  
-3.310746026  
-1.180162112  
1.839930952  
4.902757992  
7.100421107  
7.720985326  
6.452033871  
3.474901696  
-0.5748196074  
-4.767699468  
-8.116529803  
-9.823656329  
-9.474208439  
-7.126513714  
-3.280067789  
1.265441044  
5.618461861  
9.013889381  
10.98430659  
11.44262492  
10.66043938  
9.155199138  
7.522941543  
6.265781178  
5.661586201  
5.708647043  
6.155178139  
6.599148203  
6.625059106  
5.935936124  
4.442845074  
2.288804061  
-0.1957444767  
-2.58889725  
-4.494087347  
-5.643354148  
-5.959239695  
-5.561491753  
-4.721710305  
-3.783355629  
-3.072332761  
-2.82279277  
-3.135018919  
-3.970617528  
-5.178901807  
-6.541016649  
-7.816802522  
-8.783165155  
-9.259512632  
-9.122207353  
-8.313509164  
-6.849720254  
-4.829169755  
-2.435666609  
0.07009004905  
2.377700292  
4.174081595  
5.203614788  
5.32720434  
4.562600201  
3.090877334  
1.222766449  
-0.6692126906  
-2.235110326  
-3.224062099  
-3.529977323  
-3.192835165  
-2.356883217  
-1.202007943  
0.1256156028  
1.556907449  
3.099881011  
4.795285012  
6.644703365  
8.540598326  
10.23023312  
11.3360024  
11.43588931  
10.18587883  
7.448491502  
3.384965373  
-1.52414896  
-6.545594956  
-10.83685103  
-13.63193996  
-14.42076518  
-13.07337997  
-9.875463932  
-5.466041766  
-0.6953353015  
3.558687031  
6.568167533  
7.886245618  
7.406271778  
5.346113861  
2.17336385  
-1.501717426  
-5.037884347  
-7.85902839  
-9.52573711  
-9.782696518  
-8.586243012  
-6.114116674  
-2.753787069  
0.9388293173  
4.317348774  
6.758206092  
7.793821643  
7.236016123  
5.252371002  
2.362637424  
-0.659781483  
-2.968723099  
-3.867101497  
-3.008480365  
-0.5151624641  
3.031660688  
6.738039694  
9.645431464  
11.01110506  
10.53548501  
8.462452537  
5.515075721  
2.680202469  
0.9046730633  
0.7969704593  
2.429560604  
5.307279683  
8.514666113  
10.99700469  
11.88540861  
10.76090235  
7.771943032  
3.56844023  
-0.9232141334  
-4.805999685  
-7.4936659  
-8.871445673  
-9.282378823  
-9.347308486  
-9.686013643  
-10.64320519  
-12.12268855  
-13.59553212  
-14.28588641  
-13.47268582  
-10.80027407  
-6.482453452  
-1.317039639  
3.508511981  
6.766796297  
7.584417198  
5.7480983  
1.814481185  
-3.023032827  
-7.277239803  
-9.615693131  
-9.272677058  
-6.291181911  
-1.514807962  
3.669775063  
7.757958061  
9.583434768  
8.65967789  
5.299729884  
0.4816889007  
-4.48827216  
-8.397411108  
-10.48915327  
-10.64752398  
-9.348128997  
-7.403201448  
-5.600426342  
-4.37189698  
-3.617772787  
-2.752996156  
-0.9640708517  
2.415109464  
7.546629752  
13.88864915  
20.24013888  
25.03575303  
26.80864576  
24.67602761  
18.6860816  
9.902235116  
0.1807888602  
-8.305049058  
-13.65892675  
-14.79575069  
-11.75369875  
-5.686340061  
1.466024953  
7.529625229  
10.71140623  
10.09387468  
5.868674215  
-0.7522520491  
-7.911792611  
-13.64963531  
-16.44717282  
-15.61837954  
-11.44341396  
-5.023940508  
2.077238286  
8.290055063  
12.44432613  
14.01603748  
13.15817028  
10.5330183  
7.023428897  
3.430685851  
0.2594994444  
-2.349186435  
-4.534040099  
-6.528243448  
-8.456778035  
-10.20101981  
-11.38676726  
-11.50373285  
-10.11424953  
-7.074075214  
-2.680390123  
2.316044965  
6.853479059  
9.823706247  
10.38350367  
8.21877299  
3.677643615  
-2.274477299  
-8.273015909  
-12.88951255  
-14.99315267  
-14.03911551  
-10.20473968  
-4.337142005  
2.271345173  
8.216602919  
12.33317136  
13.96779536  
13.10601676  
10.32435126  
6.589200682  
2.964787262  
0.3147731731  
-0.9196055289  
-0.8068149254  
0.1404124244  
1.157751227  
1.488568473  
0.6321982151  
-1.491188129  
-4.506024854  
-7.685763631  
-10.16483353  
-11.19613164  
-10.37921513  
-7.792883794  
-3.993004967  
0.1252817881  
3.563593436  
5.489220033  
5.462271267  
3.55788817  
0.3496602785  
-3.240938135  
-6.187179933  
-7.624779697  
-7.071653486  
-4.541354017  
-0.5225852186  
4.164762745  
8.592544567  
11.96121311  
13.78444607  
13.97340391  
12.80395009  
10.78530518  
8.476872005  
6.312920282  
4.489101204  
2.942544819  
1.425970486  
-0.3541633211  
-2.585423815  
-5.236491891  
-8.023168654  
-10.46642085  
-12.0252704  
-12.26264262  
-10.99129468  
-8.352790671  
-4.803211255  
-1.008168672  
2.322480048  
4.611840016  
5.553813789  
5.173250331  
3.794282447  
1.930432136  
0.1324978831  
-1.159291291  
-1.716682808  
-1.553090075  
-0.8799505806  
-0.0106424247  
0.7528482541  
1.213192002  
1.323672451  
1.177605518  
0.9515251253  
0.8269217326  
0.9201092545  
1.244056065  
1.712353022  
2.179338773  
2.497552309  
2.568756606  
2.369030277  
1.940051374  
1.352854399  
0.6617643811  
-0.1296649958  
-1.073529497  
-2.247916562  
-3.701866643  
-5.395821358  
-7.162744121  
-8.709973456  
-9.668814059  
-9.682154066  
-8.5059794  
-6.093735094  
-2.635831145  
1.460614046  
5.648446102  
9.352761558  
12.08714111  
13.54165034  
13.62051443  
12.42432992  
10.18983909  
7.21302083  
3.784266829  
0.1566982238  
-3.446836871  
-6.799932907  
-9.636502751  
-11.63960073  
-12.47372529  
-11.86157205  
-9.686055709  
-6.083054965  
-1.486292834  
3.404469542  
7.739047419  
10.69637232  
11.68429485  
10.50403223  
7.428185581  
3.162222783  
-1.308920906  
-4.954194817  
-6.950296259  
-6.888418498  
-4.877635699  
-1.516195986  
2.261951086  
5.424237675  
7.097130641  
6.777349246  
4.444249507  
0.549270957  
-4.108381413  
-8.581979403  
-11.99906349  
-13.74970738  
-13.59971983  
-11.70995652  
-8.567470833  
-4.853843709  
-1.2865191  
1.530639344  
3.219144205  
3.683430439  
3.109821981  
1.912497788  
0.6388266004  
-0.1493960119  
0.0005958819691  
1.325534979  
3.776927341  
7.008008266  
10.42725293  
13.31583099  
14.99001277  
14.97400147  
13.13942265  
9.769309208  
5.519258835  
1.274055032  
-2.071546615  
-3.85330616  
-3.832120904  
-2.282376325  
0.06035876632  
2.187550501  
3.096012156  
2.080380795  
-1.04497686  
-5.862676962  
-11.43732207  
-16.54929289  
-20.01306189  
-20.98935476  
-19.20153761  
-14.9949802  
-9.225486556  
-3.014229393  
2.554355297  
6.700756594  
9.108079807  
9.930758496  
9.664560304  
8.931487017  
8.256749904  
7.911889887  
7.870176539  
7.878364813  
7.607710943  
6.821203994  
5.49194655  
3.829236023  
2.205641352  
1.016313183  
0.526870715  
0.769445509  
1.527065059  
2.412054861  
3.007882512  
3.0195313  
2.374399462  
1.235030932  
-0.08056235842  
-1.238907699  
-2.03504064  
-2.481543553  
-2.804319146  
-3.343122392  
-4.393200939  
-6.049972426  
-8.121083286  
-10.14746501  
-11.53498403  
-11.75539025  
-10.54575392  
-8.031425955  
-4.721309833  
-1.368524394  
1.261405072  
2.636755396  
2.633298639  
1.571119326  
0.09725292197  
-1.048106794  
-1.300700366  
-0.4802071718  
1.139826935  
2.928972934  
4.132385036  
4.156507554  
2.803492953  
0.3651164599  
-2.464232238  
-4.830358101  
-6.033685032  
-5.800513752  
-4.406604178  
-2.597689999  
-1.323513955  
-1.37169181  
-3.029973447  
-5.903728887  
-8.968176071  
-10.85667531  
-10.30329069  
-6.598663981  
0.09523637536  
8.687453739  
17.39373208  
24.20677082  
27.46323066  
26.33353492  
21.08028834  
13.00137641  
4.071953266  
-3.606193576  
-8.379808867  
-9.470179406  
-7.126193512  
-2.468953362  
2.909851594  
7.458939845  
10.12251862  
10.6004521  
9.344575436  
7.311641327  
5.571754231  
4.912716181  
5.57341356  
7.187777212  
8.944511106  
9.893989052  
9.28756567  
6.830478257  
2.766914389  
-2.220590317  
