-9.471045163  
-9.005772286  
-7.014689326  
-4.128892837  
-1.116161121  
1.327879265  
2.751134537  
3.037757321  
2.40409397  
1.306035747  
0.2885720262  
-0.1781687593  
0.1692810824  
1.322914928  
3.020527975  
4.836763997  
6.319066262  
7.127371962  
7.135993478  
6.467529744  
5.448954544  
4.503209134  
4.009255787  
4.173370617  
4.952045269  
6.051974217  
7.010081338  
7.332454219  
6.652919794  
4.864726645  
2.185347036  
-0.8677560944  
-3.58796988  
-5.250465496  
-5.299883524  
-3.50628984  
-0.04883224828  
4.495281385  
9.255236087  
13.24079622  
15.54654128  
15.54063005  
12.99747928  
8.147124174  
1.632804404  
-5.61279075  
-12.54603475  
-18.2092979  
-21.90710809  
-23.3269018  
-22.58058258  
-20.15831154  
-16.80359307  
-13.33546691  
-10.45644493  
-8.590291197  
-7.789881506  
-7.741093414  
-7.866486884  
-7.50648094  
-6.132829322  
-3.535969632  
0.07035023163  
4.065387389  
7.565274497  
9.663999435  
9.709065571  
7.532674924  
3.564788021  
-1.217556677  
-5.505732569  
-7.992165353  
-7.733699365  
-4.44338435  
1.378311656  
8.521315098  
15.34362984  
20.18174958  
21.78527773  
19.6558446  
14.19348948  
6.605703378  
-1.399260589  
-8.051864818  
-11.97235301  
-12.50895876  
-9.871546162  
-5.028364648  
0.5982389532  
5.54448939  
8.70501749  
9.606382152  
8.481931649  
6.136920584  
3.655376739  
2.044987795  
1.930186926  
3.383526048  
5.938569917  
8.769522075  
10.97197347  
11.85106783  
11.12604355  
8.991234777  
6.022375106  
2.967057849  
0.4935793531  
-1.017791283  
-1.574723684  
-1.536119808  
-1.457083332  
-1.872202845  
-3.092465395  
-5.084261671  
-7.470196148  
-9.650352186  
-11.00320124  
-11.1001853  
-9.864501694  
-7.623492907  
-5.038066028  
-2.930747328  
-2.063935326  
-2.932708395  
-5.629471163  
-9.813789085  
-14.78899011  
-19.6575518  
-23.50902959  
-25.59148336  
-25.42960202  
-22.87328395  
-18.08260424  
-11.47023223  
-3.627251415  
4.747613365  
12.90729309  
20.10840005  
25.66684528  
29.02582503  
29.83540762  
28.03002531  
23.88012532  
17.99235452  
11.24151219  
4.635063214  
-0.8675706371  
-4.541438757  
-6.041474781  
-5.466990568  
-3.324957424  
-0.398768617  
2.444702942  
4.459648736  
5.184710703  
4.52504856  
2.736915376  
0.3263931383  
-2.103103288  
-4.008681596  
-5.028535653  
-5.038322932  
-4.138812056  
-2.59146314  
-0.731567585  
1.109848123  
2.653997296  
3.686813717  
4.046619926  
3.607292516  
2.27693572  
0.02253380531  
-3.084013859  
-6.817032611  
-10.77115238  
-14.3809679  
-16.99592395  
-18.00133585  
-16.95869037  
-13.72769638  
-8.533579033  
-1.955845782  
5.164395234  
11.8789142  
17.31179995  
20.82052241  
22.10121649  
21.21678144  
18.54762355  
14.68408565  
10.29210916  
5.985763284  
2.233336606  
-0.6895166608  
-2.70021932  
-3.874739261  
-4.394501903  
-4.489987321  
-4.391399632  
-4.29092789  
-4.317133094  
-4.520825086  
-4.87288733  
-5.275732126  
-5.589758154  
-5.672829404  
-5.425710115  
-4.831324442  
-3.973832851  
-3.026842022  
-2.208608393  
-1.713709148  
-1.641177376  
-1.94421379  
-2.423072215  
-2.770800127  
-2.664099124  
-1.874625746  
-0.3656815862  
1.659919295  
3.782198502  
5.456590883  
6.153547478  
5.505213778  
3.414739482  
0.09427465272  
-3.980229695  
-8.182772045  
-11.88308513  
-14.57863702  
-15.97382172  
-15.9877502  
-14.69898916  
-12.25873641  
-8.81487146  
-4.482786441  
0.6223280762  
6.305816896  
12.20548489  
17.74477984  
22.16782431  
24.66959968  
24.59796001  
21.67090722  
16.13599584  
8.806678656  
0.9425009112  
-6.012397208  
-10.77028555  
-12.52645831  
-11.17401965  
-7.336866165  
-2.202597262  
2.802837078  
6.407370155  
7.837900544  
7.016444372  
4.549656391  
1.5165663  
-0.8794780464  
-1.68782364  
-0.5023649474  
2.417954717  
6.231996152  
9.772026654  
11.88992448  
11.78764929  
9.234988039  
4.616535741  
-1.195602462  
-7.094378675  
-12.03297834  
-15.27423164  
-16.52794874  
-15.95065746  
-14.02663359  
-11.38281383  
-8.602949519  
-6.096494949  
-4.050783716  
-2.4626834  
-1.219756691  
-0.1897196261  
0.7172215008  
1.530130989  
2.237997936  
2.827358616  
3.310388638  
3.725296899  
4.107542691  
4.447557532  
4.66015591  
4.588265218  
4.049440942  
2.913830672  
1.185063486  
-0.9509607984  
-3.136765333  
-4.920587719  
-5.882038433  
-14.81225998  
-16.12798819  
-15.15495175  
-11.45610832  
-5.002963189  
3.707795317  
13.63519116  
23.30842028  
31.07662827  
35.45254479  
35.47062886  
30.96178431  
22.65718629  
12.0734583  
1.191060758  
-8.000541377  
-13.97279347  
-16.01371578  
-14.36761266  
-10.11735337  
-4.842890366  
-0.1567092481  
2.745990845  
3.389690458  
2.087528184  
-0.2352851565  
-2.398307835  
-3.381718509  
-2.66381869  
-0.3718577041  
2.797534439  
5.85352576  
7.881037025  
8.373374764  
7.409657419  
5.614151797  
3.911658501  
3.165729389  
3.829585862  
5.737839406  
8.120281693  
9.842763247  
9.800096537  
7.329814248  
2.502976052  
-3.815120576  
-10.16749797  
-14.91688109  
-16.74001572  
-15.04760678  
-10.19275647  
-3.396339974  
3.592201109  
8.995188097  
11.512911  
10.6785014  
6.953477419  
1.539409422  
-4.027904506  
-8.367249663  
-10.6656386  
-10.88683353  
-9.714786562  
-8.260269604  
-7.636079714  
-8.546897687  
-11.03169934  
-14.4426049  
-17.66350968  
-19.49144495  
-19.05041707  
-16.09819882  
-11.12399172  
-5.205375388  
0.3269973163  
4.305722723  
6.087378891  
5.740939494  
4.004591393  
2.027498392  
0.9820530445  
1.672203477  
4.262580253  
8.212459738  
12.43265097  
15.61359738  
16.62159387  
14.84240962  
10.37163705  
4.000801903  
-2.989359072  
-9.161694071  
-13.28282926  
-14.61137851  
-13.04300898  
-9.087137098  
-3.698330574  
1.978424061  
6.874629113  
10.21144206  
11.61784871  
11.14425921  
9.18933972  
6.374234234  
3.400773691  
0.922375069  
-0.5565508913  
-0.7479755222  
0.384632518  
2.622576931  
5.521615195  
8.478481017  
10.83397493  
12.00296788  
11.60962992  
9.596265424  
6.27243464  
2.280311581  
-1.527981457  
-4.280069462  
-5.296403243  
-4.271024835  
-1.368234589  
2.79645474  
7.291343728  
11.08675212  
13.29892309  
13.39414369  
11.29909392  
7.390900041  
2.375655659  
-2.90422751  
-7.675209169  
-11.39203437  
-13.81163503  
-14.97141453  
-15.09285923  
-14.45335875  
-13.27510123  
-11.66890269  
-9.647190715  
-7.193134424  
-4.351589775  
-1.299686405  
1.636984853  
4.035893354  
5.484047022  
5.704917346  
4.661562963  
2.597258831  
-0.005427364873  
-2.539784606  
-4.432086916  
-5.294007987  
-5.023941221  
-3.82628843  
-2.142922065  
-0.5179469831  
0.5630328942  
0.8110489609  
0.2089767697  
-0.9964618954  
-2.380913855  
-3.478786921  
-3.928165691  
-3.581725858  
-2.552727792  
-1.184875079  
0.04333886089  
0.651808535  
0.29300639  
-1.147654782  
-3.509378857  
-6.380048161  
-9.179047351  
-11.27857289  
-12.1362857  
-11.41181611  
-9.044635254  
-5.27911331  
-0.63247311  
4.189101532  
8.412468809  
11.33748945  
12.47076557  
11.62837258  
8.986125275  
5.063673383  
0.6403598252  
-3.385393514  
-6.168267401  
-7.085689764  
-5.868587714  
-2.663173737  
1.992269347  
7.272665556  
12.23139269  
15.98897993  
17.90320271  
17.68354059  
15.42714919  
11.57327911  
6.792557332  
1.841962547  
-2.578569846  
-5.936517677  
-7.925260657  
-8.467836813  
-7.677629413  
-5.796678565  
-3.13330639  
-0.01512920347  
3.236724116  
6.316355392  
8.935640671  
10.83229744  
11.79054817  
11.67355197  
10.45887606  
8.263838551  
5.3481693  
2.087291664  
-1.081705168  
-3.730634454  
-5.511275763  
-6.210557098  
-5.778520219  
-4.325704325  
-2.095012039  
0.5814671713  
3.328925596  
5.771289758  
7.564948874  
8.427379443  
8.165477209  
6.706256  
4.126802653  
0.6737793982  
-3.241328073  
-7.083526534  
-10.2762726  
-12.31497705  
-12.88892052  
-11.97870486  
-9.895900229  
-7.242255109  
-4.786401457  
-3.280785988  
-3.263341165  
-4.899046188  
-7.911304348  
-11.63157794  
-15.1629259  
-17.61827781  
-18.36843422  
-17.22676096  
-14.51168443  
-10.96140596  
-7.519295434  
-5.049104531  
-4.064578949  
-4.558001685  
-5.986014138  
-7.424729271  
-7.853767295  
-6.486063269  
-3.041694766  
2.123443896  
8.082034177  
13.58206137  
17.40729638  
18.74375687  
17.4378143  
14.06045887  
9.749659912  
5.871327749  
3.598055754  
3.534705255  
5.510285262  
8.608062993  
11.43407246  
12.54959566  
10.93936038  
6.371453836  
-0.4666381984  
-8.106407083  
-14.67922539  
-18.43330174  
-18.23644939  
-13.91562649  
-6.330598456  
2.843025901  
11.56044545  
17.95521778  
20.83020418  
19.95256741  
16.07312391  
10.67261806  
5.516909454  
2.155882266  
1.511626957  
3.668388355  
7.911486664  
12.98645987  
17.48666061  
20.24628615  
20.62435833  
18.60799764  
14.72522107  
9.816882012  
4.755907499  
0.2083131345  
-3.494608221  
-6.349157035  
-8.562536473  
-10.38710219  
-11.97634779  
-13.31668129  
-14.25384863  
-14.59305969  
-14.2230485  
-13.20671865  
-11.79688453  
-10.36778843  
-9.288699281  
-8.790579261  
-8.881031674  
-9.344270582  
-9.829401138  
-9.994175156  
-9.647551158  
-8.832364948  
-7.81096127  
-6.954174956  
-6.573695262  
-6.763733946  
-7.319534693  
-7.775004383  
-7.557997401  
-6.214803322  
-3.623184524  
-0.1090230331  
3.590718424  
6.524622284  
7.830336228  
7.047966543  
4.332937744  
0.4827341979  
-3.25089836  
-5.521253822  
-5.312426512  
-2.29587167  
3.00451725  
9.306123601  
14.90654634  
18.17403764  
18.04190725  
14.35176561  
7.932531278  
0.3822147808  
-6.387458845  
-10.70756383  
-11.63925777  
-9.241058799  
-4.532850934  
0.8319103167  
5.082906876  
6.876612144  
5.697445916  
1.993144095  
-2.993736558  
-7.639682842  
-10.46413172  
-10.59508026  
-8.029444538  
-3.609151196  
1.273794105  
5.143357396  
6.923572353  
6.284181181  
3.738241807  
0.4633924916  
-2.092676677  
-2.693518871  
-0.7270360321  
3.581138576  
9.220806033  
14.69895633  
18.4946241  
19.52490732  
17.478795  
12.91807069  
7.117223201  
1.693476528  
-1.860287864  
-2.601016133  
-0.3969069138  
4.04595418  
9.39193343  
14.05206728  
16.6161997  
16.21901305  
12.74305804  
6.8132548  
-0.4018562115  
-7.514508125  
-13.27063028  
-16.83427927  
-17.93379372  
-16.84456239  
-14.23116756  
-10.90898685  
-7.602298084  
-4.769321666  
-2.538283675  
-0.7612894291  
0.8436765535  
2.517603109  
4.314517599  
6.035160966  
7.26365709  
7.496807455  
6.325189129  
3.607141378  
-0.4236732099  
-5.158482025  
-9.731577881  
-13.23063763  
-14.94332062  
-14.56923648  
-12.33167505  
-8.948565243  
-5.461108529  
-2.96018141  
-2.283176548  
-3.766843657  
-7.130218817  
-11.52754369  
-15.76357967  
-18.61592508  
-19.17572758  
-17.1095372  
-12.76523606  
-7.088325181  
-1.369571229  
3.105502946  
5.405451411  
5.200476115  
2.839018749  
-0.7654910465  
-4.400543411  
-6.891849162  
-7.412201853  
-5.67460206  
-1.961026587  
3.009124997  
8.318334178  
13.115587  
16.82258308  
19.22375499  
20.4260233  
20.72007387  
20.4067256  
19.65941074  
18.47482574  
16.72601127  
14.29020184  
11.1928124  
7.701123112  
4.319377861  
1.674559402  
0.3255628619  
0.5614053939  
2.263790873  
4.8914699  
7.603643277  
9.491175639  
9.84477899  
8.372857989  
5.295545471  
1.28094692  
-2.757914914  
-5.939896485  
-7.675481801  
-7.824493002  
-6.701676629  
-4.932633128  
-3.213915191  
-2.063818631  
-1.652434669  
-1.770328644  
-1.944927341  
-1.660012786  
-0.59575637  
1.201575332  
3.287012132  
4.939276547  
5.400034987  
4.148187531  
1.112077979  
-3.258845871  
-8.09440448  
-12.34872698  
-15.11196861  
-15.8861455  
-14.73303962  
-12.24404459  
-9.341381109  
-6.976686165  
-5.827295138  
-6.090816746  
-7.444864704  
-9.182464111  
-10.47434103  
-10.66686841  
-9.513467082  
-7.26105033  
-4.563287122  
-2.251590499  
-1.042857717  
-1.283689935  
-2.817740543  
-5.020818731  
-6.991958524  
-7.837229961  
-6.953500215  
-4.220963737  
-0.04484656538  
4.763381856  
9.223448618  
12.464603  
13.9578708  
13.63425188  
11.86081415  
9.293049359  
6.659163561  
4.548830619  
3.271029318  
2.81737404  
2.929873879  
3.238361585  
3.41376476  
3.284271151  
2.87974784  
2.397851428  
2.112690441  
2.263908044  
2.966401589  
4.169066137  
5.670745815  
7.181220937  
8.40171697  
9.097101605  
9.139748731  
8.519001902  
7.323415119  
5.710826713  
3.880815545  
2.056934034  
0.4761431768  
-0.6244235046  
-1.034284855  
-0.6145207822  
0.6458633625  
2.579929165  
4.822421978  
6.839078031  
8.012858489  
7.776235769  
5.760522974  
1.922342389  
-3.392232168  
-9.472285503  
-15.35931039  
-20.03567036  
-22.64178935  
-22.66964217  
-20.08407861  
-15.34058371  
-9.293477044  
-3.015472571  
2.429276709  
6.205944663  
7.873507061  
7.456993661  
5.413626673  
2.503352102  
-0.4044616979  
-2.542744048  
-3.427833249  
-2.968092068  
-1.474442671  
0.4306122261  
1.984999277  
2.499451682  
1.557499246  
-0.8495951321  
-4.292529454  
-7.993129559  
-11.01690098  
-12.5231951  
-12.00726056  
-9.465173872  
-5.428714139  
-0.8504111322  
3.139099838  
5.540133761  
5.774027869  
3.868473754  
0.4778030635  
-3.276627334  
-6.107977509  
-6.925149542  
-5.150069391  
-0.8967929777  
5.043213809  
11.40821412  
16.80649434  
20.08983133  
20.6500957  
18.55335967  
14.47699394  
9.477164295  
4.666263448  
0.9054428958  
-1.392231037  
-2.293521909  
-2.21566198  
-1.695523695  
-1.150020659  
-0.7199458433  
-0.2549281799  
0.5583878657  
1.97984653  
4.002868906  
6.240028418  
7.968436203  
8.337419383  
6.676990147  
2.800466005  
-2.814636307  
-9.050649861  
-14.39674472  
-17.36028777  
-16.92210907  
-12.89052956  
-6.031884573  
2.079468201  
9.461426865  
14.26300639  
15.28203322  
12.30384056  
6.155610875  
-1.541756456  
-8.848724981  
-14.06321707  
-16.18799197  
-15.16959316  
-11.84326054  
-7.611785951  
-3.969211363  
-2.025325748  
-2.180871573  
-4.04908917  
-6.635934252  
-8.707170817  
-9.213253951  
-7.630387229  
-4.110935516  
0.5949611802  
5.40675249  
9.269102778  
11.47139763  
11.82659071  
10.65953128  
8.62410198  
6.427191562  
4.566062733  
3.17463879  
2.029442985  
0.7044804428  
-1.19136212  
-3.790363098  
-6.844955858  
-9.759685292  
-11.76835327  
-12.19395265  
-10.69708877  
-7.421380093  
-2.980030166  
1.715950104  
5.731052365  
8.387100187  
9.457152322  
9.205905628  
8.264622652  
7.386530098  
7.169811024  
7.845646621  
9.204771075  
10.68617347  
11.59394317  
11.36311844  
9.778381945  
7.067110522  
3.8332131  
0.855322404  
-1.178789281  
-1.906787352  
-1.411661408  
-0.183910646  
1.060774363  
1.643228031  
1.168060733  
-0.3331535391  
-2.41605523  
-4.392374603  
-5.595079663  
-5.645138403  
-4.621922474  
-3.070447917  
-1.834394069  
-1.765163964  
-3.403153094  
-6.741605137  
-11.16033242  
-15.56280093  
-18.68309589  
-19.47114425  
-17.43467166  
-12.82570049  
-6.605342933  
-0.189546479  
4.951926258  
7.722689568  
7.721717958  
5.359025697  
1.726704292  
-1.737628027  
-3.693232762  
-3.309172559  
-0.5207435236  
3.950049613  
8.81693488  
12.62698074  
14.21151733  
13.05193164  
9.447588357  
4.433580789  
-0.5277363352  
-3.988581215  
-4.957424337  
-3.206951928  
0.6450259636  
5.306957662  
9.187157733  
10.8597793  
9.486618457  
5.072453199  
-1.518687865  
-8.788384894  
-15.00259334  
-18.64885146  
-18.82342652  
-15.44428264  
-9.239622471  
-1.527442131  
6.140479783  
12.36343758  
16.19881951  
17.31599225  
15.97291225  
12.84562879  
8.780833741  
4.556352762  
0.7205101478  
-2.454004591  
-4.910001996  
-6.684372524  
-7.787647596  
-8.13993041  
-7.590896277  
-6.014100844  
-3.432827884  
-0.1183199053  
3.391848628  
6.379843169  
8.123469178  
8.110986187  
6.223704287  
2.819290915  
-1.323222351  
-5.192208463  
-7.816821858  
-8.545203378  
-7.241799731  
-4.33999778  
-0.729111559  
2.494313501  
4.338886478  
4.202197919  
2.042537809  
-1.610701563  
-5.808153952  
-9.44516669  
-11.56010427  
-11.57997079  
-9.44718191  
-5.600555246  
-0.8283891753  
3.952633659  
7.9228908  
10.52684307  
11.54507449  
11.06911401  
9.407461175  
6.96739374  
4.15539441  
1.321699007  
-1.249729273  
-3.325210779  
-4.707649355  
-5.247452583  
-4.882833226  
-3.693389569  
-1.936642837  
-0.03657207157  
1.491881966  
2.172890586  
1.718926462  
0.1477619402  
-2.181432412  
-4.639519751  
-6.497461026  
-7.149270477  
-6.317603837  
-4.169985892  
-1.297235107  
1.45127656  
3.232196266  
3.49174069  
2.17450464  
-0.2176851162  
-2.747248469  
-4.314808104  
-4.005855951  
-1.402077718  
3.244779602  
9.038756088  
14.66595516  
18.75800745  
20.28413146  
18.85165311  
14.8213601  
9.201040222  
3.349408255  
-1.418299011  
-4.201603091  
-4.750113762  
-3.494173515  
-1.367491299  
0.516138199  
1.22563283  
0.2990005622  
-2.13473896  
-5.430804422  
-8.669343106  
-10.97737022  
-11.82398177  
-11.1925357  
-9.576184737  
-7.801748641  
-6.742744106  
-7.016724417  
-8.765414247  
-11.58762509  
-14.64516817  
-16.90735066  
-17.4573141  
-15.76661587  
-11.85669915  
-6.302630399  
-0.08270636163  
5.677728504  
9.9920827  
12.24806165  
12.33277336  
10.62250644  
7.851733583  
4.907073917  
2.60725405  
1.526393346  
1.89898103  
3.617842833  
6.310445309  
9.460989093  
12.5398308  
15.10773216  
16.87571599  
17.71747504  
17.64428735  
16.75970845  
15.21175211  
13.15554745  
10.73217196  
8.062652057  
5.251575371  
2.393492521  
-0.4232605964  
-3.117853514  
-5.622689422  
-7.890617812  
-9.899686203  
-11.65193253  
-13.16435452  
-14.45270014  
-15.51139755  
-16.29543069  
-16.71109385  
-16.62197555  
-15.87352133  
-14.33442898  
-11.94704966  
-8.773678142  
-5.023187136  
-1.044837285  
2.716859592  
5.801293479  
7.828581117  
8.589241462  
8.100344091  
6.60833258  
4.532786227  
2.363044934  
0.535304533  
-0.6739877994  
-1.205545908  
-1.206541021  
-0.9543402186  
-0.7392002625  
-0.7453944898  
-0.9726198019  
-1.227420737  
-1.191200895  
-0.5443920071  
0.894815832  
3.066959605  
5.643470788  
8.091225457  
9.814803411  
10.33395333  
9.438900889  
7.27057091  
4.29544686  
1.178882479  
-1.405302753  
-2.968896892  
-3.344688968  
-2.719608281  
-1.556013035  
-0.4290377364  
0.1639933597  
-0.04253131378  
-1.015968453  
-2.465016161  
-3.96593915  
-5.124824832  
-5.713018364  
-5.724181752  
-5.332461062  
-4.770789121  
-4.181639339  
-3.506540745  
-2.469051729  
-0.6717721148  
2.21718439  
6.252587121  
11.05841104  
15.8046023  
19.34788698  
20.51510642  
18.45436395  
12.94694566  
4.574256704  
-5.3291957  
-14.94340271  
-22.38905015  
-26.19768757  
-25.6919899  
-21.16427912  
-13.79845831  
-5.355492745  
2.287891075  
7.615211305  
9.827019305  
8.982979494  
5.900390239  
1.853257268  
-1.827145821  
-4.126340922  
-4.587601691  
-3.360847615  
-1.064561175  
1.476307328  
3.519854232  
4.627892049  
4.753278151  
4.180264041  
3.355580161  
2.682589057  
2.357794691  
2.307668314  
2.243015218  
1.803862865  
0.7352103576  
-0.9753510115  
-3.051315884  
-4.990794322  
-6.218405918  
-6.272534144  
-4.96324771  
-2.447287692  
0.8040189866  
4.131536285  
6.866616836  
8.503105169  
8.811030149  
7.862784143  
5.973512415  
3.585200684  
1.138780111  
-1.023428052  
-2.699503741  
-3.812717397  
-4.359937242  
-4.355535426  
-3.79982166  
-2.686156375  
-1.040589395  
1.028906164  
3.302949568  
5.463552173  
7.154343616  
8.072557672  
8.061019346  
7.164477911  
5.624626172  
3.80922492  
2.095400919  
0.7456915956  
-0.178892888  
-0.8352548763  
-1.533904412  
-2.612404729  
-4.288464201  
-6.544409906  
-9.086764937  
-11.40121835  
-12.89156405  
-13.0622232  
-11.68725963  
-8.910604689  
-5.241982466  
-1.444683154  
1.65514618  
3.383773506  
3.39793821  
1.775174168  
-1.007913096  
-4.200948659  
-6.971078978  
-8.605946763  
-8.67413252  
-7.104464181  
-4.171143605  
-0.3986782437  
3.579337829  
7.16537076  
9.909986015  
11.56868728  
12.10078875  
11.62413837  
10.34918115  
8.516101849  
6.351598501  
4.050640965  
1.778008455  
-0.3217891847  
-2.117946829  
-3.497248249  
-4.378318495  
-4.729727785  
-4.582492666  
-4.028726444  
-3.203317544  
-2.252032265  
-1.295030856  
-0.3972631119  
0.4442247757  
1.291055513  
2.233956724  
3.350927795  
4.665119199  
6.11511502  
7.547224768  
8.733902473  
9.41554532  
9.35676573  
8.404029728  
6.530405216  
3.8554992  
0.6338003836  
-2.787849982  
-6.035296184  
-8.779717298  
-10.79981315  
-12.01672986  
-12.49098615  
-12.38066731  
-11.87144692  
-11.09881446  
-10.08748905  
-8.730564111  
-6.820727145  
-4.130490601  
-0.5216224922  
3.948748418  
8.961810906  
13.93961575  
18.12819395  
20.74926909  
21.18604406  
19.15405141  
14.80716044  
8.742954949  
1.897748816  
-4.647565351  
-9.903278413  
-13.18696656  
-14.26236303  
-13.36430024  
-11.10472415  
-8.288488462  
-5.692474351  
-3.870623718  
-3.037524885  
-3.057942532  
-3.537096406  
-3.976845728  
-3.945542945  
-3.208974623  
-1.785960899  
0.08119943172  
2.023352825  
3.670201358  
4.761172388  
5.206709093  
5.085510894  
4.586685462  
3.924148371  
3.257836205  
2.650180892  
2.070406838  
1.439584242  
0.6937759549  
-0.1632223422  
-1.04050404  
-1.782430643  
-2.223659138  
-2.254220728  
-1.86779298  
-1.172761573  
-0.3604647408  
0.3580487831  
0.822794003  
0.9759536918  
0.8737045494  
0.6545924167  
0.4773552654  
0.4535582699  
0.6023694869  
0.8462471313  
1.049419617  
1.083153854  
0.8896612925  
0.5154430553  
0.09603736814  
-0.2063906093  
-0.2905667824  
-0.193107319  
-0.1187527353  
-0.4015363079  
-1.398717172  
-3.345735005  
-6.219398649  
-9.660397225  
-12.99249806  
-15.34764103  
-15.87240851  
-13.96280863  
-9.460888807  
-2.753295247  
5.262747115  
13.34400667  
20.15765192  
24.56516242  
25.86254486  
23.91886545  
19.18401234  
12.57162486  
5.253948808  
-1.576796461  
-6.924602813  
-10.14100177  
-10.99153601  
-9.640399335  
-6.573135837  
-2.48441804  
1.844413031  
5.660968169  
8.341846008  
9.472824759  
8.904804251  
6.777956141  
3.504252269  
-0.2988585071  
-3.922013939  
-6.709186973  
-8.204998724  
-8.266471055  
-7.104177173  
-5.233066494  
-3.337668773  
-2.083136094  
-1.923408742  
-2.963217995  
-4.918178461  
-7.189572117  
-9.035661285  
-9.790517772  
-9.064991784  
-6.868306533  
-3.61268189  
0.0004899211322  
3.177481822  
5.250987344  
5.854274822  
5.000110844  
3.045874636  
0.5634403341  
-1.838311952  
-3.678354857  
-4.704778698  
-4.907402445  
-4.449989229  
-3.558237436  
-2.412976946  
-1.091278073  
0.4245815156  
2.18038773  
4.161067606  
6.225419753  
8.10152937  
9.454742005  
10.00822021  
9.670165429  
8.612758299  
7.260287173  
6.175183002  
5.869497687  
6.602097733  
8.235054663  
10.21011581  
11.66992356  
11.70020263  
9.624408544  
5.257942074  
-0.9657189461  
-8.049273355  
-14.66319067  
-19.49422918  
-21.60967706  
-20.72637839  
-17.29921298  
-12.3974505  
-7.40254637  
-3.616764596  
-1.90023442  
-2.445448144  
-4.755277023  
-7.826861205  
-10.47987948  
-11.72400177  
-11.05049721  
-8.560022015  
-4.892758664  
-0.9910801562  
2.222685098  
4.146123197  
4.677682129  
4.223692351  
3.534660596  
3.429637384  
4.502353075  
6.906357266  
10.28837377  
13.8893042  
16.77778705  
18.13950035  
17.52962223  
15.010085  
11.13196481  
6.773063151  
2.88527282  
0.2316843822  
-0.8074940005  
-0.3066631774  
1.268542447  
3.230339313  
4.884049229  
5.720636188  
5.530708631  
4.413900601  
2.693043859  
0.7721500865  
-1.00842313  
-2.470696775  
-3.622966165  
-4.60858216  
-5.605547578  
-6.718644147  
-7.905908445  
-8.967310779  
-9.600037247  
-9.501135037  
-8.48165399  
-6.55255037  
-3.952220394  
-1.104788525  
1.479256835  
3.330324078  
4.136909326  
3.818793318  
2.536573509  
0.6377990238  
-1.441521441  
-3.289266297  
-4.611104643  
-5.281947077  
-5.346092327  
-4.973717461  
-4.393709303  
-3.827565448  
-3.444535386  
-3.347326015  
-3.584046932  
-4.171568645  
-5.11151552  
-6.384820474  
-7.922174799  
-9.561690995  
-11.01607151  
-11.87454721  
-11.6572711  
-9.923269162  
-6.41170485  
-1.177870122  
5.323291775  
12.24696153  
18.4809921  
22.86858646  
24.48496518  
22.89742106  
18.33204329  
11.68709789  
4.370154364  
-2.015269688  
-6.061464397  
-6.924915788  
-4.567278891  
0.2068497744  
5.938311737  
10.88746057  
13.4978303  
12.8228603  
8.794167922  
2.251246104  
-5.280997147  
-12.00743226  
-16.35369945  
-17.39204001  
-15.07875744  
-10.23511766  
-4.279967909  
1.203132043  
4.931762272  
6.281887962  
5.429756315  
3.239655419  
0.9387172777  
-0.3132644684  
0.1810170474  
2.423609768  
5.724573521  
8.937779094  
10.84999168  
10.59415567  
7.950357135  
3.435090697  
-1.850808571  
-6.565880715  
-9.550717392  
-10.19120935  
-8.603610622  
-5.581528562  
-2.323287879  
-0.0301161846  
0.4923134571  
-0.9017723855  
-3.654025129  
-6.691146163  
-8.784114283  
-8.958801681  
-6.823536522  
-2.707474112  
2.433617628  
7.311395754  
10.70165892  
11.81505758  
10.52387278  
7.375989883  
3.397578915  
-0.245962103  
-2.617467741  
-3.284886225  
-2.421983475  
-0.707319088  
0.937494867  
1.678310234  
1.056699863  
-0.8574158647  
-3.494459964  
-5.980422075  
-7.430044327  
-7.240357775  
-5.290237258  
-1.985324829  
1.86100381  
5.26801377  
7.371120963  
7.66117516  
6.110865363  
3.158147897  
-0.4384812686  
-3.821310654  
-6.26215664  
-7.334126608  
-6.985644161  
-5.508818946  
-3.425027233  
-1.330231843  
0.2535260263  
0.9840918217  
0.745153127  
-0.3657295402  
-2.090635454  
-4.084393891  
-5.987792482  
-7.488437174  
-8.364275744  
-8.509363158  
-7.942310517  
-6.796604599  
-5.291309618  
-3.682778123  
-2.203471528  
-1.0007861  
-0.09365456617  
0.6361365387  
1.408680643  
2.47112009  
4.002623083  
6.029171407  
8.379600322  
10.70414463  
12.55747809  
13.52575186  
13.35936373  
12.06728784  
9.938126145  
7.475365858  
5.262831624  
3.800998701  
3.366776412  
3.94323836  
5.243197526  
6.818419406  
8.216118246  
9.126942278  
9.470987891  
9.390305078  
9.150622692  
8.989766211  
8.972233482  
8.910373412  
8.390653396  
6.905857445  
4.053467405  
-0.2682196835  
-5.740424782  
-11.63393264  
-16.96085532  
-20.73121309  
-22.23870184  
-21.28428167  
-18.26114729  
-14.06579022  
-9.854771742  
-6.717258854  
-5.362528991  
-5.919238976  
-7.909369266  
-10.40523006  
-12.32038333  
-12.74351954  
-11.21207887  
-7.843054123  
-3.285322306  
1.48513227  
5.457290944  
7.870357439  
8.405160801  
7.229552989  
4.895676195  
2.134784297  
-0.3750661314  
-2.190607127  
-3.180537377  
-3.485253696  
-3.388591822  
-3.159719362  
-2.929139116  
-2.644632997  
-2.118590476  
-1.141441964  
0.3897793716  
2.383733982  
4.546750864  
6.461289779  
7.722913977  
8.083865122  
7.547396956  
6.374628617  
4.99830011  
3.873286274  
3.318293261  
3.407764029  
3.955105031  
4.594705591  
4.932838975  
4.71068941  
3.916635297  
2.802486368  
1.793486179  
1.322409145  
1.648425541  
2.730480911  
4.208179423  
5.505838617  
6.030335478  
5.396551892  
3.599581376  
1.066418856  
-1.441690425  
-3.054352625  
-3.076830243  
-1.242162881  
2.156257541  
6.302987829  
10.06716202  
12.31951262  
12.26408736  
9.681123058  
5.003347298  
-0.8007345835  
-6.50253159  
-10.96381936  
-13.45420207  
-13.83849957  
-12.57838394  
-10.55153685  
-8.748679765  
-7.946369145  
-8.459229824  
-10.04833016  
-12.01148525  
-13.42332228  
-13.44620227  
-11.61236172  
-7.988719369  
-3.174360295  
1.865979  
6.078312356  
8.619168398  
9.087570364  
7.621741301  
4.836687319  
1.627840827  
-1.094703038  
-2.659149342  
-2.79820179  
-1.684924856  
0.1633747616  
2.074823528  
3.442116362  
3.902527559  
3.427148903  
2.299534672  
0.9996747888  
0.03748994273  
-0.2075599149  
0.4095451726  
1.779912496  
3.604358144  
5.511209828  
7.183135118  
8.447548633  
9.300136346  
9.856110833  
10.25026632  
10.52596426  
10.55836829  
10.04688847  
8.588839094  
5.81801896  
1.567377449  
-3.998006366  
-10.32748837  
-16.5410905  
-21.59426699  
-24.51690596  
-24.66638947  
-21.92461355  
-16.77846453  
-10.25097857  
-3.689280219  
1.544789008  
4.406137719  
4.434474237  
1.885763543  
-2.312927699  
-6.78036283  
-10.01953859  
-10.79392557  
-8.446063442  
-3.076241275  
4.46580882  
12.77512305  
20.22265454  
25.33927482  
27.15585424  
25.41562373  
20.60963586  
13.83299399  
6.505366738  
0.03212091591  
-4.506533995  
-6.563377892  
-6.185739492  
-3.92858898  
-0.6557796152  
2.708011927  
5.40529266  
6.997030852  
7.407629645  
6.866487842  
5.777364074  
4.562893034  
3.532507514  
2.808676618  
2.324450128  
1.88228206  
1.246957129  
0.2386679423  
-1.203072498  
-3.001161541  
-4.968151565  
-6.864797158  
-8.467760822  
-9.624514343  
-10.28063573  
-10.47562334  
-10.31368043  
-9.92293441  
-9.417818318  
-8.875457658  
-8.330310623  
-7.783969179  
-7.222399055  
-6.63162571  
-6.005543409  
-5.344051527  
-4.644752895  
-3.894450322  
-3.066990766  
-2.13131689  
-1.069174186  
0.1027312198  
1.314366479  
2.436444969  
3.293065199  
3.694036206  
3.482038401  
2.584319098  
1.055334551  
-0.9034541621  
-2.956767293  
-4.685173034  
-5.665862944  
-5.570264111  
-4.257277489  
-1.838164776  
1.308005788  
4.580630008  
7.264366087  
8.679629287  
8.346297494  
6.122270649  
2.27961016  
-2.507938315  
-7.272775533  
-10.93987526  
-12.55351259  
-11.49250758  
-7.621553733  
-1.339333205  
6.491549559  
14.71817597  
22.13325849  
27.71622306  
30.82139803  
31.27030136  
29.33183583  
25.60419713  
20.8380144  
15.75274982  
10.89556099  
6.574361673  
2.871300664  
-0.282448841  
-3.006640713  
-5.386177065  
-7.428710537  
-9.075013139  
-10.24981307  
-10.92520608  
-11.16492601  
-11.12660864  
-11.01744657  
-11.01879858  
-11.20994056  
-11.52382894  
-11.75747384  
-11.6393483  
-10.93381886  
-9.546098719  
-7.587554578  
-5.372440042  
-3.339884069  
-1.921835523  
-1.398783815  
-1.792747392  
-2.837587636  
-4.042745549  
-4.835643811  
-4.740574238  
-3.537737093  
-1.350034631  
1.373033647  
3.972887072  
5.766893269  
6.245356281  
5.220916806  
2.88587736  
-0.2381720745  
-3.441176946  
-6.012138099  
-7.418329581  
-7.427273587  
-6.143534884  
-3.959757811  
-1.445757348  
0.7869334247  
2.208142754  
2.455336541  
1.376431313  
-0.9621917194  
-4.287146147  
-8.137447534  
-11.8914228  
