-1.063455482  
0.967487225  
2.96041928  
4.260499365  
4.414830085  
3.28358808  
1.058955775  
-1.807151921  
-4.738957964  
-7.191759538  
-8.779134113  
-9.338041127  
-8.920329122  
-7.724038294  
-5.996917524  
-3.950874182  
-1.718378606  
0.6370816447  
3.067131382  
5.470152535  
7.644030038  
9.288224825  
10.0641863  
9.699193387  
8.098890089  
5.425740885  
2.10831146  
-1.232723042  
-3.927734564  
-5.431440614  
-5.474017908  
-4.141668452  
-1.858502615  
0.7279666934  
2.925011556  
4.183518686  
4.241082101  
3.177813292  
1.371192895  
-0.6320066512  
-2.283833253  
-3.190339685  
-3.208333997  
-2.459871971  
-1.268574755  
-0.04610690399  
0.8301948411  
1.109939591  
0.7093955859  
-0.3033895102  
-1.760383463  
-3.45478768  
-5.186562393  
-6.779849158  
-8.07638547  
-8.922043728  
-9.166930353  
-8.691789399  
-7.457776473  
-5.560223741  
-3.257695235  
-0.9506050577  
0.9002600045  
1.901338644  
1.863395167  
0.8997504932  
-0.5575114909  
-1.843990257  
-2.239108677  
-1.185828972  
1.512989214  
5.588075159  
10.33025898  
14.75311811  
17.85102614  
18.87841748  
17.56566196  
14.20338882  
9.566525388  
4.698942102  
0.6234780659  
-1.934489042  
-2.726579156  
-2.012364261  
-0.4378768775  
1.193985363  
2.184230159  
2.146154937  
1.098690453  
-0.5774337659  
-2.296904312  
-3.480964367  
-3.74922862  
-3.030585217  
-1.563386504  
0.2050501629  
1.776123623  
2.755582846  
2.954309693  
2.406294566  
1.308888524  
-0.08136310909  
-1.550656766  
-2.987007183  
-4.377592518  
-5.753700337  
-7.115468825  
-8.376881911  
-9.361922466  
-9.859272442  
-9.715409219  
-8.925782459  
-7.67998522  
-6.331857886  
-5.294407184  
-4.891056023  
-5.216884191  
-6.066204833  
-6.963541186  
-7.299755281  
-6.535680858  
-4.406892482  
-1.056524276  
2.957658431  
6.795786755  
9.574280134  
10.63767989  
9.775650379  
7.310547974  
4.020519358  
0.9161870023  
-1.062312872  
-1.333092046  
0.1470528237  
2.868666678  
5.928368599  
8.311148284  
9.20725182  
8.263661927  
5.691264557  
2.195152947  
-1.248213631  
-3.695288656  
-4.525113763  
-3.6246727  
-1.414717315  
1.288368429  
3.528553553  
4.503254351  
3.804315522  
1.536698576  
-1.715973058  
-5.063280341  
-7.562237057  
-8.478075289  
-7.478345025  
-4.710459422  
-0.7485138597  
3.568128117  
7.354702947  
9.898256598  
10.8170491  
10.12661535  
8.203463904  
5.6633189  
3.189892744  
1.35893237  
0.5000469288  
0.6275108061  
1.453915575  
2.481186023  
3.1456864  
2.981298476  
1.759062837  
-0.4340175728  
-3.201222193  
-5.930938625  
-7.95989689  
-8.763656554  
-8.121343779  
-6.203765706  
-3.551548212  
-0.9396640856  
0.8409279156  
1.225109065  
0.06626116852  
-2.284622167  
-5.048097382  
-7.225038791  
-7.891591612  
-6.495360443  
-3.060948574  
1.765384302  
6.856490567  
10.89879165  
12.75909716  
11.81604261  
8.154781179  
2.562136162  
-3.680922768  
-9.150330949  
-12.66940944  
-13.62177121  
-12.09358825  
-8.805545314  
-4.860731503  
-1.391875882  
0.7788769265  
1.361396292  
0.6352197847  
-0.7000268586  
-1.803609348  
-2.003526052  
-1.031663658  
0.8928491509  
3.155573956  
4.97724252  
5.699705771  
5.027185406  
3.140042162  
0.6434435159  
-1.62975089  
-2.893448916  
-2.666984845  
-0.9321830854  
1.860760633  
4.936542678  
7.435791612  
8.672383889  
8.32394563  
6.498773018  
3.666439382  
0.4851733163  
-2.409062832  
-4.57925646  
-5.874990773  
-6.411714374  
-6.461912676  
-6.307828567  
-6.114737991  
-5.870956539  
-5.411752721  
-4.510969579  
-2.998932445  
-0.857311665  
1.746821417  
4.499896524  
7.036488604  
9.050974799  
10.3820026  
11.03772052  
11.15453986  
10.90943688  
10.42477552  
9.707606178  
8.6511433  
7.100184005  
4.954671335  
2.267603522  
-0.7076644194  
-3.548498863  
-5.770879523  
-6.981645634  
-7.022092254  
-6.048072815  
-4.510337052  
-3.032140207  
-2.217683288  
-2.451803644  
-3.758378857  
-5.768877294  
-7.818003943  
-9.141682766  
-9.117743832  
-7.473538471  
-4.393095404  
-0.4871038189  
3.36808985  
6.274879935  
7.568288953  
7.002528592  
4.81472737  
1.648620161  
-1.636104671  
-4.20926825  
-5.496449507  
-5.320825824  
-3.923587448  
-1.864100943  
0.1634421499  
1.537709929  
1.880203367  
1.141278878  
-0.4153283361  
-2.315594383  
-4.027547256  
-5.113781932  
-5.340286555  
-4.715413013  
-3.45645697  
8.79260324  
10.64480615  
11.35120579  
10.93886745  
9.638915418  
7.803935761  
5.810367059  
3.97316366  
2.492465801  
1.439880011  
0.7797455983  
0.4118193559  
0.2186809575  
0.1034465241  
0.00965065179  
-0.07742937494  
-0.1428513323  
-0.1595289424  
-0.1039104537  
0.0344484754  
0.2498642172  
0.5218120847  
0.817328999  
1.092568731  
1.293676577  
1.359166892  
1.226565039  
0.8448449381  
0.1914827371  
-0.7101389326  
-1.779317288  
-2.878914578  
-3.832302394  
-4.455613169  
-4.599377204  
-4.189526026  
-3.256115495  
-1.939978446  
-0.4724281581  
0.869948614  
1.826297306  
2.214078192  
1.977345498  
1.207401289  
0.1287320572  
-0.9483086137  
-1.698026836  
-1.85667009  
-1.287549623  
-0.01750045977  
1.765105201  
3.751076971  
5.580222854  
6.923034813  
7.553696683  
7.395960859  
6.530556286  
5.162996334  
3.561479978  
1.982661024  
0.6063983244  
-0.5021953636  
-1.393158472  
-2.195520496  
-3.056623016  
-4.076630946  
-5.259586578  
-6.497596162  
-7.594515327  
-8.323060415  
-8.498296188  
-8.044432428  
-7.032968863  
-5.678185817  
-4.288717547  
-3.18750893  
-2.622713827  
-2.695729504  
-3.328247004  
-4.279175358  
-5.207694189  
-5.765083731  
-5.689393017  
-4.876186459  
-3.405714253  
-1.519736633  
0.4441501887  
2.140869622  
3.303390167  
3.801951473  
3.662473196  
3.042417814  
2.174865062  
1.300084432  
0.6058070252  
0.1927130418  
0.07219692122  
0.1925085911  
0.480653031  
0.8834399729  
1.39293835  
2.048156896  
2.913616584  
4.043509463  
5.444752063  
7.052167759  
8.724599054  
10.26376437  
11.45057535  
12.08867587  
12.04363238  
11.26834443  
9.809955194  
7.798861885  
5.424677369  
2.90598736  
0.4604425276  
-1.720333108  
-3.48899649  
-4.75378982  
-5.483481483  
-5.7062158  
-5.501913774  
-4.987855067  
-4.298024135  
-3.558945448  
-2.866848515  
-2.272358001  
-1.778082095  
-1.351430246  
-0.9501522489  
-0.5530587804  
-0.1850773496  
0.07413547797  
0.1047328394  
-0.2162121974  
-0.96410088  
-2.11842587  
-3.534689624  
-4.95106426  
-6.035091694  
-6.463305299  
-6.014719662  
-4.651607149  
-2.560963992  
-0.1383791763  
2.089012992  
3.586064859  
3.949948412  
3.029592188  
0.9889342609  
-1.708592847  
-4.396588823  
-6.363154371  
-7.031125637  
-6.11435157  
-3.707377551  
-0.2817524822  
3.413811322  
6.526848826  
8.305390642  
8.281356651  
6.386084308  
2.968271673  
-1.290033367  
-5.537261744  
-8.953307913  
-10.93600949  
-11.22632019  
-9.942603734  
-7.519351861  
-4.570924428  
-1.720167896  
0.560552338  
2.053868432  
2.822318811  
3.151710971  
3.433954975  
4.026512691  
5.130673218  
6.723660867  
8.56254122  
10.25630468  
11.38257983  
11.61310198  
10.8105865  
9.069236554  
6.688585805  
4.090408464  
1.704798903  
-0.1402275602  
-1.293792106  
-1.801896869  
-1.869373686  
-1.779154672  
-1.796113324  
-2.086017331  
-2.673666473  
-3.450542898  
-4.225796144  
-4.800634034  
-5.039425055  
-4.913208856  
-4.501776468  
-3.955365279  
-3.431280033  
-3.029490233  
-2.751600491  
-2.499316763  
-2.114538403  
-1.448139585  
-0.4336159358  
0.8612677119  
2.225481002  
3.345670551  
3.887914279  
3.597199768  
2.384552258  
0.3742719447  
-2.105075329  
-4.585713948  
-6.565022985  
-7.621014726  
-7.50788305  
-6.207025464  
-3.922451272  
-1.02547552  
2.032800525  
4.81578855  
6.978270487  
8.310000458  
8.742406492  
8.326260395  
7.195137603  
5.530139795  
3.535923575  
1.429640943  
-0.5635581477  
-2.218597109  
-3.330513426  
-3.748085972  
-3.413817794  
-2.396076708  
-0.8973831493  
0.7722292557  
2.257088177  
3.240502899  
3.529176674  
3.110812283  
2.163592701  
1.009571699  
0.02153982147  
-0.490939756  
-0.3816977463  
0.2784927993  
1.215077415  
2.0294141  
2.323355988  
1.831356233  
0.5182286016  
-1.390511859  
-3.458970985  
-5.160147954  
-6.030175567  
-5.811214061  
-4.538510433  
-2.542984597  
-0.3658849445  
1.391088316  
2.236714893  
1.931742204  
0.5588033395  
-1.50008438  
-3.67173989  
-5.353624921  
-6.08165839  
-5.655491552  
-4.186372648  
-2.056378266  
0.1958567276  
2.027031937  
3.033575342  
3.048132362  
2.164233256  
0.6878551244  
-0.9639650526  
-2.383453687  
-3.275001141  
-3.51314093  
-3.144632115  
-2.341991926  
-1.329873101  
-0.311450707  
0.5817789941  
1.304431816  
1.877522608  
2.348098663  
2.747511714  
3.065870376  
3.252184243  
3.238669173  
2.977998637  
2.477359902  
1.814521111  
1.128157049  
0.584289142  
0.329687383  
0.4477365415  
0.9315627312  
1.683217346  
2.538910522  
3.311907012  
3.839498594  
4.020136663  
3.831090404  
3.323987701  
2.602745812  
1.793089497  
1.013783394  
0.3569820852  
-0.1197627085  
-0.3921205565  
-0.4633548537  
-0.3595192202  
-0.1278824123  
0.162593761  
0.4227666159  
0.5512278759  
0.4507554907  
0.05124907809  
-0.6670788899  
-1.658655951  
-2.812918796  
-3.972887172  
-4.968463868  
-5.65516363  
-5.946169023  
-5.82710416  
-5.348651718  
-4.600083538  
-3.674058521  
-2.636689591  
-1.515165334  
-0.3083967665  
0.9833997201  
2.322978329  
3.611275665  
4.688181718  
5.364698891  
5.479922182  
4.964701359  
3.887955916  
2.464187189  
1.012030399  
-0.1296036255  
-0.7046153548  
-0.6285893288  
-0.0305503603  
0.7729538383  
1.370733432  
1.392756853  
0.6471734224  
-0.7882823407  
-2.556887941  
-4.108141167  
-4.859715481  
-4.390930156  
-2.607652893  
0.1779700621  
3.287232202  
5.833334992  
6.960344829  
6.096456813  
3.146315107  
-1.439052781  
-6.74264997  
-11.59670656  
-14.87651768  
-15.79184735  
-14.09357117  
-10.1365416  
-4.780849375  
0.8395873332  
5.614106448  
8.733096115  
9.869115047  
9.214483352  
7.372202962  
5.140621142  
3.261887243  
2.21168544  
2.090838112  
2.644635265  
3.394300319  
3.83041919  
3.601039602  
2.632411146  
1.145480585  
-0.4325371658  
-1.627099073  
-2.088818099  
-1.719627013  
-0.7098603999  
0.5254199167  
1.488249642  
1.768902831  
1.188096294  
-0.1378700423  
-1.831068782  
-3.373800674  
-4.277901761  
-4.245385566  
-3.267224018  
-1.627605656  
0.1879324416  
1.650422456  
2.359788771  
2.175034811  
1.259462967  
0.02548549447  
-1.00376109  
-1.371790096  
-0.8479172016  
0.4838166957  
2.236107996  
3.829025816  
4.667299494  
4.330493332  
2.717500194  
0.09999119028  
-2.933466201  
-5.628326242  
-7.267333637  
-7.367933628  
-5.817354638  
-2.907123684  
0.7420282537  
4.342523556  
7.142989782  
8.615023103  
8.572961744  
7.19652284  
4.954640628  
2.456780165  
0.2772883994  
-1.19618126  
-1.848610485  
-1.837385609  
-1.511361548  
-1.277892253  
-1.460338229  
-2.189282327  
-3.358806923  
-4.658556031  
-5.669537442  
-5.99328878  
-5.375430065  
-3.787723732  
-1.446151408  
1.238294771  
3.760261876  
5.642701095  
6.547861524  
6.348295151  
5.142657029  
3.217185941  
0.9681226559  
-1.191168427  
-2.913752052  
-3.974988685  
-4.292880722  
-3.916039725  
-2.990427672  
-1.718838647  
-0.3247190877  
0.9738481884  
1.980685317  
2.533574715  
2.517463819  
1.881367913  
0.656412262  
-1.032136923  
-2.967802937  
-4.867221679  
-6.426179788  
-7.379801212  
-7.562621366  
-6.951620738  
-5.677996955  
-4.001315002  
-2.250339659  
-0.7449884671  
0.2799147424  
0.728310984  
0.6594406981  
0.2633856086  
-0.1964566274  
-0.4568776617  
-0.3235433818  
0.2832888825  
1.316230102  
2.621264117  
3.98191827  
5.172327994  
6.004362238  
6.358484632  
6.195007291  
5.54895072  
4.515510889  
3.23312021  
1.867985393  
0.599744023  
-0.3950740736  
-0.965030239  
-1.011240519  
-0.5152466825  
0.4420903031  
1.681150326  
2.950376899  
3.978310547  
4.540165488  
4.520559364  
3.951651203  
3.01092923  
1.974319743  
1.135038245  
0.7115425466  
0.7741857816  
1.216739428  
1.785964762  
2.163666374  
2.077097482  
1.40194565  
0.2218664709  
-1.179266427  
-2.394899335  
-3.022062857  
-2.79731127  
-1.697544645  
0.02999375716  
1.922617193  
3.428675864  
4.068152371  
3.57727472  
1.990727355  
-0.3658986499  
-2.972123955  
-5.267062566  
-6.813243095  
-7.41761307  
-7.171886948  
-6.401354173  
-5.541716789  
-4.987146833  
-4.961487657  
-5.455347198  
-6.248031029  
-7.003192346  
-7.401262596  
-7.259326515  
-6.594477647  
-5.607924778  
-4.596659538  
-3.826650147  
-3.416475393  
-3.277407849  
-3.135859425  
-2.633930365  
-1.47407477  
0.4443201317  
2.948590474  
5.609781845  
7.854235318  
9.137329302  
9.123274598  
7.809712594  
5.551977719  
2.973908388  
0.789763107  
-0.4078626154  
-0.3265609638  
0.9387108584  
2.938561791  
5.012006401  
6.493391177  
6.917004715  
6.154401363  
4.442324562  
2.295516813  
0.3363158627  
-0.9008299299  
-1.125701559  
-0.3607317653  
1.095717121  
2.792166744  
4.285411975  
5.281905395  
5.710397402  
5.704020632  
5.50388864  
5.325267743  
5.240811955  
5.128635479  
4.708479366  
3.655763112  
1.752750072  
-0.9802242248  
-4.226624373  
-7.418399639  
-9.878068729  
-11.01785573  
-10.53297142  
-8.524063036  
-5.503582586  
-2.276445888  
0.2747043747  
1.437827998  
0.8791300885  
-1.253588996  
-4.364766492  
-7.573844843  
-9.95998238  
-10.81743539  
-9.847741536  
-7.2344808  
-3.581825074  
0.2618793894  
3.441606442  
5.32480556  
5.658091176  
4.611162297  
2.701810869  
0.6300161997  
-0.9269256587  
-1.498759705  
-0.9365538691  
0.5694089824  
2.565652772  
4.47726151  
5.771655965  
6.098667846  
5.371869215  
3.77522972  
1.700338328  
-0.3632063272  
-1.952341079  
-2.738262752  
-2.593541197  
-1.607568561  
-0.05255712446  
1.687101289  
3.203304983  
4.150852958  
4.31549131  
3.652295378  
2.289548724  
0.4994111695  
-1.358221902  
-2.908226651  
-3.836030171  
-3.952470116  
-3.234665091  
-1.833320634  
-0.0429805272  
1.760574975  
3.20361362  
4.000170797  
4.019613643  
3.318256523  
2.124976136  
0.7821103039  
-0.3450780417  
-0.9676480976  
-0.9543903825  
-0.3721155204  
0.5283157792  
1.378901534  
1.797934044  
1.502346688  
0.3974123536  
-1.382884439  
-3.498544218  
-5.485604208  
-6.876604118  
-7.326627817  
-6.709225887  
-5.154064033  
-3.014101135  
-0.770334987  
1.099433201  
2.250158028  
2.559484955  
2.151256843  
1.345221079  
0.5478498434  
0.1173954044  
0.2448239435  
0.8881495278  
1.781748257  
2.519225078  
2.685182362  
1.995280572  
0.4003896152  
-1.879062438  
-4.401068197  
-6.619164117  
-8.033442505  
-8.329011558  
-7.459064235  
-5.647053006  
-3.308376027  
-0.9178383663  
1.133279424  
2.6436601  
3.637486576  
4.31888895  
4.963032192  
5.783730206  
6.82627248  
7.926087598  
8.751480745  
8.91911403  
8.144248098  
6.373316045  
3.849563265  
1.0828359  
-1.274182405  
-2.609181172  
-2.537001054  
-1.030181577  
1.550885167  
4.541723036  
7.149238724  
8.667320459  
8.667942036  
7.110554924  
4.338328743  
0.9651993641  
-2.308508407  
-4.893233549  
-6.459811238  
-6.999041776  
-6.779454891  
-6.224671298  
-5.756217283  
-5.655569844  
-5.988689696  
-6.611820736  
-7.248060369  
-7.60065012  
-7.459067483  
-6.760682653  
-5.590581098  
-4.12723077  
-2.562124503  
-1.029799767  
0.4221878792  
1.812550794  
3.167144964  
4.451625893  
5.531302023  
6.183554873  
6.166457305  
5.322000314  
3.673974514  
1.476848012  
-0.8140947762  
-2.653771913  
-3.570496087  
-3.328649464  
-2.031929905  
-0.1232245985  
1.730302483  
2.838749456  
2.716540261  
1.259954276  
-1.188784054  
-3.920665437  
-6.065527988  
-6.863887253  
-5.918965584  
-3.345158129  
0.2406281276  
3.888867976  
6.599850155  
7.631553102  
6.734830042  
4.238701402  
0.9552351598  
-2.068951336  
-3.877802518  
-3.905273513  
-2.154192688  
0.8024487527  
3.998272319  
6.372421902  
7.096278735  
5.825912424  
2.803037933  
-1.223575704  
-5.227218752  
-8.207474302  
-9.473036234  
-8.817212401  
-6.537825799  
-3.304966966  
0.07157689484  
2.894138176  
4.765791382  
5.659398854  
5.854109655  
5.772100775  
5.780812718  
6.034558286  
6.412256572  
6.571613232  
6.097679374  
4.689892732  
2.318020745  
-0.7119007905  
-3.809442311  
-6.256696118  
-7.421217368  
-6.956163946  
-4.921869609  
-1.787832794  
1.687988729  
4.666902724  
6.461455134  
6.721808358  
5.521488945  
3.318848051  
0.8084806133  
-1.290671823  
-2.446437051  
-2.461893614  
-1.520032323  
-0.1151369958  
1.10532457  
1.539708055  
0.8137625422  
-1.106271935  
-3.898825299  
-6.971760767  
-9.620741671  
-11.21630632  
-11.36885336  
-10.02854232  
-7.4956855  
-4.341160494  
-1.259372315  
1.107435219  
2.328613885  
2.288562892  
1.209229272  
-0.4129357946  
-1.938940166  
-2.754672868  
-2.431716821  
-0.8412191658  
1.807807245  
5.015452677  
8.111309646  
10.41774509  
11.41439036  
10.86196377  
8.854251147  
5.786223591  
2.248659072  
-1.120913236  
-3.790076735  
-5.445904756  
-6.043491103  
-5.780029477  
-5.007465383  
-4.113583076  
-3.408609665  
-3.049937733  
-3.023211216  
-3.178857018  
-3.305487222  
-3.211312147  
-2.784899913  
-2.016784168  
-0.9794920658  
0.2203598637  
1.494265172  
2.804278957  
4.160902617  
5.586977716  
7.063623947  
8.483757107  
9.638157481  
10.2482101  
10.04173518  
8.850206066  
6.694094674  
3.822669365  
0.6867544385  
-2.156121936  
-4.181544109  
-5.043066303  
-4.677087257  
-3.332254916  
-1.50971672  
0.1721223034  
1.150570623  
1.078617485  
-0.07614833008  
-2.023947607  
-4.239422475  
-6.116858341  
-7.147873824  
-7.069016078  
-5.936391285  
-4.106750289  
-2.132439879  
-0.6023887437  
0.0242573351  
-0.4549032521  
-1.931415966  
-4.016207776  
-6.142025734  
-7.707624047  
-8.22481516  
-7.432302781  
-5.351943355  
-2.279376572  
1.283272239  
4.73351435  
7.489185672  
9.100082813  
9.331607472  
8.207879539  
6.008427365  
3.218739758  
0.4411614705  
-1.72104902  
-2.787379509  
-2.507491916  
-0.9274168227  
1.60575438  
4.509561787  
7.094533243  
8.729514213  
9.00436292  
7.84581014  
5.550204632  
2.716872167  
0.09315140791  
-1.630722458  
-2.02064656  
-1.032897823  
0.9597092685  
3.263125321  
5.056200524  
5.629894013  
4.601656557  
2.039858618  
-1.541690311  
-5.320702867  
-8.396416512  
-10.04514933  
-9.925305389  
-8.170603502  
-5.344263229  
-2.269454812  
0.211101861  
1.472654057  
1.271845539  
-0.2102442389  
-2.452940235  
-4.775917937  
-6.5530264  
-7.39094017  
-7.218462217  
-6.264313783  
-4.939283057  
-3.669706318  
-2.743216208  
-2.220267574  
-1.93922713  
-1.60828066  
-0.9462190369  
0.1827974138  
1.692329039  
3.284784385  
4.548253007  
5.104990032  
4.757883783  
3.580678543  
1.916540006  
0.2813160563  
-0.7985541391  
-0.9597801809  
-0.1283497048  
1.44632137  
3.263374918  
4.727207562  
5.338796327  
4.859385366  
3.392832785  
1.359326398  
-0.6314125852  
-1.966774556  
-2.218081469  
-1.268639181  
0.6560034037  
3.06247247  
5.341988103  
6.950195941  
7.557203374  
7.122823587  
5.878416873  
4.227944985  
2.606257814  
1.344118669  
0.5835844067  
0.2671415232  
0.1969302085  
0.1362091356  
-0.08775377877  
-0.5179202096  
-1.061275616  
-1.541001096  
-1.783539457  
-1.704139788  
-1.355566575  
-0.919128782  
-0.6395589025  
-0.7273432529  
-1.265609688  
-2.158569951  
-3.144590112  
-3.874053412  
-4.028292521  
-3.439621118  
-2.169848429  
-0.5169220846  
1.057401955  
2.059448988  
2.114857688  
1.091110264  
-0.8488265075  
-3.280728031  
-5.63249642  
-7.342957801  
-8.018021441  
-7.537136244  
-6.078884777  
-4.059890222  
-2.007831135  
-0.4086862738  
0.4254918234  
0.4304482857  
-0.2128803914  
-1.151288733  
-1.975667549  
-2.342897701  
-2.067056639  
-1.156506966  
0.2076822323  
1.73816543  
3.126964399  
4.122518449  
4.577615327  
4.460585867  
3.835704901  
2.82775496  
1.587557161  
0.2700846209  
-0.9724755  
-1.989275093  
-2.632192521  
-2.769577579  
-2.314706988  
-1.261799443  
0.2850470611  
2.106281247  
3.895435785  
5.321109439  
6.108570654  
6.11720803  
5.387787796  
4.140470878  
2.719220651  
1.496005152  
0.7627175613  
0.6448367093  
1.065573394  
1.773868687  
2.428834828  
2.714041307  
2.444136274  
1.627740558  
0.4644537374  
-0.7243387378  
-1.608395068  
-1.967145891  
-1.772558641  
-1.206084603  
-0.6011981966  
-0.3284299428  
-0.6602840103  
-1.661867761  
-3.146237703  
-4.713234254  
-5.863347036  
-6.152878581  
-5.34172976  
-3.485721277  
-0.9415914314  
1.720312368  
3.871704521  
5.004671181  
4.879170788  
3.595270767  
1.568230894  
-0.5863088811  
-2.223173878  
-2.844831077  
-2.234534204  
-0.5093752493  
1.918508761  
4.457773817  
6.495201766  
7.5497406  
7.382714252  
6.038953628  
3.814479757  
1.166288529  
-1.407001849  
-3.481103011  
-4.791553449  
-5.273257064  
-5.052006546  
-4.396994396  
-3.649764773  
-3.14627975  
-3.146485202  
-3.78157921  
-5.025506792  
-6.694206101  
-8.473751168  
-9.975475358  
-10.81170882  
-10.68017009  
-9.439804499  
-7.15860765  
-4.116729314  
-0.7571193953  
2.410478176  
4.931526286  
6.52296936  
7.149337734  
7.032102103  
6.583447695  
6.278413345  
6.500334801  
7.406386984  
8.857805258  
10.44234657  
11.58899105  
11.74498244  
10.56277379  
8.037225263  
4.545138429  
0.7672044517  
-2.491249139  
-4.531097622  
-4.972931955  
-3.886000369  
-1.788366699  
0.4879495705  
2.031618376  
2.119289841  
0.4363861078  
-2.815645594  
-6.959681079  
-11.021127  
-13.99303091  
-15.11127466  
-14.06059327  
-11.05336895  
-6.761747363  
-2.126818  
1.896408994  
4.583513781  
5.60684634  
5.08245707  
3.494257699  
1.527792447  
-0.1306441572  
-0.9693376021  
-0.7550376024  
0.4535593353  
2.371945665  
4.602114526  
6.748807694  
8.503928721  
9.68103439  
10.20326689  
10.06479073  
9.29218463  
7.926617805  
6.033482002  
3.729936268  
1.209672755  
-1.25693282  
-3.359645514  
-4.818000573  
-5.463029129  
-5.300607757  
-4.528050469  
-3.489505533  
-2.577207234  
-2.106926508  
-2.208823284  
-2.773719746  
-3.478910616  
-3.891595507  
-3.620439377  
-2.466676511  
-0.5224773664  
1.821342253  
3.967935844  
5.283869517  
5.294749725  
3.845025006  
1.168584001  
-2.156541558  
-5.359738311  
-7.691773978  
-8.636466391  
-8.05517969  
-6.219761091  
-3.724571406  
-1.306079147  
0.3729436125  
0.9077333675  
0.2492953924  
-1.310222592  
-3.253493691  
-5.012316105  
-6.140614588  
-6.43029379  
-5.936621082  
-4.912649067  
-3.68377167  
-2.512990834  
-1.508020529  
-0.6035548021  
0.3777581064  
1.61263774  
3.160060366  
4.889499154  
6.487883315  
7.549124781  
7.718122526  
6.838236672  
5.046359494  
2.775021121  
0.6518471034  
-0.6773662177  
-0.747266197  
0.572125072  
3.017900678  
5.997539427  
8.756727768  
10.60037528  
11.09661858  
10.1980246  
8.240759586  
5.822492999  
3.600057979  
2.074540858  
1.435480682  
1.515715504  
1.870601975  
1.952922771  
1.3220618  
-0.1856917758  
-2.385373077  
-4.795650132  
-6.797682353  
-7.845734624  
-7.656340681  
-6.309791685  
-4.227831026  
-2.034471896  
-0.3478297467  
0.4244559809  
0.2142908941  
-0.699317403  
-1.807612121  
-2.573192562  
-2.6429603  
-1.995037148  
-0.9634604907  
-0.1266905515  
-0.09454927999  
-1.266194898  
-3.645453837  
-6.783769686  
-9.879658163  
-12.01048331  
-12.42541196  
-10.80391691  
-7.391330833  
-2.960226571  
1.397829119  
4.589536425  
5.84796159  
4.967185034  
2.367147629  
-1.034165889  
-4.102399948  
-5.833792366  
-5.657621821  
-3.59857966  
-0.2489557576  
3.437864668  
6.463388202  
8.105526736  
8.141095264  
6.89844907  
5.125987975  
3.722955129  
3.423631242  
4.540258987  
6.849242894  
9.656889269  
12.02132726  
13.05625785  
12.21649255  
9.472949979  
5.322644901  
0.6341864837  
-3.617292826  
-6.637588213  
-8.030817599  
-7.880666212  
-6.67662215  
-5.118056375  
-3.867659378  
-3.338956088  
-3.586641171  
-4.329984324  
-5.092387877  
-5.400867149  
-4.971059224  
-3.811880425  
-2.215333239  
-0.6394446417  
0.4692638968  
0.8466634052  
0.5118210694  
-0.2392055002  
-0.9441993614  
-1.149823105  
-0.5871894461  
0.7160202554  
2.428430287  
4.017203548  
4.925388806  
4.76352593  
3.449447449  
1.247854843  
-1.304365595  
-3.562194469  
-4.970905716  
-5.232906819  
-4.388558455  
-2.786388539  
-0.955617316  
0.5737482189  
1.441810159  
1.56420341  
1.139489409  
0.5601862007  
0.2615218783  
0.5618597712  
1.549519036  
3.052908377  
4.701218009  
6.05186968  
6.739211679  
6.593518779  
5.691365967  
4.323137698  
2.891757736  
1.779011961  
1.224727885  
1.257477567  
1.696306689  
2.218647154  
2.46843628  
2.167564865  
1.195773098  
-0.3825460052  
-2.347186656  
-4.391386602  
-6.205714651  
-7.550125933  
-8.295959106  
-8.432589745  
-8.045807275  
-7.282086076  
-6.313149277  
-5.309501496  
-4.423660647  
-3.777677685  
-3.448332698  
-3.447409942  
-3.701732368  
-4.043831977  
-4.22592816  
-3.964687144  
-3.013413581  
-1.245536622  
1.276287243  
4.272514867  
7.278809544  
9.738991534  
11.13937196  
11.14837048  
9.718970621  
7.119013492  
3.874275956  
0.6360193266  
-1.99048634  
-3.605579521  
-4.113575812  
-3.728426116  
-2.884058794  
-2.077655962  
-1.696505812  
-1.885389367  
-2.498984479  
-3.15626408  
-3.38003578  
-2.77593405  
-1.190860652  
1.203712579  
3.934474038  
6.351648959  
7.819763525  
7.91436045  
6.562095178  
4.078690348  
1.091076237  
-1.633769025  
-3.401671105  
-3.781758956  
-2.718313799  
-0.5329660075  
2.179496665  
4.726285765  
6.507455355  
7.165461653  
6.65271279  
5.204455645  
3.234657342  
1.194981918  
-0.5551346825  
-1.827854107  
-2.617156029  
-3.046742548  
-3.283326658  
-3.452396343  
-3.588834276  
-3.638440981  
-3.505096222  
-3.120026492  
-2.501183441  
-1.775100789  
-1.148770796  
-0.8395082549  
-0.9883566281  
-1.590967173  
-2.475312549  
-3.33977224  
-3.843313014  
-3.71958869  
-2.876174938  
-1.442858455  
0.2513789389  
1.769510179  
2.699098285  
2.784503536  
2.015128546  
0.6392185896  
-0.9037785094  
-2.112868669  
-2.577276527  
-2.102741842  
-0.7724995538  
1.076128977  
2.951721709  
4.353260246  
4.913469107  
4.496720485  
3.222987045  
1.413970915  
-0.5170838767  
-2.193056548  
-3.375240496  
-4.008168854  
-4.196163066  
-4.125242815  
-3.963115137  
-3.776945162  
-3.501312648  
-2.969586074  
-1.997844744  
-0.4898293143  
1.478191334  
3.628700125  
5.528081258  
6.69775393  
6.759162707  
5.566251936  
3.279843818  
0.3546690641  
-2.563368068  
-4.803330439  
-5.851169737  
-5.493086804  
-3.876413524  
-1.468602232  
1.074335663  
3.091041659  
4.095441917  
3.901995951  
2.660513189  
0.7936345094  
-1.140292907  
-2.614637714  
-3.280702007  
-3.050368458  
-2.09475161  
-0.7655777429  
0.5303785548  
1.460888187  
1.860860738  
1.761792303  
1.354384005  
0.9026135472  
0.6420696346  
0.6979460507  
1.048680343  
1.543899987  
1.966323388  
2.113315136  
1.869149559  
1.244665885  
0.3740208475  
-0.5264040003  
-1.219970343  
-1.510885699  
-1.286252285  
-0.5303757521  
0.6860875537  
2.231220236  
3.937875278  
5.621334359  
7.087264454  
8.136512169  
8.577139476  
8.251511587  
7.078247304  
5.09834196  
2.506915932  
-0.3490477579  
-3.019063009  
-5.041031899  
-6.057047599  
-5.920544378  
-4.758882101  
-2.964531003  
-1.107783671  
0.2112352222  
0.5318878046  
-0.3264793972  
-2.198136481  
-4.603924102  
-6.879230267  
-8.362651271  
-8.590538181  
-7.438684302  
-5.167025301  
-2.352130511  
0.2734390771  
2.027205759  
2.46674288  
1.507539214  
-0.5642627559  
-3.184426525  
-5.676575677  
-7.438817342  
-8.094864125  
-7.568169818  
-6.064504811  
-3.978301398  
-1.760651631  
0.2049434562  
1.681131729  
2.592148671  
2.983416879  
2.95233261  
2.584922462  
1.92639475  
0.9959115983  
-0.1654683068  
-1.441061732  
-2.610980458  
-3.373422509  
-3.417632123  
-2.52865703  
-0.6872247492  
1.875624647  
4.697718982  
7.183617091  
8.758249318  
9.031698691  
7.922851667  
5.699685594  
2.918818489  
0.2788457115  
-1.569997288  
-2.202582577  
-1.528558681  
0.1973582477  
2.465208445  
4.669131571  
6.284757041  
7.00966884  
6.826252209  
5.973256372  
4.842395478  
3.839257758  
3.256207969  
3.196871038  
3.570869057  
4.151910631  
4.671304145  
4.909700016  
4.754856928  
4.209640701  
3.35539111  
2.292963346  
1.090665053  
-0.2371318903  
-1.712154891  
-3.345100808  
-5.083081291  
-6.779295605  
-8.204333676  
-9.101421227  
-9.268828676  
-8.639224787  
-7.32372388  
-5.599288573  
-3.838136383  
-2.399770921  
-1.521734881  
-1.247802117  
-1.420791579  
-1.744895623  
-1.897491872  
-1.651776188  
-0.9664854052  
-0.009530498446  
0.8947387192  
1.377768614  
1.16004931  
0.1586067836  
-1.469599969  
-3.364623853  
-5.068981835  
-6.165803367  
-6.402681693  
-5.759779002  
-4.440976657  
-2.794387577  
-1.193262097  
0.07878493876  
0.8978132815  
1.302892198  
1.437062868  
1.454333751  
1.433864922  
1.338819757  
1.038687689  
0.3872379898  
-0.6760743636  
-2.045632163  
-3.429417639  
-4.40699219  
-4.553648688  
-3.591064335  
-1.510303267  
1.381947753  
4.519272228  
7.223978971  
8.904739749  
9.239662454  
8.282107608  
6.449842774  
4.396269609  
2.802616032  
2.158297174  
2.602571119  
3.88167572  
5.437524991  
6.599581519  
6.815940879  
5.845382554  
3.844501384  
1.319149797  
-1.044475443  
-2.612345697  
-3.01961802  
-2.297558459  
-0.865905909  
0.6082296369  
1.438262457  
1.156157548  
-0.3201503165  
-2.647410291  
-5.160436563  
-7.084973288  
-7.790094238  
-6.99685479  
-4.874573052  
-1.993346873  
0.8510986686  
2.88261294  
3.580300348  
2.829701013  
0.9436536428  
-1.449582288  
-3.61035323  
-4.91494126  
-5.03268601  
-3.999095572  
-2.167835815  
-0.06525716568  
1.797848693  
3.091220587  
3.752239958  
3.969971742  
4.077606689  
4.396022708  
5.086602592  
6.066430827  
7.016020079  
7.477205857  
7.00814199  
5.343615284  
2.507890876  
-1.156413997  
-5.052558155  
-8.467124838  
-10.73968883  
-11.41651933  
-10.34833013  
-7.711451122  
-3.955196283  
0.3021426559  
4.396348688  
7.728422542  
9.843412733  
10.47085687  
9.533243299  
7.134943961  
3.542809708  
-0.8370939843  
-5.489951802  
-9.837619169  
-13.30501422  
-15.40561036  
-15.83332704  
-14.53878613  
-11.76507257  
-8.024088773  
-4.008658048  
-0.4539069599  
2.021789064  
3.056795393  
2.629558087  
1.061078157  
-1.066487497  
-3.055217737  
-4.263257725  
-4.258456442  
-2.914746296  
-0.4286850795  
2.744166757  
6.011922726  
