2.261334774  
1.131361361  
-1.331210405  
-4.681735718  
-8.151773281  
-10.8540287  
-12.04273959  
-11.34817166  
-8.907144383  
-5.341321768  
-1.582910059  
1.402531816  
2.910662019  
2.716399121  
1.14408129  
-1.034813231  
-2.845125178  
-3.415194247  
-2.249519308  
0.6196633514  
4.647979982  
8.952436789  
12.58220799  
14.79596907  
15.25651827  
14.08500517  
11.76752413  
8.957619593  
6.251765839  
4.019353795  
2.343444442  
1.083344506  
0.02235431894  
-0.9684718261  
-1.824478675  
-2.28889969  
-2.026350909  
-0.8051945988  
1.326675864  
3.951869969  
6.33105803  
7.590140662  
6.994967053  
4.223098771  
-0.4655108945  
-6.229498345  
-11.83464982  
-15.98247762  
-17.68102863  
-16.54106556  
-12.90077076  
-7.734961354  
-2.373770921  
1.882864357  
4.134889194  
4.121908747  
2.261978454  
-0.5159530974  
-3.085338355  
-4.476149813  
-4.156579596  
-2.158344047  
0.9826158681  
4.436064852  
7.356784845  
9.135283617  
9.539987781  
8.715568251  
7.056124103  
5.015398803  
2.933839448  
0.9488684769  
-0.9834406811  
-2.974538092  
-5.054899422  
-7.062655279  
-8.626164495  
-9.258991895  
-8.538642915  
-6.303049033  
-2.785684224  
1.372656337  
5.255521496  
7.914272339  
8.64874143  
7.232471046  
4.003996873  
-0.2122022137  
-4.335463648  
-7.339286859  
-8.544560445  
-7.803058916  
-5.514611865  
-2.476008568  
0.3857110424  
2.306805542  
2.912499064  
2.305716518  
0.9973801819  
-0.2904084937  
-0.876888875  
-0.3451315078  
1.336189075  
3.824521334  
6.534784824  
8.837497018  
10.2524854  
10.57425842  
9.893922759  
8.521275887  
6.845178671  
5.188447107  
3.71010387  
2.385421516  
1.062556384  
-0.4344016092  
-2.201415333  
-4.192002038  
-6.219501605  
-8.020150084  
-9.34868373  
-10.06606296  
-10.18325965  
-9.843706175  
-9.252295943  
-8.580763816  
-7.889198086  
-7.097643977  
-6.022377884  
-4.465896661  
-2.327766611  
0.3065908568  
3.136257807  
5.691714291  
7.449034498  
7.978159386  
7.078946515  
4.861201216  
1.74188666  
-1.641833394  
-4.579587141  
-6.453635325  
-6.878646294  
-5.780407689  
-3.397887686  
-0.2149745505  
3.154269145  
6.09476517  
8.103832091  
8.868463626  
8.299039751  
6.523177556  
3.849959165  
0.7157543197  
-2.379670465  
-4.941304557  
-6.547254716  
-6.911865846  
-5.935173268  
-3.727983117  
-0.6029511735  
2.972435294  
6.455925102  
9.328692081  
11.18988877  
11.82504371  
11.23211493  
9.600803529  
7.253978262  
4.570268631  
1.910327344  
-0.435158388  
-2.267844947  
-3.478618471  
-4.031751029  
-3.951090743  
-3.317658117  
-2.277835208  
-1.051282513  
0.07728743383  
0.7950154008  
0.8278267233  
0.0236646351  
-1.57439096  
-3.695672681  
-5.872968413  
-7.54130711  
-8.185059518  
-7.493397966  
-5.475158038  
-2.491319503  
0.8140233924  
3.671764254  
5.392335512  
5.556181281  
4.130706359  
1.475631202  
-1.766437293  
-4.860122338  
-7.187131881  
-8.408185025  
-8.525448842  
-7.828147034  
-6.744360898  
-5.655005337  
-4.73925794  
-3.909673749  
-2.862889336  
-1.229433184  
1.231446919  
4.465369473  
8.051827185  
11.26482666  
13.25646231  
13.31070553  
11.08708099  
6.772564293  
1.086198653  
-4.873631187  
-9.899399617  
-12.98430593  
-13.58056807  
-11.73041154  
-8.033233134  
-3.462562287  
0.9089401896  
4.19287293  
5.895054961  
5.996939974  
4.895795993  
3.234429709  
1.68207207  
0.7371461275  
0.6087160955  
1.202891964  
2.204509804  
3.215336298  
3.89674923  
4.070074409  
3.747913657  
3.096404966  
2.35171169  
1.72643891  
1.340151642  
1.194948949  
1.198206457  
1.21749555  
1.143345771  
0.9360490969  
0.641720148  
0.3756474373  
0.282394038  
0.4880810161  
1.05974486  
1.981119069  
3.147143288  
4.37433918  
5.422702892  
6.026476956  
5.933672636  
4.954679914  
3.016951809  
0.2162977053  
-3.151459508  
-6.597346203  
-9.498825619  
-11.2132767  
-11.22814163  
-9.312673012  
-5.626261623  
-0.741857934  
4.438341768  
8.867863582  
11.60201925  
12.04118706  
10.10070657  
6.251969658  
1.413508793  
-3.285125251  
-6.804112001  
-8.473304726  
-8.168819496  
-6.332473856  
-3.826769997  
-1.66815215  
-0.7188184912  
-1.430286414  
-3.715646113  
-6.987074835  
-10.34353206  
-12.84732093  
-13.80195211  
-12.94602241  
-10.50690068  
-7.104330632  
-3.541796188  
-0.5572985207  
1.385582635  
2.202980507  
2.166311118  
-0.9439861676  
2.006172246  
4.737623041  
6.6150299  
7.290788016  
6.804693827  
5.553451652  
4.142052864  
3.169262204  
3.021190397  
3.743119161  
5.031880552  
6.349083581  
7.11406138  
6.908893607  
5.624903284  
3.501562689  
1.046484277  
-1.133941399  
-2.533979434  
-2.910005513  
-2.350695835  
-1.235084316  
-0.09616392417  
0.5610878656  
0.4249332494  
-0.5288466347  
-2.041604551  
-3.668964214  
-4.933468769  
-5.479248599  
-5.177825321  
-4.153765204  
-2.727817003  
-1.30297177  
-0.2358683238  
0.2627957218  
0.1691206925  
-0.378538752  
-1.152928614  
-1.928148249  
-2.552542782  
-2.980207063  
-3.25526021  
-3.461679588  
-3.663646096  
-3.862841414  
-3.990170033  
-3.934101625  
-3.592543544  
-2.925847042  
-1.988481167  
-0.9257951896  
0.06382248588  
0.7877688605  
1.117739944  
1.02739824  
0.5970532611  
-0.01435448041  
-0.618120934  
-1.047524982  
-1.19550683  
-1.028750535  
-0.5787436974  
0.08108602841  
0.8595451221  
1.663189402  
2.400199102  
2.977455349  
3.300205322  
3.282818604  
2.872645521  
2.080123738  
1.001126038  
-0.1836867119  
-1.241588047  
-1.949391154  
-2.167093802  
-1.897417228  
-1.304955838  
-0.6793123069  
-0.3455846329  
-0.5463479644  
-1.334133939  
-2.515727669  
-3.676741815  
-4.289853441  
-3.880580631  
-2.200738252  
0.6489864678  
4.195103158  
7.685300612  
10.28185776  
11.30135127  
10.42790492  
7.830499021  
4.14129657  
0.294038249  
-2.733908883  
-4.19985075  
-3.809424549  
-1.798604375  
1.142860301  
4.084090886  
6.136266879  
6.718445331  
5.723605243  
3.534500098  
0.8868959697  
-1.373810934  
-2.563374746  
-2.370413272  
-0.9432142671  
1.172710918  
3.222267051  
4.490004134  
4.529370708  
3.299353205  
1.167870494  
-1.214648659  
-3.126709109  
-4.002169624  
-3.599955015  
-2.066761468  
0.1210444002  
2.311380592  
3.872812708  
4.370480067  
3.670125329  
1.945655679  
-0.4016901801  
-2.877756101  
-5.035735861  
-6.578847071  
-7.400115875  
-7.558438659  
-7.211632916  
-6.53857414  
-5.680726549  
-4.720572219  
-3.696636034  
-2.639375051  
-1.60513165  
-0.688616222  
-0.006202333336  
0.3431317682  
0.32102637  
-0.02406290381  
-0.5626246397  
-1.123468179  
-1.553821603  
-1.777507917  
-1.827482728  
-1.8378559  
-1.995575215  
-2.467769163  
-3.330932171  
-4.528591218  
-5.874364667  
-7.100908642  
-7.938264343  
-8.19410435  
-7.807569283  
-6.858267302  
-5.528794251  
-4.036551582  
-2.561825568  
-1.199726636  
0.04667313675  
1.231992652  
2.410327815  
3.5811096  
4.665959377  
5.530953758  
6.049048252  
6.178319474  
6.02111246  
5.832115352  
5.960154508  
6.733579052  
8.323732682  
10.63539623  
13.27068837  
15.59284455  
16.88402637  
16.55732956  
14.35942638  
10.49605822  
5.631048584  
0.7461054544  
-3.107473339  
-5.097293095  
-4.85335939  
-2.590354242  
0.9338160904  
4.617252714  
7.316734724  
8.166608239  
6.820127957  
3.541681155  
-0.8770590115  
-5.3511505  
-8.815633364  
-10.52418496  
-10.24539598  
-8.301655502  
-5.444575176  
-2.610327837  
-0.6330897129  
-0.004320673927  
-0.7479676733  
-2.443334918  
-4.380791651  
-5.796065522  
-6.107886461  
-5.087259659  
-2.911971724  
-0.09774041308  
2.664528726  
4.709984113  
5.577124381  
5.11162943  
3.474121415  
1.060560452  
-1.630624915  
-4.138683639  
-6.145807212  
-7.522076226  
-8.307217426  
-8.646710566  
-8.711409035  
-8.630119341  
-8.454820489  
-8.163325151  
-7.690123459  
-6.967844865  
-5.961494603  
-4.684092089  
-3.192207468  
-1.568543365  
0.0972427192  
1.719903959  
3.218690505  
4.50978965  
5.499667801  
6.087971598  
6.184106871  
5.734371139  
4.749997879  
3.323749289  
1.625546812  
-0.1251238077  
-1.703048926  
-2.923445828  
-3.67468466  
-3.926569177  
-3.712627619  
-3.095673529  
-2.133266293  
-0.8603779036  
0.700472917  
2.503715739  
4.435040568  
6.278914422  
7.721885248  
8.40362667  
8.010000259  
6.383927874  
3.617539184  
0.08862087734  
-3.582495172  
-6.655917483  
-8.448423043  
-8.515399213  
-6.783701056  
-3.590962601  
0.38733162  
4.307886199  
7.380582008  
9.07631455  
9.259442869  
8.2043919  
6.491403673  
4.814310204  
3.761101843  
3.636841336  
4.384553562  
5.627677984  
6.817662532  
7.435628865  
7.179266863  
6.071351781  
4.452909845  
2.863291316  
1.848074169  
1.760780254  
2.627151154  
4.120113014  
5.656366889  
6.584069573  
6.399603398  
4.920450127  
2.355006723  
-0.7560119503  
-3.708899868  
-5.861885543  
-6.841107736  
-6.65856238  
-5.701687743  
-4.596892354  
-3.991724178  
-4.32821533  
-5.683881852  
-7.735288401  
-9.858808426  
-11.33764112  
-11.60807883  
-10.46374246  
-8.14875622  
-5.305954511  
-2.792892775  
-1.421556585  
-1.703120495  
-3.678668593  
-6.890372652  
-10.50374801  
-13.54425717  
-15.17579927  
-14.93595565  
-12.8570378  
-9.438277171  
-5.481252962  
-1.84284045  
0.8156927551  
2.20576508  
2.462585237  
2.059555421  
1.619178841  
1.685869212  
2.536478287  
4.090011751  
5.944006588  
7.522731567  
8.285575858  
7.924737628  
6.485509136  
4.368577384  
2.213061597  
0.6984291984  
0.3302451011  
1.279917953  
3.330964768  
5.94925916  
8.454085448  
10.2338405  
10.93558615  
10.56644887  
9.473913993  
8.212172136  
7.339439196  
7.214211726  
7.859195896  
8.939503991  
9.864118624  
9.978654634  
8.786794431  
6.127612672  
2.249798951  
-2.242693527  
-6.556892286  
-9.935453716  
-11.8669924  
-12.21425558  
-11.22016768  
-9.392845505  
-7.311719742  
-5.42368293  
-3.901248855  
-2.61301228  
-1.216934893  
0.6571769271  
3.20299646  
6.288455136  
9.423117683  
11.86435034  
12.83601842  
11.79165433  
8.633888232  
3.811029911  
-1.751563014  
-6.875028099  
-10.44338512  
-11.71750961  
-10.54848719  
-7.421323803  
-3.312413522  
0.5967652979  
3.261296112  
4.063553445  
2.963601592  
0.4658337375  
-2.581403457  
-5.282232051  
-6.984601382  
-7.469530985  
-6.978054496  
-6.072775721  
-5.388485943  
-5.364738593  
-6.058959827  
-7.109678704  
-7.8656442  
-7.636668272  
-5.976933563  
-2.897313033  
1.074488159  
5.015753233  
7.879097212  
8.824755804  
7.503848818  
4.194964179  
-0.2565195119  
-4.681592369  
-7.937262654  
-9.25007514  
-8.442011669  
-5.965580174  
-2.737913153  
0.1700474604  
1.88589986  
2.013829401  
0.7486800169  
-1.20782041  
-2.896623477  
-3.430585498  
-2.293184106  
0.4901614221  
4.359953308  
8.400641847  
11.62433092  
13.2643049  
12.98450643  
10.94474122  
7.712995216  
4.067520967  
0.7640897013  
-1.652223469  
-2.935713016  
-3.116288217  
-2.393428568  
-1.005735053  
0.8633957786  
3.105740888  
5.632937382  
8.281589082  
10.73533546  
12.51642053  
13.07160697  
11.93634413  
8.923301649  
4.262254388  
-1.372973297  
-6.979919464  
-11.46502997  
-13.93677216  
-13.96214179  
-11.7002601  
-7.863486709  
-3.512333726  
0.2536328758  
2.610782062  
3.23113359  
2.337404705  
0.5797792032  
-1.218628962  
-2.356657145  
-2.48749348  
-1.710111304  
-0.4932563942  
0.5337774769  
0.8416261641  
0.2132567858  
-1.171806179  
-2.812706596  
-4.092692832  
-4.535546525  
-4.013000749  
-2.819639205  
-1.580054586  
-1.015807004  
-1.654088752  
-3.585834409  
-6.367779757  
-9.114805967  
-10.76195598  
-10.41359722  
-7.662590265  
-2.767941469  
3.375772767  
9.474707996  
14.20573506  
16.60184964  
16.32850941  
13.76209576  
9.847487418  
5.784821487  
2.651045412  
1.080905494  
1.108824283  
2.215972497  
3.556482574  
4.277145941  
3.816832376  
2.083818375  
-0.5439129038  
-3.385904775  
-5.725748643  
-7.076029996  
-7.345242406  
-6.849058511  
-6.166871702  
-5.901208185  
-6.43211751  
-7.758948595  
-9.488429308  
-10.97338878  
-11.55077245  
-10.79097463  
-8.666167621  
-5.57449885  
-2.209209372  
0.6818909899  
2.560809921  
3.291923201  
3.191067201  
2.909346914  
3.187895548  
4.566139239  
7.144619194  
10.48764757  
13.70636186  
15.70391069  
15.51100992  
12.60933636  
7.141845365  
-0.05782287502  
-7.631000819  
-14.01168624  
-17.80963497  
-18.15501787  
-14.9135016  
-8.718163565  
-0.8150570098  
7.232606715  
13.90318277  
18.04896643  
19.12518269  
17.26867133  
13.21786187  
8.102702753  
3.160414726  
-0.5544415355  
-2.400245862  
-2.270106904  
-0.5822224847  
1.854743443  
4.066985111  
5.177003252  
4.637501683  
2.379211792  
-1.16669761  
-5.18081881  
-8.676839997  
-10.77586694  
-10.95975097  
-9.230926974  
-6.128554385  
-2.589449878  
0.3127708058  
1.678814933  
1.054682924  
-1.420373866  
-5.038224095  
-8.717391923  
-11.31599219  
-11.9704949  
-10.35810148  
-6.801717707  
-2.183679023  
2.306950626  
5.517099083  
6.658337662  
5.522652587  
2.523029757  
-1.447529962  
-5.288356852  
-8.005682774  
-8.971514265  
-8.052456244  
-5.58067985  
-2.192522337  
1.398553795  
4.612316763  
7.1272899  
8.890745556  
10.02825185  
10.70470386  
11.00310674  
10.87465311  
10.17964192  
8.79752951  
6.752556784  
4.292061603  
1.87171908  
0.03951029291  
-0.7465893988  
-0.3004951718  
1.183992564  
3.150516449  
4.830172393  
5.481619652  
4.641552373  
2.296459315  
-1.090174238  
-4.712170388  
-7.676114062  
-9.292444613  
-9.301080274  
-7.950781489  
-5.901828847  
-3.98425743  
-2.896471604  
-2.952184516  
-3.968142486  
-5.33568771  
-6.253178637  
-6.037188589  
-4.399856522  
-1.589398011  
1.662057382  
4.370848721  
5.636668819  
4.96369134  
2.453913421  
-1.198413814  
-4.913568246  
-7.56645234  
-8.345008057  
-7.005300006  
-3.937343932  
-0.02169563621  
3.670891016  
6.231009914  
7.192084687  
6.647835105  
5.171695723  
3.574732793  
2.594654414  
2.629844767  
3.612307136  
5.05978007  
6.280512665  
6.648806641  
5.845635973  
3.97474315  
1.513702433  
-0.8770206225  
-2.610267178  
-3.393049782  
-3.326240536  
-2.844883486  
-2.523215289  
-2.821543522  
-3.875807394  
-5.415480103  
-6.846905039  
-7.475347338  
-6.784015062  
-4.663331372  
-1.498833919  
1.923419169  
4.667487217  
5.968030119  
5.505122921  
3.530674402  
0.7949357563  
-1.706731002  
-3.080513648  
-2.851595718  
-1.137194768  
1.390501856  
3.742933606  
4.973938288  
4.532496363  
2.482754751  
-0.4905363857  
-3.298347695  
-4.814320289  
-4.267002323  
-1.52140912  
2.8491753  
7.728429586  
11.80507332  
13.98672055  
13.74031165  
11.24570274  
7.313712044  
3.10047033  
-0.2815812396  
-2.122790827  
-2.325639091  
-1.398579511  
-0.2438059278  
0.1818483857  
-0.7868806011  
-3.288276967  
-6.88486436  
-10.71071985  
-13.75752227  
-15.19783719  
-14.63674954  
-12.21322675  
-8.527902285  
-4.433823965  
-0.7698812355  
1.870730358  
3.265168397  
3.550563367  
3.100378242  
2.346549407  
1.61890004  
1.057975829  
0.6226132233  
0.1737930448  
-0.4123725897  
-1.157011992  
-1.954890416  
-2.622416987  
-2.9918816  
-3.005538109  
-2.762667733  
-2.492934351  
-2.461483917  
-2.842250675  
-3.612643298  
-4.517860679  
-5.12791988  
-4.974391345  
-3.721121967  
-1.30667401  
1.996853559  
5.635566482  
8.92341924  
11.24101312  
12.21593196  
11.82271729  
10.36905074  
8.375490456  
6.394102851  
4.832306777  
3.844496601  
3.327053312  
3.012368109  
2.619812708  
2.000497164  
1.216148168  
0.5192079261  
0.241106304  
0.6331215963  
1.724961528  
3.26163219  
4.750829848  
5.61111693  
5.371414262  
3.850030085  
1.245294444  
-1.900654947  
-4.858751553  
-6.940695702  
-7.72077593  
-7.175300835  
-5.690497564  
-3.9347398  
-2.637652203  
-2.350456318  
-3.267652357  
-5.168130107  
-7.492161726  
-9.524510558  
-10.61938312  
-10.39187156  
-8.815840006  
-6.203442841  
-3.083044784  
-0.02537636421  
2.519299789  
4.320425364  
5.378567883  
5.85917515  
5.986098293  
5.942493902  
5.817118938  
5.609988768  
5.283632255  
4.826605712  
4.292524645  
3.791660253  
3.436730646  
3.268928909  
3.203198063  
3.027089703  
2.465972285  
1.29749576  
-0.5274650385  
-2.810105623  
-5.116208879  
-6.8862829  
-7.615040533  
-7.040214609  
-5.269226647  
-2.787772834  
-0.3330159303  
1.336650806  
1.701803008  
0.6807012543  
-1.310325974  
-3.467863451  
-4.857724723  
-4.736842417  
-2.832365777  
0.5220737233  
4.448941894  
7.778082649  
9.411023932  
8.68057345  
5.585079488  
0.8152982825  
-4.440383506  
-8.852431726  
-11.3532144  
-11.45480671  
-9.37771665  
-5.950169192  
-2.314834154  
0.4556376321  
1.703475416  
1.375965077  
0.0009530556353  
-1.537122452  
-2.336743798  
-1.81198516  
0.09899898571  
2.920685012  
5.822498051  
7.92729658  
8.632523829  
7.827544736  
5.929477751  
3.726081289  
2.084178677  
1.6302963  
2.519800103  
4.378398979  
6.437361365  
7.813811146  
7.835037803  
6.289822905  
3.515756144  
0.2901186457  
-2.437911122  
-3.879342802  
-3.68437698  
-2.069621549  
0.2516268804  
2.311885609  
3.220278696  
2.466773719  
0.09536877142  
-3.311670191  
-6.830045702  
-9.499401001  
-10.63183509  
-10.01754168  
-7.96082052  
-5.140969033  
-2.354160934  
-0.2326790245  
0.9572423936  
1.369131587  
1.467480915  
1.802197811  
2.754115193  
4.349082816  
6.212083959  
7.681118178  
8.041690065  
6.798273303  
3.884580824  
-0.2648001423  
-4.810686266  
-8.74413092  
-11.18222437  
-11.62643583  
-10.09826521  
-7.109730483  
-3.482703183  
-0.0819547813  
2.446065508  
3.841639925  
4.255470227  
4.127809122  
3.973785187  
4.157097859  
4.735863346  
5.436273988  
5.762300513  
5.200061667  
3.441049953  
0.5412467243  
-3.04463237  
-6.570890562  
-9.217912588  
-10.34736435  
-9.710000803  
-7.535376864  
-4.471445589  
-1.391307242  
0.8720910271  
1.779165495  
1.244802873  
-0.3427472067  
-2.250013791  
-3.632138699  
-3.799033347  
-2.432045947  
0.3135907839  
3.848875401  
7.318485854  
9.842967377  
10.76324475  
9.817499859  
7.203341274  
3.513515239  
-0.4302662969  
-3.793801069  
-5.935318014  
-6.544871421  
-5.686581208  
-3.741335467  
-1.274811723  
1.12637948  
3.003306444  
4.119727223  
4.483744115  
4.298434525  
3.863259195  
3.459750615  
3.256592447  
3.260992042  
3.328180072  
3.223355866  
2.715210027  
1.671294703  
0.1251140984  
-1.707010612  
-3.466870817  
-4.743714365  
-5.187993451  
-4.617116292  
-3.081532289  
-0.8693218863  
1.555685646  
3.668118006  
5.017390252  
5.347984448  
4.668457286  
3.247529403  
1.536304352  
0.03752775849  
-0.8408428753  
-0.9047462333  
-0.2300704297  
0.8617910135  
1.902228562  
2.418426338  
2.078127776  
0.7925467929  
-1.253415659  
-3.652035686  
-5.88827014  
-7.483914401  
-8.126531117  
-7.745258941  
-6.513407238  
-4.781274799  
-2.964161121  
-1.423052812  
-0.375253263  
0.1401892248  
0.2372030622  
0.1127209522  
-0.0391489571  
-0.09735903068  
-0.0456055116  
0.0412716924  
0.04550411316  
-0.1336626576  
-0.5338546945  
-1.115254413  
-1.781754514  
-2.425833646  
-2.97537481  
-3.419836987  
-3.802287981  
-4.178965513  
-4.563421187  
-4.881313762  
-4.960461506  
-4.568666667  
-3.493054067  
-1.636307004  
0.9056238165  
3.817936235  
6.612353415  
8.738786485  
9.734471974  
9.365587203  
7.714569846  
5.180676211  
2.387636534  
0.02214629731  
-1.349691416  
-1.432235318  
-0.2704877091  
1.780388598  
4.174695934  
6.344743608  
7.862739785  
8.544042371  
8.461076341  
7.868913787  
7.074506969  
6.301004655  
5.599210153  
4.839975887  
3.790287797  
2.243235949  
0.1499077025  
-2.302034791  
-4.700780405  
-6.518764953  
-7.285400583  
-6.765305105  
-5.075906478  
-2.694638125  
-0.3415911237  
1.233223497  
1.492676646  
0.3043788966  
-1.988187993  
-4.648759156  
-6.769185183  
-7.564053409  
-6.646022327  
-4.189344273  
-0.9201620927  
2.074663226  
3.670041635  
3.061215304  
0.04684691188  
-4.856285115  
-10.51108551  
-15.4501316  
-18.27768165  
-18.06708315  
-14.63570972  
-8.614584111  
-1.290315937  
5.735479651  
10.97053116  
13.41773501  
12.81385249  
9.658399368  
5.03342953  
0.2759914523  
-3.394831379  
-5.186858938  
-4.896122998  
-2.886713224  
0.08774351546  
3.151926064  
5.575797466  
6.959350987  
7.287646542  
6.855126267  
6.100922928  
5.422168862  
5.032955874  
4.913884709  
4.860728932  
4.603990336  
3.947046805  
2.867004873  
1.539536679  
0.279640724  
-0.5771776989  
-0.8064519955  
-0.3878658625  
0.4763944031  
1.426044686  
2.066937796  
2.109842786  
1.472887256  
0.3099255872  
-1.046061639  
-2.204530859  
-2.860411768  
-2.907100533  
-2.478635924  
-1.9053539  
-1.598060375  
-1.90091473  
-2.964027616  
-4.679572902  
-6.702747874  
-8.549499012  
-9.737013098  
-9.919699529  
-8.977060542  
-7.028595961  
-4.377513339  
-1.409466694  
1.513937374  
4.129117107  
6.290414339  
7.937958235  
9.037159568  
9.524522369  
9.29065873  
8.214082225  
6.235535827  
3.441888601  
0.1196908272  
-3.254284785  
-6.096573315  
-7.857402788  
-8.17614249  
-6.999266979  
-4.616146671  
-1.593099698  
1.379745596  
3.683168947  
4.942693195  
5.123576228  
4.514083298  
3.601749872  
2.884649419  
2.683364247  
3.02050158  
3.612070155  
3.976187714  
3.622527333  
2.255784614  
-0.08090106068  
-2.977813283  
-5.761852452  
-7.701074788  
-8.24350115  
-7.208572485  
-4.863260026  
-1.852691071  
0.9955758331  
2.930434602  
3.513141225  
2.750405908  
1.078915105  
-0.7940179625  
-2.139341747  
-2.45902048  
-1.654911996  
-0.05462892919  
1.71523528  
2.964420176  
3.19984258  
2.318419157  
0.6605805747  
-1.099077049  
-2.190430934  
-2.03535948  
-0.4838017785  
2.087729521  
4.856781855  
6.796380138  
7.003445541  
5.00857532  
0.9642538596  
-4.354328156  
-9.74225888  
-13.89574252  
-15.7801254  
-14.92205783  
-11.53680995  
-6.454006179  
-0.8685812365  
4.002520739  
7.250498413  
8.492464566  
7.917204034  
6.156647127  
4.036338319  
2.294105336  
1.360843336  
1.270931487  
1.721861485  
2.25035192  
2.453392925  
2.169962803  
1.556320248  
1.027916145  
1.089851484  
2.118290596  
4.173576697  
6.915848511  
9.659441471  
11.55512061  
11.84521954  
10.11081512  
6.430588982  
1.397789192  
-4.014322341  
-8.701043247  
-11.7163592  
-12.51996119  
-11.11033561  
-8.008250168  
-4.099634642  
-0.3874081509  
2.273998782  
3.386373766  
2.903351727  
1.195044494  
-1.09843294  
-3.274261312  
-4.770926132  
-5.310760829  
-4.945064185  
-3.996955609  
-2.927283618  
-2.169552309  
-1.985729791  
-2.385387963  
-3.129603745  
-3.815115319  
-4.011048673  
-3.405989944  
-1.921238915  
0.2438587245  
2.649196801  
4.725490893  
5.931005874  
5.91115497  
4.616376118  
2.343283034  
-0.3170050336  
-2.615346937  
-3.834748744  
-3.48679499  
-1.462191467  
1.907947586  
5.902546362  
9.566876361  
11.94015202  
12.29872164  
10.35159497  
6.334474392  
0.9730497761  
-4.679895889  
-9.494662665  
-12.53848737  
-13.30129233  
-11.8132184  
-8.6225514  
-4.640548748  
-0.8961672391  
1.731816105  
2.732539796  
2.073317184  
0.1766006068  
-2.223917393  
-4.302189073  
-5.36874568  
-5.045421654  
-3.341063771  
-0.614969787  
2.55174119  
5.531405944  
7.816809769  
9.132861549  
9.467634699  
9.024879298  
8.12411856  
7.08737061  
6.150131662  
5.420533152  
4.890186015  
4.481352135  
4.104078082  
3.697486776  
3.240070561  
2.729828604  
2.149470078  
1.438953391  
0.4944071181  
-0.7995762662  
-2.513136486  
-4.611879512  
-6.92187694  
-9.139468975  
-10.89110004  
-11.82939439  
-11.73629743  
-10.59827309  
-8.625421229  
-6.203828247  
-3.792965377  
-1.79927832  
-0.4663905026  
0.1822998063  
0.3300839377  
0.2879951549  
0.3783745987  
0.8217375297  
1.666050752  
2.781996588  
3.923713452  
4.830473319  
5.32978608  
5.40191152  
5.180343133  
4.887324722  
4.728968045  
4.791495642  
4.981843331  
5.041031393  
4.632069712  
3.475167217  
1.482208108  
-1.161790812  
-4.007768925  
-6.450011139  
-7.904685202  
-8.0043939  
-6.742975351  
-4.516204106  
-2.035128852  
-0.1296757113  
0.5020751563  
-0.4778050354  
-2.915352067  
-6.176662689  
-9.307301712  
-11.29665915  
-11.37061606  
-9.224812714  
-5.12731299  
0.1418418979  
5.497371559  
9.84077783  
12.35133597  
12.69121386  
11.06743579  
8.137892077  
4.796080579  
1.904493425  
0.05902480023  
-0.5467390852  
-0.1230025331  
0.8397116239  
1.770985483  
2.228245617  
2.04380464  
1.366514344  
0.5898453986  
0.1956904646  
0.5693183843  
1.848023061  
3.852523958  
6.12168451  
8.037334337  
8.998197621  
8.588550017  
6.691800581  
3.51880892  
-0.4515508323  
-4.595978869  
-8.29435729  
-11.05872042  
-12.61177062  
-12.90245353  
-12.06666155  
-10.35604814  
-8.062889645  
-5.463802505  
-2.792873936  
-0.2410886144  
2.030962418  
3.882857399  
5.197652152  
5.900356651  
5.983406906  
5.525185651  
4.688315163  
3.691437568  
2.758641239  
2.060580437  
1.666390765  
1.523760027  
1.476165496  
1.314166047  
0.8460635226  
-0.03375186894  
-1.300409631  
-2.792582984  
-4.247573876  
-5.367563237  
-5.897895848  
-5.695210951  
-4.76688309  
-3.272180158  
-1.486527663  
0.2600848853  
1.65388407  
2.46015678  
2.565002387  
1.989445708  
0.8762961202  
-0.5444978264  
-2.003227886  
-3.24102528  
-4.055043213  
-4.331086969  
-4.058536714  
-3.324774704  
-2.289560534  
-1.14384853  
-0.06188115515  
0.8412865928  
1.534143689  
2.065716636  
2.533430513  
3.029953333  
3.586265901  
4.132947904  
4.499124242  
4.45803633  
3.812104713  
2.493538496  
0.6452268343  
-1.353877181  
-2.942132786  
-3.507185492  
-2.568685766  
0.03915900822  
4.045375502  
8.73091971  
13.0507818  
15.87242235  
16.27425764  
13.82193721  
8.737684279  
1.901998501  
-5.327579017  
-11.44181041  
-15.1643403  
-15.78769205  
-13.36194438  
-8.677287756  
-3.041561791  
2.084633213  
5.488542239  
6.523009995  
5.247681467  
2.354491617  
-1.094342727  
-4.028938778  
-5.716982568  
-5.980531515  
-5.216400824  
-4.217307502  
-3.857082689  
-4.748458568  
-6.991044557  
-10.09695425  
-13.12201629  
-14.96123504  
-14.71138643  
-11.98015483  
-7.037959984  
-0.7602926223  
5.62234271  
10.88597908  
14.16856952  
15.20402155  
14.36075129  
12.47613336  
10.54628327  
9.37808459  
9.321354984  
10.17007621  
11.2627163  
11.74311209  
10.88858945  
8.389688393  
4.483486846  
-0.1061549954  
-4.400871224  
-7.491985626  
-8.844012989  
-8.471689333  
-6.928249024  
-5.107708917  
-3.928214204  
-4.005035433  
-5.426080488  
-7.708553671  
-9.954026826  
-11.1518161  
-10.52975247  
-7.834791797  
-3.448532714  
1.702670615  
6.415553994  
9.569842608  
10.46467665  
9.024681479  
5.812274255  
1.846158171  
-1.712140654  
-3.901773386  
-4.228352446  
-2.773746546  
-0.1250369558  
2.842936531  
5.25237219  
6.479156225  
6.302213881  
4.908075755  
2.764759025  
0.4223186958  
-1.682047609  
-3.34481467  
-4.605902157  
-5.654632684  
-6.678370712  
-7.720625637  
-8.60982452  
-8.991271789  
-8.453938959  
-6.705928871  
-3.731709506  
0.1319883918  
4.237478418  
7.779602274  
10.01626588  
10.48585269  
9.150127304  
6.414548596  
3.017485817  
-0.1775624768  
-2.421799617  
-3.278867716  
-2.721773136  
-1.10431249  
0.9766669766  
2.878045905  
4.100384815  
4.411957731  
3.873974124  
2.769465171  
1.470615136  
0.2972963545  
-0.582089646  
-1.176066076  
-1.620271583  
-2.07933874  
-2.644514316  
-3.27063661  
-3.77902024  
-3.925847858  
-3.509157512  
-2.471420858  
-0.9551644272  
0.7141766531  
2.116947684  
2.871035158  
2.760814455  
1.816497702  
0.3132375283  
-1.312759213  
-2.60435773  
-3.232256327  
-3.100596352  
-2.371622823  
-1.399523953  
-0.5955208602  
-0.2713418352  
-0.5171215346  
-1.159175476  
-1.816125106  
-2.037493239  
-1.478909744  
-0.05295539742  
1.999828037  
4.15050009  
5.726264845  
6.118504139  
4.98938846  
2.409322997  
-1.123207767  
-4.792000774  
-7.675591961  
-9.000594172  
-8.360521011  
-5.833838402  
-1.965029776  
2.38613047  
6.281907053  
8.959537708  
10.02501327  
9.532304903  
7.928754385  
5.888723401  
4.091058783  
3.011239325  
2.791733767  
3.226941564  
3.861410726  
4.16393252  
3.717246251  
2.360546223  
0.2397913388  
-2.247067408  
-4.587553456  
-6.325420038  
-7.20564549  
-7.244757951  
-6.704228844  
-5.978301716  
-5.437072403  
-5.280931456  
-5.458582864  
-5.679153378  
-5.516581382  
-4.572586917  
-2.643461885  
0.1669754105  
3.429798143  
6.480036161  
8.589453519  
9.172562662  
7.963828473  
5.11170563  
1.160001196  
-3.079401924  
-6.726237365  
-9.047234577  
-9.627469726  
-8.45281359  
-5.886040684  
-2.550294364  
0.8413503122  
3.659654279  
5.489732978  
6.189149046  
5.868506943  
4.81238009  
3.372840176  
1.870640545  
0.5304516705  
-0.538917165  
-1.324714879  
-1.867893068  
-2.218769295  
-2.406995048  
-2.43277919  
-2.276485982  
-1.917128309  
-1.349349886  
-0.5922199933  
0.3106944836  
1.295546662  
2.281016607  
3.166927676  
3.831350103  
4.133622599  
3.931565533  
3.116731839  
1.662638176  
-0.3288135263  
-2.603392896  
-4.772107883  
-6.378655398  
-7.008146495  
-6.410485715  
-4.600084893  
-1.893654452  
1.137922473  
3.80242702  
5.473621586  
5.780315338  
4.736796803  
2.766457625  
0.6001221334  
-0.9302652778  
-1.146030106  
0.2527946141  
3.064644033  
6.612165828  
9.917785728  
11.98248522  
12.08574482  
10.01390123  
6.142987601  
1.345475399  
-3.254933569  
-6.607687992  
-8.039737954  
-7.445441297  
-5.302795869  
-2.511406476  
-0.1039670336  
1.076899407  
0.6342661984  
-1.274571071  
-4.008037266  
-6.662272541  
-8.370187808  
-8.57936435  
-7.219797426  
-4.710560794  
-1.808514123  
0.6463832154  
2.002409726  
1.995006047  
0.8113104163  
-0.994736135  
-2.701765331  
-3.663441531  
-3.511818599  
-2.256729421  
-0.254871492  
1.932208647  
3.735497513  
4.76018053  
4.890816704  
4.290230473  
3.302157388  
2.301457209  
1.551781756  
1.123647623  
0.8996391357  
0.6583236977  
0.1980911499  
-0.5524157686  
-1.483819326  
-2.33721739  
-2.80559123  
-2.665242221  
-1.884031365  
-0.6608618785  
0.6234835038  
1.53009555  
1.716742195  
1.066672444  
-0.2579789524  
-1.860999635  
-3.24209691  
-3.967338799  
-3.81922508  
-2.87183538  
-1.462796713  
-0.07111291078  
0.8556690893  
1.062316123  
0.5758069024  
-0.3094719452  
-1.146839341  
-1.511371825  
-1.168960552  
-0.17700227  
1.122817739  
2.220516623  
2.623486963  
2.046227889  
0.5350302719  
-1.520056723  
-3.494717875  
-4.727161161  
-4.736390695  
-3.387168257  
