-2.216665713  
-2.324271963  
-2.294640455  
-2.419797697  
-2.844132801  
-3.510140487  
-4.187009842  
-4.570929508  
-4.418932362  
-3.664907244  
-2.472140463  
-1.199399938  
-0.2893998593  
-0.1176540478  
-0.8556159848  
-2.398628187  
-4.387082813  
-6.316354392  
-7.69896473  
-8.222898395  
-7.85027982  
-6.820984539  
-5.559283001  
-4.51624348  
-4.004117379  
-4.082404289  
-4.537393776  
-4.963664918  
-4.919268311  
-4.09905696  
-2.463049335  
-0.271671433  
1.987697661  
3.759713733  
4.611300868  
4.386381934  
3.269581302  
1.734234728  
0.3902466534  
-0.2174618707  
0.2088178979  
1.619533446  
3.635116693  
5.675470403  
7.157933556  
7.696173795  
7.231817068  
6.053345647  
4.695137951  
3.750314985  
3.660400713  
4.552831539  
6.181560599  
7.99186795  
9.289723993  
9.462047399  
8.178214029  
5.509661973  
1.930859763  
-1.798145942  
-4.83181954  
-6.463101203  
-6.30827358  
-4.40434387  
-1.197861877  
2.565187965  
6.014077336  
8.345905302  
8.991019299  
7.718937099  
4.670409376  
0.3184840917  
-4.626523339  
-9.347355085  
-13.06372943  
-15.16940061  
-15.34316515  
-13.61569528  
-10.37640088  
-6.310651329  
-2.269419638  
0.9103855483  
2.599547238  
2.537130931  
0.9108055402  
-1.675675849  
-4.352296675  
-6.219605355  
-6.6114785  
-5.307079017  
-2.622328291  
0.6582298941  
3.501530071  
4.941088152  
4.39462673  
1.88294738  
-1.927642777  
-5.886326915  
-8.685673001  
-9.263680963  
-7.157113615  
-2.690885315  
3.066498317  
8.581261391  
12.29227079  
13.08046333  
10.62601643  
5.538409479  
-0.7890322105  
-6.564975523  
-10.11598852  
-10.37958622  
-7.225399291  
-1.505451301  
5.184244826  
10.96143808  
14.19896616  
13.98914351  
10.39490342  
4.416750314  
-2.309385913  
-7.988513561  
-11.17292098  
-11.14987642  
-8.102626595  
-3.008253871  
2.684210586  
7.489179174  
10.29925439  
10.65953736  
8.831509346  
5.644295894  
2.195266989  
-0.497600364  
-1.783082933  
-1.523216454  
-0.06904099674  
1.908601579  
3.664643247  
4.616119024  
4.495505886  
3.382105038  
1.616765816  
-0.3562782084  
-2.156463128  
-3.582182759  
-4.637839527  
-5.471325806  
-6.254055635  
-7.055810843  
-7.767065981  
-8.102779955  
-7.690978344  
-6.217563166  
-3.576846446  
0.02745773992  
4.072036837  
7.807572864  
10.43589217  
11.32264897  
10.18408942  
7.191359122  
2.957875075  
-1.592182642  
-5.442622694  
-7.734599214  
-7.980619127  
-6.186117791  
-2.845963657  
1.183414023  
4.902601312  
7.420913722  
8.175328208  
7.059922293  
4.433438732  
1.005343204  
-2.366665902  
-4.911339865  
-6.146236753  
-5.992883773  
-4.774591588  
-3.100037313  
-1.66809478  
-1.051855072  
-1.525688832  
-2.986397143  
-4.991643906  
-6.903546432  
-8.093244109  
-8.143011489  
-6.982415405  
-4.914603986  
-2.522606382  
-0.4834291884  
0.6522427975  
0.6442793302  
-0.3496561833  
-1.815378754  
-3.043020627  
-3.359513303  
-2.359821135  
-0.06176174847  
3.069012644  
6.237638318  
8.550612231  
9.289967345  
8.14656212  
5.338279266  
1.572777768  
-2.138240942  
-4.76035649  
-5.530396793  
-4.175405646  
-0.9914581313  
3.240461009  
7.475071444  
10.69307327  
12.17482039  
11.67864723  
9.47621543  
6.241896673  
2.836830977  
0.05745560912  
-1.57553579  
-1.929213837  
-1.247262969  
-0.0307662703  
1.142426687  
1.798780444  
1.695845018  
0.8628599481  
-0.4459297548  
-1.858707176  
-3.011899956  
-3.652253014  
-3.687227822  
-3.177724254  
-2.287743781  
-1.217979234  
-0.1505445604  
0.7781911983  
1.475331022  
1.872234896  
1.907272328  
1.526036956  
0.7034418472  
-0.5215574173  
-2.017480132  
-3.558020811  
-4.857130569  
-5.637411754  
-5.711990574  
-5.050742012  
-3.803329211  
-2.264627626  
-0.7884733617  
0.3242203925  
0.9246924097  
1.066016746  
0.9816188363  
0.9955845563  
1.393121039  
2.296135425  
3.590333871  
4.934680261  
5.856451412  
5.904551973  
4.811198139  
2.605979584  
-0.3603744875  
-3.496262538  
-6.13217631  
-7.71592971  
-7.976844839  
-7.004092352  
-5.211754074  
-3.200749559  
-1.562581732  
-0.6900636916  
-0.6585308762  
-1.217664736  
-1.896722955  
-2.187206812  
-1.740047157  
-0.5086876206  
1.213002223  
2.87378465  
3.843922591  
3.631663309  
2.065394195  
-0.620334591  
-3.825940384  
-6.74502102  
-8.591589482  
-8.826097537  
-7.310589797  
-4.346215104  
-0.5837399409  
3.16283635  
6.140710731  
1.485095156  
1.794691002  
2.614718823  
3.705347598  
4.631552602  
4.915366958  
4.212602586  
2.453233905  
-0.1040466764  
-2.924794443  
-5.345635539  
-6.76987638  
-6.849977595  
-5.597986682  
-3.387382319  
-0.8440563683  
1.340373699  
2.614845416  
2.730165044  
1.804991503  
0.276394239  
-1.248548392  
-2.192360021  
-2.194423504  
-1.226758782  
0.3976365793  
2.125478889  
3.340073726  
3.557997452  
2.583712002  
0.5745210444  
-2.003040854  
-4.510101274  
-6.321955956  
-7.006454415  
-6.440879085  
-4.83455971  
-2.654475515  
-0.4804442938  
1.163579085  
1.951127307  
1.827997621  
1.003131175  
-0.1353286459  
-1.14828148  
-1.677334828  
-1.541903529  
-0.7777738211  
0.387257761  
1.606453024  
2.509995399  
2.795405649  
2.290803626  
0.9811131045  
-1.000440794  
-3.404765683  
-5.90994959  
-8.164561211  
-9.826755059  
-10.60011486  
-10.26926994  
-8.736265389  
-6.053585962  
-2.444397386  
1.701783733  
5.867156214  
9.478867796  
12.00807682  
13.07538607  
12.53748165  
10.53119647  
7.459848294  
3.920748895  
0.5878007238  
-1.924745487  
-3.186290555  
-3.03343842  
-1.595106753  
0.7445055024  
3.434497087  
5.876020572  
7.544991555  
8.093977638  
7.414834332  
5.652745032  
3.171754908  
0.479929803  
-1.871878036  
-3.400039456  
-3.787836441  
-2.956440016  
-1.091905571  
1.380725783  
3.876001023  
5.767668046  
6.526729702  
5.847554774  
3.730495288  
0.4966084991  
-3.274933884  
-6.876276699  
-9.637424784  
-11.08740183  
-11.0659968  
-9.753520222  
-7.608144505  
-5.227051278  
-3.171022788  
-1.804346015  
-1.198780821  
-1.131665907  
-1.179623258  
-0.8791218628  
0.09665675631  
1.801624695  
3.966700496  
6.054865503  
7.407727798  
7.440797457  
5.828972663  
2.626049067  
-1.718103221  
-6.448248044  
-10.67602211  
-13.58447123  
-14.60857837  
-13.54583155  
-10.57436999  
-6.184558222  
-1.053399145  
4.097022852  
8.618962653  
12.01311095  
13.95448759  
14.28475646  
12.99366941  
10.20877696  
6.19980598  
1.38829356  
-3.658003797  
-8.267320182  
-11.75312843  
-13.54166526  
-13.30879472  
-11.08470264  
-7.286098733  
-2.652383343  
1.91000247  
5.540524632  
7.638115539  
8.013168077  
6.930065327  
5.023123616  
3.106906521  
1.935006823  
1.978572666  
3.291047959  
5.499676682  
7.925280359  
9.792172177  
10.46243005  
9.622168962  
7.363815923  
4.142443638  
0.6245202115  
-2.519004327  
-4.807324385  
-6.070642969  
-6.46194593  
-6.361394066  
-6.210370475  
-6.334348627  
-6.815743033  
-7.459570699  
-7.862697011  
-7.562426336  
-6.213914372  
-3.736547545  
-0.3798101422  
3.314827465  
6.646163555  
8.940466769  
9.737664618  
8.921431927  
6.755514431  
3.816676767  
0.8444473872  
-1.449497869  
-2.560061465  
-2.308940208  
-0.877701191  
1.250541646  
3.421518177  
4.976189185  
5.410964475  
4.494200219  
2.314629266  
-0.7452496518  
-4.100533834  
-7.096460857  
-9.151383842  
-9.879080213  
-9.165196716  
-7.183098661  
-4.34745956  
-1.217195454  
1.629754997  
3.720867888  
4.783716923  
4.78862736  
3.929716952  
2.550505514  
1.035408695  
-0.3017234008  
-1.299319431  
-1.975651445  
-2.494027313  
-3.077047801  
-3.898513402  
-4.990265344  
-6.198165407  
-7.206430967  
-7.627309773  
-7.12993503  
-5.566774396  
-3.053433236  
0.02988982507  
3.122899947  
5.634757286  
7.114483379  
7.387929519  
6.614636944  
5.241319203  
3.861407549  
3.021276288  
3.033267162  
3.856422323  
5.086817182  
6.066198719  
6.080340122  
4.589261576  
1.419618762  
-3.140557969  
-8.376227597  
-13.3017282  
-16.89598171  
-18.35046822  
-17.26150337  
-13.71644684  
-8.255908242  
-1.730294304  
4.902581263  
10.77955379  
15.28107446  
18.09631046  
19.20251186  
18.7831351  
17.12392615  
14.52592654  
11.26045925  
7.570035496  
3.699023915  
-0.07338444276  
-3.424561587  
-6.018378226  
-7.569592765  
-7.921623195  
-7.107819762  
-5.369254783  
-3.115700401  
-0.8360250479  
1.017792964  
2.138530358  
2.430728706  
2.016883807  
1.182351927  
0.2780517  
-0.3874950564  
-0.6333761215  
-0.4447594745  
0.04270683969  
0.6019694933  
0.9935460226  
1.037068353  
0.6539320265  
-0.1275735494  
-1.199062558  
-2.41463808  
-3.630265902  
-4.725906684  
-5.606728461  
-6.190631855  
-6.39597321  
-6.143072431  
-5.375774601  
-4.098146829  
-2.411377513  
-0.5314414262  
1.228015254  
2.511913126  
3.008429214  
2.538528952  
1.121074792  
-1.0113275  
-3.456545221  
-5.738988785  
-7.431401761  
-8.266178635  
-8.201505681  
-7.420826704  
-6.265064165  
-5.118719583  
-4.286219612  
-3.898281462  
-3.878413921  
-3.979745329  
-3.879130968  
-3.296322682  
-2.097674481  
-0.348961789  
1.701009134  
3.701080111  
5.316048966  
6.342962757  
6.785728824  
6.861617934  
6.934884818  
7.396490574  
8.526483388  
10.38197098  
12.74659082  
15.15944897  
17.01826377  
17.72984833  
16.86774244  
14.2947927  
10.21844926  
5.164672743  
-0.1226812915  
-4.831978833  
-8.247783617  
-9.891821986  
-9.611689154  
-7.601443343  
-4.353957874  
-0.5586343981  
3.03235118  
5.742242318  
7.086861113  
6.851014674  
5.112923588  
2.214931708  
-1.311978529  
-4.854651862  
-7.834838005  
-9.814744648  
-10.57115921  
-10.12438283  
-8.717445188  
-6.751597815  
-4.693555678  
-2.976059123  
-1.914151046  
-1.654831612  
-2.168602309  
-3.280262116  
-4.726526173  
-6.222287218  
-7.517345865  
-8.430840506  
-8.859507601  
-8.764988631  
-8.151674224  
-7.047899195  
-5.499382872  
-3.576464347  
-1.388831591  
0.9036051017  
3.095128109  
4.960097329  
6.297689452  
6.983830782  
7.013058828  
6.513328715  
5.723728207  
4.936642949  
4.41839995  
4.331319077  
4.682108792  
5.315183348  
5.956249764  
6.295628419  
6.087118104  
5.231803761  
3.819209984  
2.110520217  
0.4663068641  
-0.7609743642  
-1.337448064  
-1.226683946  
-0.6110096572  
0.153713547  
0.6386370689  
0.4693137994  
-0.5572376217  
-2.400565903  
-4.77171191  
-7.197270943  
-9.134795307  
-10.10713455  
-9.818632169  
-8.222335156  
-5.522472364  
-2.115461703  
1.510255733  
4.885239375  
7.650232325  
9.605658053  
10.71217562  
11.05057906  
10.76064954  
9.982415187  
8.819093382  
7.33047769  
5.553233005  
3.534434064  
1.360523609  
-0.8331308101  
-2.87837226  
-4.611195905  
-5.915620843  
-6.756713545  
-7.188275138  
-7.329653772  
-7.318041229  
-7.252620631  
-7.151574703  
-6.939783337  
-6.475063873  
-5.606813943  
-4.24818306  
-2.435770636  
-0.3526290873  
1.69892749  
3.371740441  
4.375262706  
4.572324658  
4.037600401  
3.053914482  
2.041119114  
1.434395281  
1.547079031  
2.461162204  
3.983012353  
5.683344422  
7.014547382  
7.472933728  
6.757014608  
4.87138171  
2.14058216  
-0.8754512853  
-3.54149794  
-5.334414678  
-5.998792176  
-5.619929477  
-4.588349225  
-3.464647851  
-2.786621975  
-2.88113602  
-3.743890304  
-5.029919707  
-6.162271132  
-6.527042082  
-5.692657937  
-3.580438209  
-0.52662389  
2.790527107  
5.541170664  
6.994891701  
6.752879479  
4.88499086  
1.923625894  
-1.288460322  
-3.851816372  
-5.086428333  
-4.741904257  
-3.072523742  
-0.7504072989  
1.357755012  
2.479939998  
2.200542969  
0.608428078  
-1.719490849  
-3.89714718  
-5.015741739  
-4.446819366  
-2.0643027  
1.687651482  
5.905453779  
9.483361889  
11.43831331  
11.20182641  
8.789203968  
4.795058601  
0.2191030889  
-3.821410897  
-6.402577569  
-7.033800244  
-5.758348359  
-3.092655438  
0.1659049005  
3.193449473  
5.371653409  
6.426279476  
6.437014176  
5.729218006  
4.697693733  
3.63259775  
2.612128328  
1.498576705  
0.03430976337  
-2.003114829  
-4.649106435  
-7.664489571  
-10.5497289  
-12.66159452  
-13.39604755  
-12.37702603  
-9.587951516  
-5.401656365  
-0.4981283568  
4.303745179  
8.247379355  
10.81097263  
11.8020997  
11.35310808  
9.829489576  
7.690342343  
5.35177025  
3.097272723  
1.057540452  
-0.7457409139  
-2.320985443  
-3.632395407  
-4.564642417  
-4.942533557  
-4.597509583  
-3.45278404  
-1.590353998  
0.7306051911  
3.116119604  
5.1294914  
6.402744076  
6.72938369  
6.106926593  
4.715958622  
2.84565356  
0.7946708832  
-1.215600912  
-3.084757838  
-4.821006346  
-6.482073759  
-8.097279598  
-9.605830345  
-10.83984371  
-11.56250433  
-11.54909002  
-10.68041189  
-9.011326618  
-6.784672292  
-4.38038055  
-2.213720619  
-0.6162859141  
0.2589201007  
0.4745326982  
0.2744784178  
-0.009569915318  
-0.07719425442  
0.2394254498  
0.9283626019  
1.821199755  
2.676347871  
3.28913037  
3.584668929  
3.655633189  
3.727599137  
4.062742042  
4.837376764  
6.041103254  
7.439821338  
8.623211309  
9.126712443  
8.589736094  
6.896148185  
4.246118738  
1.129958589  
-1.792867454  
-3.873789007  
-4.65758438  
-4.008818407  
-2.142184861  
0.4513196099  
3.15570473  
5.407027109  
6.837501888  
7.341787413  
7.049780109  
6.224236875  
5.128080125  
3.915586747  
2.590539262  
1.046860547  
-0.8263879279  
-3.02096269  
-5.322081163  
-7.30245647  
-8.413500869  
-8.152598757  
-6.253706706  
-2.834088612  
1.561256324  
6.045862366  
9.595116725  
11.31314799  
10.68538712  
7.739044382  
3.058854969  
-2.351955018  
-7.328704144  
-10.84764193  
-12.28720017  
-11.5742039  
-9.17610002  
-5.94603332  
-2.87032174  
-0.7941539069  
-0.2040447559  
-1.124857866  
-3.15249037  
-5.602717613  
-7.724648112  
-8.912745696  
-8.85763139  
-7.599094789  
-5.476587672  
-3.002613555  
-0.7038412837  
1.020982236  
1.987999245  
2.242354824  
2.005042467  
1.576728675  
1.232055327  
1.136303266  
1.305906462  
1.619204572  
1.869177437  
1.83924759  
1.379052461  
0.4591736837  
-0.8093140095  
-2.194947005  
-3.400390943  
-4.137740872  
-4.205869204  
-3.549671677  
-2.284177386  
-0.6738276674  
0.9320134673  
2.194245656  
2.886263846  
2.974115116  
2.647420975  
2.284585716  
2.35336261  
3.268080418  
5.241649406  
8.177754003  
11.64257406  
14.9358078  
17.25222861  
17.89566825  
16.48654732  
13.09982865  
8.285509148  
2.955688038  
-1.837986997  
-5.177443214  
-6.523468981  
-5.859061529  
-3.68451933  
-0.8619777713  
1.646351266  
3.067405234  
3.044458859  
1.730423595  
-0.2834744804  
-2.182149304  
-3.216203053  
-2.972792851  
-1.538271108  
0.5038261171  
2.243502932  
2.733218695  
1.305131342  
-2.184274228  
-7.262110164  
-12.93265525  
-17.9320927  
-21.06969866  
-21.55410028  
-19.20814649  
-14.51074006  
-8.457199042  
-2.284128861  
2.85662192  
6.179031222  
7.421821108  
6.849295299  
5.107952838  
2.994928126  
1.215863697  
0.2053748277  
0.05614283473  
0.5632790553  
1.35313478  
2.041940165  
2.366966912  
2.249667073  
1.779519321  
1.137309689  
0.4968110657  
-0.05230062488  
-0.5301201374  
-1.033849947  
-1.66428915  
-2.445371381  
-3.272931905  
-3.917041212  
-4.080963318  
-3.497692324  
-2.030172956  
0.2606220934  
3.104595326  
6.073388053  
8.677187627  
10.47705599  
11.17902934  
10.68503456  
9.092113431  
6.649157331  
3.69248073  
0.5840780089  
-2.330945228  
-4.744327046  
-6.391257704  
-7.059400653  
-6.613294663  
-5.036102948  
-2.476399876  
0.7231466072  
4.039984072  
6.843449193  
8.519517534  
8.621882819  
7.006549773  
3.904102258  
-0.1031161894  
-4.204832974  
-7.561421844  
-9.523784645  
-9.809222043  
-8.576694204  
-6.372887361  
-3.960026531  
-2.074625063  
-1.191054613  
-1.36555597  
-2.213810848  
-3.034360254  
-3.043801214  
-1.652280482  
1.307892161  
5.476248072  
10.02062271  
13.84630062  
15.90022288  
15.48139053  
12.46427812  
7.3660949  
1.23420523  
-4.617005626  
-8.946120818  
-10.90532895  
-10.25172175  
-7.391758866  
-3.250268359  
0.9944197174  
4.230837295  
5.699130536  
5.163151009  
2.928707743  
-0.2871341449  
-3.588597261  
-6.162192305  
-7.489605966  
-7.455273073  
-6.326445644  
-4.622769205  
-2.924023052  
-1.679527293  
-1.077577638  
-1.010780061  
-1.141278204  
-1.03876026  
-0.3431399823  
1.101118401  
3.180592336  
5.536245207  
7.664493331  
9.062436393  
9.371625775  
8.477150391  
6.53411416  
3.916894969  
1.109861387  
-1.425040545  
-3.363431137  
-4.583563189  
-5.165703508  
-5.331481274  
-5.347240797  
-5.425317893  
-5.655816355  
-5.989661432  
-6.275416698  
-6.333929622  
-6.042111455  
-5.394321751  
-4.517821031  
-3.634909474  
-2.983379851  
-2.722385478  
-2.857508848  
-3.214174433  
-3.473708618  
-3.26582511  
-2.291724714  
-0.4397304999  
2.145124197  
5.064233749  
7.746832503  
9.591236712  
10.12797898  
9.158261772  
6.826259142  
3.60165122  
0.1740846102  
-2.71337359  
-4.446985446  
-4.691682343  
-3.466889028  
-1.129721028  
1.727559858  
4.435500346  
6.416518509  
7.319880417  
7.089225837  
5.949794856  
4.325157126  
2.711339013  
1.544978124  
1.099934158  
1.435189849  
2.400701302  
3.692025917  
4.933709491  
5.767892606  
5.927911272  
5.284459404  
3.860754327  
1.820128404  
-0.5670658576  
-2.969807293  
-5.049915214  
-6.517403913  
-7.181897727  
-6.992399123  
-6.056133379  
-4.627721527  
-3.064309025  
-1.750341827  
-1.005640236  
-0.9987763959  
-1.690990358  
-2.831283346  
-4.011092282  
-4.769727901  
-4.724884518  
-3.691557379  
-1.752480702  
0.745364904  
3.27266857  
5.258568203  
6.250978933  
6.048584987  
4.762966929  
2.789073616  
0.6901513021  
-0.969780012  
-1.795312263  
-1.678430918  
-0.8290083046  
0.293524645  
1.126766161  
1.18487658  
0.2149862311  
-1.718256759  
-4.245939891  
-6.800808255  
-8.781497905  
-9.723021643  
-9.420673945  
-7.971047436  
-5.721636294  
-3.150449474  
-0.7188749745  
1.25234299  
2.644589234  
3.524569175  
4.06203957  
4.418009795  
4.649333122  
4.668659429  
4.277480403  
3.26178365  
1.514969285  
-0.8602285025  
-3.514713835  
-5.904228911  
-7.421976821  
-7.576163527  
-6.157019428  
-3.336584604  
0.3377163629  
4.063092646  
6.986549024  
8.438270482  
8.124410546  
6.21966256  
3.327929234  
0.3180803306  
-1.920693339  
-2.734190101  
-1.894744654  
0.3281663673  
3.240844483  
5.92282763  
7.493418522  
7.371190057  
5.451834205  
2.152575451  
-1.69067119  
-5.045458092  
-6.962530393  
-6.835323222  
-4.567389649  
-0.6021394247  
4.191987691  
8.747652111  
12.07256893  
13.49587926  
12.82097826  
10.3466716  
6.756311235  
2.911520995  
-0.3873743125  
-2.605099052  
-3.58351144  
-3.535208277  
-2.928002403  
-2.301954463  
-2.079525601  
-2.429420164  
-3.225919071  
-4.114020239  
-4.656244213  
-4.510380086  
-3.577121686  
-2.065894748  
-0.4533798246  
0.6557523684  
0.7237761556  
-0.5314956711  
-3.016689577  
-6.253945044  
-9.491595406  
-11.90527632  
-12.83081583  
-11.95869615  
-9.430030301  
-5.803322418  
-1.900519355  
1.42209704  
3.509701091  
4.081164505  
3.287855535  
1.64456703  
-0.1422105756  
-1.392684809  
-1.650354531  
-0.798084376  
0.9370908854  
3.084206304  
5.094223314  
6.513136393  
7.105583573  
6.892574596  
6.09897734  
5.03808587  
3.981262342  
3.062922704  
2.255010741  
1.416790463  
0.3958061277  
-0.8642907248  
-2.256451385  
-3.51533582  
-4.298402457  
-4.315867025  
-3.460989448  
-1.888335463  
-0.003719091887  
1.639840482  
2.511165566  
2.280086946  
0.944273708  
-1.144134936  
-3.367706321  
-5.025041469  
-5.547875596  
-4.6833257  
-2.580103834  
0.2516836889  
3.095726156  
5.24957451  
6.23735144  
5.945136884  
4.635141226  
2.836044587  
1.149010481  
0.03745274415  
-0.3263519384  
-0.104965614  
0.284365875  
0.3443654808  
-0.2958067412  
-1.716453155  
-3.645415373  
-5.522876197  
-6.673485582  
-6.529072801  
-4.827240579  
-1.718753  
2.25295264  
6.29425204  
9.579902639  
11.47776314  
11.70967237  
10.40165335  
8.014516486  
5.184903736  
2.533828496  
0.5056341012  
-0.7154397312  
-1.194954657  
-1.162125274  
-0.8905436602  
-0.5953350361  
-0.3837642685  
-0.2701803197  
-0.2373937227  
-0.3067792199  
-0.5765052648  
-1.202445838  
-2.323378076  
-3.960065757  
-5.934727859  
-7.855637236  
-9.190355036  
-9.417314236  
-8.211783312  
-5.601616103  
-2.030143219  
1.710874658  
4.67339387  
6.021115807  
5.293144339  
2.577198146  
-1.470653368  
-5.777078479  
-9.136651206  
-10.54990714  
-9.513212731  
-6.171556525  
-1.286294172  
3.9734529  
8.352697026  
10.84878858  
10.96577317  
8.813577583  
5.03106533  
0.5675209697  
-3.601105251  
-6.729504375  
-8.45772451  
-8.82678861  
-8.167919455  
-6.919636261  
-5.446725964  
-3.927257657  
-2.342448488  
-0.5617614128  
1.521808327  
3.869840137  
6.246652474  
8.264736252  
9.514142903  
9.726451509  
8.906456185  
7.3730251  
5.682338733  
4.450820044  
4.135174782  
4.848016375  
6.280622126  
7.770632158  
8.502904362  
7.78335101  
5.295647714  
1.250976858  
-3.627643497  
-8.291613729  
-11.6712908  
-13.00436952  
-12.08161208  
-9.326714983  
-5.678742348  
-2.309115921  
-0.2598099756  
-0.1167389004  
-1.822971623  
-4.692978226  
-7.625293518  
-9.447683409  
-9.286526859  
-6.844533931  
-2.500521313  
2.798184132  
7.814410567  
11.38158275  
12.73297848  
11.69994114  
8.723623275  
4.68585941  
0.6216978378  
-2.589172352  
-4.453279237  
-4.948532027  
-4.447674773  
-3.519079926  
-2.683441285  
-2.215922342  
-2.063011178  
-1.899389444  
-1.298379457  
0.0518496791  
2.170909611  
4.718472162  
7.067881063  
8.501525289  
8.463298816  
6.779907043  
3.76953947  
0.1916774474  
-2.955895249  
-4.734835066  
-4.566365997  
-2.436628911  
1.063027763  
4.880834365  
7.796616116  
8.776222237  
7.282580146  
3.449258881  
-1.936834798  
-7.639817614  
-12.30680462  
-14.83090296  
-14.64106927  
-11.83843802  
-7.145644549  
-1.691031862  
3.303804243  
6.840467926  
8.37594528  
7.912454983  
5.932283044  
3.210798027  
0.5731704152  
-1.329690701  
-2.164186025  
-1.945542438  
-0.9645744419  
0.3521413645  
1.594900618  
2.48586917  
2.925596365  
2.967588904  
2.743036791  
2.372470273  
1.901211594  
1.282059155  
0.4078266609  
-0.8236655485  
-2.441325798  
-4.358261214  
-6.372485093  
-8.210644741  
-9.597730081  
-10.32628784  
-10.30005784  
-9.538260718  
-8.143304132  
-6.249643438  
-3.978770235  
-1.421817426  
1.341837811  
4.198991906  
6.953853582  
9.305467602  
10.87381638  
11.27964098  
10.26060114  
7.787527183  
4.137062134  
-0.115021193  
-4.193192266  
-7.297391857  
-8.809294992  
-8.468995715  
-6.464489701  
-3.398732806  
-0.1348945129  
2.441335457  
3.675130595  
3.335841595  
1.689446264  
-0.5758105847  
-2.552159983  
-3.385118403  
-2.535088506  
0.05146883466  
3.913916901  
8.201758717  
11.9142747  
14.18338616  
14.51492251  
12.91728848  
9.881943869  
6.226071342  
2.849445317  
0.481871952  
-0.502719793  
-0.1536373402  
1.120019473  
2.714118403  
4.035554001  
4.680328697  
4.527925313  
3.728088655  
2.594142222  
1.448708143  
0.4821142302  
-0.3233379556  
-1.175871863  
-2.371202988  
-4.143601342  
-6.528349199  
-9.289988321  
-11.94850658  
-13.90135496  
-14.60503158  
-13.75736009  
-11.41881941  
-8.029030357  
-4.307619833  
-1.065830715  
1.015472817  
1.57412489  
0.6638192666  
-1.269433313  
-3.523878385  
-5.349546098  
-6.16377614  
-5.710750317  
-4.119690888  
-1.848407599  
0.4662232067  
2.202358201  
2.932326733  
2.534977612  
1.212251065  
-0.5886661148  
-2.31832329  
-3.486623209  
-3.794647908  
-3.200985657  
-1.909270888  
-0.2879113246  
1.248264942  
2.356698871  
2.852519932  
2.740560741  
2.191594743  
1.476568196  
0.8824132057  
0.6346041971  
0.8458130269  
1.499791058  
2.468904138  
3.555714142  
4.545392522  
5.256253095  
5.578886815  
5.49837633  
5.097283244  
4.539404908  
4.035992605  
3.798262546  
3.98312912  
4.642712274  
5.690768322  
6.898942649  
7.931224339  
8.415787317  
8.041967303  
6.65918958  
4.348940374  
1.443256944  
-1.525316893  
-3.938782293  
-5.249668443  
-5.137738641  
-3.621435502  
-1.085983305  
1.789238157  
4.193061788  
5.395739285  
4.955440834  
2.857831191  
-0.456204462  
-4.189673989  
-7.394113253  
-9.226408854  
-9.186668691  
-7.268703386  
-3.977384605  
-0.2043816155  
3.005703885  
4.734829612  
4.438771857  
2.093110696  
-1.802316944  
-6.36027926  
-10.54413074  
-13.43891007  
-14.4799982  
-13.57816305  
-11.11167363  
-7.794859421  
-4.467148217  
-1.866413272  
-0.4505356743  
-0.312494671  
-1.203512092  
-2.646051758  
-4.093831114  
-5.08655949  
-5.354491895  
-4.848764241  
-3.699782627  
-2.128989334  
-0.3517196503  
1.492730022  
3.361598156  
5.278151275  
7.268267151  
9.294063076  
11.21472116  
12.79353579  
13.75217505  
13.85486733  
12.99313563  
11.24029615  
8.854268527  
6.224481773  
3.77724131  
1.868030114  
0.693681736  
0.2510142926  
0.3535541462  
0.6995710493  
0.9687620764  
0.9169180016  
0.4398905097  
-0.4107845346  
-1.461958108  
-2.488347613  
-3.292586408  
-3.769349895  
-3.933662275  
-3.906299511  
-3.863356606  
-3.968115761  
-4.307993453  
-4.856600115  
-5.472162646  
-5.93211092  
-5.993067827  
-5.458998421  
-4.239202319  
-2.38185537  
-0.07596988693  
2.37732607  
4.616825138  
6.285352873  
7.093742774  
6.873686409  
5.611011518  
3.453980763  
0.6945434537  
-2.275751118  
-5.029441013  
-7.176341906  
-8.432794074  
-8.672249341  
-7.944659223  
-6.458151798  
-4.525492311  
-2.487600887  
-0.6339401813  
0.8581615185  
1.947488383  
2.709111168  
3.277527562  
3.772363144  
4.233360441  
4.589745445  
4.678344764  
4.307982633  
3.350068108  
1.823297551  
-0.06133587913  
-1.918669295  
-3.274227068  
-3.696141406  
-2.935692299  
-1.030534759  
1.667738672  
4.558912593  
6.94082375  
8.198754941  
7.982485165  
6.316294245  
3.605168363  
0.5310352709  
-2.133488331  
-3.740206518  
-3.945811633  
-2.804103556  
-0.742950862  
1.565712945  
3.402320135  
4.202581969  
3.706789494  
2.013969862  
-0.4697225769  
-3.166014791  
-5.496380977  
-7.036049148  
-7.605494661  
-7.278240477  
-6.312527167  
-5.038077102  
-3.740348008  
-2.580449334  
-1.572088439  
-0.6144738529  
0.4391760292  
1.707526121  
3.228615401  
4.943383475  
6.713067569  
8.355104368  
9.677853159  
10.50011776  
10.65394885  
9.982112708  
8.347904121  
5.670994576  
1.989022191  
-2.473570868  
-7.261997944  
-11.70759611  
-15.0253524  
-16.48653769  
-15.62878669  
-12.4414135  
-7.457667437  
-1.703579863  
3.507519763  
6.895767726  
7.567783663  
5.297057638  
0.6373561232  
-5.182071908  
-10.56652409  
-13.99219843  
-14.44431807  
-11.72365169  
-6.521554378  
-0.2310847848  
5.456935208  
9.054802575  
9.723528863  
7.524250902  
3.394749803  
-1.144244937  
-4.462829186  
-5.327794192  
-3.281707952  
1.223481698  
6.978425926  
12.40237694  
16.03700621  
16.9886234  
15.17840258  
11.32513593  
6.673776086  
2.566289419  
0.001116383679  
-0.6720947957  
0.1753480738  
1.629284878  
2.593114339  
2.202104941  
0.1473265458  
-3.201429787  
-6.913685076  
-9.813880656  
-10.88425897  
-9.616493276  
-6.193247857  
-1.440777944  
3.427546591  
7.186633731  
8.966154656  
8.487310566  
6.097440417  
2.601804757  
-1.0385929  
-4.030961586  
-5.982030197  
-6.960487352  
-7.378621949  
-7.747874509  
-8.408153687  
-9.338431096  
-10.12414964  
-10.09734643  
-8.600069152  
-5.274154342  
-0.2681150127  
5.720841671  
11.59457606  
16.14965675  
18.42624557  
17.99534394  
15.0889446  
10.52966654  
5.483031628  
1.113512207  
-1.744586881  
-2.798459723  
-2.329405218  
-1.046684846  
0.1790321401  
0.6082472401  
-0.1455433584  
-2.031175945  
-4.627499705  
-7.325654248  
-9.551998636  
-10.94995413  
-11.46091874  
-11.28613643  
-10.75675498  
-10.17140485  
-9.668349498  
-9.181010737  
-8.489624009  
-7.342509347  
-5.593254807  
-3.294991854  
-0.7114510278  
1.761186644  
3.731289544  
4.95306874  
5.415194167  
5.339866711  
5.090522273  
5.022552945  
5.334815103  
5.980973042  
6.677984408  
7.012442931  
6.607628243  
5.289446912  
3.187726201  
0.7313145814  
-1.466402864  
-2.794785519  
-2.841897344  
-1.530767278  
0.8518868057  
3.744299329  
6.483982379  
8.506222257  
9.497986185  
9.456297503  
8.636337842  
7.41533301  
6.128658438  
4.94302624  
3.815182546  
2.549675395  
0.9291034812  
-1.139260441  
-3.524453422  
-5.866713518  
-7.676076044  
-8.502621461  
-8.115363305  
-6.618949861  
-4.456667724  
-2.288462855  
-0.7793398035  
-0.3694640268  
-1.108550512  
-2.618463281  
-4.205062837  
-5.087812031  
-4.672198751  
-2.771624771  
0.300502826  
3.805400696  
6.80050164  
8.43713394  
8.235693114  
6.245622709  
3.035371064  
-0.4854689806  
-3.352910489  
-4.848728593  
-4.714457216  
-3.209815921  
-0.9996293307  
1.088218508  
2.348272008  
2.427887553  
1.42529322  
-0.1743150957  
-1.697293019  
-2.540938145  
-2.400328344  
-1.38259421  
0.03021792209  
1.154368756  
1.35080964  
0.2570280863  
-2.076661616  
-5.192576205  
-8.368607669  
-10.84681377  
-12.06734774  
-11.82818917  
-10.31964829  
-8.028201005  
-5.550324158  
-3.386785111  
-1.791468413  
-0.725525409  
0.07335365781  
0.9398602104  
2.111090956  
3.605723096  
5.199988095  
6.509745852  
7.146585155  
6.886614419  
5.784831391  
4.187418586  
2.632313121  
1.670467428  
1.671099558  
2.682075058  
4.398345331  
6.253337098  
7.60404017  
7.946310053  
7.085022129  
5.199000722  
2.777570587  
0.4513490943  
-1.222259254  
-1.941826376  
-1.747202017  
-0.9767396389  
-0.1126008191  
0.4281744595  
0.4777986056  
0.205168629  
0.06819427391  
0.6412480255  
2.374726198  
5.371744111  
9.266001944  
13.25413133  
16.28502021  
17.35479924  
15.81747439  
11.61137078  
5.324365433  
-1.930056676  
-8.794698054  
-14.02677819  
-16.82560758  
-17.03162063  
-15.13819498  
-12.11554213  
-9.103604415  
-7.069958003  
-6.537128971  
-7.459333979  
-9.279833444  
-11.14289074  
-12.18720676  
-11.82514244  
-9.920679924  
-6.814927414  
-3.198734425  
0.1191289249  
2.46848659  
3.515003321  
3.337265702  
2.36489912  
1.205405722  
0.4231100794  
0.3469897393  
0.9716692009  
1.98224584  
2.890685953  
3.23359876  
2.761055554  
1.549651263  
-0.0007555449641  
-1.287726223  
-1.705596352  
-0.8578906629  
1.288173386  
4.357966154  
7.654141847  
10.3461949  
11.70765346  
11.32815053  
9.235229244  
5.888811625  
2.050717938  
-1.429953002  
-3.849700089  
-4.831644034  
-4.402414301  
-2.946214998  
-1.056167272  
0.6656778813  
1.794052734  
2.193452487  
2.025626056  
1.654475791  
