-8.837907739  
-12.93160368  
-15.16180241  
-14.78161516  
-11.75836817  
-6.805679172  
-1.17456493  
3.731355999  
6.789978611  
7.499045203  
6.105238184  
3.48220512  
0.802437423  
-0.8808845987  
-0.9954361786  
0.3706503839  
2.530744176  
4.476419743  
5.265593717  
4.380042373  
1.922853267  
-1.414158613  
-4.598576034  
-6.627989163  
-6.885909707  
-5.352549492  
-2.594690125  
0.4584579594  
2.866710568  
4.023768178  
3.864485556  
2.856197655  
1.778287207  
1.376131335  
2.025748862  
3.544446026  
5.229661107  
6.122089387  
5.401320189  
2.766031623  
-1.351903035  
-5.836044741  
-9.200899918  
-10.07989623  
-7.722588887  
-2.324962068  
4.933969464  
12.1798998  
17.37569449  
18.93288038  
16.20522352  
9.702348388  
0.9517671773  
-7.947475863  
-14.93597404  
-18.57438384  
-18.41150622  
-15.03247176  
-9.787623001  
-4.307201334  
0.0271873293  
2.477919898  
3.091679706  
2.55668543  
1.847883157  
1.800886104  
2.772766829  
4.508623782  
6.253351706  
7.057993371  
6.161791068  
3.307954143  
-1.12031443  
-6.18929561  
-10.6942257  
-13.52813125  
-14.01272031  
-12.08336442  
-8.276376914  
-3.537229223  
1.072519319  
4.665079367  
6.720980218  
7.14063769  
6.162213916  
4.202159029  
1.694678855  
-1.006504143  
-3.638591817  
-5.972014518  
-7.737044345  
-8.593546409  
-8.180195891  
-6.238228908  
-2.76284342  
1.888214459  
6.992793978  
11.59702683  
14.75772494  
15.82129246  
14.64202066  
11.65477921  
7.763429213  
4.070716094  
1.5347725  
0.6684128429  
1.387249712  
3.063001658  
4.766288361  
5.614483169  
5.100501179  
3.283073235  
0.767660098  
-1.517463269  
-2.670299133  
-2.162764862  
-0.05907122791  
2.977285791  
5.893569495  
7.60140168  
7.347608397  
4.969316294  
0.9425877023  
-3.790464326  
-8.149882733  
-11.27880334  
-12.80411138  
-12.90339876  
-12.15977953  
-11.26794977  
-10.71261065  
-10.55123234  
-10.39250915  
-9.584304405  
-7.53973288  
-4.070199491  
0.4160585715  
4.946291283  
8.257288185  
9.227280318  
7.313589404  
2.829587377  
-3.057818038  
-8.633907315  
-12.15936154  
-12.44092951  
-9.252424977  
-3.451365891  
3.263740827  
8.887196628  
11.75876482  
11.11595182  
7.354976618  
1.904990137  
-3.248813454  
-6.236159536  
-5.940417844  
-2.38661605  
3.256362796  
9.063652683  
13.00311815  
13.62562257  
10.56237481  
4.660022057  
-2.292682944  
-8.153874337  
-11.13364929  
-10.37744208  
-6.232929298  
-0.1146968201  
5.982112878  
10.15027669  
11.19357921  
8.996801644  
4.524820528  
-0.5388909773  
-4.382449124  
-5.678805776  
-4.014645443  
0.003591015652  
4.990916533  
9.277739867  
11.4793131  
10.94415798  
7.933752568  
3.483568181  
-0.9929241149  
-4.209493544  
-5.441773825  
-4.742828762  
-2.872966678  
-0.9791548699  
-0.1457888103  
-0.9798337655  
-3.376875154  
-6.54784953  
-9.293984138  
-10.43196199  
-9.221748016  
-5.651170659  
-0.4820390481  
4.956656731  
9.160030101  
10.89703171  
9.577792192  
5.428357392  
-0.573807355  
-6.975747607  
-12.24735475  
-15.18296375  
-15.19468305  
-12.42526545  
-7.664741061  
-2.109767493  
2.957671703  
6.483411626  
7.870132144  
7.076696746  
4.579107498  
1.217071957  
-2.027924738  
-4.268881129  
-4.913144849  
-3.787094455  
-1.163611245  
2.310932069  
5.774335962  
8.35786366  
9.401180212  
8.622069335  
6.196221061  
2.720898445  
-0.9351117405  
-3.860943276  
-5.352042157  
-5.106325107  
-3.307243391  
-0.5638022328  
2.27898158  
4.403172802  
5.271550908  
4.788169969  
3.310220349  
1.504520347  
0.0958848431  
-0.4052585884  
0.1021356156  
1.266358326  
2.413149668  
2.808401948  
1.960748473  
-0.1488384816  
-3.003221612  
-5.688165063  
-7.198476245  
-6.810930561  
-4.391629828  
-0.5194140322  
3.635180336  
6.652757753  
7.326591694  
5.091121248  
0.2676454601  
-5.968203843  
-11.9024158  
-15.79116178  
-16.40233319  
-13.41350124  
-7.532229934  
-0.2936219286  
6.40400794  
10.87717592  
12.16220957  
10.28420785  
6.205604279  
1.476720146  
-2.290435601  
-3.946841143  
-3.155094825  
-0.4505056307  
2.99682926  
5.828182828  
6.990486718  
6.105754934  
3.589844777  
0.4845871782  
-1.931879296  
-2.615494691  
-1.140505481  
2.13647278  
6.18750809  
9.657906639  
11.32230823  
10.49414772  
7.249697043  
2.39483346  
-2.807319403  
-7.048702448  
-9.385203727  
-9.505660858  
-3.745470572  
-6.56121037  
-8.643480713  
-9.426504559  
-8.678155178  
-6.55443661  
-3.537373752  
-0.2819265851  
2.574895497  
4.581248229  
5.565357186  
5.637392113  
5.110054952  
4.374645588  
3.778779417  
3.543924962  
3.74007606  
4.310761322  
5.12383219  
6.018907918  
6.831453677  
7.391084919  
7.509161181  
6.979255849  
5.609380465  
3.288318046  
0.06717417946  
-3.778723227  
-7.744734436  
-11.17111556  
-13.39116284  
-13.91679359  
-12.6031475  
-9.731244664  
-5.968105318  
-2.202030465  
0.7056353018  
2.177448401  
2.100937883  
0.8683611186  
-0.7465825883  
-1.842532202  
-1.695924948  
-0.0177121485  
2.92706383  
6.382298263  
9.331700674  
10.82546987  
10.29630749  
7.759224346  
3.82637973  
-0.4710315694  
-3.99756089  
-5.862794722  
-5.691316936  
-3.726137447  
-0.7342796058  
2.250922096  
4.262771674  
4.698605632  
3.485868739  
1.068308848  
-1.774048725  
-4.201816743  
-5.590979287  
-5.711933048  
-4.757332084  
-3.219208397  
-1.669512656  
-0.5304415857  
0.07906102238  
0.3655902724  
0.7478717484  
1.654012747  
3.308695147  
5.592742544  
8.03055557  
9.914044591  
10.52221077  
9.361269453  
6.34303455  
1.841175159  
-3.392697119  
-8.423845763  
-12.37538153  
-14.63894306  
-14.99353371  
-13.60584492  
-10.9265432  
-7.529649876  
-3.954864952  
-0.6028663786  
2.293433817  
4.631217488  
6.368080742  
7.462786035  
7.858022672  
7.512555694  
6.463663994  
4.883479293  
3.092218621  
1.508122544  
0.5410624354  
0.4632413686  
1.304864549  
2.818394406  
4.532719563  
5.886336668  
6.398514763  
5.821304363  
4.219781719  
1.952007221  
-0.4447976189  
-2.422300218  
-3.585086145  
-3.79511368  
-3.184047367  
-2.075462925  
-0.8518682954  
0.1797875803  
0.8728670385  
1.247266228  
1.421689467  
1.507532548  
1.515863463  
1.323412894  
0.7180197568  
-0.4911388206  
-2.344011871  
-4.639676259  
-6.934207396  
-8.643022497  
-9.222914043  
-8.373606967  
-6.183887494  
-3.1603454  
-0.114583921  
2.065369132  
2.689570429  
1.495271892  
-1.250553855  
-4.816565725  
-8.225158296  
-10.55481291  
-11.22704971  
-10.18116535  
-7.8768048  
-5.122884865  
-2.791279153  
-1.513889487  
-1.467789374  
-2.322539951  
-3.367240476  
-3.772022266  
-2.891856277  
-0.5061664781  
3.089146614  
7.168456592  
10.81038145  
13.19657827  
13.87173195  
12.87669391  
10.71308588  
8.157501199  
5.995459117  
4.77073082  
4.63623398  
5.352608148  
6.425215769  
7.320314755  
7.674727626  
7.419740345  
6.77595605  
6.127239942  
5.82903193  
6.031180175  
6.58892138  
7.10025647  
7.057647809  
6.055836718  
3.973832037  
1.056798119  
-2.139531615  
-4.927099684  
-6.723691588  
-7.263097837  
-6.696909145  
-5.545741387  
-4.512831781  
-4.224727014  
-4.992784574  
-6.684270303  
-8.753936212  
-10.4296133  
-10.98908508  
-10.03092597  
-7.642145501  
-4.400330816  
-1.205798816  
1.001037381  
1.541467361  
0.217111681  
-2.627476006  
-6.216485086  
-9.586849322  
-11.87847588  
-12.57206655  
-11.59861574  
-9.293778584  
-6.22695068  
-2.978322639  
0.04858917998  
2.710769641  
5.082536463  
7.314683546  
9.464988614  
11.38065038  
12.69169981  
12.9281792  
11.72073732  
9.005258558  
5.143226534  
0.8955851805  
-2.759690871  
-4.916099471  
-5.038046411  
-3.164009976  
0.06677484003  
3.586338429  
6.221740047  
7.067755906  
5.784007919  
2.713280378  
-1.223980923  
-4.828375809  
-7.015954715  
-7.176227331  
-5.372165945  
-2.313157074  
0.891147225  
3.113099662  
3.595375221  
2.212710279  
-0.4828517382  
-3.449298003  
-5.511361556  
-5.765761917  
-3.897736308  
-0.3019242185  
4.032936378  
7.83660294  
9.962784388  
9.753447629  
7.243676889  
3.143618192  
-1.391432971  
-5.122896706  
-7.102666307  
-6.939613221  
-4.879806727  
-1.685737171  
1.634323792  
4.150386148  
5.281124578  
4.929028691  
3.449619755  
1.481327427  
-0.2936447964  
-1.370983187  
-1.556821266  
-0.9778172623  
0.01836466299  
1.022075875  
1.714733277  
1.960487782  
1.810893458  
1.433605201  
1.005195711  
0.6188720691  
0.2471751441  
-0.2267680817  
-0.9269531284  
-1.891273454  
-3.012628638  
-4.045430061  
-4.680805149  
-4.664008556  
-3.907567494  
-2.552280715  
-0.9460078433  
0.458869348  
1.256398792  
1.232726048  
0.4516369458  
-0.7551281099  
-1.894222183  
-2.479586009  
-2.205612638  
-1.062689138  
0.6480040053  
2.408707923  
3.658009344  
3.983670242  
3.268366817  
1.73679604  
-0.1137951277  
-1.677341428  
-2.44201371  
-2.163825486  
-0.9519399872  
0.7632577458  
2.368670368  
3.267415938  
3.072503968  
1.732454696  
-0.4504193273  
-2.912425602  
-4.999340117  
-6.15972556  
-6.100323464  
-4.858451374  
-2.775005537  
-0.3835893681  
1.744526339  
3.150394969  
3.590320911  
3.069212125  
1.805922186  
0.1520701066  
-1.504511163  
-2.822972998  
-3.562055325  
-3.599639335  
-2.928466332  
-1.641648467  
0.08186706571  
1.989997417  
3.774606984  
5.102470682  
5.665866693  
5.24883882  
3.79406771  
1.447946225  
-1.437684049  
-4.358375323  
-6.75898404  
-8.161363195  
-8.282827637  
-7.109517277  
-4.900281256  
-2.117241116  
0.6978150622  
3.064633459  
4.680917749  
5.479884719  
5.614374537  
5.377033098  
5.086493327  
4.979144863  
5.141817292  
5.504525921  
5.890197267  
6.098359636  
5.989097139  
5.535730385  
4.828471393  
4.031028308  
3.310294336  
2.768878996  
2.407860469  
2.134006619  
1.80706484  
1.306160494  
0.5863535342  
-0.2996126127  
-1.224981608  
-2.049329688  
-2.690470417  
-3.175904449  
-3.647893017  
-4.313354122  
-5.352046631  
-6.815261417  
-8.555128281  
-10.21776821  
-11.3134088  
-11.34983041  
-9.991295504  
-7.192448531  
-3.260572028  
1.180464203  
5.321209139  
8.359112306  
9.698599912  
9.101333004  
6.743579966  
3.165602528  
-0.8699695709  
-4.567701647  
-7.28197988  
-8.643502135  
-8.600930116  
-7.376933103  
-5.363492861  
-2.996626379  
-0.6512079552  
1.416524532  
3.072166233  
4.266077468  
4.983010643  
5.206305021  
4.913932646  
4.106626245  
2.851721527  
1.317209958  
-0.2275624585  
-1.455601887  
-2.063228225  
-1.864139069  
-0.8636395969  
0.716847299  
2.480274619  
3.95339971  
4.718378625  
4.536984981  
3.42788494  
1.670687034  
-0.2673284223  
-1.861516515  
-2.678839703  
-2.500870581  
-1.384038441  
0.360356813  
2.259327355  
3.815435438  
4.646436907  
4.58594435  
3.716770017  
2.329639423  
0.8225002245  
-0.4272354996  
-1.178378133  
-1.39542302  
-1.252401571  
-1.071461088  
-1.215265395  
-1.965011663  
-3.419115422  
-5.441358387  
-7.673510318  
-9.610334932  
-10.71867673  
-10.57128318  
-8.962147387  
-5.974387639  
-1.98258058  
2.413363737  
6.509670067  
9.648993369  
11.36525413  
11.48856938  
10.18377476  
7.910839303  
5.31397018  
3.064386659  
1.694724341  
1.46716792  
2.310587453  
3.84531568  
5.491231485  
6.631720446  
6.789271878  
5.763384252  
3.690333611  
1.005590665  
-1.682415961  
-3.771828116  
-4.847533114  
-4.807366482  
-3.894201803  
-2.621269453  
-1.61052486  
-1.391546633  
-2.222491053  
-3.990163314  
-6.223868987  
-8.22379827  
-9.26917779  
-8.845467533  
-6.821599642  
-3.520910614  
0.3403445966  
3.834022338  
6.071480158  
6.453871581  
4.848324583  
1.637170125  
-2.376556201  
-6.182614799  
-8.836701452  
-9.71619256  
-8.686110897  
-6.128427185  
-2.826769577  
0.2602885299  
2.272766899  
2.692279271  
1.486367095  
-0.8855401512  
-3.604966136  
-5.727599373  
-6.450802303  
-5.340658699  
-2.455911763  
1.664338052  
6.144333952  
10.00564197  
12.42614764  
12.95295907  
11.61190215  
8.885651515  
5.569102396  
2.544071302  
0.5368512447  
-0.07437204749  
0.6496476669  
2.24286907  
3.979792854  
5.090164552  
4.981029972  
3.403901214  
0.5217849884  
-3.139750864  
-6.839978804  
-9.823918786  
-11.51795462  
-11.66509962  
-10.36461692  
-8.010311026  
-5.152143881  
-2.327694379  
0.08327044264  
1.93777044  
3.32213196  
4.46684505  
5.617781977  
6.911014947  
8.295852032  
9.533192189  
10.26989483  
10.16349056  
9.014018698  
6.856942082  
3.983791297  
0.8811811328  
-1.894021036  
-3.864399072  
-4.759436672  
-4.580993194  
-3.58750282  
-2.204003608  
-0.8885545612  
0.001565515995  
0.3021970025  
0.06692965253  
-0.4791033689  
-1.036236316  
-1.342911124  
-1.266151166  
-0.8421689196  
-0.2579268313  
0.2154694356  
0.3121362351  
-0.1464650011  
-1.200530978  
-2.742641832  
-4.545832308  
-6.31399892  
-7.736551995  
-8.533961113  
-8.489940853  
-7.474447523  
-5.465129948  
-2.571256504  
0.9444093666  
4.659501398  
8.019446718  
10.41095635  
11.27999512  
10.2731495  
7.364489883  
2.923338436  
-2.312630584  
-7.370363163  
-11.25865486  
-13.21636197  
-12.92045428  
-10.58656125  
-6.921875802  
-2.933708973  
0.3562498958  
2.208059976  
2.377438143  
1.17661589  
-0.642090937  
-2.146757165  
-2.548031126  
-1.476926951  
0.8766850788  
3.816007689  
6.367730563  
7.617668127  
7.039760764  
4.704846832  
1.292916134  
-2.102934027  
-4.321639821  
-4.516468233  
-2.446371867  
1.424444244  
6.057077304  
10.15980773  
12.59671159  
12.74708119  
10.69420245  
7.178461669  
3.329597049  
0.2689519616  
-1.281214708  
-1.244753824  
-0.2060985641  
0.8172841297  
0.7693178591  
-1.018858171  
-4.522343012  
-8.949364026  
-12.93917747  
-14.97697479  
-13.89609152  
-9.303783175  
-1.786617385  
7.180503436  
15.60372857  
21.51057663  
23.49815989  
21.1227956  
15.01407961  
6.682488463  
-1.915718907  
-8.920060964  
-13.04977506  
-13.89060148  
-11.91209161  
-8.229929202  
-4.20542695  
-1.018340521  
0.652947528  
0.7547085274  
-0.2339656185  
-1.555239216  
-2.487362736  
-2.60743233  
-1.91679451  
-0.7979908416  
0.1670014942  
0.4413166752  
-0.2520414568  
-1.821172134  
-3.835822549  
-5.680190393  
-6.768611778  
-6.745968622  
-5.604140704  
-3.678458749  
-1.53107739  
0.2340429731  
1.159950728  
1.068138497  
0.09514210609  
-1.369035987  
-2.812074253  
-3.752470112  
-3.866061282  
-3.052579901  
-1.432994906  
0.7083410519  
3.00840806  
5.107197736  
6.705932681  
7.596168336  
7.667072763  
6.903888643  
5.387612472  
3.297002949  
0.9047156769  
-1.444877475  
-3.384562159  
-4.597029429  
-4.895038752  
-4.282908979  
-2.973236405  
-1.343864288  
0.1602887322  
1.155044777  
1.434715486  
1.039175844  
0.2436166941  
-0.5306944073  
-0.8586771996  
-0.4606876569  
0.6921958908  
2.354808323  
4.077325659  
5.346619528  
5.753160869  
5.127406898  
3.599314438  
1.560703039  
-0.4565588383  
-1.944844418  
-2.571980003  
-2.269531864  
-1.231564537  
0.1707138928  
1.523801676  
2.505848513  
2.97245243  
2.967459302  
2.661639435  
2.249675763  
1.850895907  
1.455897177  
0.9413256371  
0.1461889383  
-1.023141392  
-2.505505057  
-4.056172317  
-5.295784153  
-5.825443163  
-5.368792515  
-3.888351939  
-1.629579151  
0.9295533361  
3.211844607  
4.714413624  
5.163540946  
4.596661096  
3.341921928  
1.901720083  
0.7806712181  
0.3183948419  
0.585557567  
1.378499851  
2.311737757  
2.971955489  
3.074933248  
2.566528334  
1.630509209  
0.6017761345  
-0.1800966357  
-0.5187452715  
-0.4507775754  
-0.239576908  
-0.272090648  
-0.895783267  
-2.25818719  
-4.213546073  
-6.338650872  
-8.06032993  
-8.854646611  
-8.448167368  
-6.946354431  
-4.836045421  
-2.851348007  
-1.740580639  
-2.009074178  
-3.725148359  
-6.459184414  
-9.383522292  
-11.50792182  
-11.97935207  
-10.35172801  
-6.738988504  
-1.801205043  
3.433564781  
7.856993536  
10.5890594  
11.21361916  
9.872058599  
7.192149671  
4.080997416  
1.451405133  
-0.03236803771  
-0.1148682418  
1.02464941  
2.876463234  
4.790588024  
6.186104203  
6.713398298  
6.324875585  
5.243616926  
3.85328167  
2.554977297  
1.641724588  
1.228537513  
1.252514774  
1.531741641  
1.853564821  
2.057035931  
2.081769157  
1.971395753  
1.837733473  
1.804670588  
1.954895174  
2.297627304  
2.764905336  
3.232585733  
3.554705009  
3.598331289  
3.269909488  
2.530393097  
1.401583286  
-0.03243547489  
-1.627330089  
-3.186930062  
-4.483823346  
-5.296738128  
-5.463146922  
-4.936533874  
-3.829767838  
-2.423714358  
-1.126346632  
-0.3817756234  
-0.5468864664  
-1.769029808  
-3.904982251  
-6.514789389  
-8.944576884  
-10.48515305  
-10.56675986  
-8.934232427  
-5.747341288  
-1.569932233  
2.756708149  
6.32533329  
8.40069499  
8.615381456  
7.065939516  
4.280803055  
1.069796527  
-1.69973856  
-3.334183686  
-3.48592626  
-2.220476434  
0.03435819964  
2.634184426  
4.909142897  
6.341443047  
6.679996687  
5.966926552  
4.480310159  
2.622353249  
0.7946335785  
-0.7008433394  
-1.711215642  
-2.230171255  
-2.358336334  
-2.25072188  
-2.073074576  
-1.978083774  
-2.098732842  
-2.546274193  
-3.398785234  
-4.673665516  
-6.290061147  
-8.038891734  
-9.582622647  
-10.50093358  
-10.38279371  
-8.945857209  
-6.14797463  
-2.250568295  
2.196980561  
6.460341546  
9.790615001  
11.61703687  
11.70491363  
10.22784017  
7.726782195  
4.962849771  
2.704309915  
1.510488874  
1.577905249  
2.695714723  
4.323990836  
5.77014869  
6.408375875  
5.874023507  
4.173691888  
1.679039553  
-0.99089317  
-3.159692296  
-4.295947818  
-4.16647833  
-2.896644604  
-0.9242753828  
1.133599527  
2.657399694  
3.191726628  
2.556244666  
0.8752393142  
-1.473817402  
-3.96981288  
-6.079914689  
-7.377854143  
-7.622552326  
-6.786671628  
-5.039564971  
-2.698605958  
-0.1653081769  
2.140846712  
3.84370751  
4.664233647  
4.464847068  
3.279915247  
1.324291051  
-1.029327138  
-3.309517585  
-5.037842735  
-5.837132331  
-5.530064606  
-4.198124116  
-2.177366648  
0.0167344669  
1.821703578  
2.783981734  
2.693181091  
1.651679921  
0.05330480588  
-1.528346491  
-2.512411208  
-2.493259195  
-1.375816751  
0.5814409739  
2.833744212  
4.711053104  
5.625813557  
5.263583062  
3.695819061  
1.376628144  
-0.9794290726  
-2.604227768  
-2.906369187  
-1.655073547  
0.93887535  
4.270873777  
7.505821074  
9.80902773  
10.57671845  
9.598976237  
7.109137331  
3.708280256  
0.1906168893  
-2.676175799  
-4.350667002  
-4.641519472  
-3.725105672  
-2.059936575  
-0.2315670077  
1.219987852  
1.937164683  
1.80869888  
0.9494283818  
-0.3866891725  
-1.922479407  
-3.458032705  
-4.920437078  
-6.348449975  
-7.823064142  
-9.375642322  
-10.91405378  
-12.20118044  
-12.90095428  
-12.68165447  
-11.34303197  
-8.921594386  
-5.731683444  
-2.318630058  
0.6712047469  
2.6695895  
3.360907562  
2.794654078  
1.394059039  
-0.1507971451  
-1.080676501  
-0.8001729214  
0.9245191644  
3.866975658  
7.377686255  
10.55313835  
12.49163771  
12.56158018  
10.60070785  
6.983090218  
2.529292454  
-1.717048836  
-4.78105332  
-6.029016366  
-5.338079273  
-3.110839103  
-0.1307452766  
2.695532456  
4.626276401  
5.310757689  
4.88023965  
3.874848766  
3.031187666  
3.002128514  
4.103814087  
6.177244236  
8.614856551  
10.5479179  
11.13605829  
9.864145607  
6.746330753  
2.364952344  
-2.275468028  
-6.038482511  
-8.001138298  
-7.745147257  
-5.499333448  
-2.084657236  
1.324752399  
3.552666326  
3.776227338  
1.776376981  
-1.993273087  
-6.538864434  
-10.61749903  
-13.09682641  
-13.27405863  
-11.06120802  
-6.987565048  
-2.027836562  
2.683595081  
6.161339886  
7.809309978  
7.529312326  
5.680087078  
2.916017985  
-0.03164990133  
-2.558170212  
-4.314567838  
-5.235817036  
-5.477513206  
-5.299203731  
-4.944179373  
-4.558163326  
-4.1678284  
-3.714102997  
-3.114927463  
-2.324697025  
-1.364467559  
-0.3136785234  
0.7269843908  
1.679459321  
2.515330896  
3.252162537  
3.921404324  
4.524936367  
5.004210841  
5.241212619  
5.096413031  
4.470914114  
3.36662532  
1.91558147  
0.3596479883  
-1.018535992  
-1.991151551  
-2.470986782  
-2.550848619  
-2.475031049  
-2.546816814  
-3.002385411  
-3.898271841  
-5.059037028  
-6.112718691  
-6.609970617  
-6.189820088  
-4.733444346  
-2.446372328  
0.1689046499  
2.450349713  
3.783680152  
3.810779328  
2.565167675  
0.4819322851  
-1.728662416  
-3.30662886  
-3.69249883  
-2.715997519  
-0.6551519622  
1.858637846  
4.060183027  
5.320036036  
5.36918719  
4.397394764  
2.986458589  
1.89788344  
1.787234706  
2.94619998  
5.166700794  
7.780965653  
9.870509555  
10.57684027  
9.408497207  
6.437014043  
2.309916714  
-1.929640138  
-5.160654103  
-6.535395816  
-5.746810561  
-3.122334424  
0.4875098308  
3.988137954  
6.393303073  
7.132531789  
6.211483238  
4.174373257  
1.885655999  
0.2095597086  
-0.3002279366  
0.4061228527  
1.863077913  
3.261196147  
3.739776093  
2.698373686  
0.0202772308  
-3.866929005  
-8.111747636  
-11.69672904  
-13.74590781  
-13.78029467  
-11.841506  
-8.451099706  
-4.429225785  
-0.641014664  
2.242218823  
3.89213968  
4.345400214  
3.90818336  
2.992771266  
1.954217033  
0.9870006469  
0.1118291217  
-0.7561990986  
-1.699264619  
-2.703144754  
-3.623478817  
-4.228976509  
-4.303690792  
-3.763182414  
-2.73087963  
-1.534869524  
-0.616470076  
-0.3781484205  
-1.025325736  
-2.463451486  
-4.294892885  
-5.925387398  
-6.749562073  
-6.354294798  
-4.669219595  
-2.009569238  
1.007434804  
3.647753924  
5.286734529  
5.600915171  
4.661270556  
2.89740028  
0.9462262826  
-0.5621592621  
-1.208408964  
-0.9095986377  
0.0729674248  
1.242133055  
2.048189267  
2.081843669  
1.210913181  
-0.3829226377  
-2.274523114  
-3.942746739  
-4.939853769  
-5.023384931  
-4.207983507  
-2.725751373  
-0.9172846034  
0.9008689304  
2.540936467  
3.983254566  
5.339683566  
6.760626237  
8.326598937  
9.970485768  
11.46397868  
12.47624088  
12.68464192  
11.89667565  
10.13694158  
7.664994024  
4.914462811  
2.372142357  
0.4374473071  
-0.690128263  
-1.057424655  
-0.9227043224  
-0.6522412436  
-0.5845610841  
-0.9090776593  
-1.600393219  
-2.430104581  
-3.05146847  
-3.127917608  
-2.462063016  
-1.082012297  
0.7439191945  
2.569976592  
3.894596353  
4.304386366  
3.597601469  
1.850970387  
-0.5893173693  
-3.189802473  
-5.362541887  
-6.6128531  
-6.66370855  
-5.525654734  
-3.495916865  
-1.088253173  
1.088295544  
2.471994741  
2.678489459  
1.588108556  
-0.629333534  
-3.557189577  
-6.631122518  
-9.270370972  
-11.00890224  
-11.59424251  
-11.02991903  
-9.552169357  
-7.549376837  
-5.448513033  
-3.602344025  
-2.210567066  
-1.297338951  
-0.7493656968  
-0.3984746195  
-0.1170898215  
0.1102177498  
0.1682776479  
-0.1434745128  
-1.015330395  
-2.515136406  
-4.503359747  
-6.613656828  
-8.316971964  
-9.058326914  
-8.427682574  
-6.309575916  
-2.957708996  
1.03881109  
4.897005395  
7.852312406  
9.378214859  
9.343039871  
8.050409961  
6.145252686  
4.41056572  
3.516934088  
3.804369713  
5.167935996  
7.086604706  
8.78899577  
9.505074202  
8.724156535  
6.376643025  
2.880615408  
-0.9626243812  
-4.192268976  
-5.961923523  
-5.780195865  
-3.646501326  
-0.04495713624  
4.196358645  
8.13348927  
10.95179951  
12.15837706  
11.67344019  
9.806899306  
7.140898201  
4.362966984  
2.100945565  
0.8004737425  
0.664720617  
1.653509813  
3.523413678  
5.886221346  
8.269443463  
10.17390101  
11.1327469  
10.77811578  
8.914737127  
5.587739018  
1.121308727  
-3.897135813  
-8.702454539  
-12.50130899  
-14.65537404  
-14.84916052  
-13.18930326  
-10.19683011  
-6.684436606  
-3.547629975  
-1.529014947  
-1.027286232  
-2.01084431  
-4.06306572  
-6.542601346  
-8.803030722  
-10.39575388  
-11.18637743  
-11.34639612  
-11.22779395  
-11.17199545  
-11.32968721  
-11.56498152  
-11.48620025  
-10.59723552  
-8.515640421  
-5.174391256  
-0.925364634  
3.505148154  
7.205827029  
9.357309444  
9.503594872  
7.721345774  
4.622067448  
1.178475712  
-1.572230662  
-2.850879904  
-2.376065559  
-0.4394069704  
2.209334065  
4.627217299  
6.00114141  
5.917186942  
4.484471848  
2.274056196  
0.09944443178  
-1.278880413  
-1.41695585  
-0.3248137356  
1.568024542  
3.600710355  
5.147653032  
5.860086762  
5.789905896  
5.348765414  
5.119037025  
5.590695843  
6.927955184  
8.859811068  
10.74287052  
11.77965898  
11.3152643  
9.102644373  
5.43484886  
1.088618939  
-2.908074486  
-5.606920347  
-6.453067372  
-5.469987453  
-3.248050787  
-0.7390344639  
1.071880191  
1.50107977  
0.3906678133  
-1.855729583  
-4.43477193  
-6.440943601  
-7.189893664  
-6.450235738  
-4.502269356  
-2.00752525  
0.2563420942  
1.69139647  
2.092376405  
1.69658193  
1.054437257  
0.774518241  
1.246217354  
2.452843998  
3.95360827  
5.047265463  
5.057989375  
3.632981463  
0.9319069221  
-2.374870915  
-5.311523074  
-6.939196193  
-6.712609275  
-4.715278439  
-1.676030743  
1.253794427  
2.894970024  
2.472078643  
-0.07329759851  
-4.008348505  
-8.013905059  
-10.61041947  
-10.66596001  
-7.812399859  
-2.62158577  
3.528503026  
8.862815354  
11.76369069  
11.28883421  
7.480398158  
1.361266931  
-5.381199215  
-10.91957219  
-13.84596145  
-13.58440141  
-10.52559607  
-5.848831321  
-1.100746092  
2.32054029  
3.601408294  
2.728314099  
0.4231453756  
-2.163376043  
-3.881288811  
-3.978943875  
-2.333103876  
0.5576586674  
3.798076398  
6.444905086  
7.845245971  
7.841706663  
6.777088848  
5.309034836  
4.115867708  
3.612728839  
3.789081421  
4.228789407  
4.302141847  
3.45243915  
1.463315535  
-1.400042567  
-4.435131258  
-6.721279074  
-7.437021133  
-6.161063172  
-3.046525482  
1.197134866  
5.51147814  
8.81522445  
10.33689261  
9.840295746  
7.668430869  
4.596088584  
1.548604598  
-0.7109686642  
-1.816552026  
-1.877842027  
-1.384182222  
-0.9779826  
-1.187424091  
-2.219170256  
-3.885652532  
-5.688726926  
-7.022304131  
-7.412994397  
-6.705511194  
-5.122562431  
-3.177879728  
-1.477192654  
-0.4844564585  
-0.3435203878  
-0.8243836017  
-1.416159072  
-1.533480178  
-0.7597906337  
0.964118472  
3.279492785  
5.504480112  
6.856021791  
6.723771182  
4.900791832  
1.688935416  
-2.161342567  
-5.660985444  
-7.875829282  
-8.209152672  
-6.582604654  
-3.458438435  
0.3023029234  
3.698781999  
5.884116777  
6.403358766  
5.306016555  
3.105078961  
0.6025441034  
-1.359502712  
-2.144861356  
-1.495077728  
0.4169254677  
3.057943469  
5.700821346  
7.632634321  
8.345039484  
7.658008303  
5.750687037  
3.099662731  
0.3475876264  
-1.86089649  
-3.035531402  
-2.954431341  
-1.712807754  
0.301658389  
2.500245493  
4.231834278  
4.939558585  
4.301161002  
2.319802119  
-0.6597910877  
-4.019689441  
-7.011454247  
-8.942402548  
-9.359498622  
-8.180600199  
-5.732649842  
-2.679299823  
0.1486431467  
1.976952143  
2.303708649  
1.043635971  
-1.444074149  
-4.45603955  
-7.145926664  
-8.767934188  
-8.889736747  
-7.510880986  
-5.051876197  
-2.219623647  
0.206674096  
1.601197092  
1.659440301  
0.460301887  
-1.589635297  
-3.902900619  
-5.894650966  
-7.140681758  
-7.461824122  
-6.916493516  
-5.717443511  
-4.11470678  
-2.295102969  
-0.3371805654  
1.765692198  
4.03147268  
6.404096782  
8.700951731  
10.62364415  
11.83536073  
12.07849932  
11.2862556  
9.640123075  
7.543077983  
5.509556573  
4.006342656  
3.30005179  
3.368348868  
3.911452125  
4.464849455  
4.576324105  
3.984427667  
2.731937852  
1.168692223  
-0.1630579007  
-0.7247133119  
-0.1912332188  
1.401006462  
3.625340572  
5.772047716  
7.061370529  
6.893989518  
5.055510171  
1.805013085  
-2.184401494  
-6.015987785  
-8.830003256  
-10.05100155  
-9.543553452  
-7.62963081  
-4.967363222  
-2.335890696  
-0.3996154051  
0.4721669423  
0.2771964945  
-0.6698870972  
-1.881731984  
-2.879339963  
-3.34551354  
-3.201932666  
-2.592614731  
-1.791643527  
-1.078445067  
-0.6312244587  
-0.4769593575  
-0.5104545241  
-0.5666083684  
-0.510014909  
-0.3019773662  
-0.0174182661  
0.1927807031  
0.1746732185  
-0.1545403023  
-0.7645958102  
-1.521277158  
-2.242466454  
-2.775989226  
-3.063837893  
-3.162538444  
-3.208093398  
-3.338637725  
-3.608109168  
-3.931246644  
-4.090085553  
-3.808077876  
-2.869153245  
-1.236860831  
0.8770118427  
3.03086934  
4.665070061  
5.277873171  
4.608664009  
2.762854203  
0.2276376278  
-2.237840248  
-3.811854611  
-3.857060666  
-2.127037214  
1.135629229  
5.244335769  
9.245454593  
12.17371351  
13.307677  
12.34837563  
9.470969267  
5.241747515  
0.4361352385  
-4.177437352  
-8.017302057  
-10.7802859  
-12.42923078  
-13.09848815  
-12.96705476  
-12.155696  
-10.68916877  
-8.533977462  
-5.688827027  
-2.281809576  
1.375387629  
4.809172696  
7.483892946  
8.949596529  
8.9859267  
7.688283986  
5.461036523  
2.914939783  
0.7001824847  
-0.6703945445  
-0.9498775071  
-0.1971368518  
1.280593116  
3.056705774  
4.735951305  
6.072165621  
7.013725375  
7.667209366  
8.201821049  
8.739461378  
9.278948984  
9.686997062  
9.759290864  
9.324459401  
8.34397704  
6.960623084  
5.467693498  
4.203486335  
3.408281474  
3.100730955  
3.028826379  
2.726445729  
1.667991279  
-0.5254479725  
-3.899905346  
-8.074129252  
-12.28293608  
-15.55975573  
-17.01154947  
-16.10394011  
-12.86491529  
-7.936183193  
-2.44627133  
2.265418924  
4.99718549  
5.005888409  
2.206974725  
-2.80344714  
-8.908502245  
-14.76324496  
-19.13426626  
-21.19078714  
-20.67123686  
-17.88999688  
-13.59717984  
-8.744663949  
-4.232458355  
-0.7062656067  
1.546646283  
2.590897723  
2.746969919  
2.449049495  
2.105552432  
2.000740817  
2.25552694  
2.843747107  
3.644189483  
4.502806977  
5.283617369  
5.89706618  
6.305980519  
6.516924013  
6.566811931  
6.511614821  
6.418719811  
6.360302088  
6.404055853  
6.600029083  
6.966355005  
7.479690713  
8.076141466  
8.664790619  
9.150260744  
9.455773848  
9.536758913  
9.378400289  
8.977696715  
8.318738501  
7.354992978  
6.011545396  
4.213001728  
1.931171565  
-0.7643739774  
-3.675555142  
-6.484270564  
-8.807582469  
-10.28970817  
-10.70474079  
-10.0355777  
-8.498168479  
-6.495984907  
-4.512856331  
-2.97496725  
-2.126253351  
-1.960133629  
-2.233358612  
-2.560363755  
-2.557921558  
-1.99064889  
-0.8654253707  
0.5609565474  
1.866846687  
2.616152466  
2.521961471  
1.564329359  
0.01719310578  
-1.629736125  
-2.831137889  
-3.175134616  
-2.535630097  
-1.132845344  
0.5228636063  
1.789098737  
2.101110678  
1.1639999  
-0.9369452268  
