-14.96144209  
-17.56039091  
-17.19734626  
-14.33759643  
-10.10889201  
-5.867288858  
-2.717618837  
-1.156351485  
-0.9551805035  
-1.314513624  
-1.219538073  
0.1381598057  
3.029581437  
7.066931827  
11.33218718  
14.7044537  
16.26368497  
15.62231267  
13.06438119  
9.442622336  
5.872055242  
3.332021938  
2.321071074  
2.689429254  
3.709548308  
4.359455458  
3.717117097  
1.324130593  
-2.612516348  
-7.254796822  
-11.39502709  
-13.85520526  
-13.88661417  
-11.43149749  
-7.156355847  
-2.245148194  
1.97703483  
4.461942552  
4.757203965  
3.121548946  
0.4023429201  
-2.277042596  
-3.908929813  
-3.936877992  
-2.422676228  
0.006712086216  
2.406469471  
3.863262765  
3.821455876  
2.272335363  
-0.2566388408  
-2.90384166  
-4.790605389  
-5.337884992  
-4.46857693  
-2.623591556  
-0.5865756562  
0.8193728215  
1.053814175  
0.08320365846  
-1.576130067  
-3.016900055  
-3.251862856  
-1.573101592  
2.163294519  
7.427432115  
13.12425234  
17.89208697  
20.49918106  
20.21263825  
17.02148111  
11.64142541  
5.298592737  
-0.6400224895  
-5.072493014  
-7.476189291  
-8.031634584  
-7.51833492  
-7.017794027  
-7.520230303  
-9.562315549  
-13.01341201  
-17.0811286  
-20.53776546  
-22.09955631  
-20.84188357  
-16.52111131  
-9.700960135  
-1.64013078  
6.029959138  
11.74486846  
14.43602488  
13.82302755  
10.48373212  
5.681731323  
1.001781234  
-2.100585855  
-2.705114755  
-0.6726889474  
3.336956984  
8.076660709  
12.08723816  
14.12572442  
13.5224268  
10.36602352  
5.467756331  
0.1204067386  
-4.274132184  
-6.599595729  
-6.330530388  
-3.665455432  
0.5428872999  
5.03290346  
8.480315655  
9.846516008  
8.635786563  
4.999270297  
-0.3303416918  
-6.242662852  
-11.52748779  
-15.14973434  
-16.45476378  
-15.26473406  
-11.86072263  
-6.875184446  
-1.136545919  
4.490487091  
9.236806357  
12.51839518  
13.98511231  
13.53942426  
11.33537943  
7.761150768  
3.400301341  
-1.036774181  
-4.815390262  
-7.305235271  
-8.112343664  
-7.180511375  
-4.827284662  
-1.691931288  
1.403885801  
3.654459811  
4.476771011  
3.666666769  
1.455747873  
-1.552586492  
-4.553304968  
-6.76770409  
-7.661216519  
-7.084922826  
-5.298093436  
-2.867127209  
-0.4762655227  
1.286086841  
2.094647051  
1.954528219  
1.150517394  
0.1021589848  
-0.8183545455  
-1.435778683  
-1.831731662  
-2.291455026  
-3.156916825  
-4.64249225  
-6.686314428  
-8.900555807  
-10.65009089  
-11.24232696  
-10.16835938  
-7.312033072  
-3.04876202  
1.810677814  
6.225315351  
9.220480282  
10.18378449  
9.064190199  
6.40535891  
3.196071014  
0.5790762494  
-0.4936707499  
0.447228082  
3.240979117  
7.139370173  
11.02666974  
13.74839487  
14.44812491  
12.81132501  
9.146607589  
4.287058301  
-0.6505634777  
-4.570299162  
-6.673023725  
-6.628025354  
-4.60268184  
-1.159609979  
2.93027429  
6.891463488  
10.10262263  
12.17441958  
12.94491114  
12.420757  
10.70684539  
7.961639925  
4.394642307  
0.2956259799  
-3.93532341  
-7.793207855  
-10.73231711  
-12.28642456  
-12.21315247  
-10.61103307  
-7.957014127  
-5.032338207  
-2.740517319  
-1.860252408  
-2.804670995  
-5.464631212  
-9.194218491  
-12.95563609  
-15.59116713  
-16.14777214  
-14.15956427  
-9.802294702  
-3.870182473  
2.42199449  
7.756169443  
11.05631076  
11.7625791  
9.957231304  
6.310526196  
1.868642336  
-2.248726383  
-5.149757412  
-6.384392623  
-6.01481927  
-4.532613493  
-2.658882132  
-1.096344321  
-0.3117927607  
-0.4125037363  
-1.146804526  
-2.018842151  
-2.473315169  
-2.087668083  
-0.711415347  
1.487279782  
4.07656416  
6.494710495  
8.217756249  
8.908834244  
8.505854496  
7.225393226  
5.486513633  
3.781411018  
2.533267601  
1.982883409  
2.134871681  
2.775502211  
3.553349402  
4.096580969  
4.131445957  
3.567285906  
2.523637209  
1.291696682  
0.2410609933  
-0.3014884895  
-0.1657246964  
0.5904895063  
1.676048277  
2.634173376  
2.968250572  
2.29329401  
0.4701419246  
-2.319085575  
-5.582210852  
-8.619744762  
-10.69755156  
-11.24534664  
-10.02568497  
-7.222356702  
-3.416998365  
0.5466668808  
3.778510864  
5.579820851  
5.63588791  
4.106147753  
1.582482228  
-1.07583822  
-2.985478645  
-3.491206279  
-2.353694734  
0.1821974697  
3.458708239  
6.594612911  
8.736344891  
9.296430705  
8.109787395  
5.464504259  
2.002375235  
5.064672982  
7.577730897  
9.734247471  
11.40953219  
12.37695475  
12.35991104  
11.13823377  
8.667704931  
5.16237192  
1.100129008  
-2.861056736  
-6.035901704  
-7.886651384  
-8.163123287  
-6.961612644  
-4.68367176  
-1.910061694  
0.7663865003  
2.892858123  
4.245573125  
4.832878697  
4.822113294  
4.427435766  
3.807754364  
3.016322036  
2.019333918  
0.7702356599  
-0.6985930853  
-2.213993207  
-3.466299874  
-4.088842255  
-3.7890609  
-2.482386831  
-0.3728649993  
2.060591873  
4.180678127  
5.380812165  
5.286353903  
3.897693817  
1.620355673  
-0.8363107054  
-2.665372367  
-3.209271555  
-2.166966983  
0.3080848357  
3.65271068  
7.06719878  
9.759092497  
11.17629729  
11.15301426  
9.923313876  
8.003953617  
5.99322604  
4.360365233  
3.300448073  
2.703103686  
2.239965818  
1.531686576  
0.3270010956  
-1.376217787  
-3.313900698  
-5.047714521  
-6.128631359  
-6.267347128  
-5.44463037  
-3.918639725  
-2.126849674  
-0.5218708023  
0.5932298312  
1.164059336  
1.378272556  
1.555421395  
1.978149765  
2.735309203  
3.645693753  
4.30120653  
4.221021337  
3.061755825  
0.8010959474  
-2.184161192  
-5.189603041  
-7.393170967  
-8.137622583  
-7.18553438  
-4.848361036  
-1.929601947  
0.5140851232  
1.523145973  
0.5803293186  
-2.172294473  
-5.930501915  
-9.455419381  
-11.46794274  
-11.08499146  
-8.151381365  
-3.349152504  
1.96383956  
6.145514854  
7.772613835  
6.09589502  
1.29968324  
-5.521311011  
-12.66491754  
-18.3112206  
-21.04645258  
-20.25835787  
-16.28337612  
-10.26666946  
-3.787882515  
1.622292309  
4.920233713  
5.809240539  
4.751713059  
2.747292063  
0.9644247738  
0.353793555  
1.36799974  
3.867286966  
7.223203413  
10.565875  
13.07837649  
14.23617657  
13.91986425  
12.38159744  
10.09928206  
7.587988462  
5.243836922  
3.272104434  
1.71027641  
0.5155447544  
-0.3380562791  
-0.8064342478  
-0.7941871011  
-0.2356473121  
0.8049550126  
2.07164339  
3.138577344  
3.526799439  
2.883861881  
1.160181073  
-1.293839603  
-3.765223102  
-5.360057376  
-5.284150235  
-3.134113702  
0.9041971049  
6.030700229  
11.00683973  
14.49182801  
15.44098515  
13.44024113  
8.864997503  
2.804355777  
-3.233535124  
-7.747687246  
-9.670463446  
-8.660980077  
-5.175577337  
-0.2975944003  
4.613410114  
8.335845307  
10.12913767  
9.899102581  
8.141773594  
5.697737127  
3.411657862  
1.820152413  
0.9764347574  
0.4683328035  
-0.3836744433  
-2.225202974  
-5.375338732  
-9.649552534  
-14.36289528  
-18.51425001  
-21.08946085  
-21.38094184  
-19.21716076  
-15.02766951  
-9.725618356  
-4.450157934  
-0.2547905892  
2.159576596  
2.589008471  
1.315981918  
-1.035531045  
-3.717164078  
-6.066873159  
-7.647212435  
-8.279951067  
-7.988297949  
-6.89168534  
-5.110702608  
-2.727603673  
0.1828336753  
3.473529962  
6.844030926  
9.81141065  
11.76815596  
12.12692834  
10.51321831  
6.940186746  
1.896157383  
-3.701953813  
-8.693906039  
-11.9570224  
-12.70363949  
-10.70450555  
-6.366043235  
-0.6323700178  
5.263117575  
10.1246433  
13.10282278  
13.89449985  
12.77754894  
10.47635261  
7.90598002  
5.878974404  
4.867002022  
4.888478735  
5.550490824  
6.223081162  
6.282820962  
5.343281048  
3.397586069  
0.8295473547  
-1.706641133  
-3.496302181  
-3.995233519  
-3.008915255  
-0.7657026788  
2.136123017  
4.888960724  
6.694808416  
6.978646381  
5.53735881  
2.586830825  
-1.299709623  
-5.339251184  
-8.728664821  
-10.82576591  
-11.27817839  
-10.07429055  
-7.512738469  
-4.107175428  
-0.4563833326  
2.886119951  
5.513559654  
7.219978964  
8.001855156  
8.01491092  
7.502604434  
6.717030039  
5.852017356  
5.003177575  
4.162007543  
3.242391413  
2.130020968  
0.7397507414  
-0.935932414  
-2.801895568  
-4.66714245  
-6.283169253  
-7.404570686  
-7.855631985  
-7.583923811  
-6.684442759  
-5.385464844  
-3.997800694  
-2.839867675  
-2.158485117  
-2.067334625  
-2.520511069  
-3.328992845  
-4.215551462  
-4.892536737  
-5.140348848  
-4.86428056  
-4.113885142  
-3.060223093  
-1.938694487  
-0.9752593425  
-0.3184471889  
0.002547193083  
0.08147535709  
0.09973885817  
0.2633295365  
0.7313768471  
1.558264187  
2.667252671  
3.864337211  
4.889140997  
5.48854632  
5.49162316  
4.863422425  
3.720642278  
2.302901389  
0.90623492  
-0.202897065  
-0.868073766  
-1.092894606  
-1.043359009  
-0.9987194478  
-1.262519945  
-2.058584627  
-3.443474686  
-5.264249387  
-7.178761878  
-8.737612931  
-9.507399463  
-9.200351097  
-7.770474714  
-5.443682502  
-2.667793251  
0.007487425887  
2.087357298  
3.278392902  
3.577661845  
3.273078047  
2.850407521  
2.832483416  
3.59988006  
5.251204325  
7.551258569  
9.988835755  
11.93056659  
12.82437465  
12.38707867  
10.71245883  
8.259604947  
5.719383979  
3.797826634  
2.984889764  
3.385278134  
4.670672137  
6.174633705  
7.104654764  
6.805601814  
4.989077637  
1.851408439  
-1.962742109  
-5.544467028  
-7.996782529  
-8.715573647  
-7.584559415  
-5.019930265  
-1.848528297  
0.9426352601  
2.505811815  
2.38531499  
0.6439163624  
-2.175160748  
-5.234565437  
-7.673457336  
-8.872628657  
-8.628863311  
-7.186238912  
-5.121648128  
-3.130655643  
-1.791203748  
-1.386428174  
-1.843119913  
-2.799198249  
-3.767141837  
-4.327782852  
-4.281077705  
-3.699787472  
-2.870563794  
-2.150238869  
-1.797033874  
-1.845201518  
-2.074393344  
-2.08823468  
-1.474204154  
0.01522674308  
2.330185614  
5.093310122  
7.68898514  
9.445302385  
9.847549839  
8.709200655  
6.240107225  
2.987075095  
-0.3335413359  
-3.054192719  
-4.751317786  
-5.352487129  
-5.122668533  
-4.539488882  
-4.105652314  
-4.16657306  
-4.796278938  
-5.78728278  
-6.741073575  
-7.219832615  
-6.900260098  
-5.673727921  
-3.661105879  
-1.145856209  
1.539141145  
4.119232589  
6.433977119  
8.420497443  
10.03723082  
11.17032491  
11.57629064  
10.90297577  
8.799297521  
5.084744207  
-0.08255548473  
-6.111289005  
-12.01159914  
-16.57442184  
-18.66022834  
-17.51848325  
-13.03909128  
-5.849725382  
2.784618821  
11.24353427  
17.94103799  
21.71368242  
22.09549989  
19.40175627  
14.60130878  
9.021258986  
3.976437087  
0.4347455793  
-1.187561994  
-1.052370948  
0.2419268949  
1.908668572  
3.238408275  
3.795734267  
3.493077331  
2.534382321  
1.266806662  
0.00687686552  
-1.090220554  
-2.072144331  
-3.133276618  
-4.490583747  
-6.24595988  
-8.292433984  
-10.30322003  
-11.81034599  
-12.34603136  
-11.59756892  
-9.522254668  
-6.383785283  
-2.6990446  
0.8864277081  
3.754579804  
5.456465105  
5.80214843  
4.881266594  
3.018669279  
0.6861668218  
-1.601989785  
-3.385724103  
-4.333356673  
-4.288885899  
-3.293579024  
-1.583139832  
0.4416150737  
2.275148955  
3.40018111  
3.40514242  
2.104110808  
-0.3744965801  
-3.566817691  
-6.744793636  
-9.079551224  
-9.864664026  
-8.739045153  
-5.837382308  
-1.807617865  
2.329813287  
5.456477576  
6.691431143  
5.685379634  
2.773304711  
-1.078026753  
-4.529354773  
-6.26837274  
-5.430921572  
-1.909424053  
3.558364096  
9.562242222  
14.41346813  
16.64531791  
15.46665531  
11.02415917  
4.385648507  
-2.75597272  
-8.569695581  
-11.61409215  
-11.24210773  
-7.758952524  
-2.289208708  
3.59711041  
8.373354692  
11.00025513  
11.18549614  
9.385133378  
6.561963256  
3.797073691  
1.896357477  
1.129341422  
1.185574247  
1.353542878  
0.8474878184  
-0.8435852185  
-3.715323381  
-7.204504544  
-10.35826203  
-12.15441645  
-11.85737477  
-9.282544835  
-4.876446277  
0.4134584682  
5.430204729  
9.155413415  
10.99247258  
10.8907509  
9.277431969  
6.834681923  
4.215026371  
1.806708028  
-0.3626889895  
-2.552944551  
-5.10485721  
-8.191000927  
-11.63204383  
-14.86292488  
-17.07536681  
-17.49295631  
-15.67931597  
-11.76009382  
-6.464402418  
-0.9532948317  
3.520047969  
6.00913256  
6.195018924  
4.512427928  
2.027211765  
0.09538470793  
-0.08949070943  
2.088051851  
6.427139815  
11.93386543  
17.10458734  
20.3812605  
20.63356039  
17.5131076  
11.56745752  
4.080123936  
-3.308034768  
-9.071795425  
-12.21809814  
-12.51899189  
-10.49855506  
-7.193896942  
-3.782678536  
-1.207549371  
0.0796042477  
0.1792359322  
-0.3917913339  
-0.9688828201  
-1.03441597  
-0.4294653248  
0.5905437898  
1.469298717  
1.583358457  
0.5056321958  
-1.7998095  
-4.922657008  
-8.110319695  
-10.49370982  
-11.35607107  
-10.35359659  
-7.616147454  
-3.699790526  
0.5863539307  
4.416090343  
7.165885514  
8.551014823  
8.644773184  
7.789838933  
6.446380634  
5.037640312  
3.84645833  
2.989876194  
2.465226788  
2.233115694  
2.291127813  
2.700532959  
3.552234747  
4.88771619  
6.613154407  
8.451450684  
9.964320972  
10.64976281  
10.08926442  
8.096058716  
4.810020495  
0.6990071318  
-3.543382226  
-7.178373388  
-9.62723007  
-10.63642794  
-10.34859756  
-9.253888124  
-8.034318135  
-7.347939902  
-7.619290568  
-8.900997603  
-10.84961968  
-12.8235784  
-14.07400874  
-13.97171385  
-12.20344026  
-8.880626064  
-4.529956253  
0.03102822592  
3.898381069  
6.310811859  
6.843279614  
5.516440291  
2.796391317  
-0.5128113968  
-3.455950715  
-5.147606857  
-4.976455621  
-2.747790337  
1.265727655  
6.374873172  
11.6145802  
15.9446991  
18.46883413  
18.62554354  
16.31147196  
11.90952446  
6.214884497  
0.2733829416  
-4.83361351  
-8.211051941  
-9.329832422  
-8.124441697  
-4.987888629  
-0.6675527797  
3.910857452  
7.847625173  
10.45279678  
11.36823966  
10.60470227  
8.493407449  
5.573107877  
2.447355396  
-0.3501464325  
-2.451715681  
-3.697751713  
-4.125731261  
-3.920635228  
-3.347778543  
-2.68786026  
-2.187136621  
-2.026692542  
-2.30756367  
-3.045500226  
-4.170706807  
-5.53215151  
-6.909983145  
-8.040959134  
-8.658843102  
-8.546008111  
-7.586077506  
-5.803508742  
-3.3769712  
-0.6192297207  
2.074451372  
4.298219679  
5.710785628  
6.096432745  
5.399665851  
3.729668557  
1.338960591  
-1.414511489  
-4.112737466  
-6.325333329  
-7.659490069  
-7.814818043  
-6.643116628  
-4.205969352  
-0.813816991  
2.97555969  
6.419099787  
8.718026003  
9.200406882  
7.518262525  
3.80340244  
-1.27583079  
-6.596890637  
-10.80872771  
-12.66036713  
-11.35226455  
-6.809993697  
0.211166748  
8.242523384  
15.42994904  
19.99916153  
20.73520237  
17.33819384  
10.54403372  
1.961645921  
-6.339653782  
-12.3828795  
-14.82000045  
-13.29603843  
-8.531683612  
-2.09784899  
4.052240081  
8.154246864  
9.136551403  
6.907103694  
2.340909368  
-3.021688987  
-7.467086101  
-9.635342431  
-8.91908578  
-5.615697627  
-0.7944249986  
4.069260293  
7.568292112  
8.793781811  
7.586252452  
4.536875742  
0.750253743  
-2.543539984  
-4.395101963  
-4.427420527  
-2.92378638  
-0.692709634  
1.235512797  
1.973591638  
1.081145641  
-1.289118681  
-4.444027841  
-7.376338076  
-9.085248169  
-8.885755926  
-6.611294507  
-2.653657587  
2.161145585  
6.811905357  
10.35630563  
12.15779101  
12.00662116  
10.11570474  
7.012015877  
3.371895773  
-0.1438609284  
-3.01132834  
-4.901703732  
-5.68265834  
-5.386009278  
-4.168342263  
-2.281743649  
-0.05604449589  
2.119570384  
3.832346537  
4.708730265  
4.498365385  
3.15694276  
0.8960787932  
-1.82819978  
-4.400073717  
-6.188616538  
-6.715641184  
-5.796537938  
-3.607312436  
-0.6513320955  
2.369585262  
4.743855716  
5.942070977  
5.753554018  
4.326291697  
2.100388279  
-0.3403732547  
-2.448354696  
-3.864506809  
-4.496313579  
-4.50153102  
-4.190816491  
-3.889335559  
-3.809009574  
-3.975934046  
-4.235018996  
-4.324685166  
-3.989620605  
-3.087684319  
-1.651942694  
0.1122373576  
1.88999734  
3.353065928  
4.252450371  
4.475752127  
4.053758036  
3.122299199  
1.862358501  
0.4474470395  
-0.9800714711  
-2.298718996  
-3.377523212  
-4.05136525  
-4.127266061  
-3.433127559  
-1.898613845  
0.3625399492  
3.009332902  
5.50295317  
7.219421218  
7.623983413  
6.456776133  
3.865134407  
0.4260374674  
-2.9672857  
-5.33668262  
-5.907260173  
-4.364748681  
-0.9951743584  
3.349533719  
7.464224457  
10.12815754  
10.47006663  
8.248260461  
3.953999311  
-1.302261554  
-6.095621887  
-9.09576303  
-9.458525737  
-7.080858206  
-2.640053808  
2.596570917  
7.135217717  
9.683389474  
9.51414813  
6.660018867  
1.883291976  
-3.561766685  
-8.296995506  
-11.20466174  
-11.71417094  
-9.912542371  
-6.457973489  
-2.336990196  
1.449199132  
4.167970781  
5.524295173  
5.674314981  
5.094988299  
4.366586145  
3.948174554  
4.021762669  
4.45174762  
4.863923606  
4.807603767  
3.938846204  
2.159772931  
-0.3319681846  
-3.096194877  
-5.582971974  
-7.297232206  
-7.939719609  
-7.480473825  
-6.146446014  
-4.334528012  
-2.484757561  
-0.9582884985  
0.04141652584  
0.4844573378  
0.4716169242  
0.1570085627  
-0.3294758717  
-0.9293035978  
-1.655787993  
-2.551425021  
-3.623060051  
-4.784751833  
-5.835687258  
-6.487565044  
-6.437484434  
-5.464919226  
-3.520991037  
-0.778492831  
2.378066593  
5.425254626  
7.819892572  
9.133418462  
9.16451907  
7.998023289  
5.992104152  
3.694939294  
1.710792525  
0.5490619192  
0.4945235505  
1.532027164  
3.345443473  
5.39238605  
7.037480384  
7.712306607  
7.063105514  
5.049459579  
1.968238453  
-1.605306939  
-4.94740017  
-7.356715798  
-8.325363454  
-7.667193731  
-5.569808414  
-2.554661714  
0.6474424834  
3.276015316  
4.730890123  
4.723332342  
3.347751038  
1.05335052  
-1.478615417  
-3.520688702  
-4.498825861  
-4.151709612  
-2.605611202  
-0.3432144652  
1.926135139  
3.459971764  
3.687209107  
2.367511571  
-0.3381346648  
-3.904624617  
-7.576715852  
-10.56216638  
-12.2307166  
-12.2650153  
-10.72437885  
-8.007360269  
-4.727728347  
-1.541701872  
1.023775539  
2.694687522  
3.494280432  
3.700787895  
3.736040844  
4.020863006  
4.840519815  
6.257904098  
8.096283558  
9.99233686  
11.50026829  
12.21455504  
11.87612732  
10.43399329  
8.049241352  
5.045717163  
1.8263517  
-1.218115565  
-3.782146149  
-5.682923482  
-6.858362847  
-7.334731377  
-7.1819279  
-6.476573733  
-5.287639269  
-3.688765292  
-1.789305878  
0.2331785296  
2.119166939  
3.547644653  
4.194719131  
3.819806669  
2.355797174  
-0.02701930117  
-2.910658744  
-5.687896905  
-7.685262015  
-8.325860636  
-7.291456298  
-4.63785479  
-0.825337969  
3.354218285  
6.944648306  
9.050941915  
9.067278873  
6.847004982  
2.765445824  
-2.34732072  
-7.392756224  
-11.26553514  
-13.12496871  
-12.60565007  
-9.911115868  
-5.76414239  
-1.224784611  
2.577710497  
4.730331589  
4.765720286  
2.777262323  
-0.6083740667  
-4.392559807  
-7.457421657  
-8.845499759  
-7.997083193  
-4.888497731  
-0.04062921403  
5.600919421  
10.88276966  
14.70546925  
16.26997225  
15.25485102  
11.88741987  
6.895797045  
1.353961761  
-3.546621148  
-6.75098356  
-7.567592393  
-5.820436375  
-1.892853558  
3.349397102  
8.743217731  
13.08485585  
15.40322911  
15.18746573  
12.51244264  
8.026739975  
2.799163185  
-1.944356939  
-5.130919735  
-6.118655119  
-4.867287595  
-1.951028043  
1.595178293  
4.558549511  
5.88455082  
4.972080644  
1.842405173  
-2.868664628  
-8.094604713  
-12.64438324  
-15.53969107  
-16.28148371  
-14.96555737  
-12.21404761  
-8.948309219  
-6.079455168  
-4.219480624  
-3.508484622  
-3.614179074  
-3.900903722  
-3.706510302  
-2.626842835  
-0.7030538976  
1.560811148  
3.363570066  
3.903734442  
2.704949728  
-0.1485040031  
-3.959590084  
-7.583776912  
-9.771017974  
-9.579103388  
-6.721111984  
-1.723354604  
4.173269657  
9.353214406  
12.31075613  
12.12918235  
8.799237554  
3.266670814  
-2.817854979  
-7.578295628  
-9.478145736  
-7.79537395  
-2.856488163  
4.047794643  
11.04322155  
16.2333677  
18.26828649  
16.7441302  
12.31054831  
6.454617139  
1.031406518  
-2.310171889  
-2.62736224  
0.04341048153  
4.71915805  
9.790467394  
13.52245545  
14.57746856  
12.399939  
7.353221789  
0.5798799516  
-6.356705462  
-11.92800901  
-15.05064678  
-15.33353932  
-13.10438871  
-9.231488395  
-4.818632394  
-0.8816208606  
1.893037266  
3.24696684  
3.301956401  
2.411353582  
0.9846248295  
-0.6441401749  
-2.262713619  
-3.743753738  
-4.963633874  
-5.734160506  
-5.795593468  
-4.888576213  
-2.882682564  
0.09280638623  
3.580604942  
6.837487446  
8.995660823  
9.30543079  
7.384366494  
3.386107328  
-1.978781865  
-7.592178697  
-12.2137352  
-14.81978535  
-14.89125008  
-12.55823697  
-8.552939447  
-3.983602421  
-0.0002122272419  
2.542269906  
3.317162792  
2.584671005  
1.062676396  
-0.3419508278  
-0.8489185274  
-0.06206123946  
1.913125247  
4.524206619  
6.972340871  
8.484543752  
8.56326915  
7.131496025  
4.531599866  
1.388831823  
-1.604088721  
-3.901148472  
-5.24235323  
-5.676905279  
-5.474505314  
-4.970329822  
-4.411145877  
-3.864908889  
-3.226998271  
-2.314846716  
-1.005416517  
0.6483659359  
2.378426322  
3.764699648  
4.383164227  
3.98406411  
2.628359665  
0.7212346996  
-1.082978707  
-2.081986561  
-1.767793406  
-0.02421608492  
2.796026574  
5.951433746  
8.531210934  
9.745108767  
9.185904513  
6.97194462  
3.715650928  
0.3236075255  
-2.30642003  
-3.587275648  
-3.43585336  
-2.286329096  
-0.9136529495  
-0.126016676  
-0.4348866962  
-1.824175405  
-3.710228832  
-5.120030287  
-5.037750507  
-2.806156933  
1.557851824  
7.253655287  
12.8501034  
16.67181121  
17.30801671  
14.08536206  
7.348575578  
-1.552912771  
-10.58480413  
-17.56956541  
-20.79251698  
-19.49021188  
-14.0714933  
-6.001614465  
2.617637286  
9.64582033  
13.50011167  
13.57262585  
10.34856485  
5.198720935  
-0.08023628479  
-3.829082278  
-5.017649167  
-3.517692007  
-0.08344889347  
3.940071875  
7.077084968  
8.197508916  
6.859965024  
3.420354768  
-1.116344513  
-5.441604951  
-8.367797801  
-9.194663115  
-7.906712251  
-5.149718715  
-2.00650568  
0.3469471645  
0.9927971808  
-0.4758525951  
-3.867436572  
-8.480055926  
-13.32133148  
-17.38137721  
-19.87435921  
-20.3859037  
-18.90242831  
-15.73916266  
-11.41181971  
-6.504417408  
-1.572622372  
2.903505775  
6.529503383  
8.996796635  
10.09958636  
9.778475109  
8.177893161  
5.685761334  
2.91918465  
0.6332423908  
-0.4423974388  
0.1973950014  
2.657820655  
6.555768605  
11.06212991  
15.08031817  
17.52168794  
17.60280929  
15.07599653  
10.31976493  
4.256209115  
-1.884700235  
-6.885509671  
-9.850949923  
-10.41502248  
-8.78727154  
-5.632515798  
-1.832037317  
1.789425436  
4.67941597  
6.649693334  
7.825162248  
8.483526482  
8.858692738  
8.992360664  
8.697300792  
7.650363367  
5.579754249  
2.4697445  
-1.307013992  
-4.997998739  
-7.639001791  
-8.340341449  
-6.599709103  
-2.530661029  
3.084901464  
8.957852932  
13.63272827  
15.90989226  
15.2157333  
11.79645742  
6.662813655  
1.29191637  
-2.827156859  
-4.662426426  
-3.971462318  
-1.385753247  
1.786225925  
3.979588199  
3.885426106  
0.8908583722  
-4.696381154  
-11.71392019  
-18.48302609  
-23.31295216  
-25.01134011  
-23.2389972  
-18.59825934  
-12.43077324  
-6.394255357  
-1.957533602  
0.02349403633  
-0.4830925029  
-2.74621863  
-5.572930587  
-7.739869506  
-8.406040436  
-7.369608696  
-5.089128203  
-2.472492832  
-0.5164512049  
0.07162657871  
-0.8642553393  
-2.872857479  
-5.061460822  
-6.42059788  
-6.190160572  
-4.136555142  
-0.6435197805  
3.414062578  
6.967473591  
9.117140331  
9.433774878  
8.093141149  
5.798884171  
3.522656934  
2.154225281  
2.185077374  
3.536409434  
5.591326936  
7.419503858  
8.115778128  
7.134881208  
4.506345457  
0.8551464858  
-2.779705673  
-5.268000086  
-5.744960047  
-3.884332622  
-0.0003286937747  
5.050758481  
10.13205228  
14.16151047  
16.41196295  
16.68312065  
15.29987502  
12.95052217  
10.43014068  
8.380659447  
7.112999805  
6.56190411  
6.374627242  
6.088650904  
5.326737633  
3.938224891  
2.041163061  
-0.04009698916  
-1.908782555  
-3.244624564  
-3.910919611  
-3.98368177  
-3.699694176  
-3.351619186  
-3.176443703  
-3.281841821  
-3.635706153  
-4.115650672  
-4.58998165  
-4.989744326  
-5.337639919  
-5.720857175  
-6.222011666  
-6.843367442  
-7.465207122  
-7.866268028  
-7.807250813  
-7.148552681  
-5.952910545  
-4.522696623  
-3.341859481  
-2.928300414  
-3.640137811  
-5.504331258  
-8.137277896  
-10.80119149  
-12.59502748  
-12.72931602  
-10.79856595  
-6.957210579  
-1.930104451  
3.160131011  
7.105528158  
8.9717504  
8.38947146  
5.680896363  
1.77454023  
-2.070719853  
-4.64818842  
-5.171877541  
-3.512978497  
-0.2281603924  
3.629045567  
6.851963053  
8.467479112  
8.040739955  
5.801016283  
2.552017777  
-0.5991619742  
-2.601874433  
-2.791754761  
-1.085618156  
2.015340448  
5.605621561  
8.670716609  
10.39549625  
10.38577019  
8.738766519  
5.953955491  
2.730357878  
-0.2684841698  
-2.597173205  
-4.10126422  
-4.86925767  
-5.100272187  
-4.954292937  
-4.454366347  
-3.484328418  
-1.882500707  
0.4113375703  
3.224448526  
6.101878297  
8.376475737  
9.348420154  
8.518626426  
5.793058395  
1.578005579  
-3.280320145  
-7.705483259  
-10.68984242  
-11.58795335  
-10.30679015  
-7.326783082  
-3.543481639  
0.01969166119  
2.532605924  
3.606264259  
3.384903197  
2.45333436  
1.594572235  
1.484561906  
2.432628105  
4.259936399  
6.359483647  
7.916919923  
8.214186214  
6.907842469  
4.181732486  
0.7166112186  
-2.51703518  
-4.57483135  
-4.856092536  
-3.314082054  
-0.4854188106  
2.674037439  
5.093984068  
5.934685379  
4.858034028  
2.135362473  
-1.442625992  
-4.822658446  
-7.026511865  
-7.458203939  
-6.081310572  
-3.411696325  
-0.3325617576  
2.203220612  
3.483424541  
3.258167115  
1.803638305  
-0.1876932812  
-1.849302565  
-2.432655636  
-1.553738415  
0.6828495443  
3.716627235  
6.70399687  
8.770880734  
9.263736339  
7.92306105  
4.93282284  
0.8410093538  
-3.613644755  
-7.70832043  
-10.91176838  
-12.98118397  
-13.96243851  
-14.10795879  
-13.7502263  
-13.17739428  
-12.55002995  
-11.8788018  
-11.06015509  
-9.948349335  
-8.433793686  
-6.500093947  
-4.243637111  
-1.854149699  
0.4327351132  
2.39333645  
3.866933136  
4.788239387  
5.197134628  
5.227642875  
5.081333242  
4.990507154  
5.17537648  
5.799033535  
6.925213277  
8.486741606  
10.27473719  
11.95812165  
13.13797868  
13.43181613  
12.57180023  
10.49208389  
7.377811021  
3.654877349  
-0.08581428701  
-3.216483805  
-5.222016599  
-5.82989428  
-5.081715578  
-3.322205571  
-1.105368249  
0.9572301584  
2.36241126  
2.846172819  
2.439964883  
1.435876843  
0.2728333624  
-0.6188874969  
-0.964100909  
-0.7322804241  
-0.1411520718  
0.4266734031  
0.5661172375  
0.003538539893  
-1.289728212  
-3.063314729  
-4.846882803  
-6.085772648  
-6.311934297  
-5.297011621  
-3.139471298  
-0.2577681019  
2.710062437  
5.071840658  
6.264301598  
6.00203917  
4.351430267  
1.711222176  
-1.291994364  
-3.962277972  
-5.702807532  
-6.150642372  
-5.246176519  
-3.225295496  
-0.5431023312  
2.245590687  
4.615874063  
6.180859503  
6.755918571  
6.370127327  
5.229590769  
3.64759249  
1.961777626  
0.4582707044  
-0.6818786211  
-1.405478769  
-1.778418414  
-1.951019393  
-2.107835625  
-2.41432991  
-2.97241399  
-3.794134447  
-4.798305458  
-5.82952503  
-6.693841583  
-7.201647076  
-7.207084271  
-6.634963874  
-5.490254804  
-3.850724621  
-1.84814248  
0.3537912069  
2.577202368  
4.639497307  
6.355865251  
7.540916105  
8.017575632  
7.639291563  
6.32575556  
4.104632263  
1.145181304  
-2.232550617  
-5.585503807  
-8.415132313  
-10.26441445  
-10.82200566  
-10.00464749  
-7.991038449  
-5.191757592  
-2.157555246  
0.5525310043  
2.507814242  
3.508012829  
3.619718355  
3.135016156  
2.463786659  
1.992387084  
1.953110452  
2.346666156  
2.943903351  
3.368046479  
3.232266559  
2.288467426  
0.5377513973  
-1.736174281  
-4.0259507  
-5.73769898  
-6.366525994  
-5.656749441  
-3.695988735  
-0.9111566261  
2.036410824  
4.428787486  
5.69173725  
5.559456757  
4.155554424  
1.966119928  
-0.2881563634  
-1.845283882  
-2.107235159  
-0.8014027786  
1.943945175  
5.627809736  
9.497551558  
12.72840483  
14.61412235  
14.72193563  
12.97771205  
9.667444113  
5.362404403  
0.7922094266  
-3.301678947  
-6.300073156  
-7.80383803  
-7.683045849  
-6.076671759  
-3.35070276  
-0.02689940209  
3.304522108  
6.076254855  
7.828771117  
8.279124899  
7.364663256  
5.253627575  
2.317526308  
-0.9343672889  
-3.950533991  
-6.246611671  
-7.506467654  
-7.651117645  
-6.856220133  
-5.50951282  
-4.114054893  
-3.157981758  
-2.982280016  
-3.681270518  
-5.064501697  
-6.694172237  
-7.992799109  
-8.396271714  
-7.513656834  
-5.250895942  
-1.863077068  
2.082665894  
5.828127954  
8.600709184  
9.801361716  
9.155018832  
6.783098492  
3.177786381  
-0.9164253013  
-4.683471765  
-7.431328234  
-8.751016685  
-8.597777342  
-7.27489447  
-5.327809837  
-3.381096476  
-1.966071015  
-1.388213447  
-1.670313301  
-2.583761171  
-3.75338523  
-4.799216498  
-5.468060011  
-5.71219405  
-5.690339065  
-5.691719355  
-6.009451829  
-6.806474524  
-8.020394143  
-9.341793077  
-10.27739538  
-10.28233156  
-8.923200306  
-6.022813952  
-1.74188937  
3.428847498  
8.76639593  
13.47712425  
16.87840806  
18.55141015  
18.42588164  
16.77802525  
14.14700241  
11.19661608  
8.560648227  
6.710247474  
5.871606616  
6.005730674  
6.84566378  
7.974517926  
8.922700124  
9.264429321  
8.699113455  
7.109206512  
4.590016119  
1.448140952  
-1.834692382  
-4.674210699  
-6.489092608  
-6.826804275  
-5.486420052  
-2.607055466  
1.309756109  
5.464965501  
8.914772583  
10.78555058  
10.50142411  
7.962360475  
3.61551032  
-1.613638353  
-6.526284392  
-9.946487309  
-11.03214505  
-9.513402666  
-5.786179019  
-0.8266354041  
4.056579975  
7.566914562  
8.765261391  
7.317371113  
3.572024591  
-1.551800669  
-6.834002205  
-11.09767077  
-13.52661602  
-13.86437531  
-12.44142224  
-10.03107384  
-7.586547494  
-5.945250904  
-5.591532523  
-6.54527921  
-8.399896395  
-10.48446534  
-12.08779421  
-12.66776739  
-11.98188148  
-10.10744427  
-7.360663477  
-4.157585453  
-0.8751671248  
2.236383095  
