-2.46275809  
-1.817472008  
-0.3204934766  
1.601542837  
3.395709709  
4.571553903  
4.86938933  
4.344710361  
3.333545999  
2.306792715  
1.664599199  
1.548433844  
1.747473851  
1.745935731  
0.9078489406  
-1.25709771  
-4.839372314  
-9.385116654  
-13.92940807  
-17.21812636  
-18.06365528  
-15.72795157  
-10.20800861  
-2.321687807  
6.449088215  
14.32422065  
19.69763689  
21.574973  
19.84248924  
15.28345724  
9.336579182  
3.671793758  
-0.28460101  
-1.730005998  
-0.6588039096  
2.213796543  
5.73867883  
8.725877029  
10.31024064  
10.17314298  
8.559396795  
6.102276565  
3.535436248  
1.405237324  
-0.1102640833  
-1.21502423  
-2.346808131  
-3.934157137  
-6.160467172  
-8.832266021  
-11.40706771  
-13.17317627  
-13.51393688  
-12.15450053  
-9.293747139  
-5.565847351  
-1.839998329  
1.071178193  
2.68751248  
3.017582402  
2.534075985  
1.973713319  
2.033664842  
3.077649471  
4.964832023  
7.072044059  
8.509584165  
8.457930069  
6.504323573  
2.852675434  
-1.678800488  
-5.884111372  
-8.551207841  
-8.871192866  
-6.732357182  
-2.791687787  
1.709076003  
5.327948551  
6.882193953  
5.829248933  
2.44012135  
-2.293808927  
-6.989088764  
-10.32189793  
-11.44980337  
-10.26163495  
-7.374021883  
-3.88146477  
-0.9520019161  
0.5871347747  
0.5281534512  
-0.6702505637  
-2.080299403  
-2.673088769  
-1.723192018  
0.8961972841  
4.634141854  
8.428499387  
11.0607985  
11.57569772  
9.618712708  
5.574600101  
0.4582998406  
-4.404045376  
-7.794748822  
-8.982612151  
-7.933495098  
-5.286937712  
-2.113409746  
0.4593260875  
1.620366711  
1.124245969  
-0.6648424803  
-2.93908122  
-4.756812639  
-5.38273847  
-4.539281235  
-2.48549526  
0.09686373938  
2.362550352  
3.611055932  
3.534219643  
2.318765868  
0.5727811765  
-0.8929234709  
-1.349031905  
-0.3988775522  
1.886595628  
4.99023599  
8.112455324  
10.41726771  
11.27755862  
10.44300494  
8.085381576  
4.719392816  
1.036854459  
-2.285395023  
-4.743479698  
-6.090374367  
-6.336181761  
-5.683989539  
-4.4370056  
-2.913027398  
-1.388905145  
-0.07847891239  
0.8684172042  
1.36405973  
1.390647963  
1.017258889  
0.4125737872  
-0.1655595065  
-0.4167616401  
-0.07852207087  
0.9805482388  
2.688326068  
4.75135383  
6.710280413  
8.061665222  
8.41231075  
7.61488385  
5.834222072  
3.513611908  
1.244203549  
-0.423718848  
-1.164605455  
-0.9910248426  
-0.2523356227  
0.4865928898  
0.6487023558  
-0.1394962382  
-1.897005082  
-4.25957957  
-6.58857542  
-8.183789343  
-8.527853552  
-7.475823457  
-5.320473855  
-2.706383435  
-0.4194222083  
0.8763097781  
0.8615230771  
-0.3354282017  
-2.194327102  
-3.999298794  
-5.105886675  
-5.18218691  
-4.33456037  
-3.068457324  
-2.094130911  
-2.044282669  
-3.205562641  
-5.364730221  
-7.832994878  
-9.650517217  
-9.908648766  
-8.082812678  
-4.260226712  
0.8221736329  
5.952983537  
9.787307754  
11.24941285  
9.870088907  
5.95042062  
0.4978347837  
-5.047865742  
-9.214972371  
-10.90517452  
-9.68303261  
-5.868208946  
-0.4122761946  
5.391714889  
10.2711561  
13.29664672  
14.07593382  
12.77683565  
9.993651244  
6.518258985  
3.099175441  
0.2642760166  
-1.749090618  
-2.955586811  
-3.511822576  
-3.591369443  
-3.297882799  
-2.646200883  
-1.608718383  
-0.1960459457  
1.472609143  
3.14801548  
4.495039853  
5.190215107  
5.036578145  
4.05005379  
2.480163293  
0.7511528248  
-0.660960106  
-1.375655767  
-1.229487165  
-0.3296676693  
0.9798526465  
2.229602763  
2.976780207  
2.948607411  
2.13056229  
0.7720068689  
-0.6908875681  
-1.768764621  
-2.066299914  
-1.398021675  
0.160214208  
2.295368835  
4.545172839  
6.420409996  
7.525234842  
7.643816542  
6.774680138  
5.110760216  
2.977437022  
0.7494487074  
-1.231205588  
-2.718710103  
-3.598138954  
-3.889111921  
-3.722123952  
-3.295025239  
-2.819263096  
-2.466600586  
-2.327446377  
-2.391160899  
-2.555534102  
-2.666502228  
-2.580648609  
-2.234076743  
-1.695337552  
-1.180339777  
-1.015417584  
-1.54986932  
-3.037325692  
-5.520184414  
-8.756975853  
-12.22523239  
-15.21248226  
-16.98084514  
-16.96442876  
-14.94287479  
-11.13551468  
-6.180004961  
-0.9923692745  
3.457953898  
6.396077623  
7.440475198  
6.692894467  
4.691512753  
2.241247281  
0.1732088048  
-0.8928518341  
-0.7108939299  
0.5514294843  
2.402357753  
4.210633851  
-0.7094141765  
3.053077475  
5.807521003  
7.538328754  
8.560626748  
9.332992037  
10.22083081  
11.30759139  
12.33320447  
12.78967225  
12.14137136  
10.08568417  
6.748636775  
2.729442949  
-1.038529964  
-3.573759677  
-4.183967677  
-2.733124913  
0.2657643218  
3.778450008  
6.566596803  
7.593054808  
6.377380205  
3.175049342  
-1.089017831  
-5.11798534  
-7.675407514  
-8.005794345  
-6.096951051  
-2.689339811  
0.9760861172  
3.588774005  
4.231165539  
2.711873942  
-0.3497541373  
-3.722548024  
-5.982893769  
-6.013875696  
-3.413448014  
1.330796453  
6.964929879  
11.85413014  
14.50497707  
14.05208036  
10.54730589  
4.955136281  
-1.144783141  
-6.050399029  
-8.464468286  
-7.88624291  
-4.744632418  
-0.236373592  
4.071093937  
6.738458988  
6.893794201  
4.476715166  
0.2205722521  
-4.607354292  
-8.612139373  
-10.68834672  
-10.31897876  
-7.674778619  
-3.502659061  
1.140494148  
5.20970873  
7.944717066  
9.018113085  
8.53411667  
6.905305245  
4.670204842  
2.322676738  
0.2056425512  
-1.512845338  
-2.798357035  
-3.682622991  
-4.210307894  
-4.423299408  
-4.38027598  
-4.187486898  
-4.009507778  
-4.038956756  
-4.42722191  
-5.20277883  
-6.217756298  
-7.158758542  
-7.63473027  
-7.321299975  
-6.111410899  
-4.209705858  
-2.120866189  
-0.5173241979  
-0.01824522999  
-0.9512313933  
-3.184897587  
-6.104745893  
-8.759814572  
-10.14735604  
-9.548843157  
-6.803486505  
-2.417297157  
2.544589405  
6.7626373  
9.074862284  
8.863304708  
6.283013846  
2.24838957  
-1.83011943  
-4.481803122  
-4.646002818  
-2.023083302  
2.811986063  
8.574973623  
13.66632091  
16.66717108  
16.776865  
14.0505813  
9.362856558  
4.11394768  
-0.2193507572  
-2.537622449  
-2.429434166  
-0.2434630262  
3.0891343  
6.408187159  
8.722865853  
9.514716849  
8.845489971  
7.244400518  
5.430737184  
3.986308311  
3.107200177  
2.531020372  
1.666978761  
-0.1225199468  
-3.199463586  
-7.415749961  
-12.06515863  
-16.05265501  
-18.23116688  
-17.79169318  
-14.56845363  
-9.14609007  
-2.722470965  
3.23493029  
7.428461558  
9.119992758  
8.340687014  
5.851076552  
2.866396786  
0.64149665  
0.05615852509  
1.339542036  
4.022665816  
7.128388662  
9.526927239  
10.33007965  
9.187306143  
6.384626107  
2.718441727  
-0.8042108156  
-3.328125872  
-4.445022962  
-4.318163332  
-3.595964767  
-3.149681398  
-3.731895633  
-5.679011917  
-8.763583027  
-12.24812132  
-15.12086122  
-16.43092049  
-15.60728476  
-12.65366151  
-8.155877354  
-3.103456844  
1.410659656  
4.510055431  
5.770328397  
5.29952662  
3.648590018  
1.594505937  
-0.1218400041  
-1.012682412  
-0.9483129133  
-0.1282444351  
1.05383335  
2.188382025  
2.999342477  
3.410689263  
3.514071297  
3.463017688  
3.348218938  
3.114307833  
2.559419683  
1.422634775  
-0.4739957474  
-3.087968508  
-6.085072023  
-8.873957847  
-10.7474633  
-11.09054345  
-9.586716535  
-6.350835148  
-1.937805472  
2.782675918  
6.8503752  
9.46924226  
10.21359199  
9.123069813  
6.660759732  
3.553796997  
0.5729191303  
-1.675855276  
-2.88286645  
-3.0554529  
-2.43358267  
-1.34245816  
-0.04305929096  
1.362335784  
2.93716608  
4.833117911  
7.164145697  
9.886513907  
12.73698941  
15.25913663  
16.9144181  
17.24250398  
16.01570973  
13.33286822  
9.617691595  
5.518768118  
1.741383069  
-1.136247312  
-2.805389187  
-3.285664946  
-2.886430052  
-2.088328141  
-1.387008549  
-1.149922293  
-1.528859066  
-2.449060376  
-3.66887885  
-4.881468837  
-5.819485433  
-6.327669047  
-6.384128932  
-6.072106283  
-5.52211806  
-4.852979574  
-4.136912958  
-3.400800835  
-2.658410504  
-1.954304426  
-1.394532906  
-1.144442157  
-1.387794694  
-2.258385326  
-3.768770588  
-5.765307961  
-7.932035274  
-9.85038113  
-11.10221106  
-11.38746655  
-10.62013627  
-8.970646589  
-6.837684061  
-4.753368772  
-3.245993123  
-2.69777844  
-3.237375513  
-4.697297109  
-6.648511484  
-8.503186152  
-9.65837357  
-9.643296491  
-8.233061034  
-5.501621788  
-1.803242579  
2.310113682  
6.212907  
9.340525224  
11.30260987  
11.95074944  
11.38832852  
9.924680913  
7.988267144  
6.02227829  
4.388523511  
3.301884295  
2.808844259  
2.811750683  
3.128572927  
3.568632377  
4.00087986  
4.393745964  
4.814126421  
5.385609945  
6.219216145  
7.339711542  
8.633900418  
9.842388312  
10.6041724  
10.54712153  
9.401639564  
7.104828905  
3.861662721  
0.1391745296  
-3.412691445  
-6.098954674  
-7.343567983  
-6.837195452  
-4.628634465  
-1.133290477  
2.946450694  
6.770905654  
9.546461555  
10.69783692  
9.988178045  
7.560270866  
3.89268556  
-0.3144754784  
-4.294077917  
-7.369811344  
-9.083538453  
-9.268622507  
-8.060085913  
-5.846412247  
-3.178268155  
-0.6549611346  
1.189730092  
1.983341407  
1.577652325  
0.0696199906  
-2.222891182  
-4.827158442  
-7.212878829  
-8.902975666  
-9.57532419  
-9.131777986  
-7.715960559  
-5.672298821  
-3.454038752  
-1.503166088  
-0.1354687738  
0.534926665  
0.607111052  
0.3355632009  
0.02013639078  
-0.1200098558  
-0.04416186259  
0.07831930888  
-0.08019462765  
-0.8815514664  
-2.56402645  
-5.105427766  
-8.160120932  
-11.10244623  
-13.17509017  
-13.70450249  
-12.3187613  
-9.096487646  
-4.59223519  
0.2798386819  
4.477413732  
7.111344881  
7.692594298  
6.268171944  
3.402446136  
0.008384345453  
-2.919132486  
-4.584493778  
-4.599537248  
-3.055958109  
-0.4447808371  
2.543288929  
5.263805934  
7.324206519  
8.679089831  
9.585910238  
10.44286648  
11.57380433  
13.04463143  
14.58483713  
15.64964202  
15.60645314  
13.98190797  
10.68026025  
6.089563809  
1.028410367  
-3.459948077  
-6.405218233  
-7.204262272  
-5.814069543  
-2.776693236  
0.936217104  
4.212155128  
6.128157805  
6.217236548  
4.586509455  
1.851995971  
-1.084167265  
-3.337020341  
-4.320674639  
-3.916820718  
-2.478432467  
-0.6743136063  
0.7662398513  
1.317393572  
0.838107245  
-0.389121821  
-1.77109497  
-2.624879761  
-2.427531529  
-1.007755558  
1.384565827  
4.151133481  
6.531277254  
7.834995078  
7.644004108  
5.916778656  
2.969824334  
-0.6487921159  
-4.342123118  
-7.636644266  
-10.28692815  
-12.2846469  
-13.78096883  
-14.96238255  
-15.9338649  
-16.65584196  
-16.95664761  
-16.61061922  
-15.4460933  
-13.4370163  
-10.74044074  
-7.665353527  
-4.58654209  
-1.839073487  
0.3645640225  
1.963432684  
3.015819248  
3.624812503  
3.859286296  
3.709997739  
3.105173485  
1.983061475  
0.3913343891  
-1.43345561  
-3.051124335  
-3.891209108  
-3.40426118  
-1.247675193  
2.557365648  
7.558922738  
12.93326403  
17.665107  
20.80254189  
21.71159824  
20.2513782  
16.81325892  
12.21001283  
7.448394134  
3.455771001  
0.8446968311  
-0.2151059701  
0.01489776675  
0.9791078766  
2.036243531  
2.665897718  
2.606684008  
1.888966238  
0.7653489898  
-0.4218908169  
-1.378730777  
-1.94967694  
-2.132315797  
-2.022297722  
-1.724403418  
-1.27805518  
-0.636735656  
0.2859069064  
1.523510226  
2.963443437  
4.303768604  
5.095329247  
4.869410815  
3.313105318  
0.4277958195  
-3.396792605  
-7.436320964  
-10.81243804  
-12.75074716  
-12.83205948  
-11.14686451  
-8.290097486  
-5.185817994  
-2.791739308  
-1.77983168  
-2.303626192  
-3.938163225  
-5.821715735  
-6.95803881  
-6.578961768  
-4.441193765  
-0.9490746661  
2.947759703  
6.055238682  
7.336477078  
6.277197096  
3.085872669  
-1.346760255  
-5.722277718  
-8.754618734  
-9.593838866  
-8.107112182  
-4.917111876  
-1.180710282  
1.818487576  
3.123531358  
2.444502371  
0.2637803215  
-2.335366685  
-4.061425451  
-3.893638664  
-1.478736928  
2.698614361  
7.439719199  
11.21692571  
12.69427891  
11.20748393  
7.03567257  
1.364306906  
-4.058973398  
-7.469794295  
-7.658091518  
-4.37706697  
1.546895419  
8.443810883  
14.29925779  
17.36555847  
16.69174056  
12.40629821  
5.667638546  
-1.696123892  
-7.738740754  
-10.96291844  
-10.7285939  
-7.385298838  
-2.103669391  
3.523240233  
7.970468634  
10.20590792  
9.924566373  
7.538441459  
3.951115589  
0.212816667  
-2.818995584  
-4.703684283  
-5.467134333  
-5.484367502  
-5.259566834  
-5.19700192  
-5.448998919  
-5.889163641  
-6.206832833  
-6.072398554  
-5.299921432  
-3.940018196  
-2.268390653  
-0.6792311356  
0.4692547295  
0.9925367046  
0.9448916656  
0.5871440261  
0.2720757544  
0.2955112346  
0.7741190333  
1.599319991  
2.485298847  
3.090724188  
3.163657596  
2.64936478  
1.715294137  
0.6808156643  
-0.12171239  
-0.4985270411  
-0.4950515002  
-0.3991992044  
-0.6379937843  
-1.600384834  
-3.450979636  
-6.007980951  
-8.739735928  
-10.89384396  
-11.7248563  
-10.74836601  
-7.935061188  
-3.773923571  
0.8254894865  
4.769220401  
7.084803872  
7.203820154  
5.133996434  
1.467892954  
-2.773946368  
-6.416975572  
-8.441475626  
-8.237056296  
-5.734665316  
-1.388520527  
3.973678544  
9.37780306  
13.93732272  
17.03151603  
18.39076876  
18.08474862  
16.43774221  
13.9105071  
10.98686235  
8.089775476  
5.533553073  
3.504257639  
2.055491581  
1.111142998  
0.4765366506  
-0.1324593643  
-1.032289351  
-2.485748543  
-4.602262302  
-7.254690367  
-10.0492957  
-12.37705579  
-13.55152742  
-13.00727799  
-10.50460324  
-6.272691049  
-1.032238268  
4.129914225  
8.01576265  
9.636862263  
8.507833797  
4.818981703  
-0.5754040563  
-6.362577989  
-11.11963889  
-13.70567469  
-13.58061521  
-10.95236245  
-6.704774519  
-2.126628569  
1.47588618  
3.16383762  
2.629274386  
0.2590768367  
-3.015727862  
-6.031511189  
-7.760838889  
-7.6197021  
-5.618282177  
-2.314759716  
1.402091299  
4.620455843  
6.695699546  
7.426799978  
7.065931103  
6.168241832  
5.344485119  
5.010910546  
5.228557504  
5.688996269  
5.849028473  
5.162363986  
3.321203977  
0.4171926142  
-3.039772549  
-6.255484472  
-8.394129457  
-8.846729239  
-7.432681354  
-4.464533765  
-0.6533591476  
3.113013042  
6.043234255  
7.674614741  
7.986952142  
7.362581289  
6.410926839  
5.722512876  
5.641152142  
6.135492579  
6.8154932  
7.087891995  
6.395398429  
4.454210023  
1.403796063  
-2.188094475  
-5.4732474  
-7.579593151  
-7.89450928  
-6.281829984  
-3.159094171  
0.5947217154  
3.877086208  
5.675513556  
5.362817497  
2.885380399  
-1.211569336  
-5.928522543  
-10.08268274  
-12.62596167  
-12.91938665  
-10.8890171  
-7.02552635  
-2.235577448  
2.405715632  
5.927751188  
7.687701429  
7.489077134  
5.574704346  
2.510292074  
-0.9962404213  
-4.28156438  
-6.867042197  
-8.519738986  
-9.229887836  
-9.126830676  
-8.372340991  
-7.073352679  
-5.24532352  
-2.837098281  
0.1947347881  
3.792360523  
7.722301392  
11.5534915  
14.70538718  
16.56132368  
16.62049788  
14.64700696  
10.77117979  
5.508426208  
-0.3183994606  
-5.740905289  
-9.85481484  
-12.02541472  
-12.03503591  
-10.13191461  
-6.964763505  
-3.417573657  
-0.3865248578  
1.442644688  
1.757886178  
0.6815769899  
-1.286112307  
-3.423435894  
-4.997333111  
-5.467592084  
-4.627585631  
-2.643946992  
0.01202046645  
2.716382093  
4.879189925  
6.10836642  
6.302803852  
5.650520668  
4.538532705  
3.408552613  
2.608391486  
2.287825716  
2.370588599  
2.607311191  
2.68654349  
2.362132002  
1.551091302  
0.3681674509  
-0.9135608637  
-1.960090858  
-2.495812829  
-2.401599532  
-1.75693094  
-0.8120156855  
0.0989596044  
0.6714480676  
0.7301729512  
0.2799725905  
-0.5083584238  
-1.369359873  
-2.042665457  
-2.362927214  
-2.306468602  
-1.978838819  
-1.550836885  
-1.171161385  
-0.8932632751  
-0.648546014  
-0.2796991954  
0.3769001424  
1.392217666  
2.671175168  
3.940363058  
4.81104939  
4.903025845  
3.989175228  
2.10837503  
-0.3996357337  
-2.95960805  
-4.914468935  
-5.722795808  
-5.136474275  
-3.296818015  
-0.7112142546  
1.88935434  
3.77129307  
4.428658213  
3.747342139  
2.04672748  
-0.01882974558  
-1.670440949  
-2.2608888  
-1.493685915  
0.4674027324  
3.036083588  
5.378438959  
6.670087689  
6.353543129  
4.313539247  
0.9150799603  
-3.106285212  
-6.864416039  
-9.580593672  
-10.79699897  
-10.48035342  
-8.988772864  
-6.920984622  
-4.904977402  
-3.400166534  
-2.57810607  
-2.315663726  
-2.292879544  
-2.150974889  
-1.646635312  
-0.7438052415  
0.3890291203  
1.470101977  
2.243086408  
2.603606832  
2.658610653  
2.690162706  
3.033652169  
3.916191499  
5.320132863  
6.931486949  
8.204122123  
8.528088446  
7.449565193  
4.865814305  
1.121353829  
-3.038700518  
-6.654687029  
-8.825378265  
-8.982392871  
-7.075497  
-3.604379641  
0.5184892952  
4.233669808  
6.645566019  
7.278817349  
6.198428069  
3.957115563  
1.391187257  
-0.6634359931  
-1.637847993  
-1.390455519  
-0.2108319571  
1.326954073  
2.602494478  
3.188168336  
3.000272924  
2.307139827  
1.593503579  
1.335143835  
1.773050872  
2.778568877  
3.868679191  
4.374731902  
3.708658099  
1.629553753  
-1.593180905  
-5.192626132  
-8.105495162  
-9.306075371  
-8.165307089  
-4.71075415  
0.3104738714  
5.601623837  
9.677380114  
11.30754108  
9.90231549  
5.712086844  
-0.2281498096  
-6.39747744  
-11.23883407  
-13.6174603  
-13.14189701  
-10.24640102  
-6.012407241  
-1.792711486  
1.233350011  
2.424713306  
1.844142074  
0.1751352939  
-1.572869633  
-2.461708405  
-1.980927046  
-0.2367062806  
2.092779423  
4.017697078  
4.617562742  
3.404206131  
0.5336034683  
-3.213455807  
-6.679875934  
-8.725771828  
-8.629525783  
-6.35376938  
-2.578790004  
1.513751059  
4.636388494  
5.836237197  
4.827671932  
2.099889619  
-1.241650801  
-3.84933373  
-4.597356055  
-2.977414256  
0.7101489928  
5.437162185  
9.775340373  
12.36166564  
12.34504637  
9.664302441  
5.064888966  
-0.1493349949  
-4.543457858  
-7.012621136  
-7.121963624  
-5.214140873  
-2.254025562  
0.5296498739  
2.077797564  
1.85887544  
0.02991873479  
-2.649434305  
-5.113064482  
-6.384946531  
-5.933541511  
-3.858825117  
-0.8480801924  
2.08057972  
3.952839227  
4.195947594  
2.851631467  
0.5685305411  
-1.623163061  
-2.675340447  
-1.896164321  
0.7958650531  
4.826008817  
9.140622272  
12.54567129  
14.0897469  
13.36176522  
10.60534168  
6.616902421  
2.469250875  
-0.8395625469  
-2.690584207  
-3.001374956  
-2.19180605  
-0.982650744  
-0.1088612361  
-0.0553806277  
-0.9094216592  
-2.375464747  
-3.936532573  
-5.090708498  
-5.565668894  
-5.425318202  
-5.026715086  
-4.845422865  
-5.240455827  
-6.255984351  
-7.545566655  
-8.459816119  
-8.275957324  
-6.49092544  
-3.069664216  
1.450683121  
6.054017123  
9.521340953  
10.8089105  
9.406608517  
5.554055837  
0.233117531  
-5.074354536  
-8.798441135  
-9.740707328  
-7.440829696  
-2.335933129  
4.338920116  
10.88152172  
15.58698664  
17.20909944  
15.28532754  
10.23617975  
3.219143197  
-4.210155467  
-10.52354859  
-14.60793446  
-16.00959223  
-14.97900812  
-12.32185135  
-9.116704082  
-6.39215595  
-4.857575358  
-4.75598975  
-5.864387079  
-7.621749782  
-9.331475208  
-10.37132146  
-10.35159341  
-9.185848616  
-7.068351157  
-4.379228564  
-1.554586795  
1.037887855  
3.18547452  
4.861767685  
6.202004922  
7.435201047  
8.794394003  
10.42912521  
12.34228371  
14.36758131  
16.19535749  
17.44381866  
17.76131707  
16.9354022  
14.97834319  
12.16029642  
8.971482432  
6.013025302  
3.838386259  
2.78695848  
2.861135131  
3.692490992  
4.620823726  
4.876291184  
3.819612269  
1.169920498  
-2.855073849  
-7.542421167  
-11.84588218  
-14.67118126  
-15.20542285  
-13.18945603  
-9.041459378  
-3.780742122  
1.238620329  
4.712543175  
5.775487407  
4.270276456  
0.8082686878  
-3.407940279  
-6.95184888  
-8.619831404  
-7.817129718  
-4.757851562  
-0.4100692423  
3.802368125  
6.450753828  
6.563319937  
3.949719899  
-0.7182223842  
-6.098920592  
-10.58859862  
-12.81644459  
-12.07104105  
-8.523345791  
-3.176498051  
2.440150744  
6.734430073  
8.525515215  
7.381459217  
3.719497637  
-1.35383881  
-6.402728341  
-10.10116939  
-11.61051887  
-10.78119779  
-8.126888606  
-4.595745817  
-1.227565004  
1.182535753  
2.303737205  
2.308951544  
1.736099722  
1.234387222  
1.294664509  
2.062438488  
3.297030449  
4.484463143  
5.055513447  
4.623627482  
3.152601216  
0.991557448  
-1.235923746  
-2.848558281  
-3.352199353  
-2.625125797  
-0.9773267798  
0.938759508  
2.337503808  
2.560248164  
1.300867393  
-1.276391714  
-4.56369574  
-7.671046551  
-9.670512294  
-9.848125626  
-7.890048644  
-3.953975259  
1.38557524  
7.291760486  
12.86765044  
17.34716533  
20.22753636  
21.32042235  
20.72574648  
18.75298775  
15.82297473  
12.37894808  
8.823170061  
5.480923152  
2.583897201  
0.2627017587  
-1.457091599  
-2.653405862  
-3.492993311  
-4.1963373  
-4.98164752  
-5.997837348  
-7.265797372  
-8.650149265  
-9.877692765  
-10.60478678  
-10.51844249  
-9.441751524  
-7.409104848  
-4.683649562  
-1.706680578  
1.008981146  
3.010403594  
4.020278458  
4.000888916  
3.147139119  
1.812957422  
0.3971804486  
-0.7724718274  
-1.520075536  
-1.843853012  
-1.879050636  
-1.821330739  
-1.843298231  
-2.036480333  
-2.398352937  
-2.864083295  
-3.363877662  
-3.876255553  
-4.45006465  
-5.181956512  
-6.15642184  
-7.373432159  
-8.697054682  
-9.852945086  
-10.4849155  
-10.25730389  
-8.969805296  
-6.642877291  
-3.539041026  
-0.1065886113  
3.140022555  
5.764687138  
7.529529153  
8.447273107  
8.746371639  
8.760446452  
8.782123174  
8.935969653  
9.120159314  
9.042520835  
8.342003154  
6.75364683  
4.256014072  
1.142716728  
-2.016182515  
-4.519040907  
-5.741325286  
-5.340281007  
-3.385235315  
-0.3652951666  
2.934022382  
5.649810346  
7.088032116  
6.918467624  
5.256142339  
2.604653456  
-0.3171823462  
-2.805395762  
-4.380107794  
-4.905563765  
-4.585295289  
-3.841243957  
-3.126103814  
-2.740292028  
-2.721030519  
-2.842742888  
-2.725767303  
-2.009648122  
-0.5231196479  
1.616278845  
4.013663758  
6.118586926  
7.414306547  
7.604968589  
6.729806459  
5.158472515  
3.464431962  
2.21851441  
1.776023312  
2.135917722  
2.927520075  
3.535904844  
3.327313327  
1.898037107  
-0.7417260697  
-4.11859537  
-7.406828173  
-9.670226651  
-10.15994354  
-8.571019886  
-5.171191466  
-0.7551786081  
3.565969604  
6.677310713  
7.777676041  
6.604291593  
3.496256464  
-0.7192726366  
-4.978134569  
-8.285538705  
-9.981702509  
-9.888269027  
-8.299208595  
-5.832007909  
-3.198863808  
-0.9792284769  
0.5320789407  
1.358741938  
1.760637976  
2.077762084  
2.565709325  
3.285800824  
4.087891141  
4.686015758  
4.790962769  
4.243042798  
3.089969439  
1.578028815  
0.0599249028  
-1.143467989  
-1.871003459  
-2.185320593  
-2.343721374  
-2.683063223  
-3.460909363  
-4.715161928  
-6.201245182  
-7.439647595  
-7.866258303  
-7.03800587  
-4.821484411  
-1.492691531  
2.297282409  
5.690890679  
7.879766308  
8.366033398  
7.140550476  
4.712247798  
1.969225623  
-0.09224451192  
-0.6888336298  
0.4809481075  
3.109872927  
6.344392208  
9.024405059  
10.03154331  
8.640855268  
4.767235107  
-0.9714788964  
-7.397398065  
-13.08163991  
-16.72927158  
-17.52766948  
-15.35781308  
-10.81038294  
-5.007167385  
0.7148976339  
5.16222266  
7.582925351  
7.825360692  
6.322139929  
3.91742062  
1.598398542  
0.2140753003  
0.2599901119  
1.780859749  
4.403802722  
7.476613006  
10.25952046  
12.11173605  
12.62525001  
11.6817695  
9.435022216  
6.24068381  
2.56498237  
-1.100910697  
-4.305331344  
-6.678012258  
-7.957469723  
-8.0137032  
-6.870355907  
-4.721212657  
-1.928439129  
1.011197544  
3.538800355  
5.137940122  
5.450310441  
4.371543708  
2.096122056  
-0.9088250343  
-4.001759429  
-6.516114625  
-7.922823995  
-7.961768761  
-6.705096728  
-4.534186292  
-2.036645389  
0.1474088351  
1.486686569  
1.684040325  
0.7342568361  
-1.096102646  
-3.354751562  
-5.526241143  
-7.154854291  
-7.936232858  
-7.759630286  
-6.699661352  
-4.970849902  
-2.865803032  
-0.6968330064  
1.246782301  
2.724050049  
3.556350096  
3.639640145  
2.960701837  
1.615978345  
-0.1761551338  
-2.082675028  
-3.693345243  
-4.590047706  
-4.437632122  
-3.074841627  
-0.578645723  
2.721401384  
6.29030604  
9.490781028  
11.71984115  
12.54495374  
11.80404417  
9.642446019  
6.476783053  
2.89557722  
-0.4766530593  
-3.116149028  
-4.703238437  
-5.168887544  
-4.677770951  
-3.558364733  
-2.203429927  
-0.9693174294  
-0.099306547  
0.3133616717  
0.3197107268  
0.07482610945  
-0.2209464342  
-0.3816931504  
-0.281627629  
0.1217981992  
0.7889655387  
1.618832715  
2.480959996  
3.249169621  
3.828033497  
4.165970549  
4.252437951  
4.100774684  
3.722767243  
3.104056561  
2.191213653  
0.8994325339  
-0.8551655087  
-3.103008741  
-5.761706693  
-8.5904398  
-11.18052536  
-12.99874149  
-13.48666666  
-12.20104857  
-8.962512189  
-3.968938884  
2.168920031  
8.496660993  
13.89017461  
17.30233376  
18.02323538  
15.88248576  
11.32978335  
5.358946172  
-0.7171896888  
-5.588875835  
-8.28404855  
-8.421517494  
-6.307329933  
-2.841556155  
0.7425552765  
3.234518225  
3.794878823  
2.193215537  
-1.135004068  
-5.229541222  
-8.901237607  
-11.09221359  
-11.19069194  
-9.205660963  
-5.750850386  
-1.847394879  
1.389602569  
3.081073572  
2.829076308  
0.8058856471  
-2.331902578  
-5.667042814  
-8.304171902  
-9.618352228  
-9.394157685  
-7.821642401  
-5.366006224  
-2.56966893  
0.1359307724  
2.541547096  
4.661162879  
6.634344921  
8.579916536  
10.4688933  
12.07545499  
13.03216619  
12.9721143  
11.70284706  
9.339796041  
6.337539205  
3.392882009  
1.241759862  
0.4147911975  
1.037747427  
2.753959248  
4.807553472  
6.271763623  
6.354093194  
4.678574757  
1.447042649  
-2.583029692  
-6.30779335  
-8.614304071  
-8.741371934  
-6.547384497  
-2.594506065  
1.984809139  
5.803949658  
7.627047072  
6.738987921  
3.166534818  
-2.317728928  
-8.409726346  
-13.64051851  
-16.78374922  
-17.182349  
-14.90082622  
-10.66535713  
-5.619425122  
-0.976960536  
2.318713904  
3.830015559  
3.692774544  
2.50982266  
1.117061608  
0.3033750312  
0.5727491335  
2.016089013  
4.320248531  
6.897223675  
9.081459987  
10.3281974  
10.35316565  
9.179245797  
7.088498042  
4.507268685  
1.868681406  
-0.5027383985  
-2.453281942  
-3.999385506  
-5.27529245  
-6.454041724  
-7.670233694  
-8.967101082  
-10.27856805  
-11.44489582  
-12.25178077  
-12.47947234  
-11.9501344  
-10.56566757  
-8.332251629  
-5.370048721  
-1.90706268  
1.743889318  
5.224872555  
8.185733982  
10.34195294  
11.52495305  
11.71113115  
11.01950732  
9.676148203  
7.954218864  
6.107701556  
4.320481345  
2.688278144  
1.23937183  
-0.01506131737  
-1.023410509  
-1.656916028  
-1.716438337  
-0.9900854815  
0.651673847  
3.155429024  
6.219496533  
9.298951627  
11.6963079  
12.72451628  
11.90128171  
9.116702415  
4.717239584  
-0.5306387052  
-5.599351376  
-9.445693119  
-11.27769535  
-10.76720414  
-8.14514421  
-4.149314598  
0.1628402309  
3.684454178  
5.536776316  
5.27770672  
2.987505338  
-0.7844411599  
-5.187057097  
-9.293600248  
-12.31899433  
-13.77109887  
-13.50522841  
-11.68471488  
-8.678571817  
-4.941553424  
-0.9183940876  
3.003979334  
6.496984762  
9.265081163  
11.02542246  
11.51777129  
10.55287884  
8.086132744  
4.286630441  
-0.432656797  
-5.448223173  
-10.02642625  
-13.47007665  
-15.27160963  
-15.22757967  
-13.47894891  
-10.46410919  
-6.798405429  
-3.116691747  
0.07450824825  
2.493816775  
4.1077484  
5.081236083  
5.680091358  
6.162088344  
6.692447871  
7.306601154  
7.923931265  
8.398273427  
8.580587013  
8.369526984  
7.735108371  
6.71440224  
5.389969683  
3.866764764  
2.259647147  
0.6942030513  
-0.6869693606  
-1.726433012  
-2.274284457  
-2.232707493  
-1.610996163  
-0.5683864306  
0.580596158  
1.414755914  
1.507063575  
0.5544358379  
-1.503310124  
-4.418924103  
-7.659185629  
-10.51838785  
-12.29891292  
-12.50806069  
-11.00982602  
-8.079900466  
-4.340382405  
-0.5886823784  
2.429455443  
4.232718199  
4.735177622  
4.253030605  
3.384885055  
2.804843879  
3.03659769  
4.282775058  
6.364899548  
8.79159108  
10.92906604  
12.21379604  
12.33384427  
11.31771638  
9.502887909  
7.398842778  
5.496176062  
4.091514103  
3.191114248  
2.527015404  
1.678632693  
0.2548001073  
-1.930627409  
-4.754241116  
-7.789236045  
-10.42282688  
-12.04644227  
-12.25463509  
-10.9855659  
-8.555727476  
-5.577296444  
-2.785472631  
-0.8318322022  
-0.1089889426  
-0.6590185901  
-2.188742076  
-4.179621109  
-6.051030135  
-7.322431061  
-7.725567058  
-7.239174738  
-6.046753073  
-4.442781654  
-2.725830929  
-1.115216992  
0.2864631686  
1.482640598  
2.539305047  
3.532859593  
4.511264995  
5.479609974  
6.407735931  
7.247407648  
7.944497604  
8.43754832  
8.64506813  
8.45359696  
7.722234246  
6.313907716  
4.151292629  
1.280787577  
-2.081597003  
-5.548220394  
-8.615457378  
-10.770831  
-11.62451816  
-11.02470086  
-9.116581664  
-6.320023648  
-3.226769906  
-0.4456634208  
1.556530594  
2.567910437  
2.661808159  
2.136786042  
1.389745476  
0.769058745  
0.4611111568  
0.4504354325  
0.565289523  
0.5874154828  
0.3794844177  
-0.02396588857  
-0.4027685123  
-0.4252349974  
0.2146783381  
1.649365957  
3.739245042  
6.069669118  
8.054949304  
9.120937499  
8.905257561  
7.402846277  
4.999207295  
2.370614278  
0.2770833211  
-0.6863578162  
-0.2963735655  
1.207033304  
3.180278938  
4.77291093  
5.199823989  
4.000512065  
1.199794237  
-2.683500838  
-6.782996675  
-10.13836992  
-11.97346986  
-11.91027767  
-10.05394674  
-6.929037628  
-3.296941787  
0.07827465519  
2.636188491  
4.135137738  
4.649824176  
4.468928887  
3.944101391  
3.353879314  
2.832988504  
2.385573455  
1.963515057  
1.563506358  
1.289781188  
1.345896206  
1.952053507  
3.219989204  
5.040943193  
7.042965317  
8.650313285  
9.238488419  
8.338157942  
5.816255744  
1.963837399  
-2.551286341  
-6.862285011  
-10.15857804  
-11.9344189  
-12.1443796  
-11.20860928  
-9.86170277  
-8.894217056  
-8.874767063  
-9.949201321  
-11.7874112  
-13.69669484  
-14.86181159  
-14.62674075  
-12.71871378  
-9.336344954  
-5.073384889  
