-7.56969147  
-6.776235216  
-4.520316892  
-0.7863944595  
3.957586829  
8.790081556  
12.55169003  
14.18828546  
13.10913078  
9.431964493  
4.017568445  
-1.736084349  
-6.287788038  
-8.414806644  
-7.592949284  
-4.167089409  
0.7494811491  
5.619245024  
8.958645086  
9.794738947  
7.951081233  
4.070838949  
-0.6260520359  
-4.76489935  
-7.270733418  
-7.699611735  
-6.336320995  
-4.031527272  
-1.843969703  
-0.6219232411  
-0.6786880859  
-1.68175155  
-2.79685183  
-3.034360107  
-1.669909755  
1.418717858  
5.62914034  
9.781717594  
12.49485879  
12.66204553  
9.863050087  
4.559685594  
-2.002200493  
-8.161686061  
-12.36443602  
-13.66270385  
-12.02291177  
-8.33295711  
-4.102696  
-0.9558636239  
-0.08376198552  
-1.845201124  
-5.64811233  
-10.15269459  
-13.72659666  
-14.99731549  
-13.31471661  
-8.96853743  
-3.090328297  
2.722878048  
6.932088058  
8.548345045  
7.428892444  
4.283552227  
0.3985407551  
-2.818641062  
-4.311467517  
-3.701425397  
-1.363378286  
1.765370729  
4.562879236  
6.144160306  
6.172677958  
4.952409307  
3.273988481  
2.079244132  
2.074188337  
3.437925698  
5.738040556  
8.08587748  
9.475773202  
9.183399516  
7.074771163  
3.707644187  
0.1805764154  
-2.224911063  
-2.488435417  
-0.2274483974  
4.126616658  
9.418667007  
14.10238144  
16.70837761  
16.29601651  
12.74285625  
6.780556173  
-0.2297430061  
-6.705068604  
-11.29753018  
-13.25647032  
-12.58929261  
-9.984802721  
-6.541159217  
-3.399799576  
-1.408479935  
-0.915858639  
-1.747124342  
-3.34559511  
-5.012022077  
-6.149194405  
-6.429826553  
-5.843812149  
-4.629967147  
-3.138496616  
-1.688794159  
-0.478456604  
0.430599886  
1.059892337  
1.435221952  
1.528085611  
1.251058829  
0.5114029039  
-0.7037140497  
-2.255630058  
-3.839344679  
-5.045863246  
-5.48828608  
-4.947314436  
-3.477628505  
-1.426210099  
0.65533461  
2.181487244  
2.728812008  
2.185264003  
0.7941664697  
-0.9287838936  
-2.379642979  
-3.085782265  
-2.878903267  
-1.954154667  
-0.7892274344  
0.0495689002  
0.1424605301  
-0.5982404308  
-1.867606028  
-3.062937551  
-3.505281632  
-2.708311328  
-0.5926408434  
2.441012717  
5.617145577  
8.040703507  
9.015205249  
8.308133982  
6.261391945  
3.696868974  
1.640454339  
0.95607586  
2.01880515  
4.54800281  
7.668767468  
10.19039993  
11.01196327  
9.515938922  
5.810177983  
0.7274614967  
-4.425019196  
-8.286097033  
-9.889118325  
-8.983840692  
-6.118504457  
-2.450977526  
0.6481811623  
2.06470197  
1.319753704  
-1.271928393  
-4.719205979  
-7.70511878  
-9.047618107  
-8.109224039  
-5.013348176  
-0.59405425  
3.899596138  
7.23722546  
8.624237233  
7.955698104  
5.82065317  
3.260841772  
1.375554885  
0.9181304327  
2.030201926  
4.207580236  
6.505998859  
7.907161807  
7.707700809  
5.78656331  
2.652259902  
-0.7465493735  
-3.376012131  
-4.505097353  
-3.98181527  
-2.293864923  
-0.3894297318  
0.6774483489  
0.1469753412  
-2.148649534  
-5.701465353  
-9.492025338  
-12.34514419  
-13.34986752  
-12.19157157  
-9.274554174  
-5.588249502  
-2.362771583  
-0.6359644328  
-0.8870910409  
-2.869306418  
-5.702319996  
-8.19332121  
-9.271886709  
-8.382804872  
-5.694836192  
-2.048338428  
1.342324517  
3.327936876  
3.250073854  
1.201431953  
-1.974049012  
-4.94580878  
-6.338300116  
-5.200297966  
-1.342564978  
4.57048491  
11.20583195  
16.96132316  
20.44697377  
20.89142428  
18.34606339  
13.63033302  
8.048671781  
2.982472337  
-0.5051343877  
-1.927747269  
-1.428319205  
0.3686118767  
2.632549524  
4.621499406  
5.891160259  
6.356681189  
6.205924165  
5.71977827  
5.086192341  
4.289988695  
3.123705162  
1.311342675  
-1.311452588  
-4.641896915  
-8.251790115  
-11.46105435  
-13.5253557  
-13.87373692  
-12.30989697  
-9.101206061  
-4.9190093  
-0.6473877992  
2.874675483  
5.088804215  
5.850237212  
5.416147898  
4.300223654  
3.052683891  
2.050557054  
1.376598875  
0.8294656054  
0.05642723811  
-1.247709078  
-3.157591973  
-5.42665127  
-7.530033007  
-8.831036886  
-8.81240091  
-7.286701359  
-4.504554586  
-1.114354061  
2.019811409  
4.083740302  
4.57230996  
3.45266923  
1.174023806  
-1.480615839  
-3.650677842  
-4.67520254  
-4.297358737  
-2.72887204  
-0.5561651009  
1.475289978  
2.720964825  
2.851188443  
1.947242006  
0.4511766279  
-1.007355125  
0.184062837  
-2.088910644  
-5.114390219  
-7.810058931  
-9.249571181  
-8.954992962  
-7.038770457  
-4.150914711  
-1.251890523  
0.7108298233  
1.113839629  
-0.146018604  
-2.632233814  
-5.526958203  
-7.908244903  
-9.048797096  
-8.634715261  
-6.833684441  
-4.196560865  
-1.43499102  
0.8402982069  
2.324973252  
3.098254371  
3.548580546  
4.180863888  
5.381762815  
7.234148789  
9.45300993  
11.46940884  
12.6335937  
12.46317172  
10.84381817  
8.105572801  
4.941564869  
2.192846285  
0.5721328151  
0.4231297479  
1.601649055  
3.523278359  
5.364368518  
6.348738179  
6.021388032  
4.413471277  
2.039483493  
-0.2747704397  
-1.67611289  
-1.583201375  
0.1018075551  
2.942706694  
6.098716588  
8.591569022  
9.620918546  
8.822388892  
6.382086919  
2.970135334  
-0.4832445453  
-3.093013666  
-4.303567254  
-4.058051249  
-2.798757303  
-1.301971063  
-0.4057446402  
-0.7234764087  
-2.438567749  
-5.245917789  
-8.455319045  
-11.21747368  
-12.79401741  
-12.7811645  
-11.21571554  
-8.534532699  
-5.408961982  
-2.516905962  
-0.3331952106  
0.9913977251  
1.626400657  
1.942412161  
2.326201595  
3.001660504  
3.923845579  
4.78545317  
5.133627052  
4.554756399  
2.85999985  
0.2030366798  
-2.915817856  
-5.766300158  
-7.591713857  
-7.835220345  
-6.316325903  
-3.30014676  
0.5638798324  
4.416030375  
7.42005632  
8.985974777  
8.915981505  
7.432837211  
5.087180258  
2.577042476  
0.5378968203  
-0.6324579872  
-0.8640282475  
-0.3984416985  
0.32099565  
0.8123926264  
0.717023848  
-0.09091687731  
-1.477866359  
-3.111018961  
-4.580894465  
-5.543715127  
-5.836842871  
-5.53098574  
-4.90426417  
-4.348064888  
-4.235458999  
-4.793518806  
-6.018604056  
-7.659857021  
-9.275473546  
-10.34517677  
-10.40689781  
-9.179972299  
-6.642324225  
-3.042924393  
1.15118567  
5.357011395  
8.999226587  
11.62445991  
12.98056316  
13.04633247  
12.01061176  
10.21180741  
8.056227793  
5.935422316  
4.159135243  
2.913674088  
2.248198051  
2.085448136  
2.250601487  
2.511474726  
2.624541867  
2.382373711  
1.658046336  
0.4405965082  
-1.146182073  
-2.849929344  
-4.32675229  
-5.208838818  
-5.193374198  
-4.134077033  
-2.110372161  
0.550633765  
3.315916403  
5.552842609  
6.681416202  
6.336364794  
4.493661769  
1.519388878  
-1.884214423  
-4.833422105  
-6.485927944  
-6.275325227  
-4.090635567  
-0.3438198255  
4.104076733  
8.148357812  
10.72825394  
11.11942453  
9.147597657  
5.257793479  
0.4124884432  
-4.158812095  
-7.291663252  
-8.207155523  
-6.728327404  
-3.328657712  
1.002807363  
5.041138647  
7.668474839  
8.179980427  
6.464258991  
3.008237425  
-1.269894813  
-5.304228902  
-8.191815887  
-9.435695173  
-9.049808196  
-7.501298573  
-5.518049622  
-3.831185271  
-2.940014692  
-2.975447605  
-3.701497867  
-4.645909713  
-5.306806362  
-5.357367292  
-4.773443599  
-3.837999546  
-3.021510804  
-2.782813538  
-3.364645567  
-4.661687132  
-6.214757757  
-7.340974942  
-7.361123497  
-5.849082032  
-2.816597387  
1.235150216  
5.423572167  
8.726074984  
10.2830576  
9.667664286  
7.034823578  
3.098404939  
-1.061377613  
-4.304444466  
-5.758868061  
-5.070593219  
-2.498864595  
1.170876316  
4.868583106  
7.560549454  
8.551366844  
7.676205028  
5.328192726  
2.317327856  
-0.3911636562  
-1.97591662  
-2.004124482  
-0.5497688202  
1.845841889  
4.353542773  
6.116750447  
6.511970042  
5.33204947  
2.84122056  
-0.3088168304  
-3.271500702  
-5.246629221  
-5.699712256  
-4.499454484  
-1.940208603  
1.349755007  
4.582321014  
7.014630473  
8.130125351  
7.75167409  
6.064350799  
3.550072889  
0.8573891083  
-1.357618584  
-2.58081345  
-2.547881806  
-1.291067768  
0.8801202548  
3.45558933  
5.839933349  
7.481632028  
7.990203869  
7.218170858  
5.291266879  
2.579915604  
-0.3835010464  
-3.025338647  
-4.863655072  
-5.622992071  
-5.302519043  
-4.178411047  
-2.736531589  
-1.549141388  
-1.124961829  
-1.770616675  
-3.500451528  
-6.020291357  
-8.791663643  
-11.16138988  
-12.5233802  
-12.4703172  
-10.89551859  
-8.018874756  
-4.33162094  
-0.4765104156  
2.903392407  
5.307358958  
6.475769859  
6.423820535  
5.407818346  
3.839651573  
2.17674693  
0.8177219818  
0.02803121715  
-0.09192183237  
0.402872526  
1.341579058  
2.490185558  
3.601546564  
4.452705522  
4.866790049  
4.722829417  
3.959553539  
2.578193211  
0.6457269839  
-1.703984317  
-4.275968543  
-6.830972173  
-9.114185664  
-10.89195375  
-11.98873605  
-12.31498786  
-11.87852713  
-10.77630299  
-9.169118606  
-7.246501611  
-5.191101631  
-3.151054146  
-1.22534019  
0.5372681885  
2.12886989  
3.567708482  
4.882720366  
6.100174539  
7.233120661  
8.273325377  
9.18574631  
9.907071772  
10.3511809  
10.42418135  
10.04931009  
9.197670663  
7.916326175  
6.342560179  
4.694407748  
3.233337063  
2.204027096  
1.765811025  
1.936673325  
2.57063492  
3.381700929  
4.013778982  
4.140288713  
3.564830004  
2.290461535  
0.5320316284  
-1.337328721  
-2.893076113  
-3.787912119  
-3.860915773  
-3.189628404  
-2.064849112  
-0.8934779525  
-0.06016670493  
0.2051077862  
-0.09402589557  
-0.7260276839  
-1.324116971  
-1.536484796  
-1.181417634  
-0.348675689  
0.5965725055  
1.118992501  
0.7004176357  
-0.9503456373  
-3.738759408  
-7.139632032  
-10.29502766  
-12.23757417  
-12.17747488  
-9.765107461  
-5.242397879  
0.5734037117  
6.47915808  
11.19874862  
13.72825515  
13.60872982  
11.04201371  
6.813075646  
2.043239629  
-2.147595848  
-4.96261502  
-6.132529646  
-5.940843893  
-5.067685032  
-4.310100178  
-4.277374426  
-5.166976613  
-6.697924012  
-8.223196674  
-8.980327074  
-8.390686527  
-6.300369612  
-3.075018206  
0.4888318926  
3.409508473  
4.841341494  
4.361793584  
2.125074357  
-1.172761819  
-4.508306687  
-6.854431586  
-7.504735459  
-6.28969121  
-3.612004603  
-0.2905980661  
2.731636115  
4.714157327  
5.365271899  
4.922649917  
4.039640492  
3.517499479  
3.978584289  
5.598056886  
7.993331021  
10.31727635  
11.53084695  
10.76733898  
7.665735737  
2.556820864  
-3.568436595  
-9.308319408  
-13.24576942  
-14.36843708  
-12.38155384  
-7.813588662  
-1.87903132  
3.862046547  
7.945134356  
9.410820543  
8.061942337  
4.496251954  
-0.08825864369  
-4.250484909  
-6.715820879  
-6.718602911  
-4.184504522  
0.2871900159  
5.620746198  
10.57041104  
14.04186202  
15.34078445  
14.292206  
11.21829078  
6.80354472  
1.902383266  
-2.651347381  
-6.187774581  
-8.277523571  
-8.74690343  
-7.653408657  
-5.245902904  
-1.925069994  
1.794242576  
5.32828185  
8.089019404  
9.571987596  
9.456557321  
7.693657407  
4.549576301  
0.5804727277  
-3.469730731  
-6.830920381  
-8.888483721  
-9.334584437  
-8.243347621  
-6.044980471  
-3.403920396  
-1.035756433  
0.4831591082  
0.8576582267  
0.127539188  
-1.37781584  
-3.163606768  
-4.728536793  
-5.706458327  
-5.948380128  
-5.525707188  
-4.663806242  
-3.63781479  
-2.672526999  
-1.882146749  
-1.266995257  
-0.7604715839  
-0.2999897188  
0.1125205465  
0.3888619435  
0.382477448  
-0.04472865419  
-0.9445187023  
-2.227231339  
-3.655539306  
-4.894738832  
-5.605285173  
-5.5462385  
-4.652893037  
-3.060246522  
-1.063239687  
0.9725406057  
2.718118452  
3.968675803  
4.681685277  
4.95485168  
4.95597271  
4.834728838  
4.652752241  
4.360490498  
3.830374093  
2.932978973  
1.624836971  
0.01054788843  
-1.64967576  
-2.995940148  
-3.672642542  
-3.44582533  
-2.292162035  
-0.426094186  
1.747604091  
3.742685441  
5.126851854  
5.639477184  
5.253453307  
4.162705179  
2.702820841  
1.235129924  
0.03611565636  
-0.7698184682  
-1.213732404  
-1.425712358  
-1.545120769  
-1.635813996  
-1.641724125  
-1.401731934  
-0.7189844735  
0.542013656  
2.369083004  
4.562499926  
6.760862576  
8.528000074  
9.47365707  
9.367876818  
8.210602304  
6.233501492  
3.834433761  
1.467883226  
-0.4715827947  
-1.735562343  
-2.253874123  
-2.109691323  
-1.475854775  
-0.5428910046  
0.5311483116  
1.631661135  
2.661422307  
3.49768153  
3.961567028  
3.824714006  
2.86194834  
0.9371258335  
-1.909199386  
-5.408646668  
-9.080593464  
-12.32290144  
-14.55850927  
-15.39505414  
-14.74476675  
-12.86039803  
-10.26832194  
-7.613999099  
-5.466053288  
-4.141988565  
-3.614402387  
-3.531727373  
-3.350015563  
-2.534461954  
-0.7643948046  
1.927717036  
5.132446434  
8.166645958  
10.27361447  
10.85745756  
9.676792743  
6.935392194  
3.240270977  
-0.559982178  
-3.606240817  
-5.258221738  
-5.253864052  
-3.75488552  
-1.271973576  
1.499483224  
3.876992801  
5.360445176  
5.726925927  
5.033136857  
3.539430283  
1.593153098  
-0.4830134522  
-2.461100973  
-4.220855443  
-5.714700982  
-6.911729779  
-7.752962157  
-8.141317651  
-7.971423246  
-7.184485233  
-5.820588776  
-4.040233358  
-2.098975937  
-0.2789516791  
1.199539534  
2.252323123  
2.960026044  
3.535473499  
4.237288148  
5.259089933  
6.635469581  
8.202481318  
9.632209604  
10.53421579  
10.59107734  
9.680419267  
7.937954886  
5.735039612  
3.573837442  
1.933068421  
1.116451053  
1.157119404  
1.813316993  
2.659358323  
3.242023403  
3.248170934  
2.623545735  
1.598066752  
0.6047435169  
0.1169222442  
0.4588590725  
1.656832998  
3.387127668  
5.046365733  
5.928660311  
5.456553132  
3.391500619  
-0.04754989509  
-4.202566815  
-8.134669866  
-10.88054936  
-11.73270069  
-10.45902999  
-7.393232681  
-3.364687637  
0.5160324398  
3.1569697  
3.785224784  
2.162665919  
-1.344146336  
-5.859242279  
-10.23040565  
-13.33478246  
-14.37264444  
-13.07017348  
-9.7390457  
-5.1810588  
-0.468161354  
3.339361528  
5.459798106  
5.572365549  
3.870825998  
0.9803481961  
-2.233739063  
-4.90907161  
-6.413588597  
-6.496382773  
-5.32434768  
-3.399354851  
-1.383692431  
0.1135296169  
0.7262134618  
0.4418160532  
-0.4001768659  
-1.222249359  
-1.402908746  
-0.4937027436  
1.606533349  
4.576103526  
7.722644295  
10.15566699  
11.03575359  
9.831404206  
6.508082721  
1.589566407  
-3.934366992  
-8.836466084  
-11.95894626  
-12.51571732  
-10.30494101  
-5.769865268  
0.1121523718  
6.083545907  
10.93287367  
13.80167635  
14.38537281  
12.97304877  
10.31883759  
7.387629951  
5.054774154  
3.851702468  
3.833482824  
4.604833511  
5.490831954  
5.79308522  
5.045922503  
3.188387265  
0.5959675941  
-2.037990456  
-3.932241145  
-4.483634971  
-3.481765769  
-1.200926782  
1.662984481  
4.19343654  
5.530740627  
5.139692745  
2.983194343  
-0.4537634518  
-4.299341455  
-7.549920997  
-9.368556315  
-9.33681506  
-7.583723341  
-4.752264552  
-1.812270268  
0.2258815518  
0.6131980502  
-0.9085160283  
-4.016718888  
-7.884418305  
-11.40190455  
-13.48206505  
-13.36413853  
-10.83157979  
-6.28381048  
-0.6420132686  
4.885527108  
9.115171466  
11.19302238  
10.81193274  
8.283043174  
4.443685005  
0.427130792  
-2.643479201  
-3.954775591  
-3.216082086  
-0.7288181646  
2.705550742  
6.013176685  
8.148216716  
8.383050592  
6.508167727  
2.886580552  
-1.651628841  
-6.043893395  
-9.291325613  
-10.7313193  
-10.2083835  
-8.094983644  
-5.158571421  
-2.316805572  
-0.3563258861  
0.2990283272  
-0.299678038  
-1.666657626  
-3.058834949  
-3.732419757  
-3.195821478  
-1.3778583  
1.342154348  
4.251072147  
6.526620032  
7.496819277  
6.850607943  
4.733141443  
1.698039689  
-1.463940534  
-3.960581379  
-5.220073598  
-5.028868287  
-3.546954839  
-1.205799201  
1.465517292  
4.017912249  
6.198746234  
7.969263443  
9.426004137  
10.66790575  
11.67284999  
12.24371197  
12.05558148  
10.79302019  
8.325516863  
4.846847255  
0.9100965527  
-2.67574953  
-5.070464451  
-5.681477703  
-4.400468624  
-1.70503839  
1.428499475  
3.793055187  
4.326258744  
2.475592617  
-1.571744183  
-6.883283703  
-12.01989215  
-15.45761426  
-16.06666087  
-13.49478192  
-8.325293681  
-1.947215721  
3.834137106  
7.332638905  
7.498391074  
4.25273611  
-1.468264515  
-7.980893948  
-13.35221236  
-15.97668885  
-15.05244918  
-10.80999362  
-4.424644337  
2.356149705  
7.750542716  
10.4753609  
10.10996659  
7.183648331  
2.969057247  
-0.9432310645  
-3.148320135  
-2.849669325  
-0.07456054991  
4.372642132  
9.189471268  
12.98599737  
14.69245831  
13.84021659  
10.64209539  
5.867373793  
0.5715780575  
-4.21968663  
-7.770668483  
-9.767954723  
-10.30533122  
-9.752413385  
-8.572456958  
-7.161315258  
-5.759054045  
-4.449312371  
-3.224245977  
-2.069703305  
-1.023828151  
-0.1811530552  
0.3559678353  
0.5497252868  
0.4814339748  
0.3538775872  
0.4306075078  
0.931310115  
1.925478341  
3.272476527  
4.641103061  
5.611287941  
5.826166409  
5.138874978  
3.69508533  
1.912689932  
0.3571012443  
-0.4489473014  
-0.2143146948  
1.003657108  
2.802095512  
4.560839653  
5.65480537  
5.675909787  
4.583130478  
2.72261201  
0.7058751485  
-0.8133847048  
-1.383962561  
-0.9322718389  
0.2005879198  
1.379309655  
1.913610186  
1.331127613  
-0.4176373372  
-2.903494648  
-5.34158176  
-6.858178991  
-6.811445164  
-5.051677897  
-2.022681799  
1.341986541  
3.90305525  
4.689883934  
3.239400528  
-0.2188751647  
-4.801281626  
-9.226822795  
-12.21243646  
-12.87780361  
-11.0252065  
-7.200292688  
-2.512551053  
1.724940173  
4.416227978  
5.023550686  
3.716538158  
1.283333684  
-1.161530715  
-2.569315399  
-2.314134807  
-0.3944846354  
2.585240234  
5.640681289  
7.757231039  
8.239324713  
6.938615714  
4.285875266  
1.122104115  
-1.605211742  
-3.169348402  
-3.298865584  
-2.23964016  
-0.6285956332  
0.7686514696  
1.356302441  
0.9325108391  
-0.2419640586  
-1.553300695  
-2.279501696  
-1.878691735  
-0.2137795773  
2.369612592  
5.141299939  
7.226328829  
7.901208734  
6.841793132  
4.236211732  
0.7251412535  
-2.806887035  
-5.513556835  
-6.842944758  
-6.680845279  
-5.33743059  
-3.391083947  
-1.454151067  
0.04899857872  
1.009473687  
1.623512435  
2.25480636  
3.229090204  
4.64627509  
6.288348336  
7.664168409  
8.179114923  
7.368238317  
5.104755655  
1.701587017  
-2.139409399  
-5.521086872  
-7.625504592  
-7.975799121  
-6.593912117  
-3.997171088  
-1.032306135  
1.397887684  
2.622377481  
2.406145786  
1.002074586  
-0.965063338  
-2.739370747  
-3.713036  
-3.644910147  
-2.741587273  
-1.573056068  
-0.8535403451  
-1.165509321  
-2.724792356  
-5.270344186  
-8.118991765  
-10.36867646  
-11.18302239  
-10.06291866  
-7.015895795  
-2.569031577  
2.376588544  
6.80056712  
9.844453314  
11.03225234  
10.36681173  
8.282061472  
5.477922606  
2.699469748  
0.5335212134  
-0.7175661699  
-1.057215818  
-0.7211135441  
-0.04897528467  
0.6458215411  
1.163917798  
1.443056759  
1.522656239  
1.477841951  
1.358712789  
1.162727861  
0.8490509104  
0.3824233364  
-0.2200503062  
-0.8669611495  
-1.411155218  
-1.70455637  
-1.666277174  
-1.331867521  
-0.8565935854  
-0.4636214537  
-0.3518216349  
-0.5978948745  
-1.094751407  
-1.558347009  
-1.611065409  
-0.9195876856  
0.6593489199  
2.980829445  
5.605051246  
7.896385245  
9.205025565  
9.075720859  
7.413457561  
4.545337435  
1.149655309  
-1.932914561  
-3.94986937  
-4.469160658  
-3.515769584  
-1.564427978  
0.6129345422  
2.197832517  
2.592871253  
1.618146323  
-0.4293874415  
-2.874252201  
-4.886788398  
-5.75946618  
-5.143703215  
-3.16890431  
-0.4049702651  
2.318116282  
4.172587643  
4.589703199  
3.42708409  
0.9944180212  
-2.06586645  
-4.99732564  
-7.169825637  
-8.258970922  
-8.306279311  
-7.645634553  
-6.729700557  
-5.925145294  
-5.35558812  
-4.852515248  
-4.033997671  
-2.483161367  
0.03984996563  
3.433377645  
7.204077798  
10.55924596  
12.62014985  
12.69105182  
10.49617885  
6.303888029  
0.8917700838  
-4.642825079  
-9.172134322  
-11.8397417  
-12.28263282  
-10.706644  
-7.795007508  
-4.482220301  
-1.666955421  
0.04537394869  
0.4923117154  
-0.04460622144  
-0.9791737489  
-1.647270776  
-1.542394665  
-0.4822813023  
1.344535558  
3.461180421  
5.27939625  
6.306481299  
6.310541508  
5.389792225  
3.926645905  
2.44764947  
1.441738894  
1.201584683  
1.742152889  
2.821521032  
4.051902903  
5.057053578  
5.616591517  
5.743659796  
5.667360632  
5.726476837  
6.213856406  
7.229766509  
8.600792837  
9.89893539  
10.56076912  
10.07093816  
8.149928951  
4.881753545  
0.7346061562  
-3.538738593  
-7.095066834  
-9.232306554  
-9.588109038  
-8.244201482  
-5.704099615  
-2.750977825  
-0.2293230936  
1.183379339  
1.147220685  
-0.2750945602  
-2.672024712  
-5.431847626  
-7.933901111  
-9.720158059  
-10.59546024  
-10.6319032  
-10.08663685  
-9.27117358  
-8.424300001  
-7.635614257  
-6.84491116  
-5.912178588  
-4.725389232  
-3.298257294  
-1.813616121  
-0.5887186165  
0.03067874871  
-0.1886820614  
-1.244721162  
-2.846536464  
-4.460130725  
-5.449301135  
-5.272607446  
-3.673694269  
-0.7990032821  
2.803733389  
6.316148869  
8.876717692  
9.838814468  
8.979352032  
6.589760158  
3.415405499  
0.456061003  
-1.31616867  
-1.238115787  
0.8484806951  
4.545424436  
9.006133751  
13.17000699  
16.05202033  
17.00141688  
15.8552826  
12.9474622  
8.978846152  
4.796804998  
1.156174604  
-1.465372592  
-2.947596533  
-3.490802103  
-3.48764353  
-3.356480038  
-3.396208588  
-3.708642836  
-4.205863831  
-4.687754141  
-4.950918329  
-4.882510195  
-4.503017641  
-3.945772318  
-3.38783483  
-2.966607639  
-2.721076594  
-2.58471394  
-2.433675504  
-2.168651386  
-1.792031377  
-1.441275019  
-1.35547654  
-1.779482189  
-2.838067263  
-4.430095134  
-6.191533744  
-7.555410149  
-7.902664758  
-6.762343233  
-3.995947089  
0.1011944089  
4.826460775  
9.229204961  
12.3625567  
13.55324366  
12.60385644  
9.85946207  
6.111512284  
2.364133669  
-0.4665770277  
-1.826029147  
-1.680038424  
-0.5076327476  
0.8704390536  
1.572400999  
0.9547318103  
-1.166637897  
-4.444097622  
-8.097355649  
-11.15032673  
-12.7286604  
-12.32273363  
-9.934330215  
-6.064939787  
-1.555753934  
2.663674342  
5.834893631  
7.557147437  
7.848964347  
7.076992466  
5.788496065  
4.51277324  
3.601259354  
3.156006556  
3.060223336  
3.086260769  
3.029848293  
2.813619817  
2.519036325  
2.336847501  
2.459789265  
2.964606814  
3.734933852  
4.460628285  
4.719368353  
4.113975376  
2.416420364  
-0.3345900095  
-3.819768181  
-7.516593482  
-10.84253759  
-13.3152823  
-14.67542096  
-14.93127163  
-14.31417275  
-13.16499408  
-11.79681549  
-10.38583209  
-8.930107404  
-7.288772126  
-5.282892066  
-2.815332944  
0.04042805241  
3.020712985  
5.732829806  
7.777074288  
8.885291489  
9.023648465  
8.418781458  
7.493520178  
6.731140337  
6.513667292  
6.990204273  
8.021921052  
9.224130616  
10.09233986  
10.17017431  
9.202760228  
7.2245991  
4.553844196  
1.696939321  
-0.8025176565  
-2.519580332  
-3.258143172  
-3.083117378  
-2.270295837  
-1.197339225  
-0.2171124948  
0.4431824694  
0.7269018315  
0.7293418525  
0.6313429902  
0.6159547647  
0.80108385  
1.210303358  
1.785769372  
2.429261584  
3.047192346  
3.576638024  
3.981135745  
4.221529571  
4.221094397  
3.84912174  
2.940526281  
1.353083838  
-0.954689595  
-3.855511726  
-7.027506881  
-9.991442891  
-12.21028345  
-13.22650004  
-12.79561339  
-10.97126041  
-8.110086351  
-4.789801709  
-1.662450031  
0.7129263946  
2.006678995  
2.18267143  
1.473286373  
0.2783854753  
-0.9738534116  
-1.95550463  
-2.514900903  
-2.679685715  
-2.594434943  
-2.424299546  
-2.266847724  
-2.108407501  
-1.841085435  
-1.330551085  
-0.5031266198  
0.5878888316  
1.748622496  
2.694246369  
3.145714564  
2.936758206  
2.087675769  
0.8134833112  
-0.5413881404  
-1.620583079  
-2.182189088  
-2.184767075  
-1.797175338  
-1.324490794  
-1.075130688  
-1.218952614  
-1.692799218  
-2.195025926  
-2.278775289  
-1.516297588  
0.3223485215  
3.142268298  
6.499564889  
9.696808138  
11.97271333  
12.72603142  
11.6994229  
9.061058772  
5.355997104  
1.343992884  
-2.220695217  
-4.792875314  
-6.156590858  
-6.426775952  
-5.941104655  
-5.090504873  
-4.157218472  
-3.22334158  
-2.182269606  
-0.8427400808  
0.9234145062  
3.057558685  
5.273712606  
7.12683037  
8.169869442  
8.139767443  
7.094735022  
5.438198723  
3.805126819  
2.840044635  
2.94266333  
4.077833651  
5.731474814  
7.046250997  
7.105728484  
5.276940408  
1.49094633  
-3.647233366  
-8.9757843  
-13.10010871  
-14.82860154  
-13.57891804  
-9.613955782  
-4.016608198  
1.603874126  
5.590431113  
6.752296775  
4.74746687  
0.2046085743  
-5.461649524  
-10.48769146  
-13.31153633  
-13.05937882  
-9.81011933  
-4.552832785  
1.14632683  
5.655351493  
7.795154085  
7.195141837  
4.371975697  
0.5128345595  
-2.9554671  
-4.859444764  
-4.664210876  
-2.622227366  
0.3587152332  
3.074141791  
4.476035216  
4.057724264  
2.034480479  
-0.742202417  
-3.103783189  
-4.002169831  
-2.909239619  
-0.03615601625  
3.706193685  
6.993789004  
8.525705898  
7.461570361  
3.71254728  
-2.010612099  
-8.405545458  
-13.96947856  
-17.44174308  
-18.15306478  
-16.17375303  
-12.2247392  
-7.396223482  
-2.780475079  
0.8526714701  
3.232652342  
4.571130734  
5.376488918  
6.183686828  
7.308169999  
8.716508368  
10.05699963  
10.83018523  
10.62583485  
9.328981275  
7.211071857  
4.867439898  
3.02153917  
2.267579463  
2.847299317  
4.545133879  
6.743320733  
8.620534202  
9.425733309  
8.731585708  
6.579038034  
3.463127867  
0.1659726139  
-2.504039025  
-3.976246398  
-4.094951558  
-3.151759854  
-1.766101425  
-0.6591366411  
-0.4011493348  
-1.218748675  
-2.924609452  
-4.988519392  
-6.720179995  
-7.498369513  
-6.969239476  
-5.151452917  
-2.420607052  
0.613291359  
3.288114701  
5.069938153  
5.677024027  
5.117730273  
3.644164437  
1.649891424  
-0.4470753103  
-2.298395579  
-3.675206831  
-4.4730555  
-4.68773091  
-4.38392834  
-3.673332516  
-2.706281182  
-1.668661379  
-0.7695417586  
-0.2089071973  
-0.1266469358  
-0.5481682839  
-1.351110477  
-2.275956437  
-2.989875287  
-3.19205189  
-2.728426991  
-1.673245973  
-0.3400372662  
0.7941632165  
1.236785564  
0.6559877139  
-0.9751260813  
-3.322416862  
-5.753408786  
-7.510246357  
-7.944513208  
-6.73947708  
-4.043392259  
-0.4622003662  
3.095887075  
5.681980502  
6.594609507  
5.602081142  
3.024906852  
-0.3524509759  
-3.516145196  
-5.531254484  
-5.826001118  
-4.360883099  
-1.628470301  
1.515519662  
4.134546789  
5.515025893  
5.393371452  
4.033734489  
2.132885187  
0.5846798314  
0.1810585021  
1.345571816  
3.983332319  
7.492978495  
10.93470002  
13.3005421  
13.80389418  
12.10258246  
8.393460186  
3.357223128  
-2.02362482  
-6.716396737  
-9.88742423  
-11.08386529  
-10.30763126  
-7.973776547  
-4.776213467  
-1.503865379  
1.143752161  
2.699771621  
3.006222042  
2.215966085  
0.7291249501  
-0.9164006764  
-2.175594343  
-2.622712453  
-2.050268816  
-0.5218562978  
1.633252784  
3.886328198  
5.626824589  
6.309161928  
5.595926506  
3.460843011  
0.220503417  
-3.520434679  
-7.003106781  
-9.496264034  
-10.47820833  
-9.767452125  
-7.563009522  
-4.38090532  
-0.9048237435  
2.204033855  
4.479479067  
5.752247419  
6.151554367  
6.010122417  
5.70903886  
5.519126301  
5.496006309  
5.466399566  
5.110001434  
4.106291558  
2.291313014  
-0.2350956567  
-3.094212824  
-5.715334137  
-7.497796868  
-7.99378523  
-7.049411953  
-4.855802574  
-1.893448542  
1.209560723  
3.855338602  
5.628999431  
6.376985128  
6.190902436  
5.312889906  
4.007385794  
2.454770996  
0.7106300598  
-1.255124192  
-3.460495495  
-5.803618313  
-8.001141614  
-9.613002312  
-10.15934329  
-9.295406464  
-6.980524717  
-3.570571415  
0.2159652138  
3.465701579  
5.329661324  
5.293415435  
3.365175941  
0.1095472284  
-3.497137237  
-6.353833657  
-7.576818863  
-6.785655808  
-4.235602267  
-0.7467281679  
2.553180614  
4.591670674  
4.702589549  
2.848415153  
-0.3614949996  
-3.864793505  
-6.489175769  
-7.331172943  
-6.04506813  
-2.946545952  
1.101612299  
4.980839037  
7.684813991  
8.63916597  
7.866028616  
5.941245312  
3.763983306  
2.222753279  
1.876311967  
2.760803976  
4.388963912  
5.939181935  
6.565805428  
5.72020657  
3.369049517  
0.03265858541  
-3.37090079  
-5.823337766  
-6.54426751  
-5.255860622  
-2.285757274  
1.524826108  
5.075735743  
7.340433797  
7.668794484  
5.965968228  
2.697245489  
-1.272823191  
-4.946421616  
-7.473817911  
-8.362831907  
-7.560332006  
-5.396732647  
-2.430074151  
0.7451746119  
3.656713397  
6.033868748  
7.797112068  
8.98225494  
9.645653786  
9.797684646  
9.392983206  
8.376635858  
6.75821059  
4.671786502  
2.385449527  
0.2458510384  
-1.427025534  
-2.455065981  
-2.878336161  
-2.954806324  
-3.073598358  
-3.60620955  
-4.747542034  
-6.407795458  
-8.202605032  
-9.55598498  
-9.889789397  
-8.839291015  
-6.420057957  
-3.08264752  
0.3737748858  
3.011295394  
4.026202645  
3.000495307  
0.05058835183  
-4.177827042  
-8.67218146  
-12.3265219  
-14.24468732  
-13.98231105  
-11.65615159  
-7.890760348  
-3.622627067  
0.1754089322  
2.764819823  
3.82751351  
3.517061966  
2.368004064  
1.09927507  
0.3774290389  
0.6130605193  
1.848805877  
3.765780006  
5.798065221  
7.313817585  
7.805390525  
7.033151507  
5.085847877  
2.347403704  
-0.6128705917  
-3.190453673  
-4.892967318  
-5.447187943  
-4.843067094  
-3.31090781  
-1.244983847  
0.9018964896  
2.724553305  
3.947565931  
4.46723846  
4.348344985  
3.781504268  
3.015681969  
2.285079774  
1.750048325  
1.467313319  
1.39658645  
1.440194195  
1.502022442  
1.545104512  
1.625840238  
1.888760458  
2.517930284  
3.656455461  
5.319273548  
7.331359043  
9.319987262  
10.77548439  
11.17325476  
10.12743168  
7.531051008  
3.635534368  
-0.963978596  
-5.444340923  
-8.946208124  
-10.79044044  
-10.65566307  
-8.661729955  
-5.330668446  
-1.43448251  
2.224306817  
5.030704906  
6.704699774  
7.331698407  
7.26882224  
6.962652596  
6.745328709  
6.684558013  
6.544946346  
5.878880517  
4.217799639  
1.296033788  
-2.776586485  
-7.46354052  
-11.90244646  
-15.13579733  
-16.4017417  
-15.38939244  
-12.36943864  
-8.14852827  
-3.852785696  
-0.6033902342  
0.8146457961  
