2.348058235  
2.892727317  
2.874214092  
2.46923448  
1.779474403  
0.8068555094  
-0.4978777927  
-2.141875491  
-4.001231002  
-5.784888084  
-7.078983567  
-7.465629222  
-6.677131319  
-4.727443301  
-1.96510322  
0.9834972736  
3.373485137  
4.558132985  
4.193276047  
2.359437564  
-0.4440126223  
-3.436804862  
-5.787379177  
-6.861518282  
-6.409267996  
-4.628624034  
-2.085094858  
0.4857145869  
2.425843705  
3.36954502  
3.352483608  
2.779492296  
2.263092773  
2.38935683  
3.492511412  
5.516923837  
8.015249647  
10.28508022  
11.59901711  
11.45086887  
9.734590754  
6.794544747  
3.328464697  
0.1734186102  
-1.955854542  
-2.690888904  
-2.122454845  
-0.7652856413  
0.6146868437  
1.255642291  
0.6565488157  
-1.246056238  
-4.036964422  
-6.929976122  
-8.991757791  
-9.414432727  
-7.756282038  
-4.081300851  
1.040033168  
6.665266896  
11.70816416  
15.19526077  
16.48204547  
15.37612071  
12.14441768  
7.414475906  
2.006726068  
-3.252122231  
-7.686432867  
-10.86681227  
-12.63212258  
-13.04868865  
-12.33198368  
-10.76088714  
-8.609978309  
-6.113955845  
-3.464941027  
-0.8324048285  
1.61033477  
3.668869355  
5.130216366  
5.787763178  
5.4832629  
4.154680553  
1.876006131  
-1.12389549  
-4.47235469  
-7.696753975  
-10.29678444  
-11.83377983  
-12.02020419  
-10.78965022  
-8.328956331  
-5.059834445  
-1.567417466  
1.514449154  
3.63901706  
4.472958465  
3.980864806  
2.442378659  
0.3912152906  
-1.514920897  
-2.664864606  
-2.662302127  
-1.445831043  
0.6760472124  
3.091213242  
5.04061421  
5.828229613  
5.029287268  
2.638228342  
-0.889398923  
-4.720225214  
-7.836976167  
-9.296782357  
-8.487175239  
-5.310064931  
-0.2403284981  
5.762685145  
11.47329829  
15.69428365  
17.55287333  
16.72028658  
13.49571396  
8.731018541  
3.614487018  
-0.6300835998  
-3.049943311  
-3.194964503  
-1.214101614  
2.206577466  
6.044551673  
9.223090256  
10.89686096  
10.66337407  
8.645145544  
5.424823906  
1.857179543  
-1.18432162  
-3.052085182  
-3.491160728  
-2.684424177  
-1.169537159  
0.3412257503  
1.179943257  
0.9139402622  
-0.5462227117  
-2.94820456  
-5.800047663  
-8.533481305  
-10.67204407  
-11.95006826  
-12.34847675  
-12.04385889  
-11.29758712  
-10.33143646  
-9.238813329  
-7.965256355  
-6.364353693  
-4.305215794  
-1.786522916  
0.9924938188  
3.639467108  
5.661618219  
6.617849736  
6.279108549  
4.737851389  
2.420723716  
-0.01066378551  
-1.847421318  
-2.553099027  
-1.943549746  
-0.2635416505  
1.872427928  
3.663877158  
4.379038035  
3.60047212  
1.38068488  
-1.747070248  
-4.912354904  
-7.164942427  
-7.76731655  
-6.429962036  
-3.413544255  
0.536680535  
4.405656673  
7.206410336  
8.268321887  
7.426567924  
5.055548897  
1.939370082  
-0.9760170603  
-2.868113214  
-3.270774324  
-2.185075481  
-0.04080864532  
2.469355154  
4.621140437  
5.876274178  
6.017616678  
5.16603953  
3.686547306  
2.029064725  
0.5683743882  
-0.4977960928  
-1.160917738  
-1.530357373  
-1.718891129  
-1.742116441  
-1.482043352  
-0.7373117668  
0.6557189231  
2.680517655  
5.041486607  
7.163684408  
8.313102199  
7.814014939  
5.298698659  
0.9033828838  
-4.6679587  
-10.2537349  
-14.50581469  
-16.25357337  
-14.85602588  
-10.43225791  
-3.890388507  
3.267302495  
9.318655885  
12.77473239  
12.78438761  
9.373848313  
3.450832702  
-3.429925937  
-9.474727014  
-13.11887008  
-13.42582175  
-10.31131386  
-4.537990159  
2.508267916  
9.190199041  
14.03269198  
16.06723706  
15.02332067  
11.33050189  
5.948516656  
0.08648904969  
-5.105159128  
-8.789078375  
-10.58475152  
-10.58096422  
-9.233076351  
-7.188233392  
-5.093228015  
-3.435179958  
-2.448544148  
-2.099922927  
-2.141426197  
-2.208914503  
-1.93552312  
-1.052687588  
0.5417362165  
2.758825632  
5.338137653  
7.903820415  
10.0436393  
11.3938737  
11.71251526  
10.92563542  
9.137485133  
6.602807749  
3.668866686  
0.7022393661  
-1.980612553  
-4.161389828  
-5.735876238  
-6.697336311  
-7.097751063  
-7.004387014  
-6.470156347  
-5.52994448  
-4.223923014  
-2.636410499  
-0.9303446088  
0.6436899603  
1.777237247  
2.171746934  
1.627609471  
0.1261239174  
-2.126315233  
-4.713803413  
-7.090565524  
-8.707817241  
-9.153727917  
-8.265224297  
-6.176706525  
-3.288755729  
-0.1643727887  
2.617130803  
4.605313632  
5.580383204  
10.61919823  
10.81119048  
10.48505293  
10.00931806  
9.508092268  
8.797715267  
7.470105737  
5.091165962  
1.437353653  
-3.323401883  
-8.582400727  
-13.4021867  
-16.76127963  
-17.85366126  
-16.34268878  
-12.4815602  
-7.056467786  
-1.167933039  
4.079358489  
7.877445653  
9.91001785  
10.38191906  
9.881038503  
9.127140392  
8.699214976  
8.837106622  
9.383769294  
9.882508004  
9.787623012  
8.706981148  
6.5851165  
3.758575167  
0.8627095189  
-1.376567855  
-2.39072848  
-1.966740163  
-0.3240162747  
1.957459755  
4.132097852  
5.537297133  
5.807744079  
4.980662926  
3.457173808  
1.83686159  
0.6879713814  
0.3379639983  
0.7605756477  
1.599399088  
2.31754149  
2.416320585  
1.640437134  
0.09158865787  
-1.794225403  
-3.400613946  
-4.162036927  
-3.788795251  
-2.402128328  
-0.5260394731  
1.067675521  
1.612443491  
0.6132124925  
-1.965699552  
-5.658173115  
-9.617968678  
-12.86789687  
-14.59663295  
-14.40679907  
-12.43376599  
-9.297403925  
-5.904039713  
-3.164491013  
-1.720142477  
-1.764129883  
-3.011251627  
-4.819854161  
-6.419292714  
-7.163877712  
-6.729245543  
-5.190196404  
-2.96177025  
-0.6320372658  
1.249850036  
2.355119837  
2.665764219  
2.448018465  
2.125241072  
2.101057625  
2.598807691  
3.574728397  
4.733736171  
5.638962041  
5.873028976  
5.191908404  
3.616709659  
1.43256221  
-0.9021765741  
-2.901348516  
-4.197630439  
-4.638514902  
-4.299864395  
-3.416612611  
-2.260888971  
-1.016924463  
0.2972424606  
1.829374052  
3.811931118  
6.429500708  
9.68478182  
13.31634222  
16.8050728  
19.47636325  
20.67153386  
19.93675422  
17.16942921  
12.67380133  
7.105566726  
1.320353707  
-3.8289424  
-7.685552993  
-9.917004387  
-10.54455778  
-9.87330767  
-8.35412615  
-6.429000648  
-4.413330061  
-2.452225107  
-0.5588543456  
1.288246842  
3.034262738  
4.474413105  
5.254777889  
4.957160667  
3.244850429  
0.0202809626  
-4.463956446  
-9.588648851  
-14.46558415  
-18.13175832  
-19.78901751  
-19.01927249  
-15.9085199  
-11.03767016  
-5.337788598  
0.1511295098  
4.547819079  
7.344448685  
8.504361871  
8.414829604  
7.712245664  
7.037924888  
6.805161755  
7.055128049  
7.450709501  
7.412307176  
6.352012612  
3.92800005  
0.2311318528  
-4.16559414  
-8.321580278  
-11.18113142  
-11.890838  
-10.08349501  
-6.035279503  
-0.6382004545  
4.814843065  
8.976595076  
10.82429353  
9.957624595  
6.723197474  
2.122966692  
-2.471362301  
-5.71651124  
-6.69108457  
-5.16659476  
-1.673747429  
2.657064888  
6.433996211  
8.419193261  
7.896577735  
4.881599275  
0.1111983615  
-5.180614066  
-9.630921209  
-12.1462895  
-12.21044019  
-10.01024427  
-6.346831875  
-2.365613613  
0.8059461651  
2.397748257  
2.209324758  
0.6338017462  
-1.506144605  
-3.250376273  
-3.822740397  
-2.877254369  
-0.5923220167  
2.411564785  
5.296842786  
7.296985906  
7.969882858  
7.333110678  
5.839364717  
4.204747379  
3.151320869  
3.152508065  
4.266904875  
6.114596518  
8.001397636  
9.147161757  
8.940813987  
7.137984881  
3.93836286  
-0.07857970012  
-4.133542135  
-7.480141152  
-9.612889972  
-10.38464114  
-10.00113761  
-8.903099293  
-7.58367632  
-6.408448668  
-5.500677934  
-4.728441638  
-3.792670024  
-2.379239145  
-0.3165765518  
2.320079816  
5.196251562  
7.802783704  
9.608183124  
10.22616282  
9.541231014  
7.750314247  
5.307408902  
2.790835923  
0.7373729607  
-0.5034418351  
-0.8507072094  
-0.4881709678  
0.2176066899  
0.8454185143  
1.050574871  
0.6590148461  
-0.299581401  
-1.621865773  
-3.006255795  
-4.144828201  
-4.802766488  
-4.865989838  
-4.351674003  
-3.388769713  
-2.182010748  
-0.9721253648  
0.001043864443  
0.5324428146  
0.4858243892  
-0.1715211446  
-1.339471953  
-2.774546729  
-4.113711932  
-4.942126242  
-4.900143009  
-3.806567202  
-1.760349217  
0.8211361922  
3.257444658  
4.758176834  
4.644176478  
2.577398465  
-1.274242243  
-6.201443061  
-11.07873691  
-14.63316254  
-15.78995781  
-13.99626685  
-9.42044623  
-2.954806342  
3.993944005  
9.876079287  
13.42713802  
14.02444367  
11.85976411  
7.869751028  
3.440802215  
-0.02266414784  
-1.53182435  
-0.811167683  
1.635535285  
4.712741553  
7.113211428  
7.766234872  
6.206269437  
2.739990987  
-1.643912409  
-5.592433869  
-7.827983246  
-7.56406814  
-4.75933367  
-0.1270699109  
5.100230476  
9.569489931  
12.23322412  
12.66038627  
11.13059684  
8.486212549  
5.800395134  
3.981676177  
3.455190899  
4.031211441  
5.003477552  
5.437505928  
4.541692806  
1.985287232  
-1.952679894  
-6.458028511  
-10.45337027  
-12.96984692  
-13.48504602  
-12.10514552  
-9.525156662  
-6.780583781  
-4.878936476  
-4.442961913  
-5.493744192  
-7.451912057  
-9.356955409  
-10.22604524  
-9.422958196  
-6.903229498  
-3.245343077  
0.5457765117  
3.394654242  
4.544044785  
3.836706448  
1.786890559  
-0.5878976927  
-2.119321626  
-1.903248349  
0.3676182183  
4.271042368  
8.771011077  
12.54439266  
14.40797406  
13.70122701  
10.49642268  
5.56849776  
0.1403358375  
-4.50456016  
-7.407408284  
-8.188483973  
-7.092139418  
-4.821046334  
-2.233037955  
-0.01981456898  
1.51235608  
2.483251595  
3.295030528  
4.370437399  
5.884641482  
7.605017389  
8.911537311  
9.000259214  
7.199754979  
3.282688204  
-2.349695565  
-8.691050112  
-14.36947074  
-18.032954  
-18.75562857  
-16.32781551  
-11.3297005  
-4.960805564  
1.319567953  
6.221826725  
8.98389771  
9.542532275  
8.469621115  
6.706945862  
5.201252601  
4.572243575  
4.928903369  
5.891503705  
6.799360667  
7.016558169  
6.213858257  
4.516952234  
2.464179549  
0.7905254372  
0.1218910467  
0.6988351356  
2.239455846  
4.000017359  
5.018246954  
4.455234552  
1.913126464  
-2.388051646  
-7.642071416  
-12.68994422  
-16.37601338  
-17.90331663  
-17.06525967  
-14.27535985  
-10.38974786  
-6.391363746  
-3.053578586  
-0.7059364462  
0.815217924  
2.019051533  
3.477983378  
5.524558546  
8.049699457  
10.4867299  
11.99528891  
11.78207022  
9.44001473  
5.1752959  
-0.1724912996  
-5.339168174  
-9.013025892  
-10.25556869  
-8.820595167  
-5.256716803  
-0.7502749037  
3.245546446  
5.475241542  
5.284948505  
2.830480393  
-0.9805998583  
-4.793350224  
-7.253981613  
-7.452488516  
-5.212925408  
-1.137791606  
3.603164856  
7.663951815  
9.959270437  
10.00186997  
8.032494987  
4.907264755  
1.789258847  
-0.2457878624  
-0.5561782993  
0.8779226398  
3.478407769  
6.284716731  
8.278699987  
8.706034531  
7.290711682  
4.282485428  
0.3375209859  
-3.712447988  
-7.11572027  
-9.395512488  
-10.42930815  
-10.40405494  
-9.682635988  
-8.642946627  
-7.551246439  
-6.50879842  
-5.476400945  
-4.349899915  
-3.043473357  
-1.541587173  
0.09889690012  
1.787822446  
3.452939713  
5.068989467  
6.643044316  
8.159074182  
9.509321275  
10.45344967  
10.64057226  
9.705302113  
7.415554943  
3.8208611  
-0.6616091845  
-5.272802796  
-9.063607823  
-11.14097908  
-10.93704926  
-8.412396825  
-4.117964274  
0.9181288564  
5.455621252  
8.383084465  
9.029568746  
7.347304064  
3.905788192  
-0.3009641159  
-4.170254284  
-6.825027762  
-7.856959253  
-7.401096392  
-6.024266159  
-4.474098571  
-3.383402104  
-3.037945086  
-3.290417821  
-3.648365602  
-3.499325522  
-2.38566224  
-0.2230808167  
2.622568198  
5.433439028  
7.381042319  
7.825251414  
6.561964347  
3.926807859  
0.7121763146  
-2.078859031  
-3.559751016  
-3.256771727  
-1.271867253  
1.744873364  
4.804565508  
6.899740219  
7.327108554  
5.905262108  
3.017285345  
-0.5306404689  
-3.781022166  
-5.931434834  
-6.57198543  
-5.778777018  
-4.041482447  
-2.061536735  
-0.4998766471  
0.2343635808  
0.08391078665  
-0.6931439321  
-1.669999111  
-2.442663896  
-2.788761849  
-2.733703935  
-2.504205749  
-2.394963868  
-2.608532894  
-3.137860979  
-3.742673773  
-4.032269483  
-3.623847174  
-2.314020259  
-0.1940681899  
2.340463461  
4.695608873  
6.266149162  
6.638178466  
5.734121698  
3.847170399  
1.552008548  
-0.4766661223  
-1.673574768  
-1.747190347  
-0.7441725129  
1.002859556  
3.017752966  
4.854969548  
6.238244572  
7.113827496  
7.604754601  
7.893428332  
8.088860034  
8.140713604  
7.842230607  
6.92590373  
5.214562688  
2.763047852  
-0.07651244651  
-2.707200155  
-4.454497057  
-4.797990572  
-3.586179196  
-1.150416516  
1.736634216  
4.060726686  
4.869810439  
3.586499408  
0.2241432437  
-4.572027014  
-9.682005654  
-13.82419927  
-15.92913562  
-15.45566508  
-12.54827244  
-7.98508776  
-2.934216034  
1.401648253  
4.136923999  
4.938956506  
4.076393662  
2.2722116  
0.4184683607  
-0.745826193  
-0.8835532273  
-0.1533314895  
0.8779055776  
1.467051401  
0.9868492793  
-0.825242207  
-3.746853433  
-7.118721627  
-10.04263332  
-11.66122411  
-11.42639708  
-9.270016275  
-5.625597467  
-1.299914564  
2.7587657  
5.71965399  
7.076501511  
6.746559053  
5.044021849  
2.551007189  
-0.06245863513  
-2.209796818  
-3.503471608  
-3.79398968  
-3.140378882  
-1.741053436  
0.1398792446  
2.224519078  
4.242815975  
5.933828864  
7.046919243  
7.361842118  
6.73430591  
5.156459329  
2.807981997  
0.06944826915  
-2.521406999  
-4.371156372  
-4.968593322  
-4.021397594  
-1.549650735  
2.09536973  
6.296945067  
10.30724956  
13.41340564  
15.08950201  
15.09483676  
13.49691762  
10.62148548  
6.952901435  
3.01931981  
-0.7042771511  
-3.854412456  
-6.195312835  
-7.604781571  
-8.049155528  
-7.564685752  
-6.252923331  
-4.285628838  
-1.906052878  
0.5873128559  
2.881161461  
4.706165004  
5.896728337  
6.429011707  
6.418812061  
6.074085538  
5.613893287  
5.180226341  
4.774566603  
4.244818269  
3.331531866  
1.761093365  
-0.6443219215  
-3.877871806  
-7.712033045  
-11.72939701  
-15.41105749  
-18.25330913  
-19.87428996  
-20.07758639  
-18.85735919  
-16.35295399  
-12.78025292  
-8.374885162  
-3.374637606  
1.951586462  
7.245906765  
12.01150819  
15.61186197  
17.34689892  
16.60543323  
13.05971382  
6.842136013  
-1.363070817  
-10.36369452  
-18.65219749  
-24.71364527  
-27.37415121  
-26.09441757  
-21.12108881  
-13.44497071  
-4.569657904  
3.850344024  
10.4035365  
14.238997  
15.22201824  
13.89091979  
11.23735736  
8.383392662  
6.255595428  
5.351547388  
5.659897004  
6.743808571  
7.946099706  
8.639421459  
8.436852598  
7.29813441  
5.506743018  
3.538014886  
1.873760429  
0.832583295  
0.474351755  
0.6070695148  
0.8862933351  
0.9651777626  
0.637555065  
-0.07783570622  
-0.9403479328  
-1.5736931  
-1.602326188  
-0.7886734605  
0.8761396312  
3.157290196  
5.639019704  
7.841067753  
9.348571767  
9.913990963  
9.502429878  
8.273096244  
6.511258716  
4.539172325  
2.637116029  
0.9967374128  
-0.2866140264  
-1.191743224  
-1.738622749  
-1.964072489  
-1.917481444  
-1.675368941  
-1.362125622  
-1.159217509  
-1.288474386  
-1.965874434  
-3.335776393  
-5.406556329  
-8.012035509  
-10.81744546  
-13.37519836  
-15.21940454  
-15.97440857  
-15.4467868  
-13.67419028  
-10.91711861  
-7.596660671  
-4.196868299  
-1.159740019  
1.199017331  
2.733707346  
3.465709258  
3.541903044  
3.172370576  
2.568420099  
1.897964683  
1.266615643  
0.7229301828  
0.2788983848  
-0.06623280991  
-0.3087129001  
-0.4344921359  
-0.4239908461  
-0.2625992294  
0.04904827513  
0.4891458671  
1.014295496  
1.562976308  
2.060504384  
2.424096966  
2.568901157  
2.417415646  
1.914695208  
1.049138476  
-0.1254297508  
-1.474314625  
-2.782564756  
-3.77857225  
-4.181415276  
-3.764456495  
-2.420223902  
-0.2078397725  
2.633646756  
5.714831199  
8.565554808  
10.72968819  
11.86199129  
11.80217376  
10.60688565  
8.531698012  
5.968839946  
3.358013406  
1.093923418  
-0.5468371484  
-1.44408221  
-1.632975686  
-1.270034847  
-0.5799669222  
0.2004573236  
0.8682354464  
1.282402935  
1.374201946  
1.143356593  
0.6462587788  
-0.01936099933  
-0.7315321477  
-1.363319742  
-1.805108884  
-1.9887132  
-1.909107407  
-1.636962441  
-1.314983122  
-1.13406936  
-1.291065852  
-1.93641458  
-3.124998411  
-4.784671218  
-6.713439153  
-8.608889046  
-10.12445007  
-10.93930728  
-10.82499305  
-9.692771268  
-7.61164824  
-4.794937899  
-1.56098093  
1.72126557  
4.689887867  
7.041191178  
8.568565269  
9.186762257  
8.941200033  
8.001796731  
6.640022544  
5.187905722  
3.980354496  
3.287166873  
3.247416167  
3.823416776  
4.791364422  
5.779350087  
6.351173636  
6.119555312  
4.859951062  
2.591130451  
-0.4056280421  
-3.640967772  
-6.535627146  
-8.571314371  
-9.430218559  
-9.079967874  
-7.775996061  
-5.979053864  
-4.213286419  
-2.910585136  
-2.292166743  
-2.325988666  
-2.772261993  
-3.298038965  
-3.616683333  
-3.598570175  
-3.309833092  
-2.963217265  
-2.799641725  
-2.948220744  
-3.324460881  
-3.615689479  
-3.371672392  
-2.177352002  
0.151237452  
3.423747258  
7.050175787  
10.16215125  
11.85830371  
11.50262396  
8.976909431  
4.793159734  
0.01049622026  
-4.037226887  
-6.13182935  
-5.561854082  
-2.386791025  
2.520977849  
7.686138427  
11.44236512  
12.42842728  
10.01795758  
4.546564093  
-2.741542898  
-10.01996386  
-15.38718059  
-17.40424504  
-15.50199985  
-10.13594275  
-2.644460227  
5.14303531  
11.42585071  
14.9214587  
15.18040384  
12.64105017  
8.422208977  
3.932388005  
0.4269593992  
-1.347225869  
-1.31674314  
-0.02050311316  
1.63816853  
2.729957379  
2.610576268  
1.105287176  
-1.48150533  
-4.517037065  
-7.283448909  
-9.220017246  
-10.07980218  
-9.954411907  
-9.172646821  
-8.124935094  
-7.089451762  
-6.129693636  
-5.101037076  
-3.75839977  
-1.91613342  
0.409607621  
2.939447668  
5.182405509  
6.588614722  
6.750842051  
5.580925124  
3.392580431  
0.8524858967  
-1.193395657  
-1.967781174  
-1.006780028  
1.677172256  
5.56772945  
9.763485104  
13.20899526  
14.97009191  
14.47445923  
11.65191775  
6.941401169  
1.171645747  
-4.642983783  
-9.531479933  
-12.76079561  
-13.95475583  
-13.12241654  
-10.60675706  
-6.981435944  
-2.928117204  
0.879059451  
3.866722351  
5.628874315  
5.968527908  
4.915999709  
2.722135682  
-0.1780153624  
-3.233831867  
-5.875621788  
-7.624023304  
-8.188127604  
-7.52553967  
-5.844393978  
-3.542981361  
-1.102324837  
1.03660575  
2.572784585  
3.391018469  
3.541661803  
3.166626055  
2.404923632  
1.319663355  
-0.119433645  
-1.986345708  
-4.299354369  
-6.91392487  
-9.459532022  
-11.36156903  
-11.96064773  
-10.70420724  
-7.352568247  
-2.126872189  
4.263384344  
10.74100176  
16.10981742  
19.36577059  
19.97757536  
18.04687557  
14.29074014  
9.843381509  
5.931535449  
3.520059034  
3.036023335  
4.256554751  
6.394598539  
8.354374456  
9.075048994  
7.854852945  
4.556509229  
-0.3643239856  
-6.007657268  
-11.29877179  
-15.28758743  
-17.38329257  
-17.45812058  
-15.80290341  
-12.96812052  
-9.559680863  
-6.06669586  
-2.777830842  
0.1974249791  
2.829751194  
5.050685102  
6.675789303  
7.41234371  
6.955334272  
5.135063389  
2.053662555  
-1.853442168  
-5.869852309  
-9.160835683  
-10.99928755  
-10.98008602  
-9.147008428  
-5.983790287  
-2.26727651  
1.170477982  
3.691230681  
5.025854819  
5.316782053  
5.016034165  
4.679166381  
4.733215548  
5.305692818  
6.178573942  
6.88418357  
6.906015055  
5.906941855  
3.895403674  
1.26185865  
-1.334328869  
-3.190539982  
-3.817750179  
-3.131930268  
-1.50405852  
0.3573510126  
1.655680067  
1.801308754  
0.6451133449  
-1.439133317  
-3.661715282  
-5.08418974  
-4.958183802  
-3.017140467  
0.3862479544  
4.3540782  
7.713524173  
9.398598092  
8.816062826  
6.068848461  
1.954569428  
-2.268973395  
-5.280653983  
-6.127561221  
-4.548675275  
-1.080755394  
3.093407245  
6.509972918  
7.887390857  
6.539912849  
2.608316603  
-2.966718867  
-8.720717716  
-13.10371353  
-14.94300601  
-13.78685123  
-10.0254224  
-4.757319863  
0.5503411629  
4.498076587  
6.150793236  
5.277719162  
2.371662828  
-1.54521744  
-5.257344001  
-7.722937607  
-8.360067265  
-7.171952493  
-4.686875942  
-1.7463486  
0.7815819707  
2.270949761  
2.50918263  
1.728427524  
0.4999702503  
-0.4649128087  
-0.5412090204  
0.6237797062  
3.013402194  
6.252145531  
9.710840588  
12.67037198  
14.49735166  
14.78855953  
13.45424835  
10.72820219  
7.109527459  
3.253781694  
-0.1618880103  
-2.573038649  
-3.637198302  
-3.298607397  
-1.796304001  
0.3869169391  
2.62610129  
4.286537177  
4.858976911  
4.066939165  
1.92038827  
-1.297279326  
-5.104658866  
-8.93849721  
-12.27759168  
-14.73989434  
-16.12821391  
-16.41791518  
-15.70029801  
-14.11033326  
-11.77135853  
-8.780432915  
-5.238895603  
-1.311126163  
2.721369752  
6.446072661  
9.368544273  
11.02292648  
11.11463201  
9.646459498  
6.976191294  
3.770710524  
0.8542897592  
-1.013313319  
-1.363731411  
-0.1770696574  
2.089482895  
4.622083691  
6.491686342  
6.945781481  
5.658191085  
2.853184083  
-0.7424392368  
-4.110839223  
-6.255290688  
-6.514737964  
-4.778838319  
-1.53187078  
2.291159857  
5.591508155  
7.444692617  
7.380438663  
5.514737365  
2.49341076  
-0.7309026646  
-3.211853979  
-4.307849281  
-3.868690455  
-2.253281843  
-0.1797424737  
1.534349569  
2.249212156  
1.703267946  
0.07345622853  
-2.116228455  
-4.195980127  
-5.583021045  
-5.961356138  
-5.348399666  
-4.034044659  
-2.426761161  
-0.8752260597  
0.459918779  
1.63289691  
2.830510308  
4.219523315  
5.793585521  
7.292567431  
8.240186572  
8.098521622  
6.488302152  
3.391228593  
-0.7511709691  
-5.096108788  
-8.614484995  
-10.40214767  
-9.985992766  
-7.516220366  
-3.767486271  
0.06710449861  
2.734569821  
3.322933077  
1.573440486  
-2.003641927  
-6.256930994  
-9.734051242  
-11.13175773  
-9.714961389  
-5.570150414  
0.3905625992  
6.680056515  
11.66599781  
14.04746969  
13.23195472  
9.498497658  
3.901099474  
-2.052311469  
-6.841763308  
-9.360804539  
-9.199139525  
-6.705414463  
-2.824640186  
1.2259237  
4.333160665  
5.799216774  
5.498743493  
3.848396648  
1.615788082  
-0.357491477  
-1.424359564  
-1.309822803  
-0.1521308045  
1.590150897  
3.320828913  
4.510807993  
4.857963899  
4.357518542  
3.271794413  
2.021146384  
1.039322164  
0.6412838362  
0.9405865741  
1.832810898  
3.039719597  
4.192863758  
4.929334178  
4.975495868  
4.203559183  
2.655546078  
0.5361659307  
-1.820825601  
-4.008069007  
-5.616814154  
-6.318476873  
-5.943395945  
-4.539462958  
-2.391397331  
0.01406585651  
2.08001368  
3.234290286  
3.076980131  
1.500041683  
-1.259361814  
-4.654878758  
-7.954375412  
-10.42129051  
-11.50418363  
-10.97903704  
-9.001161408  
-6.050400745  
-2.786678606  
0.1385843346  
2.2559507  
3.382993856  
3.631511057  
3.321154735  
2.835386752  
2.474055819  
2.355621822  
2.401655716  
2.404333507  
2.146021158  
1.520500733  
0.6052431415  
-0.3466087472  
-0.9941697675  
-1.044309894  
-0.3821443598  
0.8564556064  
2.303375885  
3.467471591  
3.89972812  
3.356888981  
1.903928167  
-0.0845805565  
-2.029215942  
-3.324164809  
-3.530146526  
-2.516681637  
-0.5056201923  
1.99814054  
4.363823489  
6.025311294  
6.640423796  
6.167456774  
4.838562187  
3.046933113  
1.194726694  
-0.4397402832  
-1.767566941  
-2.868008766  
-3.895786603  
-4.960472274  
-6.031951325  
-6.914813964  
-7.30615376  
-6.916588878  
-5.607092586  
-3.485080457  
-0.9162736531  
1.560382953  
3.390549272  
4.181604448  
3.835623774  
2.588297709  
0.9365175775  
-0.5227074634  
-1.286769486  
-1.107342658  
-0.05939224136  
1.504123083  
3.09380761  
4.268215967  
4.792021822  
4.708768187  
4.301068776  
3.953832333  
3.973391684  
4.433606505  
5.11162933  
5.544022278  
5.189239529  
3.641729022  
0.8208642368  
-2.93688933  
-6.922977086  
-10.23284788  
-12.02147512  
-11.75805587  
-9.397885593  
-5.415420459  
-0.6869574689  
3.740888229  
6.925875326  
8.266169982  
7.63184265  
5.361842974  
2.139192234  
-1.207913814  
-3.915385402  
-5.445327761  
-5.567111198  
-4.354346526  
-2.120451378  
0.6725187517  
3.501037058  
5.848022807  
7.254058698  
7.365433928  
5.990943531  
3.166321834  
-0.7926240277  
-5.279533893  
-9.459654432  
-12.41633267  
-13.36300843  
-11.87004589  
-8.036152215  
-2.537499297  
3.483385889  
8.678779095  
11.84511459  
12.26150409  
9.910974364  
5.506159728  
0.2982882175  
-4.282727976  
-7.051653605  
-7.423179073  
-5.583903313  
-2.421359249  
0.7719968797  
2.727540556  
2.623813938  
0.3652072628  
-3.377749003  
-7.382616392  
-10.27546481  
-10.98637419  
-9.109292747  
-5.045987162  
0.1148962137  
4.944924425  
8.134833156  
8.913870187  
7.291221839  
4.040588521  
0.434436691  
-2.182761727  
-2.840388461  
-1.259893413  
2.05790044  
6.00223033  
9.220090708  
10.55978372  
9.445673282  
6.064771223  
1.309479998  
-3.499575307  
-7.017312698  
-8.274563517  
-6.951463361  
-3.445944314  
1.272667387  
5.967648426  
9.49430429  
11.10307717  
10.60093326  
8.336719514  
5.033464436  
1.535306918  
-1.444483486  
-3.498498825  
-4.580563437  
-4.941737929  
-4.984410841  
-5.092262104  
-5.49298315  
-6.191736908  
-6.985501398  
-7.542117957  
-7.511404528  
-6.632530843  
-4.810154101  
-2.145955922  
1.07390159  
4.426112555  
7.420148473  
9.57990288  
10.52790369  
10.06280836  
8.217878518  
5.285167406  
1.79043335  
-1.589101009  
-4.158113722  
-5.363918607  
-4.945691867  
-3.02779211  
-0.1212893468  
2.979534381  
5.387974089  
6.355680555  
5.478721608  
2.816239982  
-1.117865056  
-5.492222339  
-9.385652524  
-12.0370313  
-13.04098285  
-12.43001962  
-10.62081463  
-8.246922833  
-5.937498347  
-4.118009187  
-2.899202223  
-2.087608142  
-1.307019486  
-0.1810087156  
1.49409195  
3.65069718  
5.961478881  
7.954258059  
9.184478032  
9.397991476  
8.621264987  
7.14456274  
5.405406931  
3.818634095  
2.620612634  
1.790107838  
1.078563631  
0.1391888155  
-1.295996589  
-3.263303377  
-5.504251183  
-7.52468067  
-8.761234483  
-8.796217166  
-7.538623291  
-5.296616721  
-2.703713512  
-0.5148329667  
0.6606424139  
0.5928965424  
-0.4574881926  
-1.80240773  
-2.552516245  
-1.935874302  
0.4002015692  
4.213913045  
8.691356361  
12.6712884  
15.00607222  
14.94177395  
12.38853016  
7.984648508  
2.924864199  
-1.39795414  
-3.824301472  
-3.792530692  
-1.516267652  
2.084570058  
5.677471133  
7.940240877  
7.975814898  
5.586034608  
1.319689793  
-3.714221979  
-8.20043466  
-11.01887243  
-11.56355081  
-9.882081626  
-6.603245743  
-2.692000576  
0.8738196703  
3.391526091  
4.593561757  
4.638665409  
3.956413483  
3.018346204  
2.130077338  
1.323927865  
0.3877171399  
-0.9900427148  
-3.023963728  
-5.669186221  
-8.562826967  
-11.09861818  
-12.61153344  
-12.60559198  
-10.93983173  
-7.901241918  
-4.134117846  
-0.4475982271  
2.432331938  
4.079770088  
4.479362907  
3.993519607  
3.201142134  
2.668457937  
2.735974911  
3.39830287  
4.318778216  
4.971286766  
4.855608315  
3.706495502  
1.619674251  
-0.9515905472  
-3.329174049  
-4.826082534  
-4.971105885  
-3.665556069  
-1.220200229  
1.737654104  
4.453212732  
6.265291285  
6.788177355  
6.000209695  
4.219089252  
1.982012195  
-0.1227868735  
-1.616565196  
-2.236280148  
-1.964648088  
-0.9904923594  
0.3728958849  
1.776474699  
2.903777358  
3.508182084  
3.425895439  
2.581098774  
0.9980186884  
-1.177291822  
-3.657612435  
-6.019796441  
-7.754957197  
-8.369215012  
-7.517947491  
-5.135156539  
-1.509792811  
2.730703993  
6.743150057  
9.674910562  
10.89747136  
10.19375722  
7.83301603  
4.499185553  
1.086097831  
-1.580154064  
-3.002096508  
-3.16542399  
-2.529397018  
-1.849214106  
-1.885124959  
-3.095750075  
-5.424030836  
-8.257846163  
-10.59098588  
-11.34209154  
-9.7322831  
-5.596541111  
0.4803277944  
7.25933171  
13.15683399  
16.67995193  
16.85625945  
13.52466731  
7.395670869  
-0.13957385  
-7.393803458  
-12.84466351  
-15.5329654  
-15.28112314  
-12.6732739  
-8.814069636  
-4.950772547  
-2.0820482  
-0.6750171295  
-0.5721762011  
-1.105990417  
-1.372668681  
-0.5693247047  
1.715873648  
5.350050702  
9.680207638  
13.72044474  
16.43741406  
17.04447427  
15.21880318  
11.18497396  
5.651588772  
-0.3702907592  
-5.809005413  
-9.767869632  
-11.69867543  
-11.48141554  
-9.406384397  
-6.077722324  
-2.270159255  
1.227404392  
3.75358191  
4.882412884  
4.486393019  
2.748969205  
0.1248365184  
-2.748833951  
-5.179820553  
-6.566968506  
-6.536076246  
-5.032559393  
-2.342711633  
0.9696908735  
4.202285687  
6.695768037  
8.008880366  
8.034609045  
7.019496273  
5.475914111  
4.010914574  
3.123636652  
3.036210444  
3.61504554  
4.411794652  
4.814490506  
4.262077688  
2.452518032  
-0.5256222202  
-4.185086577  
-7.762689142  
-10.43732128  
-11.5756019  
-10.92744218  
-8.709154367  
-5.547592847  
-2.30299714  
0.1734926463  
1.27251982  
0.7795649861  
-1.093565589  
-3.800632293  
-6.639059743  
-8.952640325  
-10.29421609  
-10.50271038  
-9.681429281  
-8.09918759  
-6.060150855  
-3.794345741  
-1.407825551  
1.095103295  
3.734456585  
6.460361539  
9.086201963  
11.28204782  
12.63742682  
12.77562236  
11.4812418  
8.796481098  
5.051083684  
0.8125749064  
-3.230686433  
-6.420147594  
-8.268597028  
-8.554624747  
-7.348459131  
-4.969123518  
-1.892045693  
1.362896089  
4.332754582  
6.681063405  
8.227670604  
8.943294682  
8.920679506  
8.335139579  
7.403628453  
6.346159719  
5.3502862  
4.539550329  
3.950015033  
3.522321328  
3.11697243  
2.555935223  
1.684695603  
0.438792277  
-1.107651986  
-2.732847075  
-4.109013354  
-4.889288143  
-4.816331578  
-3.817142165  
-2.048383254  
0.1301963912  
2.252872612  
3.888139819  
4.775545119  
4.909100705  
4.532024114  
4.037044941  
3.801363712  
4.012812714  
4.552977479  
4.988879482  
4.690080609  
3.043803327  
-0.298185313  
-5.225790383  
-11.10515524  
-16.87980789  
-21.32320429  
-23.3750579  
-22.46060737  
-18.6902151  
-12.86921131  
-6.304965152  
-0.4619753046  
3.43454871  
4.727761174  
3.491560129  
0.4785981706  
-3.126571458  
-6.069068706  
-7.385589097  
-6.655811748  
-4.071816769  
-0.3158105219  
3.700650453  
7.140096391  
9.480711798  
