-4.652869079  
-3.511668091  
-3.705196338  
-4.803368626  
-6.134597083  
-7.014619672  
-6.95258124  
-5.772959381  
-3.626140919  
-0.900490927  
1.920127973  
4.397434164  
6.232275003  
7.290229961  
7.569013004  
7.139597208  
6.098560711  
4.55703442  
2.667971302  
0.6693221381  
-1.092686999  
-2.191756785  
-2.211970232  
-0.8816677675  
1.793904715  
5.456180699  
9.416758912  
12.79350422  
14.73173146  
14.64797951  
12.41829945  
8.44403887  
3.564129233  
-1.16769424  
-4.776202472  
-6.637814382  
-6.646625839  
-5.21997797  
-3.1425327  
-1.301394676  
-0.400768108  
-0.7504642482  
-2.196020879  
-4.208543181  
-6.097005671  
-7.264221678  
-7.414599891  
-6.641391338  
-5.366327285  
-4.158556134  
-3.503395568  
-3.608543555  
-4.320439288  
-5.181733232  
-5.608082397  
-5.117923748  
-3.528933373  
-1.046908516  
1.787731642  
4.278194258  
5.810486903  
6.066876164  
5.135858469  
3.478314844  
1.76178804  
0.6228812295  
0.4439146209  
1.224562898  
2.594446579  
3.960867267  
4.736504092  
4.56261871  
3.445263836  
1.754155211  
0.08471038207  
-0.9656518134  
-1.023839809  
-0.08566200092  
1.476013309  
3.043968324  
3.982610507  
3.874630782  
2.680979288  
0.7640361832  
-1.236546844  
-2.631932115  
-2.934213976  
-2.037620309  
-0.264015951  
1.745504969  
3.255382281  
3.696670462  
2.870374262  
1.01906504  
-1.260287439  
-3.232174241  
-4.29020319  
-4.180106729  
-3.096680551  
-1.617606046  
-0.4953296514  
-0.3794156886  
-1.567853291  
-3.877128054  
-6.6802809  
-9.103764105  
-10.31798408  
-9.82271051  
-7.62878716  
-4.271934273  
-0.6511012204  
2.25666808  
3.710880554  
3.447610253  
1.765546889  
-0.5698901294  
-2.57222506  
-3.348412696  
-2.37988937  
0.3192360222  
4.214400564  
8.424314826  
11.99540703  
14.18581443  
14.66816022  
13.59042013  
11.4828453  
9.049525453  
6.918999319  
5.438245994  
4.576313043  
3.964817771  
3.056404452  
1.34421298  
-1.432519058  
-5.164567153  
-9.369920097  
-13.31170112  
-16.198594  
-17.40538352  
-16.64747597  
-14.05978809  
-10.1608797  
-5.717351574  
-1.5509094  
1.656398767  
3.507148998  
3.950125085  
3.25059208  
1.886475958  
0.4053379769  
-0.7168290538  
-1.17960656  
-0.9038332159  
-0.01577176135  
1.21724674  
2.476198236  
3.478375085  
4.041967043  
4.114406881  
3.762897894  
3.135462164  
2.40739322  
1.729710215  
1.193587484  
0.8186459006  
0.5653980186  
0.3651945497  
0.1563838479  
-0.08564579261  
-0.3342421655  
-0.5172937743  
-0.5405655974  
-0.3203383258  
0.1858827823  
0.9610664258  
1.928844035  
2.971782575  
3.960985195  
4.786301386  
5.376476281  
5.702663978  
5.765508253  
5.572829151  
5.119225728  
4.378630531  
3.315803291  
1.914685953  
0.2133240245  
-1.669815524  
-3.532592614  
-5.116793022  
-6.163652451  
-6.483312059  
-6.017033468  
-4.870588284  
-3.304592808  
-1.680404285  
-0.3746025162  
0.314219628  
0.2392486811  
-0.5617470848  
-1.883413811  
-3.412912929  
-4.813320465  
-5.804468144  
-6.218253429  
-6.015851453  
-5.26833156  
-4.114270939  
-2.713864731  
-1.216715022  
0.2486480418  
1.567193917  
2.624621494  
3.30462403  
3.505898081  
3.177268246  
2.357233964  
1.19716907  
-0.05067063967  
-1.087670739  
-1.655899182  
-1.631103766  
-1.086550479  
-0.2970208874  
0.3301964962  
0.3847603407  
-0.3943305117  
-1.995408146  
-4.088977692  
-6.088489963  
-7.310590521  
-7.192334625  
-5.497790535  
-2.442319061  
1.316740086  
4.834275642  
7.14039329  
7.536924145  
5.835149633  
2.454875107  
-1.655722799  
-5.265204998  
-7.201873707  
-6.694067957  
-3.604646989  
1.513373625  
7.559280465  
13.18392218  
17.15670298  
18.69121492  
17.63496604  
14.472147  
10.14710091  
5.770347198  
2.301951045  
0.308437527  
-0.1396226189  
0.5888648705  
1.867402268  
3.048348219  
3.671618492  
3.580045282  
2.913411633  
1.997297394  
1.178134524  
0.6704222151  
0.4721312774  
0.3750663317  
0.0599411079  
-0.7650250743  
-2.237173892  
-4.272132071  
-6.579699729  
-8.754452353  
-10.40528987  
-11.2756537  
-11.31200641  
-10.65964406  
-9.592994379  
-8.411347504  
-7.341684622  
-6.484348602  
-5.817819401  
-5.253914055  
-4.714524573  
-4.193227674  
-3.772880503  
-3.589965114  
-3.76024959  
-4.298167732  
-5.067255868  
-5.788370228  
-6.110274259  
-5.722011966  
-4.468007748  
-2.422620134  
0.1068976309  
2.655635673  
-2.752384521  
-6.700886144  
-8.633367133  
-8.367345712  
-6.300919935  
-3.284502545  
-0.3654306201  
1.516938669  
1.793851438  
0.4106167137  
-2.187494303  
-5.215594056  
-7.799935873  
-9.237950091  
-9.187921772  
-7.735323168  
-5.325008256  
-2.591562301  
-0.1500143126  
1.583292824  
2.485734686  
2.71778849  
2.622126216  
2.576298423  
2.853741186  
3.538882525  
4.517922077  
5.537626637  
6.301030101  
6.559761742  
6.169847601  
5.097380277  
3.383614801  
1.096157131  
-1.702930198  
-4.951563064  
-8.544210477  
-12.27156848  
-15.77751222  
-18.56629752  
-20.07675037  
-19.81429895  
-17.50597546  
-13.22786945  
-7.45622212  
-1.012983808  
5.091360059  
9.881331953  
12.64609456  
13.10968586  
11.49183255  
8.441116662  
4.859942374  
1.672203391  
-0.4002758446  
-0.992109934  
-0.1428603504  
1.763420692  
4.138786891  
6.363127123  
7.935067353  
8.563879703  
8.188285113  
6.933197181  
5.032907944  
2.753719508  
0.3408536785  
-2.001600309  
-4.105395077  
-5.825170912  
-7.035414923  
-7.645691905  
-7.629098552  
-7.047936676  
-6.057681338  
-4.877250722  
-3.727998301  
-2.759601434  
-1.99098119  
-1.293482717  
-0.4306383319  
0.8518196024  
2.713091243  
5.121708971  
7.816071406  
10.34353674  
12.1740945  
12.85694982  
12.16997189  
10.210009  
7.388625476  
4.327925398  
1.684992888  
-0.04086555295  
-0.6555848711  
-0.3229002909  
0.4975523805  
1.208463461  
1.278971196  
0.4282458406  
-1.271952842  
-3.409953804  
-5.358820566  
-6.473224462  
-6.295826771  
-4.708180998  
-1.980082443  
1.295478695  
4.358584046  
6.479702194  
7.138528463  
6.135097948  
3.609024317  
-0.02675871532  
-4.206241296  
-8.341427221  
-11.92555116  
-14.58696473  
-16.09446928  
-16.33303765  
-15.27628941  
-12.97670245  
-9.579667609  
-5.350262199  
-0.6899365969  
3.880401311  
7.783188944  
10.4864821  
11.62044056  
11.07192053  
9.023425168  
5.918055531  
2.355883778  
-1.049551181  
-3.811588447  
-5.665055177  
-6.587938383  
-6.748111625  
-6.398939356  
-5.76472989  
-4.959096466  
-3.965427692  
-2.684018139  
-1.024074848  
0.9993494296  
3.206377776  
5.26072186  
6.749572804  
7.311304541  
6.767333035  
5.209858313  
3.010129317  
0.7380077869  
-0.9862082272  
-1.663034024  
-1.054837969  
0.747358128  
3.351145263  
6.17370037  
8.599888413  
10.13799076  
10.52745896  
9.771933582  
8.096995535  
5.856299789  
3.423361078  
1.105400174  
-0.8982440663  
-2.491018646  
-3.643916905  
-4.355954656  
-4.633375913  
-4.497274266  
-4.012108022  
-3.314193018  
-2.616143728  
-2.172189969  
-2.207077194  
-2.830436898  
-3.970542379  
-5.360177198  
-6.591710737  
-7.233431446  
-6.973652196  
-5.743509419  
-3.770830889  
-1.537152747  
0.3576585197  
1.384873551  
1.269135906  
0.09942217982  
-1.675272671  
-3.372282371  
-4.288280392  
-3.93131405  
-2.193760454  
0.5954379595  
3.762329088  
6.497813955  
8.118779981  
8.293420885  
7.153141772  
5.250056538  
3.371037883  
2.268864199  
2.401048135  
3.766282637  
5.896718469  
8.011589837  
9.282037707  
9.117465893  
7.374592879  
4.415302945  
0.9905606523  
-2.01232189  
-3.873431257  
-4.289850177  
-3.482550605  
-2.11978557  
-1.079148734  
-1.127355058  
-2.627545505  
-5.377754585  
-8.642015159  
-11.37143497  
-12.54753335  
-11.53651029  
-8.335806425  
-3.626691999  
1.391805455  
5.341333086  
7.071954651  
6.012246448  
2.351824602  
-3.001194006  
-8.67458378  
-13.21915587  
-15.50957628  
-15.03840743  
-12.01956915  
-7.279511806  
-1.981078675  
2.725521199  
6.013229229  
7.558533646  
7.548506567  
6.530720021  
5.172510907  
4.020533223  
3.343189088  
3.102134255  
3.048462851  
2.893327972  
2.477734598  
1.870419105  
1.353848463  
1.304121671  
2.013719304  
3.530438607  
5.581998013  
7.625062592  
9.010593253  
9.211731713  
8.032875505  
5.720022817  
2.923395762  
0.5137197836  
-0.6939699395  
-0.2192447686  
1.897786282  
5.072104752  
8.327485918  
10.58515488  
10.99722859  
9.216927844  
5.515634836  
0.7056716463  
-4.10865621  
-7.872139546  
-9.900825167  
-10.07976473  
-8.871697979  
-7.134969137  
-5.812914865  
-5.600315019  
-6.700506145  
-8.756260452  
-10.97867931  
-12.43075797  
-12.36885318  
-10.52422671  
-7.225730318  
-3.317426393  
0.1058072413  
2.059252032  
2.005945241  
0.05629183979  
-3.041026437  
-6.119441204  
-7.958833472  
-7.677934193  
-5.028037056  
-0.49169145  
4.847783059  
9.626890243  
12.6127302  
13.07557436  
11.00757866  
7.12132134  
2.63155179  
-1.109186205  
-3.006971579  
-2.534445722  
0.1388472699  
4.224709312  
8.569217854  
11.99523481  
13.62767801  
13.10762879  
10.6424479  
6.893341362  
2.750793763  
-0.9233479734  
-3.507929231  
-4.734352916  
-4.68315853  
-3.688920156  
-2.201991301  
-0.6598193008  
0.5949291202  
1.338708778  
1.449103004  
0.8743256089  
-0.3814908174  
-2.244744376  
-4.539879311  
-6.964416416  
-9.101891857  
-10.49073871  
-10.74284927  
-9.679150835  
-7.432614149  
-4.470628067  
-1.510313602  
0.6636786533  
1.431746712  
0.5499839221  
-1.73499155  
-4.716183581  
-7.405688212  
-8.817673565  
-8.270606929  
-5.612299966  
-1.291205431  
3.755757101  
8.369515434  
11.50843166  
12.55408408  
11.48506419  
8.862525072  
5.632642363  
2.811683735  
1.158388238  
0.9422852016  
1.88386683  
3.283966508  
4.295216054  
4.240172146  
2.865158247  
0.441578241  
-2.320459794  
-4.516147665  
-5.362755795  
-4.479004532  
-2.029676713  
1.315330382  
4.594058347  
6.864804125  
7.510601684  
6.431763696  
4.061361779  
1.199953431  
-1.27153789  
-2.699986551  
-2.881571207  
-2.119430634  
-1.097621993  
-0.6156123996  
-1.276535391  
-3.239115645  
-6.122124403  
-9.098497832  
-11.15160788  
-11.41062017  
-9.454071068  
-5.480096905  
-0.2847191082  
4.948229305  
8.981320757  
10.87836305  
10.27079532  
7.455766903  
3.299686667  
-1.018749704  
-4.344735907  
-5.861106283  
-5.290097083  
-2.932079576  
0.4581633531  
3.909518605  
6.509643801  
7.636436357  
7.086395341  
5.077000156  
2.139411314  
-1.053128129  
-3.864329149  
-5.831999993  
-6.735091543  
-6.588353565  
-5.583879904  
-4.009538938  
-2.172937405  
-0.3488805074  
1.245722981  
2.456889846  
3.190639171  
3.411863574  
3.147670081  
2.490585817  
1.593173471  
0.647254596  
-0.1527338591  
-0.6548471266  
-0.7899803188  
-0.5934226003  
-0.1985924004  
0.1972389251  
0.3858453327  
0.2039087407  
-0.4246279771  
-1.471195488  
-2.812968333  
-4.264798224  
-5.620560572  
-6.69098083  
-7.328950845  
-7.439964454  
-6.98158846  
-5.958998686  
-4.422563217  
-2.469151812  
-0.2436880692  
2.065675153  
4.244550845  
6.082583779  
7.411335689  
8.138641483  
8.266836899  
7.886251344  
7.143859776  
6.19669306  
5.166568292  
4.113508348  
3.038855954  
1.917490414  
0.7459558834  
-0.414927718  
-1.42455154  
-2.08662016  
-2.210004976  
-1.687285284  
-0.5614757184  
0.9484376416  
2.480652344  
3.61977506  
4.01799706  
3.509298934  
2.176071263  
0.3405021971  
-1.522707005  
-2.928350056  
-3.532878942  
-3.245947186  
-2.262045601  
-0.9988197926  
0.03967627091  
0.430193643  
-0.02815232945  
-1.246117787  
-2.873473161  
-4.414644333  
-5.390318856  
-5.488599338  
-4.653731797  
-3.083448408  
-1.13969824  
0.7908912056  
2.432268517  
3.698036094  
4.684755043  
5.583925262  
6.549930075  
7.580195858  
8.461120524  
8.809314076  
8.200651945  
6.343481235  
3.230855578  
-0.7909582129  
-5.073819946  
-8.83294331  
-11.37718606  
-12.32804407  
-11.74962934  
-10.13864035  
-8.269830581  
-6.942951773  
-6.7135691  
-7.699100609  
-9.528658792  
-11.45780537  
-12.61309106  
-12.28587889  
-10.17641784  
-6.504634669  
-1.948702872  
2.568879313  
6.175656838  
8.324119756  
8.95386836  
8.486750051  
7.658359426  
7.245876648  
7.787538323  
9.391209024  
11.69749843  
14.00832838  
15.53388735  
15.66999815  
14.20832249  
11.40666541  
7.896878363  
4.465418027  
1.786086322  
0.2002132029  
-0.3787897835  
-0.4050760567  
-0.5089342307  
-1.245539865  
-2.875823632  
-5.258581819  
-7.892083559  
-10.0890526  
-11.220849  
-10.94219306  
-9.315314818  
-6.789279254  
-4.042672761  
-1.747112103  
-0.3372909449  
0.1294882933  
-0.02601029035  
-0.2437410762  
0.04808654438  
1.199544786  
3.184783359  
5.584145384  
7.711280996  
8.84241766  
8.468625067  
6.483523144  
3.241074966  
-0.5370847604  
-3.973855505  
-6.2973479  
-7.063860753  
-6.271643523  
-4.332674534  
-1.918319056  
0.2636805629  
1.683240375  
2.122663492  
1.693142731  
0.7376059671  
-0.3357369451  
-1.222556209  
-1.830484549  
-2.287995747  
-2.854850358  
-3.772268885  
-5.113670488  
-6.696689475  
-8.094808578  
-8.750644683  
-8.155794787  
-6.037218649  
-2.486172748  
2.016485567  
6.691403627  
10.64375901  
13.08492354  
13.52840723  
11.90511412  
8.56882121  
4.195995539  
-0.3863274459  
-4.393748786  
-7.247283953  
-8.668525599  
-8.69307949  
-7.611767009  
-5.866064971  
-3.930713946  
-2.212424244  
-0.9827395166  
-0.3505628916  
-0.2697994341  
-0.5725379115  
-1.017619315  
-1.346312451  
-1.338431124  
-0.8621379431  
0.09084390424  
1.393841168  
2.805105336  
4.020353205  
4.749898631  
4.802320049  
4.150239642  
2.954801938  
1.535106437  
0.2853558737  
-0.4393260756  
-0.4339721433  
0.2855434168  
1.479628721  
2.756434614  
3.699007063  
4.008456554  
3.61463744  
2.713424674  
1.712290159  
1.096616919  
1.257814584  
2.340428349  
4.162767065  
6.243611201  
7.933249172  
8.611228575  
7.888613132  
5.74774765  
2.570498179  
-0.9589396681  
-4.049414259  
-6.035927264  
-6.576108893  
-5.746435196  
-4.006733343  
-2.044650451  
-0.5515550447  
-0.004010930469  
-0.5229836625  
-1.856394038  
-3.4887142  
-4.837939085  
-5.470469835  
-5.258373682  
-4.423512475  
-3.452343204  
-2.910462875  
-3.221658476  
-4.489818914  
-6.428783063  
-8.429043048  
-9.743512561  
-9.73287703  
-8.089021807  
-4.960070552  
-0.9317634227  
3.133184582  
6.34881984  
8.072168211  
8.095873458  
6.704127932  
4.572811186  
2.545349547  
1.356528967  
1.393813746  
2.57381639  
4.374306561  
6.011638307  
6.706079256  
5.948761459  
3.683190022  
0.3415390733  
-3.277260344  
-6.249765456  
-7.813914507  
-7.607786975  
-5.785181504  
-2.971039957  
-0.07030558237  
2.010172479  
2.640047256  
1.657984193  
-0.5805719736  
-3.313852514  
-5.607016692  
-6.635608253  
-5.932604846  
-3.525413511  
0.0756454513  
4.029778885  
7.409285649  
9.458925219  
9.794153296  
8.483388929  
5.997049757  
3.047114617  
0.372349303  
-1.463181437  
-2.199974511  
-1.90968625  
-0.9215478595  
0.3173392308  
1.396237528  
2.058606361  
2.24998317  
2.089455092  
1.785150805  
1.531706032  
1.430276679  
1.459489486  
1.503854487  
1.423305197  
1.131919701  
0.651333916  
0.1152996954  
-0.2780943965  
-0.3484870212  
-0.01704052402  
0.6427064842  
1.410194375  
1.981782306  
2.073124071  
1.523956552  
0.3663425884  
-1.171097871  
-2.728270511  
-3.928262034  
-4.502954948  
-4.385429495  
-3.735099012  
-2.884285096  
-2.222476527  
-2.057161765  
-2.499625811  
-3.416760467  
-4.467881367  
-5.216253774  
-5.278637353  
-4.461959141  
-2.839540062  
-0.7391187238  
1.35525438  
2.955875853  
3.728018977  
3.598037047  
2.776460065  
1.687992957  
0.8313936057  
0.6154240785  
1.22446502  
2.556880242  
4.254536727  
5.811836525  
6.727478661  
6.650119227  
5.473802238  
3.357785174  
0.6712502117  
-2.113207826  
-4.540119314  
-6.269110625  
-7.126686124  
-7.107449022  
-6.338074541  
-5.026900062  
-3.420477518  
-1.777840378  
-0.3592741074  
0.5840149018  
0.8344920315  
0.2539819901  
-1.157561474  
-3.212360258  
-5.522739742  
-7.548948385  
-8.710634066  
-8.540927528  
-6.840183112  
-3.777021685  
0.1068591558  
4.005270792  
7.050215883  
8.555084599  
8.225058119  
6.265080663  
3.343298235  
0.4118803815  
-1.56652735  
-1.905453594  
-0.4053559  
2.579169173  
6.2391457  
9.54834832  
11.56414549  
11.69816794  
9.873562445  
6.52369267  
2.439530784  
-1.478051822  
-4.476359379  
-6.135686014  
-6.427156815  
-5.637316282  
-4.200636296  
-2.511651038  
-0.7910665481  
0.9453958504  
2.810285011  
4.899575504  
7.148154665  
9.255277057  
10.72244459  
11.00058986  
9.696873608  
6.762136027  
2.580416705  
-2.086741138  
-6.296573014  
-9.203511636  
-10.32603754  
-9.705628083  
-7.894524981  
-5.767264166  
-4.214208756  
-3.820913147  
-4.647345352  
-6.190725181  
-7.553842856  
-7.768273367  
-6.164288131  
-2.657557518  
2.153841329  
7.126814849  
10.90983945  
12.37303074  
10.98958488  
7.037871249  
1.549975366  
-3.984430925  
-8.06802278  
-9.655950353  
-8.477194308  
-5.112542787  
-0.8038904637  
2.942741643  
4.831301404  
4.17444984  
1.091508034  
-3.551786234  
-8.433916375  
-12.19704998  
-13.856015  
-13.06710949  
-10.1793293  
-6.06621598  
-1.808863113  
1.654599566  
3.794688952  
4.590633477  
4.447037516  
3.974579191  
3.726336598  
3.989994928  
4.708046334  
5.545303567  
6.066077856  
5.943462149  
5.114451914  
3.819164974  
2.50993125  
1.667794548  
1.600379147  
2.302419533  
3.436339757  
4.44420659  
4.752024337  
3.991404061  
2.155640099  
-0.3698529645  
-2.917687818  
-4.75332171  
-5.320730593  
-4.433758999  
-2.346958394  
0.3181924269  
2.765946647  
4.272301967  
4.402886344  
3.133692634  
0.8410972481  
-1.827558129  
-4.153464892  
-5.548126858  
-5.695832297  
-4.601754384  
-2.546210795  
0.02382018898  
2.619716921  
4.81111031  
6.278782144  
6.823638265  
6.353677713  
4.8754164  
2.505517665  
-0.5017574771  
-3.734618444  
-6.642193986  
-8.612888319  
-9.110056974  
-7.833002084  
-4.849455678  
-0.6427948103  
3.962210972  
7.992255282  
10.58951957  
11.26647198  
10.0638782  
7.548944877  
4.640819375  
2.310442362  
1.25004369  
1.625415336  
3.002795114  
4.486453704  
5.030829554  
3.826862675  
0.630073032  
-4.08948526  
-9.239291497  
-13.42116597  
-15.37626934  
-14.41247123  
-10.66759858  
-5.112077809  
0.7203288535  
5.193142728  
7.071655524  
5.905603573  
2.162396392  
-2.934574795  
-7.809192024  
-11.0424965  
-11.81828497  
-10.15590236  
-6.855328183  
-3.1789325  
-0.3852323648  
0.7196061247  
0.05424713164  
-1.736462637  
-3.5495805  
-4.263542002  
-3.188861635  
-0.3644599871  
3.412657162  
6.842658698  
8.579534973  
7.731759789  
4.229883321  
-1.074065096  
-6.620682513  
-10.60931952  
-11.56738139  
-8.836408634  
-2.813596882  
5.133153021  
13.05177128  
18.97127723  
21.46633389  
20.04506057  
15.24516408  
8.420393047  
1.299241272  
-4.533141551  
-8.062395954  
-9.05406713  
-7.996754673  
-5.823169389  
-3.524142625  
-1.798064211  
-0.8546560052  
-0.4282503947  
0.02367057246  
1.027069673  
2.823234638  
5.230419705  
7.68607158  
9.449893581  
9.886984426  
8.720995622  
6.159705462  
2.844075409  
-0.3618317002  
-2.663525043  
-3.604485174  
-3.212567769  
-1.971712756  
-0.6301561134  
0.08423873707  
-0.2623886824  
-1.646694693  
-3.59428389  
-5.352774335  
-6.169341248  
-5.573086748  
-3.561329479  
-0.623416801  
2.406680381  
4.617844626  
5.31714206  
4.252740914  
1.691016026  
-1.674028513  
-4.94346422  
-7.289731399  
-8.193849547  
-7.569300766  
-5.741430129  
-3.302443583  
-0.9027786222  
0.944025144  
1.978516135  
2.205278519  
1.809576867  
1.029053492  
0.04174601296  
-1.081211924  
-2.342183344  
-3.725300485  
-5.097165397  
-6.157300674  
-6.477029786  
-5.628528168  
-3.364750657  
0.2176347081  
4.603847881  
8.922147156  
12.14201697  
13.36014753  
12.08730754  
8.439634569  
3.161520538  
-2.542033959  
-7.324062354  
-10.07386586  
-10.23929628  
-7.990539356  
-4.169717961  
-0.03711485396  
3.110780579  
4.334528003  
3.334615147  
0.5359904215  
-3.052015569  
-6.156683907  
-7.644075115  
-6.878184648  
-3.927217864  
0.4447453181  
4.996337648  
8.369971659  
9.486586652  
7.858200043  
3.730109165  
-1.982617356  
-7.939307828  
-12.72354161  
-15.19860097  
-14.77369989  
-11.51777415  
-6.104247471  
0.3834431288  
6.722589351  
11.82352007  
14.93890022  
15.77124918  
14.47167354  
11.55026239  
7.734690516  
3.816147689  
0.5133883533  
-1.627985853  
-2.29676919  
-1.441524513  
0.7345174404  
3.805942992  
7.184634239  
10.20559727  
12.23372899  
12.77819141  
11.59323871  
8.740926013  
4.59516335  
-0.221622717  
-4.960826984  
-8.90340304  
-11.51177506  
-12.53908051  
-12.06681133  
-10.46086045  
-8.258626604  
-6.019315948  
-4.179789707  
-2.955972951  
-2.315621604  
-2.026569477  
-1.761959578  
-1.227574994  
-0.2709350096  
1.061144863  
2.532820292  
3.792131928  
4.482200149  
4.355198614  
3.353766004  
1.635513623  
-0.4657473172  
-2.529029624  
-4.157890551  
-5.081550223  
-5.216787081  
-4.675022706  
-3.716059306  
-2.665535666  
-1.822704951  
-1.385820766  
-1.414753885  
-1.837246605  
-2.491007751  
-3.183401904  
-3.746874987  
-4.072407036  
-4.11335831  
-3.864175262  
-3.328286023  
-2.493329668  
-1.328396761  
0.1918379759  
2.04367063  
4.109676827  
6.155191631  
7.844166315  
8.800581071  
8.705243405  
7.402435339  
4.982427572  
1.807796024  
-1.535216618  
-4.357691094  
-6.035380262  
-6.178619357  
-4.754969585  
-2.123675806  
1.03633584  
3.893125608  
5.682139226  
5.920521506  
4.553398149  
1.986420396  
-1.010327937  
-3.505217415  
-4.661124303  
-3.973801168  
-1.424949651  
2.494643256  
6.900096024  
10.73462175  
13.03778824  
13.18644217  
11.04403648  
6.981541699  
1.770331092  
-3.617087117  
-8.239478258  
-11.38884988  
-12.71294849  
-12.23688306  
-10.29381917  
-7.399366868  
-4.11497402  
-0.94020412  
1.744233809  
3.68371946  
4.72698382  
4.800912618  
3.904940713  
2.131357254  
-0.3008050163  
-3.024013081  
-5.539804496  
-7.29100938  
-7.782250605  
-6.719297124  
-4.122584434  
-0.3702254604  
3.856963044  
7.726011149  
10.46241074  
11.56081441  
10.92962676  
8.919120518  
6.217004785  
3.637716141  
1.868028373  
1.249289427  
1.668440519  
2.597357921  
3.272742109  
2.96190558  
1.229297095  
-1.885007727  
-5.837636813  
-9.720405479  
-12.52599876  
-13.45892998  
-12.19259413  
-8.988069903  
-4.63321107  
-0.2177525609  
3.186668486  
4.841339801  
4.550645382  
2.701388439  
0.1198270196  
-2.206185569  
-3.449260248  
-3.204379474  
-1.606662657  
0.7310900854  
2.937937786  
4.186907993  
3.978786655  
2.313799376  
-0.3047436981  
-3.034710238  
-4.971806694  
-5.446568212  
-4.243868442  
-1.673672532  
1.528564895  
4.437378559  
6.230212245  
6.442017273  
5.100008885  
2.697946359  
0.02249085979  
-2.107874919  
-3.104040077  
-2.782771575  
-1.404068119  
0.4376791972  
2.027509982  
2.774250646  
2.403449817  
1.036772169  
-0.8644342732  
-2.667789472  
-3.79058058  
-3.896978143  
-3.006556642  
-1.480541945  
0.1060114421  
1.160302742  
1.269195914  
0.3328842962  
-1.406938474  
-3.449789939  
-5.198727393  
-6.146129388  
-6.021524943  
-4.85538952  
-2.942841774  
-0.7251646359  
1.366275979  
3.048644491  
4.262044094  
5.156792034  
6.001323613  
7.045731236  
8.390577604  
9.908541727  
11.24844753  
11.9238655  
11.46059172  
9.557907315  
6.213389944  
1.771298984  
-3.123192414  
-7.654695081  
-11.02002423  
-12.61515543  
-12.17870028  
-9.855848715  
-6.167595017  
-1.893745397  
2.101289905  
5.05839965  
6.485688531  
6.256595337  
4.623787148  
2.147600894  
-0.4435084714  
-2.428507134  
-3.265669385  
-2.721901715  
-0.9295607466  
1.643552907  
4.305873242  
6.311071108  
7.045298318  
6.187285337  
3.800227639  
0.3294060392  
-3.497849768  
-6.847990117  
-8.989928181  
-9.482781778  
-8.291928321  
-5.800108021  
-2.70767638  
0.1532881147  
2.04161472  
2.505385599  
1.500524417  
-0.6041050375  
-3.136809571  
-5.316939053  
-6.476740797  
-6.247202351  
-4.654610849  
-2.101158611  
0.7625602554  
3.23328384  
4.759390218  
5.092613062  
4.343043936  
2.923666562  
1.404595421  
0.3245181156  
0.01881033399  
0.5173431073  
1.542138034  
2.603444531  
3.162351162  
2.80819316  
1.395693415  
-0.8994995744  
-3.622252302  
-6.16184017  
-7.919549051  
-8.46965186  
-7.667740584  
-5.678341384  
-2.919088648  
0.05667444026  
2.700859443  
4.593750941  
5.517462843  
5.466347734  
4.601801196  
3.175049681  
1.448230653  
-0.3601321241  
-2.091994421  
-3.631929805  
-4.871225597  
-5.677004498  
-5.886376975  
-5.334626433  
-3.91156904  
-1.626923399  
1.34105959  
4.63706436  
7.772345979  
10.21629369  
11.51533987  
11.40779244  
9.901575772  
7.290238283  
4.098821596  
0.9704780691  
-1.478577226  
-2.799042079  
-2.80770833  
-1.621066443  
0.3838272159  
2.669164308  
4.669399773  
5.922529293  
6.167052688  
5.383052085  
3.771985438  
1.686367351  
-0.4673143515  
-2.324381238  
-3.632014696  
-4.279410614  
-4.287167083  
-3.767198744  
-2.8716475  
-1.749798074  
-0.526023022  
0.6981294593  
1.824920218  
2.738609864  
3.29616344  
3.340801551  
2.739167093  
1.43236156  
-0.5167846204  
-2.89978113  
-5.376486091  
-7.530822582  
-8.958455738  
-9.365017426  
-8.647519413  
-6.933729889  
-4.564650304  
-2.020753235  
0.1908906125  
1.659342108  
2.169009571  
1.747696502  
0.6496836674  
-0.7216476443  
-1.929951021  
-2.628046178  
-2.651733457  
-2.059383529  
-1.107190699  
-0.1685238613  
0.3784800426  
0.2625565927  
-0.6011139097  
-2.084580583  
-3.879402655  
-5.576366391  
-6.768946807  
-7.151727403  
-6.588382617  
-5.133981143  
-3.009990284  
-0.5430542238  
1.913008856  
4.050574906  
5.659688014  
6.648776475  
7.035365625  
6.915304342  
6.423166575  
5.696095067  
4.849592315  
3.968189923  
3.108708423  
2.31047892  
1.606083352  
1.027619444  
0.6063690809  
0.3667253232  
0.3174147729  
0.443962385  
0.7058893882  
1.040700612  
1.374834335  
1.639759205  
1.789791499  
1.817100539  
1.75913259  
1.694536991  
1.725771008  
1.94983524  
2.422534535  
3.125133603  
3.944197326  
4.674339462  
5.049175384  
4.798449002  
3.720737731  
1.7540262  
-0.9766862939  
-4.152642651  
-7.304342445  
-9.899852307  
-11.45994322  
-11.6714278  
-10.46727881  
-8.048894064  
-4.840653769  
-1.386211022  
1.786267546  
4.292057184  
5.973663512  
6.915183821  
7.382674434  
7.708885262  
8.158799485  
8.819543021  
9.551666935  
10.02018701  
9.798654167  
8.515767202  
5.999278687  
2.371114779  
-1.938823492  
-6.268737073  
-9.872609837  
-12.09965835  
-12.55625622  
-11.2060661  
-8.382175035  
-4.709803942  
-0.9623395548  
2.110221637  
3.937108318  
4.231362738  
3.024327467  
0.630483813  
-2.44066547  
-5.599803146  
-8.293523502  
-10.09966839  
-10.79006428  
-10.35646196  
-9.000780195  
-7.093013986  
-5.101311223  
-3.500795882  
-2.672063608  
-2.806366163  
-3.839538995  
-5.437144866  
-7.046257802  
-8.014136191  
-7.754086339  
-5.919768603  
-2.538470328  
1.942765399  
6.725217572  
10.8365492  
13.37988985  
13.78789966  
12.0064518  
8.546287566  
4.375815611  
0.6748600044  
-1.48658956  
-1.453120533  
0.8196772422  
4.740370024  
9.241699121  
13.08235087  
15.20238511  
15.02571514  
12.61761256  
8.649366847  
4.18210175  
0.3385331587  
-2.033581609  
-2.600785519  
-1.612890934  
0.2156901114  
1.96841368  
2.84297382  
2.415789329  
0.7683379229  
-1.562932127  
-3.791196161  
-5.164569665  
-5.23230719  
-4.000412033  
-1.924778749  
0.2530791695  
1.768176166  
2.09929443  
1.147777489  
-0.7337826966  
-2.871674207  
-4.513031059  
-5.093882587  
-4.438906377  
-2.822965145  
-0.8733052045  
0.6528753323  
1.137235258  
0.3213580832  
-1.597096541  
-4.026490017  
-6.179774749  
-7.34054583  
-7.104691712  
-5.515008818  
-3.043780517  
-0.431307773  
1.562300778  
2.405867758  
1.961705105  
0.5120421028  
-1.357628452  
-2.973645452  
-3.810017068  
-3.662221858  
-2.700174013  
-1.385846561  
-0.2892754223  
0.1279159527  
-0.3176011892  
-1.468164143  
-2.890234494  
-4.041183703  
-4.474732389  
-4.008408106  
-2.790546629  
-1.241289792  
0.1116884275  
0.8429460424  
0.8069121778  
0.2156907637  
-0.4163011969  
-0.4473188587  
0.6538121215  
3.087836504  
6.601073081  
10.50529704  
13.84292028  
15.65114613  
15.24553491  
12.43583038  
7.607016999  
1.63989775  
-4.305810864  
-9.082087226  
-11.83311377  
-12.18781605  
-10.31573473  
-6.839619177  
-2.639546614  
1.388499796  
4.549345321  
6.484486348  
7.200113173  
6.994228646  
6.317708892  
5.618072919  
5.212348174  
5.219514054  
5.560591888  
6.01345949  
6.296200107  
6.15033146  
5.401958185  
3.990972327  
1.970370912  
-0.5145435033  
-3.255495592  
-6.010910006  
-8.532988554  
-10.59360606  
-12.0111951  
-12.67811506  
-12.58353317  
-11.82336001  
-10.58895999  
-9.131065639  
-7.703334522  
-6.498683477  
-5.596918272  
-4.941797827  
-4.358565725  
-3.610950181  
-2.483455787  
-0.8649710601  
1.192938617  
3.463840165  
5.587989979  
7.159025993  
7.83269225  
7.426682304  
5.98211241  
3.767660881  
1.223701197  
-1.138879015  
-2.857692599  
-3.623384179  
-3.342264197  
-2.142079064  
-0.3224426103  
1.733266014  
3.658061714  
5.185456818  
6.196036368  
6.717397648  
6.88253813  
6.863512608  
6.803124463  
6.766273658  
6.724845816  
6.578699553  
6.203654728  
5.50907383  
4.484957709  
3.222220468  
1.898450427  
0.7326760988  
-0.07741636575  
-0.4162807361  
-0.2898835262  
0.1697940785  
0.7380759307  
1.16002002  
1.223748314  
0.8224060551  
-0.01491952093  
-1.13389926  
-2.305146904  
-3.299008988  
-3.961471265  
-4.266270655  
-4.324814439  
-4.348432515  
-4.572954133  
-5.168721238  
-6.165465001  
-7.418526642  
-8.631088249  
-9.42972439  
-9.473098784  
-8.561721254  
-6.714422731  
-4.185921759  
-1.417065849  
1.070215333  
2.803937141  
3.481431036  
3.042709095  
1.677535224  
-0.2337808319  
-2.226036221  
-3.868227463  
-4.861067886  
-5.086963699  
-4.603604315  
-3.590991802  
-2.275827668  
-0.8617121004  
0.5122025586  
1.775146298  
2.898141199  
3.85557122  
4.597007556  
5.044966667  
5.121228376  
4.789808651  
4.095227503  
3.174417294  
2.230325287  
1.471369778  
1.037183357  
0.9404180205  
1.052208783  
1.144823312  
0.9833380819  
0.4369340123  
-0.4321226887  
-1.341385952  
-1.844646542  
-1.465012005  
0.1318581379  
2.98063668  
6.733488492  
10.69096734  
13.95171314  
15.64646562  
15.19042047  
12.47612331  
7.942043173  
2.487013514  
