-5.936180646  
-4.180904833  
-1.571803427  
1.387534384  
4.035189796  
5.728977855  
6.027789215  
4.824022111  
2.388008035  
-0.6900407481  
-3.646130549  
-5.737320291  
-6.432246147  
-5.545559023  
-3.280145733  
-0.1664943574  
3.083307341  
5.766594433  
7.374173017  
7.718209637  
6.970705486  
5.603936515  
4.250806279  
3.524193127  
3.844726533  
5.323209663  
7.728324165  
10.54663961  
13.11689868  
14.80081646  
15.14368213  
13.98207541  
11.47188124  
8.032709122  
4.228315582  
0.6197906627  
-2.365708357  
-4.514647011  
-5.836550898  
-6.506912254  
-6.767822328  
-6.822697851  
-6.761577816  
-6.541437177  
-6.026051317  
-5.06860826  
-3.604924544  
-1.720867799  
0.333853383  
2.194766847  
3.481457752  
3.914478113  
3.410674868  
2.122661195  
0.4057649433  
-1.280501777  
-2.507054656  
-3.003755801  
-2.740593445  
-1.935100343  
-0.9833424581  
-0.336638509  
-0.3635727556  
-1.241043886  
-2.907675201  
-5.091525379  
-7.39928211  
-9.434419612  
-10.90397665  
-11.68003326  
-11.79996385  
-11.41234017  
-10.69461845  
-9.777245775  
-8.704102996  
-7.442702421  
-5.936502045  
-4.173694871  
-2.239463356  
-0.3247938659  
1.317504721  
2.456576697  
2.975740032  
2.935001438  
2.57386061  
2.245301301  
2.298215069  
2.94747481  
4.179736218  
5.734386896  
7.174864301  
8.033551247  
7.984961308  
6.987420799  
5.33934996  
3.621598861  
2.534704668  
2.67681581  
4.331741441  
7.338262044  
11.08963599  
14.67274868  
17.11177848  
17.6463136  
15.96015613  
12.28973785  
7.376475215  
2.274407676  
-1.931460662  
-4.413983474  
-4.81623245  
-3.328080446  
-0.6093578306  
2.412114425  
4.803747232  
5.874166945  
5.333266584  
3.327822515  
0.3537905553  
-2.917175757  
-5.837608122  
-7.949553592  
-9.071775836  
-9.294459756  
-8.897445744  
-8.22959027  
-7.593608832  
-7.17177531  
-7.008372332  
-7.042434607  
-7.167591083  
-7.289767798  
-7.359587011  
-7.370504168  
-7.330080139  
-7.223431735  
-6.990723136  
-6.533521002  
-5.751500785  
-4.596571604  
-3.122113254  
-1.504290621  
-0.02095263687  
1.011680943  
1.328649882  
0.8054428721  
-0.4823183497  
-2.250410379  
-4.055932447  
-5.395598916  
-5.828086272  
-5.088775363  
-3.166929072  
-0.3250247572  
2.945427224  
6.021925083  
8.281112552  
9.232850857  
8.630162837  
6.5326782  
3.310735471  
-0.4115805613  
-3.865157078  
-6.277697381  
-7.023391819  
-5.752295414  
-2.472985837  
2.430996264  
8.258704803  
14.11611644  
19.08463083  
22.39911592  
23.59613431  
22.59762564  
19.70951365  
15.53530305  
10.82661004  
6.309210903  
2.529651051  
-0.2390700469  
-2.011843013  
-3.028735614  
-3.640661152  
-4.182915161  
-4.87703549  
-5.789120744  
-6.851396748  
-7.930738921  
-8.911458446  
-9.755605568  
-10.51411562  
-11.28260549  
-12.11935148  
-12.96066964  
-13.57397546  
-13.57804304  
-12.53691172  
-10.10577779  
-6.184350153  
-1.024046481  
4.755496353  
10.25973818  
14.50736529  
16.66651311  
16.2734403  
13.36915312  
8.510731842  
2.649575759  
-3.09256047  
-7.689036886  
-10.44296969  
-11.12865513  
-10.00553108  
-7.707869102  
-5.048073437  
-2.793263983  
-1.477623913  
-1.29723658  
-2.106061976  
-3.500920775  
-4.95976578  
-5.987472414  
-6.22880756  
-5.5249605  
-3.911406175  
-1.572755188  
1.220643547  
4.171324505  
6.995028896  
9.441793263  
11.30623269  
12.4380534  
12.75920128  
12.28497367  
11.13811302  
9.541731537  
7.781726623  
6.140572491  
4.818041481  
3.864347123  
3.152562452  
2.407779321  
1.292622699  
-0.4719420036  
-2.987318206  
-6.100818021  
-9.403661735  
-12.31318255  
-14.22167119  
-14.67049237  
-13.49645855  
-10.90244082  
-7.425489545  
-3.806586261  
-0.7971945345  
1.041540558  
1.487545881  
0.7102024257  
-0.7887245184  
-2.326883855  
-3.239378011  
-3.063756365  
-1.658600627  
0.7753522841  
3.771541614  
6.741873869  
9.140902425  
10.59962743  
10.99266393  
10.42701669  
9.167008088  
7.528855507  
5.784321392  
4.104465528  
2.555979509  
1.141223375  
-0.143065536  
-1.258597724  
-2.112994577  
-2.588668244  
-2.601147683  
-2.160919462  
-1.409366868  
-0.6077277403  
-0.07533986385  
-0.09329955883  
-0.8047102463  
-2.147013522  
-3.843584793  
-5.463255935  
-6.533911992  
-6.677547891  
-5.725628843  
-3.778447143  
-1.188948922  
1.525331548  
3.816417129  
5.24655251  
5.594600765  
4.898908254  
-7.180357303  
-10.12167938  
-11.33831163  
-10.76289302  
-8.869557133  
-6.526191034  
-4.711664351  
-4.191241833  
-5.259169148  
-7.635910399  
-10.55589504  
-13.0174883  
-14.11234913  
-13.32486943  
-10.70321729  
-6.847329969  
-2.72096105  
0.6470379132  
2.472203014  
2.434666397  
0.7436913099  
-1.964989841  
-4.854269642  
-7.150304471  
-8.356269288  
-8.34931219  
-7.340925282  
-5.731178364  
-3.923034014  
-2.171874665  
-0.5252467862  
1.132339321  
2.958704629  
5.01708132  
7.187890578  
9.172424228  
10.59170782  
11.14192435  
10.74086664  
9.59925007  
8.177748974  
7.035217529  
6.619014002  
7.076235611  
8.163280446  
9.299104318  
9.755627452  
8.925539956  
6.573660112  
2.976695726  
-1.109601178  
-4.658291218  
-6.69340584  
-6.621053467  
-4.454787628  
-0.8514718208  
3.06433162  
6.03756713  
7.074599521  
5.761193764  
2.399904263  
-2.080898089  
-6.418018667  
-9.409053905  
-10.28217884  
-8.919206327  
-5.861572962  
-2.103181714  
1.253934342  
3.360271347  
3.872631871  
3.018263161  
1.45522607  
-0.01291890027  
-0.7597689116  
-0.5769614148  
0.2537688326  
1.08148217  
1.153036035  
-0.07390491721  
-2.688811544  
-6.24829914  
-9.890762521  
-12.60772387  
-13.57730102  
-12.44233211  
-9.435013931  
-5.304017999  
-1.069726095  
2.306563414  
4.224299638  
4.612711963  
3.911925723  
2.877972286  
2.285571228  
2.637294304  
3.983301657  
5.914192684  
7.726087123  
8.694857064  
8.357680919  
6.69855424  
4.169968652  
1.542753055  
-0.3619610652  
-0.9624127105  
-0.1240271039  
1.788558992  
4.033448335  
5.744065413  
6.223550623  
5.178643061  
2.813456673  
-0.2461395305  
-3.167401556  
-5.187237109  
-5.853792194  
-5.15201722  
-3.475623087  
-1.463040116  
0.237977132  
1.190267067  
1.29451649  
0.7836375075  
0.09411148199  
-0.3312691492  
-0.2318056304  
0.3628413653  
1.143538334  
1.644934026  
1.432341896  
0.2805554825  
-1.722860986  
-4.188116504  
-6.543186638  
-8.218665289  
-8.829936094  
-8.291648842  
-6.825936821  
-4.86572222  
-2.893024863  
-1.274686217  
-0.1566277897  
0.5466420207  
1.068254994  
1.648616904  
2.397767636  
3.218275176  
3.822474466  
3.840523187  
2.979198342  
1.169650691  
-1.356142541  
-4.095896444  
-6.411254795  
-7.723495869  
-7.703776608  
-6.390020565  
-4.186129237  
-1.739294594  
0.2662619439  
1.330800813  
1.300942776  
0.4162885981  
-0.7761789893  
-1.612065723  
-1.540547812  
-0.3188622019  
1.895209143  
4.584499921  
7.034636736  
8.564861181  
8.752875822  
7.581403498  
5.459550258  
3.111874469  
1.369040752  
0.923258303  
2.120630078  
4.849575209  
8.554742802  
12.36941665  
15.32755664  
16.59794382  
15.68152724  
12.52705597  
7.543760448  
1.515412413  
-4.559141347  
-9.662062935  
-12.94988626  
-13.90997267  
-12.45524588  
-8.943311773  
-4.117032417  
1.025691207  
5.414432554  
8.112347553  
8.509055497  
6.460395875  
2.340140285  
-3.016922229  
-8.478516745  
-12.8567498  
-15.17706632  
-14.9107337  
-12.1108899  
-7.412644111  
-1.89106116  
3.191852401  
6.68920783  
7.843527649  
6.462603013  
2.952227152  
-1.800127441  
-6.656582359  
-10.51090227  
-12.54609837  
-12.40271918  
-10.22115784  
-6.558121896  
-2.211635984  
1.989425752  
5.371777143  
7.5346127  
8.377289413  
8.046605256  
6.834525802  
5.066702976  
3.017532194  
0.8720921163  
-1.264377761  
-3.325620411  
-5.236822656  
-6.883446282  
-8.109645417  
-8.745909333  
-8.653880928  
-7.770398154  
-6.134327716  
-3.887260342  
-1.249052022  
1.522456186  
4.174325182  
6.492367861  
8.319762686  
9.560955714  
10.17624732  
10.17378014  
9.60335442  
8.55230095  
7.139924403  
5.506118374  
3.792097892  
2.116041692  
0.5511956275  
-0.8838876795  
-2.21553593  
-3.484707107  
-4.704021993  
-5.81720394  
-6.67865945  
-7.066918732  
-6.735438846  
-5.490875766  
-3.276913951  
-0.2358036869  
3.277288073  
6.740011879  
9.56389802  
11.22790858  
11.40922648  
10.07381954  
7.498364462  
4.21364579  
0.8815958315  
-1.862426019  
-3.560095614  
-4.032956293  
-3.410546586  
-2.077825413  
-0.5583078642  
0.633343773  
1.128266335  
0.7933076299  
-0.248169621  
-1.666745559  
-3.031298739  
-3.936184228  
-4.115635397  
-3.51509275  
-2.302174272  
-0.8167806737  
0.5243022847  
1.341902054  
1.397863106  
0.6610036855  
-0.6805832318  
-2.26354734  
-3.638458313  
-4.382113828  
-4.205407102  
-3.030064925  
-1.014824302  
1.476377442  
3.95746392  
5.934799715  
7.024927836  
7.045428264  
6.054916882  
4.330985232  
2.291368875  
0.379412024  
-1.054573694  
-1.842511812  
-2.032693178  
-1.858888836  
-1.653886634  
-1.733937109  
-2.290067911  
-3.320677176  
-4.627412014  
-5.876588189  
-6.707405926  
-6.85280285  
-6.234010354  
-4.997628615  
-3.482037891  
-2.12245678  
-1.323644003  
-1.339678518  
-2.197871153  
-3.689592895  
-5.429344937  
-6.962017158  
-7.884027678  
-7.941538345  
-7.078620451  
-5.426340904  
-3.243639562  
-0.8355846258  
1.520979643  
3.621115515  
5.336508753  
6.589836473  
7.319656825  
7.45934025  
6.945595209  
5.756991328  
3.966546181  
1.78217472  
-0.4508283383  
-2.299093395  
-3.336591503  
-3.260511028  
-1.989577713  
0.2923116548  
3.169180656  
6.099856342  
8.569281111  
10.23663473  
11.02996565  
11.15203663  
10.99075256  
10.96060672  
11.32758598  
12.07927292  
12.89020778  
13.20269395  
12.40439827  
10.04937991  
6.050372263  
0.7748721014  
-4.994995548  
-10.23662491  
-13.94938042  
-15.42919449  
-14.47204178  
-11.44238441  
-7.182710965  
-2.788552856  
0.6853673009  
2.501392623  
2.41703274  
0.7153817357  
-1.915843525  
-4.614236587  
-6.60740195  
-7.430633396  
-7.0338799  
-5.751921209  
-4.155904879  
-2.841013888  
-2.222571561  
-2.406337562  
-3.171361182  
-4.065076006  
-4.573498555  
-4.30632265  
-3.13433945  
-1.234861885  
0.9669972199  
2.938521549  
4.212218685  
4.533271404  
3.933736228  
2.711042894  
1.320211161  
0.2171150299  
-0.2949818175  
-0.1655284495  
0.3884965093  
0.9572791541  
1.078271925  
0.3974306336  
-1.198794545  
-3.521802297  
-6.109302574  
-8.337083868  
-9.583312283  
-9.399954255  
-7.644329831  
-4.535052381  
-0.6170192419  
3.356064  
6.59238733  
8.443987316  
8.55607453  
6.94859894  
4.01173466  
0.4174786989  
-3.031121901  
-5.577744407  
-6.67686505  
-6.107402333  
-4.011468674  
-0.8513822032  
2.7030573  
5.929224387  
8.21149129  
9.169269493  
8.725139095  
7.100293042  
4.742702515  
2.209571337  
0.035689028  
-1.379376535  
-1.839729855  
-1.365544903  
-0.1537340334  
1.495336796  
3.26018814  
4.865777895  
6.120599892  
6.919931419  
7.2237606  
7.025434179  
6.327896162  
5.138619076  
3.4844262  
1.437502986  
-0.8622767043  
-3.203426808  
-5.325584086  
-6.966766901  
-7.922643756  
-8.099043579  
-7.539308981  
-6.415385132  
-4.983282512  
-3.51558727  
-2.231726371  
-1.247723555  
-0.5606195355  
-0.07100784552  
0.365763527  
0.8785475055  
1.530913138  
2.299587142  
3.086445484  
3.757376096  
4.191889246  
4.324333151  
4.161818657  
3.773715693  
3.258932548  
2.705614973  
2.160237474  
1.618310187  
1.039292469  
0.3776011797  
-0.3855093831  
-1.224986558  
-2.079163215  
-2.879246619  
-3.588181655  
-4.229718935  
-4.89031931  
-5.686358985  
-6.703752234  
-7.930888391  
-9.212996361  
-10.25274194  
-10.66814235  
-10.09869008  
-8.33081551  
-5.401994049  
-1.64417002  
2.357352121  
5.887928265  
8.281276593  
9.101373061  
8.273410897  
6.120691899  
3.290898432  
0.5884001875  
-1.241473509  
-1.714467389  
-0.7371934909  
1.372617885  
3.979935088  
6.311027597  
7.663384021  
7.586483023  
5.984619178  
3.11903394  
-0.482054143  
-4.170779672  
-7.336488273  
-9.527773783  
-10.51258043  
-10.27316824  
-8.954226224  
-6.794081678  
-4.067473106  
-1.055714795  
1.957358683  
4.679864621  
6.81806656  
8.109175388  
8.38034816  
7.616045178  
6.004458628  
3.934087389  
1.925357056  
0.5053036132  
0.05724874252  
0.6929382325  
2.19409539  
4.052503538  
5.606872907  
6.241208037  
5.584830617  
3.648317387  
0.845916567  
-2.110504501  
-4.419032419  
-5.434585759  
-4.876520731  
-2.92778497  
-0.1892473147  
2.500848582  
4.327601382  
4.757833888  
3.71215199  
1.593163858  
-0.8417485668  
-2.724134878  
-3.357132548  
-2.446090923  
-0.2023091282  
2.714168081  
5.394869108  
6.962450943  
6.840620657  
4.929595879  
1.633714933  
-2.264020437  
-5.837027341  
-8.283043327  
-9.140718409  
-8.390921025  
-6.41895059  
-3.859814283  
-1.385087963  
0.4952618183  
1.553251962  
1.853804607  
1.664566574  
1.30763667  
1.01349038  
0.8321218161  
0.6314974084  
0.1785676261  
-0.7335176736  
-2.165332369  
-3.967942003  
-5.803897734  
-7.247245563  
-7.926744539  
-7.659372739  
-6.523525619  
-4.842724936  
-3.08289823  
-1.697985431  
-0.9780239203  
-0.9539509832  
-1.393906223  
-1.893648421  
-2.030201562  
-1.524907615  
-0.3577908131  
1.208698777  
2.70754447  
3.622515861  
3.569659843  
2.443686651  
0.4787109462  
-1.799512515  
-3.71732845  
-4.649238543  
-4.20572821  
-2.355011156  
0.5581874813  
3.901743616  
6.925609202  
8.961268555  
9.594259251  
8.763503852  
6.764679365  
4.163042993  
1.64508447  
-0.1483866456  
-0.7652969337  
-0.03063605273  
1.932968852  
4.747542587  
7.867187656  
10.68743921  
12.65462071  
13.3586717  
12.59897694  
10.41732401  
7.094752346  
3.110881584  
-0.9325369412  
-4.41648701  
-6.822885225  
-7.843634992  
-7.454355518  
-5.92991745  
-3.790233408  
-1.682220039  
-0.2228655471  
0.1574391208  
-0.6718064375  
-2.505417527  
-4.857817957  
-7.09669358  
-8.618168015  
-9.012948232  
-8.17439176  
-6.316637887  
-3.89850585  
-1.478265958  
0.4540258923  
1.613548283  
1.984692072  
1.794333888  
1.406833569  
1.178871358  
1.32466453  
1.837346557  
2.492101849  
2.928200942  
2.780078644  
1.811567958  
0.007296624063  
-2.408961591  
-5.03350851  
-7.39761724  
-9.098236995  
-9.901153868  
-9.784969985  
-8.916469158  
-7.572262436  
-6.039275126  
-4.531393162  
-3.150337147  
-1.899469359  
-0.7375940606  
0.3558083482  
1.335962806  
2.091110448  
2.486880263  
2.438959729  
1.982100472  
1.301942684  
0.7084698023  
0.5518979165  
1.105347232  
2.454669142  
4.437612588  
6.660563715  
8.595495643  
9.731419387  
9.733453925  
8.556871439  
6.475761326  
4.012796837  
1.789185747  
0.3411040084  
-0.03883877217  
0.6162374299  
1.968419824  
3.491851489  
4.646613713  
5.052055558  
4.602597078  
3.488943479  
2.119803865  
0.9728449104  
0.4270177419  
0.6338283835  
1.470798751  
2.591350645  
3.551919614  
3.970586144  
3.661163859  
2.69578754  
1.374304852  
0.1113664463  
-0.7192317472  
-0.9285066503  
-0.5938748966  
-0.048730645  
0.2186339673  
-0.2750103153  
-1.840420669  
-4.495084222  
-7.928045671  
-11.56211881  
-14.69480085  
-16.67565122  
-17.06830203  
-15.75213584  
-12.93877784  
-9.104912811  
-4.866654799  
-0.8348106361  
2.508844159  
4.885370729  
6.232065838  
6.663808166  
6.40390866  
5.710081287  
4.816323638  
3.900928604  
3.079289048  
2.412134956  
1.917727914  
1.580013181  
1.351295602  
1.154075822  
0.8891344033  
0.4548033446  
-0.223536454  
-1.161409042  
-2.292538039  
-3.466898648  
-4.475270612  
-5.097039735  
-5.159057424  
-4.588045474  
-3.439521607  
-1.892834403  
-0.2123783921  
1.314218923  
2.442973597  
3.026414106  
3.038596015  
2.567909442  
1.783603045  
0.8892150704  
0.07805296213  
-0.4977674234  
-0.7404924403  
-0.6055524544  
-0.09418216848  
0.7520273127  
1.850930342  
3.076856129  
4.262871089  
5.217264601  
5.758612923  
5.765158174  
5.224783383  
4.266208044  
3.153324602  
2.233967927  
1.849520955  
2.22767326  
3.391293241  
5.116847741  
6.964416105  
8.380362821  
8.849638923  
8.05517735  
5.994615712  
3.01303364  
-0.2666020239  
-3.102541594  
-4.840715867  
-5.108411899  
-3.935151866  
-1.760140991  
0.6810744772  
2.560914089  
3.195977335  
2.244611957  
-0.1943966727  
-3.612570592  
-7.242709758  
-10.28350379  
-12.12826255  
-12.52733141  
-11.6353483  
-9.931703816  
-8.04342249  
-6.530768323  
-5.707133508  
-5.552282552  
-5.74607485  
-5.808839137  
-5.298296763  
-3.99345496  
-1.99995106  
0.262418352  
2.189205329  
3.196680292  
2.934661218  
1.433643742  
-0.8671759464  
-3.226360027  
-4.812473506  
-4.95777771  
-3.37368361  
-0.2584824509  
3.739272948  
7.693379623  
10.65742338  
11.92911345  
11.24146772  
8.823946409  
5.317657014  
1.574251371  
-1.59627706  
-3.649465594  
-4.433771828  
-4.186152772  
-3.403802536  
-2.6397119  
-2.292882918  
-2.463474643  
-2.919755722  
-3.185255637  
-2.714395383  
-1.096021157  
1.783909393  
5.674378993  
10.00770427  
14.04719595  
17.08488017  
18.62524976  
18.49775477  
16.86650567  
14.14090298  
10.82380249  
7.352838275  
3.98980155  
0.7931503422  
-2.322881395  
-5.470989315  
-8.66484567  
-11.73672427  
-14.33465767  
-16.00554235  
-16.33834494  
-15.11812511  
-12.43536637  
-8.708386504  
-4.605038681  
-0.8836685115  
1.799291759  
3.05597995  
2.857003908  
1.518585077  
-0.4058701787  
-2.292425742  
-3.617421425  
-4.080239482  
-3.645169525  
-2.498962419  
-0.9494866867  
0.6911419723  
2.194495845  
3.445998033  
4.414348087  
5.083105736  
5.383268892  
5.165160605  
4.231088172  
2.423343359  
-0.2643948748  
-3.599619322  
-7.092278492  
-10.06858951  
-11.82857268  
-11.84552144  
-9.944762895  
-6.398835902  
-1.898213584  
2.605188912  
6.142672979  
7.99128811  
7.87434304  
6.03645308  
3.167427989  
0.1964826502  
-1.980600963  
-2.757468904  
-1.978164525  
0.04399548122  
2.650697801  
5.061302744  
6.619073705  
6.981183075  
6.194573111  
4.640029918  
2.871793856  
1.41397888  
0.586673398  
0.4206024294  
0.6848989168  
1.010894854  
1.060544372  
0.673473651  
-0.06363169453  
-0.851160475  
-1.300656628  
-1.100998009  
-0.1624275238  
1.318335725  
2.90022497  
4.036087772  
4.260212251  
3.358892086  
1.462179979  
-0.9784220146  
-3.322037782  
-4.937527282  
-5.403214727  
-4.640247046  
-2.935255826  
-0.845934749  
0.9771705176  
1.991773841  
1.920916388  
0.8163163209  
-0.9877409956  
-3.00739317  
-4.777508842  
-5.994141273  
-6.582611896  
-6.67238376  
-6.495413811  
-6.252817352  
-6.005285536  
-5.632186348  
-4.876821669  
-3.461408388  
-1.227673295  
1.752275999  
5.14056445  
8.39278217  
10.89679609  
12.14701243  
11.89637454  
10.2351774  
7.570392654  
4.512624068  
1.708196743  
-0.3294890747  
-1.337640369  
-1.339076734  
-0.5924513563  
0.5162030604  
1.597698709  
2.356828199  
2.635353336  
2.398062052  
1.682177151  
0.5427422189  
-0.9759562771  
-2.82897992  
-4.927641731  
-7.091659928  
-9.030119308  
-10.37554471  
-10.77355213  
-10.00413387  
-8.090953853  
-5.350959661  
-2.351685029  
0.2259511563  
1.786043969  
2.016445967  
1.018639292  
-0.6846154966  
-2.280688322  
-2.908304276  
-1.939350394  
0.7877922317  
4.863667161  
9.376091894  
13.14271723  
15.045972  
14.37268611  
11.05433918  
5.730129639  
-0.39357628  
-5.852998814  
-9.319936415  
-9.96592248  
-7.692813369  
-3.163564464  
2.375263021  
7.428234231  
10.64842168  
11.18747632  
8.904822512  
4.384391544  
-1.238270783  
-6.584824698  
-10.39192719  
-11.82318603  
-10.65830931  
-7.318977297  
-2.734983156  
1.906518655  
5.460563767  
7.098101842  
6.490977981  
3.870244834  
-0.04879797146  
-4.251462514  
-7.67211234  
-9.448154598  
-9.122132797  
-6.746878849  
-2.87015385  
1.59805651  
5.605663704  
8.21480497  
8.832619496  
7.3583601  
4.207244996  
0.2015764561  
-3.6456342  
-6.39881083  
-7.447366899  
-6.663052387  
-4.420875381  
-1.475616428  
1.271318393  
3.045938891  
3.433442966  
2.495672879  
0.7362827088  
-1.07678264  
-2.176017622  
-2.061303932  
-0.6813130501  
1.532555519  
3.794847065  
5.219388304  
5.117396045  
3.243754619  
-0.09064403846  
-4.080840418  
-7.648848826  
-9.757235335  
-9.71835412  
-7.403192038  
-3.285350241  
1.692210489  
6.384615055  
9.763017436  
11.18617543  
10.54684469  
8.256456233  
5.083472545  
1.905096039  
-0.5455764292  
-1.860185979  
-2.016552823  
-1.316536567  
-0.2360298645  
0.7528187638  
1.325472811  
1.373042171  
0.9845576674  
0.3653044863  
-0.2671755758  
-0.7660646778  
-1.089068596  
-1.279408226  
-1.413436794  
-1.54650038  
-1.685505705  
-1.800344837  
-1.86479483  
-1.900684659  
-1.995048976  
-2.271232101  
-2.817170131  
-3.597949415  
-4.394417363  
-4.807252474  
-4.345220319  
-2.583899968  
0.6512727109  
5.142827724  
10.24156673  
14.96332963  
18.21223229  
19.0746277  
17.0970329  
12.45748146  
5.966729816  
-1.113705386  
-7.391429219  
-11.70940811  
-13.44876296  
-12.67551335  
-10.0866049  
-6.773919196  
-3.882738668  
-2.274054304  
-2.296771801  
-3.7375132  
-5.955220169  
-8.145916434  
-9.640738751  
-10.13207656  
-9.750857037  
-8.972576671  
-8.391314711  
-8.448171272  
-9.216783292  
-10.32827116  
-11.06833612  
-10.61761411  
-8.354401526  
-4.114573138  
1.684460497  
8.104799994  
13.92180098  
17.96060794  
19.43103888  
18.156347  
14.62531707  
9.853475274  
5.098743692  
1.520354603  
-0.1165637558  
0.3925646476  
2.693151522  
6.025759436  
9.473186519  
12.21751213  
13.73006157  
13.84716219  
12.72673958  
10.72002488  
8.215999329  
5.516982288  
2.784073624  
0.05985094173  
-2.65508317  
-5.313868367  
-7.766638377  
-9.762480143  
-11.01144335  
-11.28264987  
-10.49925362  
-8.791322808  
-6.482889081  
-4.01364726  
-1.819785073  
-0.2136241524  
0.6972441588  
1.023879621  
1.038139754  
1.062316702  
1.342832606  
1.949764653  
2.735505904  
3.36715598  
3.424298884  
2.533989252  
0.5036434094  
-2.587090572  
-6.363264134  
-10.20993248  
-13.39515089  
-15.23286383  
-15.24774905  
-13.30268074  
-9.656949525  
-4.937821239  
-0.0266594253  
4.119900898  
6.67723115  
7.1426826  
5.462871856  
2.063976279  
-2.228724877  
-6.369532068  
-9.330898542  
-10.34519308  
-9.088121088  
-5.754059568  
-1.00018353  
4.228338274  
8.945798433  
12.37735845  
14.14273498  
14.31936246  
13.36797454  
11.94598939  
10.66967183  
9.902882158  
9.642127186  
9.536203737  
9.03383911  
7.60898393  
4.985716496  
1.283089934  
-2.974020131  
-6.987106904  
-9.918967818  
-11.1546143  
-10.500452  
-8.253200658  
-5.11319328  
-1.969288725  
0.3734899619  
1.432822207  
1.175377805  
-0.009358551306  
-1.474469913  
-2.558643302  
-2.819057521  
-2.171602743  
-0.8909544471  
0.5247644292  
1.569576131  
1.94033727  
1.659062511  
1.056855057  
0.6225281531  
0.7726242505  
1.633226023  
2.92463751  
4.005814913  
4.077818987  
2.484626723  
-0.9922207566  
-5.955215627  
-11.4060073  
-15.96881888  
-18.26571135  
-17.33166014  
-12.93761006  
-5.713511436  
2.975886768  
11.37181824  
17.77894362  
21.00222666  
20.63322884  
17.10489607  
11.50848646  
5.240930261  
-0.3989415221  
-4.537506875  
-6.882207963  
-7.674650667  
-7.479717161  
-6.902453814  
-6.342388493  
-5.872832588  
-5.280134765  
-4.234718084  
-2.515485911  
-0.1900007937  
2.328776381  
4.379671795  
5.274283249  
4.561694401  
2.236224045  
-1.195735988  
-4.825380885  
-7.600389451  
-8.65102436  
-7.574452214  
-4.579244471  
-0.4373911181  
3.744559115  
6.862673999  
8.151955533  
7.412923148  
5.056478182  
1.955638345  
-0.8437678207  
-2.456488882  
-2.426749918  
-0.8488277495  
1.692866919  
4.336033325  
6.228436539  
6.794203918  
5.893766047  
3.832944224  
1.229459391  
-1.208128936  
-2.908845755  
-3.598648819  
-3.343720041  
-2.474414895  
-1.428071461  
-0.5741588404  
-0.08631453691  
0.09611044202  
0.2099800959  
0.5426742197  
1.290775053  
2.458187356  
3.831561627  
5.040840809  
5.681357837  
5.45235942  
4.262459618  
2.265818698  
-0.181758992  
-2.629727441  
-4.665169975  
-6.026588469  
-6.66390258  
-6.729316327  
-6.507143759  
-6.309350384  
-6.371762451  
-6.78202531  
-7.457199191  
-8.17190544  
-8.623293299  
-8.511214036  
-7.611960157  
-5.830188656  
-3.222443131  
0.006736549584  
3.530860969  
6.943858837  
9.814092586  
11.74607832  
12.44463644  
11.77296161  
9.792716733  
6.773420082  
3.162165609  
-0.4867282135  
-3.61117108  
-5.748671978  
-6.625439621  
-6.204023714  
-4.677074636  
-2.410355308  
0.1470122705  
2.558057871  
4.472767727  
5.665416873  
6.033035678  
5.56845344  
4.329597679  
2.424877399  
0.02295444519  
-2.621076981  
-5.145142095  
-7.092032944  
-7.972382912  
-7.378131315  
-5.121735894  
-1.356964744  
3.368602066  
8.166542405  
11.97395757  
13.80353322  
13.01437655  
9.524072859  
3.890475047  
-2.775726378  
-9.0581088  
-13.58189708  
-15.36762217  
-14.08955287  
-10.16132337  
-4.620098845  
1.160166149  
5.844445533  
8.492712383  
8.793920392  
7.1131035  
4.343705319  
1.61553031  
-0.0498848267  
-0.03281216587  
1.725644399  
4.737543754  
8.139381228  
10.958887  
12.3917247  
12.00695521  
9.829186145  
6.287909766  
2.065323895  
-2.099775629  
-5.589854354  
-8.022093232  
-9.279726599  
-9.472914024  
-8.860484208  
-7.767994261  
-6.527268549  
-5.444027142  
-4.783079919  
-4.752500507  
-5.472485351  
-6.928974328  
-8.928946552  
-11.08501963  
-12.85490805  
-13.64525965  
-12.96437345  
-10.583819  
-6.655537724  
-1.735949976  
3.307448204  
7.494897758  
9.989470094  
10.33498889  
8.60171872  
5.388217708  
1.670078712  
-1.465709398  
-3.12424265  
-2.852976284  
-0.7621418305  
2.521934257  
6.055858045  
8.868080677  
10.2474076  
9.942004242  
8.209544999  
5.70748179  
3.263394115  
1.602376102  
1.119662495  
1.769248375  
3.099557034  
4.419008175  
5.033473951  
4.477182405  
2.664244353  
-0.0834844583  
-3.135352544  
-5.741238072  
-7.249235851  
-7.28544204  
-5.846182042  
-3.283521894  
-0.198136744  
2.721192959  
4.862088534  
5.814014865  
5.429770755  
3.820535039  
1.300351596  
-1.694912034  
-4.690364768  
-7.241441846  
-8.985149535  
-9.675931835  
-9.210413964  
-7.641543205  
-5.177230371  
-2.155677935  
1.00763108  
3.897615055  
6.187071039  
7.710186298  
8.496990013  
8.752226836  
8.778964623  
8.867097523  
9.182126955  
9.693722308  
10.17338403  
10.26834629  
9.631610791  
8.065426191  
5.626488024  
2.650150977  
-0.3236611003  
-2.706316676  
-4.050832156  
-4.213207194  
-3.426124987  
-2.252392845  
-1.424497011  
-1.615975108  
-3.216232138  
-6.183214826  
-10.02622426  
-13.93029931  
-16.98758535  
-18.46498734  
-18.02394221  
-15.82214463  
-12.46437297  
-8.818096827  
-5.75297547  
-3.88743441  
-3.421862706  
-4.108318336  
-5.360859056  
-6.464503786  
-6.80978472  
-6.074416563  
-4.294746162  
-1.810013923  
0.8927738512  
3.37165468  
5.387469084  
6.96891046  
8.362912647  
9.891476424  
11.77128413  
13.96702217  
16.13807952  
17.70524418  
18.02066166  
16.58631885  
13.24674846  
8.288078946  
2.40550862  
-3.455261954  
-8.33505405  
-11.50311345  
-12.62893409  
-11.8328904  
-9.605006763  
-6.624467158  
-3.543670948  
-0.8094566842  
1.422060359  
3.255572567  
4.931397638  
6.65799836  
8.46868008  
10.15856253  
11.32762586  
11.51632302  
10.38591161  
7.878256809  
4.295390515  
0.2655613658  
-3.399398161  
-5.913978171  
-6.732059281  
-5.697753753  
-3.08878926  
0.4583528623  
4.11555416  
7.069488131  
8.705823633  
8.721447647  
7.141915113  
4.253534313  
0.4855947144  
-3.710433501  
-7.944222525  
-11.91245139  
-15.37338228  
-18.09789224  
-19.83343911  
-20.31033631  
-19.29953399  
-16.70597751  
-12.661506  
-7.574362172  
-2.102280813  
2.959684207  
6.85527515  
9.059910815  
9.431436393  
8.267175622  
6.240905551  
4.228926673  
3.069316749  
3.321347104  
5.095249469  
8.004498722  
11.25850776  
13.87333552  
14.94370331  
13.90137259  
10.68821975  
5.795668551  
0.1588821993  
-5.066754001  
-8.788353417  
-10.2445769  
-9.193249015  
-5.972240425  
-1.421162631  
3.314292423  
7.046356191  
8.814672192  
8.09986837  
4.935175029  
-0.1055210602  
-6.037104625  
-11.67936705  
-15.91184776  
-17.91255631  
-17.3302707  
-14.35419812  
-9.666452582  
-4.287373117  
0.6529588194  
4.166841907  
5.627761846  
4.904918986  
2.380667848  
-1.154754606  
-4.706738454  
-7.327987136  
-8.354487951  
-7.564298407  
-5.217021056  
-1.963505972  
1.348793376  
3.919703278  
5.21967619  
5.128366732  
3.948901843  
2.295368559  
0.8894216292  
0.3297426274  
0.9063678933  
2.517721222  
4.715485388  
6.8615336  
8.344967196  
8.787738277  
8.170973327  
6.840005347  
5.386149282  
4.444115698  
4.472297211  
5.589387203  
7.52241885  
9.684516037  
11.35742226  
11.91875309  
11.03879384  
8.781714144  
5.57819919  
2.079757055  
-1.05507742  
-3.36955565  
-4.741358004  
-5.394295631  
-5.786087007  
-6.412363898  
-7.596576014  
-9.341194166  
-11.29530428  
-12.85396048  
-13.35903724  
-12.33516382  
-9.680376043  
-5.744064879  
-1.261097908  
2.84177264  
5.708356884  
6.801633302  
6.059064191  
3.9045094  
1.112506247  
-1.431977427  
-3.001837867  
-3.239324769  
-2.244885783  
-0.5177143812  
1.229705293  
2.320571001  
2.344269594  
1.293645079  
-0.4346145714  
-2.175426347  
-3.22188799  
-3.069411352  
-1.598822047  
0.8604726667  
3.608290611  
5.769779918  
6.551166273  
5.478935789  
2.551998655  
-1.737267015  
-6.518590558  
-10.76256582  
-13.54112739  
-14.25849919  
-12.79184325  
-9.507326936  
-5.151897406  
-0.6537260014  
3.113436222  
5.539910009  
6.411265682  
5.930859349  
4.632552165  
3.210346957  
2.312020459  
2.351823128  
3.391566979  
5.121438968  
6.946094191  
8.154098441  
8.126324445  
6.527220041  
3.42538032  
-0.6932047647  
-5.028176582  
-8.661216878  
-10.79559297  
-10.9736209  
-9.209490855  
-5.995904116  
-2.177299492  
1.2789218  
3.550294245  
4.18907931  
3.24507398  
1.242270891  
-0.9866035292  
-2.5599394  
-2.823224198  
-1.555818749  
0.9570781764  
4.011749333  
6.706948829  
8.229766226  
8.115786139  
6.399966967  
3.609171637  
0.5982570975  
-1.717354682  
-2.645679136  
-1.926367867  
0.2039178466  
3.108120003  
5.97206697  
8.076784185  
9.026208404  
8.853154649  
7.969375462  
6.980642153  
6.435432612  
6.59948526  
7.339523844  
8.160526332  
8.385784293  
7.416752135  
4.979180488  
1.264457478  
-3.089859559  
