4.550229573  
6.00716458  
8.111052838  
10.25016084  
11.66558122  
11.68705311  
9.957520266  
6.572648725  
2.08679125  
-2.621235035  
-6.584259798  
-9.013463411  
-9.51418766  
-8.185373172  
-5.574099677  
-2.502203929  
0.1786276725  
1.826424141  
2.170644816  
1.350877705  
-0.1721373295  
-1.797478474  
-2.994158486  
-3.471731567  
-3.259007476  
-2.670714251  
-2.17871313  
-2.234011902  
-3.09902252  
-4.743415906  
-6.834459609  
-8.822218466  
-10.09130202  
-10.13268346  
-8.686068484  
-5.814644076  
-1.895479754  
2.467468548  
6.581234591  
9.815905705  
11.73433396  
12.17203304  
11.25388724  
9.349032032  
6.977711148  
4.691728974  
2.953400697  
2.036875402  
1.971317372  
2.538147279  
3.324926095  
3.827318054  
3.579375384  
2.283725813  
-0.09030093366  
-3.268551393  
-6.709835946  
-9.717267829  
-11.60068737  
-11.85127804  
-10.28252956  
-7.097154226  
-2.857381207  
1.638235618  
5.54190573  
8.158749807  
9.109584925  
8.410033569  
6.445082528  
3.848045354  
1.320057839  
-0.5574785489  
-1.464618298  
-1.401170497  
-0.6500043814  
0.3378516952  
1.097469884  
1.295663179  
0.8258287113  
-0.1720446666  
-1.36634878  
-2.341893126  
-2.725714712  
-2.293646152  
-1.030103675  
0.8703028528  
3.053489844  
5.090301322  
6.570535502  
7.184698198  
6.778835799  
5.376587248  
3.169763156  
0.4827488258  
-2.282760862  
-4.715975771  
-6.47047615  
-7.332768204  
-7.272708883  
-6.461268781  
-5.244125938  
-4.068136665  
-3.370736605  
-3.456226028  
-4.392535584  
-5.962582631  
-7.693521576  
-8.966463797  
-9.184184639  
-7.952884224  
-5.224208194  
-1.35012723  
2.974175734  
6.871583878  
9.507826488  
10.31678577  
9.159784314  
6.369626183  
2.663810482  
-1.049106045  
-3.913071645  
-5.345862242  
-5.173454418  
-3.640888528  
-1.302461394  
1.168171202  
3.183807526  
4.399568654  
4.773145968  
4.518474435  
3.978865649  
3.471839311  
3.164605695  
3.024389788  
2.857634165  
2.417735403  
1.535310199  
0.2171774452  
-1.326797599  
-2.741393391  
-3.647396949  
-3.780391513  
-3.092973863  
-1.77934466  
-0.2102490971  
1.19942602  
2.141547839  
2.526677836  
2.512783553  
2.436932513  
2.672945748  
3.46729255  
4.816118954  
6.433496101  
7.828807538  
8.470910393  
7.98301634  
6.297839715  
3.713479474  
0.8236572391  
-1.659993776  
-3.136413088  
-3.31692364  
-2.32937078  
-0.6855933609  
0.8803152344  
1.650519124  
1.158944936  
-0.6559857756  
-3.433159992  
-6.510548196  
-9.14407984  
-10.74717298  
-11.06799763  
-10.24434461  
-8.720059142  
-7.056839568  
-5.712686613  
-4.870095006  
-4.378550457  
-3.833615099  
-2.763896637  
-0.8558932771  
1.869643316  
5.001136406  
7.829075744  
9.564135583  
9.609174501  
7.790618392  
4.464316165  
0.4508307863  
-3.187832262  
-5.463340837  
-5.767821409  
-4.071831459  
-0.9464246548  
2.601373444  
5.429941856  
6.607083053  
5.688909008  
2.847337043  
-1.190796418  
-5.369619349  
-8.620453171  
-10.16776249  
-9.73176331  
-7.571606953  
-4.366398431  
-0.9827109783  
1.790348241  
3.453412596  
3.89569475  
3.362007337  
2.314775762  
1.249991202  
0.5351377752  
0.3216042475  
0.5514044845  
1.041077342  
1.598377699  
2.119099533  
2.62416155  
3.224778052  
4.034865314  
5.072270592  
6.195533304  
7.108927926  
7.440952472  
6.871452917  
5.261339503  
2.735164426  
-0.318088368  
-3.331967076  
-5.711779814  
-6.997804152  
-6.98873094  
-5.785232051  
-3.741542216  
-1.344756391  
0.9341655804  
2.765869501  
4.023727876  
4.765339161  
5.149399157  
5.326521609  
5.350852783  
5.149190434  
4.560003608  
3.425672281  
1.698566912  
-0.485569924  
-2.80243001  
-4.811849456  
-6.087570053  
-6.359256125  
-5.614075416  
-4.11699598  
-2.336672778  
-0.7978510962  
0.09098197275  
0.1747150185  
-0.3964892369  
-1.221981272  
-1.796520447  
-1.698754036  
-0.7570863404  
0.8664895803  
2.707284723  
4.137353203  
4.569571903  
3.659194152  
1.434784194  
-1.68710908  
-5.011123934  
-7.762670887  
-9.314494259  
-9.367775234  
-8.030529637  
-5.769905466  
-3.256192291  
-1.15106141  
0.09086538191  
0.34441667  
-0.1755299182  
-1.013191738  
-1.642961137  
-1.652598533  
-0.8776100693  
0.5551415757  
2.284159818  
3.846064552  
4.835712585  
5.038360165  
4.490741179  
3.454195886  
2.313604317  
1.440361572  
1.067902227  
1.221476296  
1.723339933  
3.198291454  
1.848706826  
-0.4761442642  
-3.062280538  
-5.157005053  
-6.191877553  
-5.931658569  
-4.505559498  
-2.319672925  
0.1093348301  
2.334035352  
4.103671036  
5.396853717  
6.355413636  
7.153893299  
7.863577579  
8.371308073  
8.391172762  
7.569974218  
5.649083054  
2.620491462  
-1.187119253  
-5.134149421  
-8.410885027  
-10.25500299  
-10.17808626  
-8.126936856  
-4.52429795  
-0.1716984172  
3.958657798  
6.980606865  
8.322164441  
7.858418295  
5.91390578  
3.140896999  
0.3173176805  
-1.870454792  
-2.995609861  
-2.966484841  
-1.999435015  
-0.511462931  
1.023163854  
2.203607635  
2.784003872  
2.692130535  
1.995238309  
0.8390974433  
-0.6102368605  
-2.201199906  
-3.802889302  
-5.292544649  
-6.542216006  
-7.420396375  
-7.814038432  
-7.663072572  
-6.989946236  
-5.905777701  
-4.583391721  
-3.202280122  
-1.885050761  
-0.6521620237  
0.5822032075  
1.965099508  
3.622939431  
5.57282039  
7.664486057  
9.583094921  
10.92246414  
11.3115594  
10.55367362  
8.727531053  
6.207552258  
3.585411873  
1.508939361  
0.4854080773  
0.7129575863  
1.999154053  
3.799861287  
5.372834725  
6.001513181  
5.219141921  
2.960903691  
-0.4064938569  
-4.188901534  
-7.569974762  
-9.851879645  
-10.65448017  
-10.01041549  
-8.328700523  
-6.24320285  
-4.399727266  
-3.253813884  
-2.944861524  
-3.283780154  
-3.851439897  
-4.167881725  
-3.870367142  
-2.838938932  
-1.229912738  
0.5879246924  
2.165351252  
3.122141552  
3.260649483  
2.607287222  
1.374648909  
-0.133347609  
-1.631653185  
-2.93596254  
-3.987563393  
-4.817937082  
-5.475347607  
-5.951040239  
-6.141972721  
-5.87078378  
-4.958584878  
-3.322294181  
-1.055334636  
1.545981529  
4.029170483  
5.896845637  
6.748620401  
6.406179004  
4.977599445  
2.836940913  
0.5239239458  
-1.403975001  
-2.518810831  
-2.622029759  
-1.767944951  
-0.2095867937  
1.707360496  
3.660369915  
5.433416563  
6.941403491  
8.194310875  
9.22414517  
10.0119616  
10.45084899  
10.36450753  
9.576495644  
8.002515423  
5.726053962  
3.0219025  
0.3107289226  
-1.945670456  
-3.37502671  
-3.805933608  
-3.319679665  
-2.222849255  
-0.9491688349  
0.07540991662  
0.5574305598  
0.4079841538  
-0.260087727  
-1.203710856  
-2.158110497  
-2.93793138  
-3.49130961  
-3.887818926  
-4.249276488  
-4.656816167  
-5.078326444  
-5.352714671  
-5.243999465  
-4.547997197  
-3.209493469  
-1.398712086  
0.4926417917  
1.946706679  
2.481418318  
1.82531558  
0.04077084296  
-2.455406273  
-4.991431375  
-6.834811186  
-7.420084478  
-6.532792014  
-4.383969035  
-1.545169503  
1.237641087  
3.289444909  
4.225964543  
4.069897732  
3.220811092  
2.2875042  
1.841758265  
2.182517606  
3.198549572  
4.384587028  
5.012052143  
4.399348806  
2.188251851  
-1.47330362  
-5.913075615  
-10.09726378  
-12.92838334  
-13.58444348  
-11.78863902  
-7.91902253  
-2.918705265  
1.968094622  
5.55223752  
7.036842775  
6.231570257  
3.581291536  
0.00698365778  
-3.383965468  
-5.622557482  
-6.136927861  
-4.871571016  
-2.243388495  
1.035089097  
4.195215111  
6.631599376  
8.034773441  
8.408217887  
7.984463638  
7.088539305  
6.009034748  
4.92485469  
3.906036789  
2.972838355  
2.172579613  
1.628273658  
1.52826711  
2.055047401  
3.281777594  
5.08368679  
7.110344569  
8.84339712  
9.731019592  
9.35782415  
7.590766617  
4.645530705  
1.043571703  
-2.531591884  
-5.433177368  
-7.237858311  
-7.855923773  
-7.526897221  
-6.703654452  
-5.868688396  
-5.351063013  
-5.212338283  
-5.243844476  
-5.075630235  
-4.35457473  
-2.921679308  
-0.9172885299  
1.231332115  
2.941673018  
3.682675672  
3.181409535  
1.551040553  
-0.7129311141  
-2.87492457  
-4.196169457  
-4.186119526  
-2.779744255  
-0.375351229  
2.285065052  
4.355854973  
5.167874195  
4.452755937  
2.433119843  
-0.2539773746  
-2.775460287  
-4.388216419  
-4.694300486  
-3.777135446  
-2.171135534  
-0.6744183266  
-0.06826818291  
-0.8389401818  
-2.996558266  
-6.052645284  
-9.164002079  
-11.3948453  
-12.01039949  
-10.70620692  
-7.700678786  
-3.664997378  
0.4818980519  
3.843326221  
5.792632789  
6.123809965  
5.066169139  
3.170711958  
1.116207234  
-0.4958992842  
-1.292477856  
-1.185803258  
-0.3332600456  
0.9703814219  
2.419111538  
3.792219205  
4.991638788  
6.017933812  
6.907700234  
7.668136835  
8.241408888  
8.514672445  
8.369210795  
7.74364826  
6.679600394  
5.3258746  
3.895776309  
2.593514383  
1.540546215  
0.7345339425  
0.06122551764  
-0.6424587343  
-1.498303422  
-2.507602484  
-3.519401193  
-4.265782599  
-4.45751457  
-3.907437311  
-2.63425097  
-0.9021274557  
0.8278471475  
2.026729737  
2.268544132  
1.385024205  
-0.4523967269  
-2.758143155  
-4.864644826  
-6.122722833  
-6.10633385  
-4.753561625  
-2.395090891  
0.3418669802  
2.724552661  
4.138694042  
4.272409292  
3.200295209  
1.341816876  
-0.6893400291  
-2.292044106  
-3.06988597  
-2.944842538  
-2.15711328  
-1.155920622  
-0.4234854017  
-0.2960980993  
-0.8450665202  
-1.85715847  
-2.917861911  
-3.564428508  
-3.452193781  
-2.474918089  
-0.7983867873  
1.201172369  
3.068122094  
4.418419335  
5.05611888  
5.015770405  
4.519796452  
3.871546852  
3.327450387  
2.99760382  
2.81138571  
2.558684253  
1.988114899  
0.9222249215  
-0.6559189015  
-2.578473778  
-4.539948313  
-6.197103458  
-7.282750256  
-7.689694984  
-7.493075876  
-6.903774057  
-6.172774338  
-5.48584737  
-4.891942434  
-4.295488029  
-3.517202431  
-2.399678043  
-0.9141241286  
0.7787736264  
2.345725894  
3.378376431  
3.542312062  
2.724920948  
1.124299159  
-0.7624688465  
-2.260506753  
-2.71785413  
-1.724725418  
0.7215919808  
4.166605334  
7.789654001  
10.61776902  
11.80289234  
10.87953478  
7.922507781  
3.552685812  
-1.215445335  
-5.242372763  
-7.570221362  
-7.677876039  
-5.611004155  
-1.952063806  
2.355922897  
6.274947707  
8.945817817  
9.890850464  
9.092428205  
6.935739274  
4.046721996  
1.086052897  
-1.431622656  
-3.239163086  
-4.317038572  
-4.807319992  
-4.886153506  
-4.650978353  
-4.069106066  
-3.007601192  
-1.330642229  
0.9777600703  
3.720152551  
6.467359586  
8.635267225  
9.640967482  
9.090709144  
6.93540222  
3.534726396  
-0.4025368555  
-3.994630312  
-6.432184051  
-7.21899093  
-6.330852904  
-4.236953576  
-1.769387156  
0.1255545563  
0.6813977602  
-0.4398397628  
-3.024404195  
-6.352537529  
-9.405142171  
-11.1723992  
-10.97144404  
-8.674432429  
-4.773408235  
-0.2571209662  
3.66737158  
5.926681288  
5.900683159  
3.611798232  
-0.2753709309  
-4.646016236  
-8.261961481  
-10.12505034  
-9.76714628  
-7.379224317  
-3.74129451  
0.02402279498  
2.797648482  
3.803606558  
2.838852219  
0.3254978883  
-2.827030202  
-5.503842343  
-6.721461918  
-5.916364268  
-3.099865713  
1.161988846  
5.929571763  
10.16915981  
13.04104764  
14.10910297  
13.41449935  
11.40290134  
8.741458451  
6.094259843  
3.932498418  
2.437221534  
1.51594875  
0.9131279337  
0.3628906542  
-0.2784208176  
-0.9702789778  
-1.516508311  
-1.668001581  
-1.254260974  
-0.2875206565  
1.005827268  
2.243290393  
3.015314218  
3.038091587  
2.271578315  
0.954836242  
-0.4601054146  
-1.457445666  
-1.639833738  
-0.8789924815  
0.6212817679  
2.376743476  
3.776223343  
4.287781373  
3.647968484  
1.968054558  
-0.282457237  
-2.41398138  
-3.734515045  
-3.777083529  
-2.462767393  
-0.145330321  
2.478472993  
4.565701408  
5.370070972  
4.45623659  
1.8216024  
-2.107447966  
-6.598076155  
-10.80958233  
-14.00525962  
-15.71581081  
-15.81318146  
-14.48540646  
-12.13456336  
-9.240547413  
-6.237420269  
-3.436752537  
-1.010051395  
0.9808109589  
2.531548722  
3.650694441  
4.341352595  
4.611980696  
4.502991857  
4.107789949  
3.569870721  
3.049972189  
2.673297327  
2.479213013  
2.398471449  
2.274149113  
1.9249734  
1.230757042  
0.2069857973  
-0.9644985582  
-1.968259112  
-2.44803528  
-2.13196031  
-0.946896578  
0.9221854119  
3.055870172  
4.907455635  
5.963992568  
5.910286208  
4.74046628  
2.776689005  
0.5843638336  
-1.192026325  
-2.021096112  
-1.642983578  
-0.1430685324  
2.081780734  
4.45116711  
6.37901926  
7.441626623  
7.481792206  
6.619286548  
5.171769555  
3.521446827  
1.979949078  
0.701053731  
-0.3302910037  
-1.235508754  
-2.138558246  
-3.068711167  
-3.914450066  
-4.451457844  
-4.43638402  
-3.729358002  
-2.39349768  
-0.7252321594  
0.8061564833  
1.696765931  
1.579262803  
0.3657233702  
-1.693313887  
-4.061901421  
-6.072957646  
-7.135584885  
-6.925789938  
-5.493799652  
-3.248218793  
-0.8195805719  
1.151461223  
2.228275801  
2.319390113  
1.695750144  
0.8765483872  
0.4230063792  
0.7133832455  
1.780979648  
3.276327279  
4.571955086  
4.977712514  
3.994391846  
1.51764083  
-2.081167824  
-6.029998009  
-9.36750166  
-11.22454502  
-11.08525641  
-8.943010949  
-5.301255677  
-1.020224926  
2.939133417  
5.790166965  
7.126752168  
6.998444721  
5.837705117  
4.27197034  
2.890199754  
2.045322432  
1.75783659  
1.747896608  
1.577566093  
0.8473794002  
-0.6253753173  
-2.710251571  
-4.982073296  
-6.846337556  
-7.727147099  
-7.253337832  
-5.381247085  
-2.415977949  
1.071955672  
4.403773261  
6.970921875  
8.379809169  
8.523277282  
7.566485783  
5.863101479  
3.837501275  
1.873796042  
0.2431408693  
-0.9181296803  
-1.587136487  
-1.811285847  
-1.667571967  
-1.240981665  
-0.6249288951  
0.06647397229  
0.6910100426  
1.089948586  
1.1223051  
0.71232301  
-0.1090743608  
-1.189591421  
-2.280394861  
-3.098376932  
-3.408198527  
-3.09637496  
-2.210038513  
-0.9440937774  
0.4212489698  
1.611963633  
2.448405125  
2.897918505  
3.071754914  
3.166459687  
3.370734435  
3.772434533  
4.301468318  
4.732221394  
4.747987895  
4.047329874  
2.456704928  
0.01062303291  
-3.028636209  
-6.219193831  
-9.040334892  
-11.01367741  
-11.8076084  
-11.29599327  
-9.559955834  
-6.841654934  
-3.47394484  
0.1859782644  
3.798351696  
7.052720789  
9.660853921  
11.35152021  
11.88693471  
11.1088871  
9.00484118  
5.768446208  
1.822496877  
-2.220548884  
-5.665839046  
-7.891157598  
-8.50793888  
-7.477352322  
-5.139031977  
-2.134693676  
0.7577427304  
2.833367744  
3.649851866  
3.138201333  
1.599642687  
-0.4097148178  
-2.267749998  
-3.485705494  
-3.852021032  
-3.474428491  
-2.709875114  
-2.011122215  
-1.747742844  
-2.067187318  
-2.845883746  
-3.746583018  
-4.358457019  
-4.365582141  
-3.678627788  
-2.478109684  
-1.150643109  
-0.1403284011  
0.2295456614  
-0.1038538598  
-0.8978974118  
-1.676341901  
-1.896956049  
-1.156909333  
0.6389505101  
3.211551893  
5.972992332  
8.207360377  
9.307852368  
8.988320862  
7.39322417  
5.063228199  
2.763245591  
1.228393052  
0.9138527982  
1.835627606  
3.559743228  
5.347085482  
6.407097148  
6.174735093  
4.515230249  
1.784271412  
-1.280208393  
-3.800843066  
-5.05752575  
-4.737240532  
-3.050559129  
-0.6721752102  
1.478130085  
2.543500216  
2.025400551  
-0.03256105132  
-3.035662565  
-6.010348212  
-7.904965062  
-7.924044035  
-5.790068901  
-1.849673785  
3.009239687  
7.603482333  
10.78732249  
11.77037812  
10.3262474  
6.833756207  
2.145664337  
-2.668040384  
-6.619822422  
-9.056808048  
-9.795232155  
-9.107392153  
-7.57825623  
-5.887174933  
-4.588279991  
-3.957236888  
-3.945335871  
-4.244758799  
-4.433497135  
-4.145865648  
-3.210849245  
-1.715228131  
0.02458266084  
1.568058681  
2.49620508  
2.549821929  
1.71776656  
0.2498860919  
-1.407279687  
-2.731540967  
-3.267425403  
-2.750333032  
-1.17981727  
1.17567714  
3.841718484  
6.25063152  
7.874671991  
8.34671078  
7.539840329  
5.588451078  
2.847938596  
-0.1947701856  
-3.036093745  
-5.266532025  
-6.649478384  
-7.149261277  
-6.903563166  
-6.151012594  
-5.137617763  
-4.031981598  
-2.876635584  
-1.591505199  
-0.02861993732  
1.940428727  
4.335116049  
7.008219252  
9.644469988  
11.8224607  
13.12486846  
13.26374368  
12.17939444  
10.07708984  
7.384183797  
4.636238885  
2.32541373  
0.759258975  
-0.02279167688  
-0.2452987823  
-0.3038289661  
-0.612566859  
-1.443996327  
-2.817175598  
-4.476571984  
-5.973204259  
-6.824027711  
-6.696178196  
-5.550864561  
-3.692237948  
-1.697070984  
-0.2417587586  
0.1197629607  
-0.8467459271  
-2.952978397  
-5.620436162  
-8.044634986  
-9.442711852  
-9.30560327  
-7.571151788  
-4.658034471  
-1.344971158  
1.469057939  
3.047316354  
3.048354389  
1.632253141  
-0.5962445038  
-2.790008349  
-4.140797477  
-4.146119499  
-2.772481121  
-0.4601323981  
2.032457628  
3.892127458  
4.533551565  
3.804950805  
2.046658707  
-0.01838321776  
-1.526536747  
-1.767324205  
-0.4309575256  
2.27361833  
5.670399607  
8.821662573  
10.82022442  
11.07354292  
9.487875728  
6.494223282  
2.909833318  
-0.3177672389  
-2.400443715  
-2.94056041  
-2.032801823  
-0.209871864  
1.743993782  
3.046700897  
3.156230542  
1.919555537  
-0.4077472724  
-3.26746446  
-5.986756381  
-7.981804498  
-8.911597897  
-8.738743813  
-7.689166102  
-6.137034081  
-4.463519303  
-2.941167371  
-1.680260679  
-0.6465843498  
0.2677788067  
1.157216212  
2.038132034  
2.833359123  
3.40889804  
3.643547966  
3.498088527  
3.050975225  
2.481853227  
2.006535267  
1.78847041  
1.863485599  
2.111619894  
2.292932317  
2.139298163  
1.470920414  
0.2935786142  
-1.163964172  
-2.493901138  
-3.227665119  
-2.993596512  
-1.661798687  
0.5757555348  
3.223328584  
5.6000549  
7.027853887  
7.032684467  
5.496058847  
2.706986352  
-0.7056627268  
-3.943346482  
-6.261298245  
-7.178681902  
-6.612364801  
-4.894213058  
-2.667166348  
-0.6918011466  
0.3783761648  
0.1864025671  
-1.228768746  
-3.449894516  
-5.80803237  
-7.578486198  
-8.187846709  
-7.37284721  
-5.247924692  
-2.266210379  
0.9107101777  
3.594208325  
5.249217826  
5.625199187  
4.805110083  
3.164168997  
1.254867496  
-0.3467944402  
-1.191074357  
-1.061487729  
-0.01409860578  
1.656494286  
3.510765524  
5.089206391  
6.034043296  
6.175994503  
5.565183517  
4.440955885  
3.151782315  
2.049418426  
1.387750663  
1.254899385  
1.557310896  
2.059643434  
2.467903912  
2.530304193  
2.124420319  
1.302614742  
0.2797656365  
-0.6349871401  
-1.142647464  
-1.062274064  
-0.4065082246  
0.6028323464  
1.588791392  
2.130257869  
1.897398178  
0.7684895076  
-1.11187178  
-3.356714116  
-5.440695762  
-6.855448735  
-7.268491622  
-6.633713161  
-5.214219361  
-3.505180543  
-2.076979929  
-1.38690553  
-1.621017291  
-2.621291082  
-3.927534028  
-4.926504318  
-5.063835561  
-4.050286451  
-1.991416023  
0.6089021419  
2.981428913  
4.326146766  
4.077438093  
2.114122047  
-1.158545296  
-4.890184359  
-8.013974595  
-9.558164482  
-8.945801732  
-6.187388261  
-1.901064076  
2.852812555  
6.877557394  
9.195450538  
9.343052606  
7.513174735  
4.496087602  
1.434728473  
-0.5327167586  
-0.6328238934  
1.292872659  
4.727005319  
8.625972199  
11.73564258  
12.97675118  
11.78135809  
8.276584351  
3.258959862  
-2.032739364  
-6.276427369  
-8.448089363  
-8.110771029  
-5.52630969  
-1.560495424  
2.584539535  
5.725584573  
7.032698259  
6.24451583  
3.706527552  
0.2305446848  
-3.172373777  
-5.597967626  
-6.499881639  
-5.814968389  
-3.93535421  
-1.548975259  
0.5910960485  
1.891394863  
2.068794409  
1.189129132  
-0.404810299  
-2.238962859  
-3.870636355  
-5.01240323  
-5.581547066  
-5.669606377  
-5.455814117  
-5.105998636  
-4.699334504  
-4.210063452  
-3.546652304  
-2.626738265  
-1.451743827  
-0.1457428655  
1.061860235  
1.906771783  
2.187780147  
1.853682757  
1.042665975  
0.05411583902  
-0.7421053261  
-1.029481872  
-0.657947423  
0.2962230995  
1.549059483  
2.704015381  
3.393568795  
3.418844454  
2.836873147  
1.960990805  
1.268619529  
1.242706055  
2.197283925  
4.145544627  
6.757112507  
9.423563173  
11.4164106  
12.09148052  
11.07769881  
8.392381596  
4.447573568  
-0.05420727066  
-4.302767032  
-7.586392291  
-9.461115504  
-9.836698915  
-8.96067303  
-7.313692037  
-5.455177808  
-3.869597878  
-2.858141641  
-2.500981164  
-2.689529436  
-3.205386319  
-3.810718538  
-4.316825193  
-4.611711267  
-4.647197468  
-4.403380196  
-3.856285896  
-2.970465951  
-1.724202109  
-0.1569299519  
1.585617671  
3.236875553  
4.445016501  
4.859173296  
4.24494143  
2.59126822  
0.1670540597  
-2.502477203  
-4.745250937  
-5.913995119  
-5.572403915  
-3.638284696  
-0.4350683233  
3.3713056  
6.938107589  
9.46930218  
10.43212188  
9.702160486  
7.593042305  
4.761519865  
2.016738035  
0.09128294829  
-0.5578093611  
0.1392263321  
1.869244423  
4.048951131  
6.005747408  
7.168180274  
7.208673067  
6.100821721  
4.083639656  
1.555457983  
-1.059680526  
-3.426373578  
-5.358695088  
-6.816458879  
-7.850789929  
-8.530039185  
-8.880955653  
-8.869628663  
-8.427229118  
-7.505028826  
-6.130050478  
-4.432118726  
-2.625541663  
-0.9485810417  
0.4164030031  
1.408579259  
2.109392397  
2.704199312  
3.394378934  
4.291664033  
5.337659158  
6.286352168  
6.766522018  
6.410854235  
5.010495305  
2.638251047  
-0.3117984398  
-3.195867504  
-5.293349809  
-6.033159134  
-5.201055524  
-3.054067712  
-0.2924413441  
2.116905287  
3.22200827  
2.390542336  
-0.4587447802  
-4.777493012  
-9.498119335  
-13.31118314  
-15.03396392  
-13.96210097  
-10.09685815  
-4.174854446  
2.514555758  
8.474823822  
12.41109039  
13.58257824  
11.99515215  
8.378666869  
3.958503836  
0.09200557312  
-2.12047167  
-2.13523897  
-0.09096178054  
3.269562072  
6.849332508  
9.536606094  
10.52868833  
9.545052102  
6.873326876  
3.245539205  
-0.4064639362  
-3.234108439  
-4.705520843  
-4.72290896  
-3.598459778  
-1.909102199  
-0.2865346874  
0.7856767353  
1.104614326  
0.7747580324  
0.1304908612  
-0.4108031637  
-0.510869872  
-0.03356500819  
0.9083952423  
1.992355117  
2.791486367  
2.909161979  
2.09827257  
0.3309355548  
-2.196993187  
-5.120582878  
-7.996789093  
-10.40167875  
-12.00729934  
-12.62295034  
-12.19977188  
-10.80890607  
-8.608763301  
-5.814890145  
-2.679024369  
0.5241811475  
3.509858559  
6.002587339  
7.766287235  
8.64058758  
8.573754344  
7.639903746  
6.031208221  
4.023206406  
1.920470532  
-0.002850293925  
-1.550716593  
-2.627794632  
-3.232162744  
-3.423592674  
-3.281168185  
-2.867080913  
-2.210269236  
-1.315113002  
-0.1899715915  
1.118125719  
2.499563564  
3.782541237  
4.7623489  
5.252883368  
5.144247045  
4.446292388  
3.301106736  
1.956821907  
0.7079241787  
-0.1813023949  
-0.5470752299  
-0.3681698219  
0.233855129  
1.03677449  
1.789152903  
2.288738675  
2.442959532  
2.292303302  
1.989052638  
1.737934022  
1.717457409  
2.006959148  
2.543201519  
3.121708245  
3.444966751  
3.205665886  
2.182531263  
0.3219090299  
-2.218815664  
-5.080430478  
-7.764876685  
-9.739267416  
-10.55741311  
-9.970045644  
-7.996599559  
-4.939510382  
-1.334795404  
2.152616597  
4.867089103  
6.303553705  
6.219342953  
4.689535331  
2.091083945  
-0.9826463662  
-3.858274785  
-5.937796587  
-6.835200366  
-6.459943686  
-5.025660773  
-2.981464181  
-0.8837758835  
0.7568399248  
1.611834956  
1.615927824  
0.9705479424  
0.06880617217  
-0.6356503639  
-0.7766051315  
-0.1950509875  
1.006274856  
2.491324017  
3.794458101  
4.46826874  
4.229842962  
3.059350201  
1.218666035  
-0.8178229025  
-2.500903828  
-3.371434075  
-3.201935659  
-2.070605037  
-0.3435761061  
1.430844759  
2.685192344  
3.004581906  
2.255616386  
0.6335135857  
-1.387127595  
-3.18391488  
-4.162580118  
-3.926725081  
-2.393498077  
0.1762853082  
3.240286457  
6.110026427  
8.121541738  
8.795878623  
7.94951491  
5.730472806  
2.576494404  
-0.889020456  
-3.994652909  
-6.159255139  
-7.002311728  
-6.407651222  
-4.5338001  
-1.774817101  
1.317294573  
4.133831828  
6.118455754  
6.868406377  
6.212865232  
4.25475712  
1.365250477  
-1.873828315  
-4.775398389  
-6.684863399  
-7.124158043  
-5.909856495  
-3.214241648  
0.4515651802  
4.33578349  
7.607622393  
9.546065708  
9.709282019  
8.04039312  
4.880424103  
0.8834055208  
-3.144662577  
-6.440221768  
-8.457906395  
-8.981649109  
-8.14440449  
-6.35670676  
-4.170398789  
-2.121214175  
-0.597110936  
0.2321641421  
0.4107743709  
0.1292530019  
-0.3751692936  
-0.9114025479  
-1.38763088  
-1.809368048  
-2.229330891  
-2.674990007  
-3.088317667  
-3.307586779  
-3.104505251  
-2.267684628  
-0.703481184  
1.484797171  
3.974318163  
6.274406445  
7.844964306  
8.249683829  
7.297051293  
5.122087588  
2.177625176  
-0.8690179899  
-3.308309045  
-4.581212934  
-4.435626586  
-2.999227051  
-0.7458412493  
1.635829783  
3.432932489  
4.103089153  
3.416959228  
1.509577979  
-1.170476514  
-3.994369055  
-6.325686228  
-7.680366056  
-7.829373524  
-6.820507786  
-4.92270807  
-2.519984885  
0.004784170302  
2.357458211  
4.367423224  
5.9672757  
7.136177335  
7.838350785  
7.988152751  
7.460649101  
6.14653987  
4.030261709  
1.257721125  
-1.839448356  
-4.782887988  
-7.047263875  
-8.195105461  
-8.00527642  
-6.551311638  
-4.198882481  
-1.516256432  
0.8800098421  
2.499056015  
3.115323556  
2.828095943  
2.019149989  
1.218970894  
0.9220604714  
1.410178673  
2.641995697  
4.248329417  
5.639283421  
6.193391397  
5.470946785  
3.383297827  
0.2610070067  
-3.206552549  
-6.148076378  
-7.754562011  
-7.518985497  
-5.398384925  
-1.846776375  
2.294761708  
6.021744573  
8.439897023  
9.009219391  
7.687135528  
4.929061388  
1.547016108  
-1.531103646  
-3.529913718  
-4.043582619  
-3.138851368  
-1.316163732  
0.6564829461  
1.985014408  
2.09318302  
0.7970723166  
-1.639201173  
-4.579882552  
-7.200457564  
-8.721643634  
-8.626690758  
-6.801940759  
-3.565253154  
0.4198910875  
4.315206584  
7.312943525  
8.820364113  
8.578635273  
6.693467298  
3.580288557  
-0.1517426251  
-3.841050899  
-6.904287582  
-8.929997766  
-9.723589343  
-9.306095243  
-7.878857721  
-5.769340336  
-3.370995701  
-1.084932714  
0.7334472529  
1.821538345  
2.04775319  
1.435428049  
0.1648915439  
-1.45247348  
-3.029146007  
-4.178061641  
-4.595317711  
-4.128629455  
-2.812304914  
-0.8574076408  
1.401768908  
3.590576384  
5.382556025  
6.56816001  
7.084713641  
7.001820974  
6.47147643  
5.6638944  
4.713946858  
3.697712956  
2.645675712  
1.58344794  
0.5785103025  
-0.2325033455  
-0.6549836143  
-0.4899151644  
0.3846710305  
1.933521199  
3.91934304  
5.919475907  
7.41119015  
7.908578452  
7.112810489  
5.027667582  
1.997852225  
-1.351532406  
-4.265875238  
-6.063980419  
-6.335069928  
-5.069646312  
-2.680941438  
0.0949214197  
2.395335244  
3.46944917  
2.889550905  
0.6739260766  
-2.714474234  
-6.492378768  
-9.765996062  
-11.76442802  
-12.02984217  
-10.5130384  
-7.553590772  
-3.759135384  
0.1727016115  
3.632696081  
6.22699262  
7.822271816  
8.508022921  
8.501867865  
8.039608416  
7.291477016  
6.331151352  
5.160659901  
3.771545466  
2.208850811  
0.6048532068  
-0.8368817742  
-1.904597508  
-2.464820964  
-2.53585601  
-2.313483064  
-2.129636581  
-2.349275458  
-3.235281658  
-4.826972346  
-6.878256352  
-8.885643019  
-10.20840764  
-10.25244446  
-8.665486081  
-5.483143735  
-1.175760367  
3.426879299  
7.320457511  
9.574771038  
9.579409103  
7.217954827  
2.920327257  
-2.424286705  
-7.673258021  
-11.70206582  
-13.6709008  
-13.21773901  
-10.52983273  
-6.278637302  
-1.439218004  
2.955837715  
6.063240069  
7.414865719  
6.999944975  
5.229800369  
2.802111299  
0.5061072694  
-0.9779208416  
-1.23395044  
-0.1851411711  
1.923335775  
4.620318244  
7.35073497  
9.621433996  
11.11109581  
11.71777853  
11.53743758  
10.78728424  
9.703464424  
8.448743105  
7.061214144  
5.460894096  
3.511526555  
1.115981873  
-1.68901958  
-4.675231514  
-7.428994884  
-9.428972999  
-10.18014876  
-9.36860939  
-6.990752532  
-3.413112782  
0.6645274979  
4.343986428  
6.733865722  
7.17453727  
5.422535905  
1.740989665  
-3.134503374  
-8.152392284  
-12.18838532  
-14.31474397  
-14.02633393  
-11.36440505  
-6.905611038  
-1.619405528  
3.368408704  
7.044323441  
8.739396577  
8.268359526  
5.945163322  
2.477896055  
-1.223458931  
-4.273080628  
-6.011470442  
-6.137010669  
-4.742209125  
-2.255951333  
0.684293223  
3.392602731  
5.286965612  
6.001419821  
5.439680129  
3.767726854  
1.355931698  
-1.310688271  
-3.733149668  
-5.491277434  
-6.314176442  
-6.119348339  
-5.016314918  
-3.275401854  
-1.267019984  
0.6182519035  
2.054035308  
2.84943368  
2.990315267  
2.638667517  
2.087260704  
1.678427836  
1.706423305  
2.32924075  
3.515086674  
5.040462438  
6.542682616  
7.613784713  
7.910016268  
7.245657126  
5.643992796  
3.330722042  
0.672318516  
-1.92168981  
-4.103030444  
-5.664903119  
-6.575814488  
-6.959795151  
-7.032539599  
-7.01603068  
-7.059414727  
-7.190211843  
-7.308811223  
-7.225113246  
-6.723438861  
-5.634751041  
-3.89515561  
-1.575880256  
1.120544187  
3.893808304  
6.398775844  
8.305571999  
9.356142327  
9.409798685  
8.4730007  
6.709708023  
4.428608814  
2.043846864  
0.008641617585  
-1.272663286  
-1.540121226  
-0.7591261549  
0.8389561886  
2.777914674  
4.427874175  
5.15486999  
4.496211278  
2.314318734  
-1.120219227  
-5.151737773  
-8.876257021  
-11.36522592  
-11.91924389  
-10.2792532  
-6.728528536  
-2.046553143  
2.681734728  
6.353170169  
8.149453455  
7.766482253  
5.499026039  
2.151834084  
-1.199185099  
-3.525256558  
-4.146370645  
-2.924376459  
-0.2890785597  
2.908900082  
5.670282949  
7.157308701  
6.944113906  
5.130415167  
2.286943657  
-0.7440838303  
-3.124231759  
-4.278427355  
-4.05599821  
-2.745970406  
-0.9495304002  
0.6401691408  
1.472266631  
1.307345389  
0.2688050402  
-1.232754019  
-2.666838895  
-3.576705918  
-3.728719748  
-3.167057802  
-2.161024078  
-1.072913042  
-0.2029240663  
0.326117679  
0.5994050616  
0.8462540624  
1.309975473  
2.106912528  
3.13539343  
4.076775988  
4.495147725  
4.002917274  
2.431370798  
-0.06053318451  
-2.986657232  
-5.652988892  
-7.362092873  
-7.636404526  
-6.383976957  
-3.947301117  
-1.014133437  
1.584089188  
3.122149948  
