0.9375786911  
0.06417308946  
-2.019815728  
-4.648226243  
-7.001743595  
-8.391940579  
-8.476982223  
-7.339025448  
-5.406593727  
-3.261525414  
-1.409685341  
-0.1034220891  
0.7197593397  
1.36451247  
2.204750982  
3.482155424  
5.157791582  
6.877937874  
8.071732535  
8.148310813  
6.722889392  
3.788896466  
-0.2291934466  
-4.566260132  
-8.324064026  
-10.72876476  
-11.35381124  
-10.23533262  
-7.84392805  
-4.925039859  
-2.263304187  
-0.4494668724  
0.2756143375  
0.05425262376  
-0.6799778625  
-1.380175431  
-1.584565482  
-1.067573994  
0.1036091681  
1.618288039  
3.051482451  
4.021372188  
4.317331903  
3.955642671  
3.148845729  
2.206703371  
1.410052811  
0.9059372378  
0.6615451257  
0.4908642263  
0.1407798268  
-0.5974783107  
-1.792879837  
-3.328805316  
-4.921474489  
-6.194479862  
-6.783204336  
-6.435327866  
-5.078174399  
-2.837078939  
-0.005802061739  
3.016612561  
5.802034516  
7.964135165  
9.213176991  
9.392253435  
8.497746532  
6.686480914  
4.26794254  
1.675296589  
-0.5918295495  
-2.054235062  
-2.359768848  
-1.386670573  
0.6881337253  
3.386307644  
6.008081869  
7.788328663  
8.095591778  
6.620431662  
3.494063741  
-0.7079271951  
-5.090947013  
-8.670425934  
-10.64339515  
-10.6224631  
-8.757477452  
-5.700448429  
-2.416349917  
0.1084329518  
1.172699917  
0.5856941098  
-1.263813665  
-3.522776392  
-5.143781157  
-5.229421242  
-3.344149677  
0.3068424109  
4.893575618  
9.174655976  
11.84902992  
11.94282692  
9.114871137  
3.787359067  
-2.940061616  
-9.569821122  
-14.59895814  
-16.91119981  
-16.05689858  
-12.34435874  
-6.723475015  
-0.503644257  
5.005495539  
8.824166061  
10.51192626  
10.20673822  
8.498240793  
6.189367606  
4.030016839  
2.507850893  
1.755719344  
1.592301429  
1.667212859  
1.648866592  
1.383052039  
0.9648761911  
0.7003404721  
0.9745046851  
2.076807534  
4.049557179  
6.61770175  
9.230026137  
11.20315314  
11.9235843  
11.04159487  
8.591435947  
4.995015802  
0.9438292799  
-2.805921526  
-5.660621995  
-7.36547251  
-8.071140302  
-8.266747128  
-8.598295213  
-9.629699952  
-11.624069  
-14.4186686  
-17.43876905  
-19.85190285  
-20.81849479  
-19.76208569  
-16.57328197  
-11.67977561  
-5.95525369  
-0.4902111662  
3.70810181  
5.995404511  
6.263263367  
4.950842381  
2.891405537  
1.041738043  
0.1801231545  
0.6689380803  
2.357352617  
4.654338767  
6.746646586  
7.888732386  
7.667632972  
6.153767196  
3.886421089  
1.697932853  
0.4351443622  
0.671950092  
2.510747254  
5.541211768  
8.971727862  
11.88972109  
13.56219445  
13.67288049  
12.41307016  
10.39325012  
8.405141398  
7.117322336  
6.813180799  
7.268039519  
7.815631793  
7.588394096  
5.853130482  
2.326053469  
-2.647376577  
-8.12100049  
-12.78955345  
-15.37502742  
-15.03698399  
-11.67238123  
-6.001513268  
0.5968303892  
6.457365008  
10.09607976  
10.62990766  
8.018455038  
3.054328935  
-2.891374872  
-8.284551074  
-11.87143634  
-13.01176545  
-11.803753  
-8.973910339  
-5.582366799  
-2.652035384  
-0.8494696138  
-0.3201373252  
-0.722169188  
-1.430923889  
-1.827967817  
-1.562306408  
-0.6871016756  
0.3748034741  
1.01761934  
0.7155187124  
-0.7421689215  
-3.135975977  
-5.868112759  
-8.164150393  
-9.350407097  
-9.102883902  
-7.572538054  
-5.336125858  
-3.186380446  
-1.835709198  
-1.642018881  
-2.460235908  
-3.679763932  
-4.441436941  
-3.961343119  
-1.846991934  
1.710309609  
5.943053744  
9.722880603  
11.91830867  
11.77723697  
9.204018436  
4.833161231  
-0.1319657222  
-4.268573111  
-6.361939405  
-5.773837415  
-2.633721067  
2.207432744  
7.443185056  
11.7093574  
13.98468235  
13.86859099  
11.654258  
8.184666551  
4.5500968  
1.733848232  
0.3235583255  
0.3763916459  
1.469387684  
2.902115609  
3.969867806  
4.207865193  
3.524826029  
2.189293379  
0.6870886838  
-0.4871883823  
-1.022612812  
-0.8982848751  
-0.3702702228  
0.1473699122  
0.2551148368  
-0.2753262829  
-1.419385538  
-2.920027672  
-4.396061107  
-5.490585014  
-5.998095808  
-5.920103704  
-5.430081924  
-4.766818097  
-4.105177709  
-3.463177963  
-2.689713221  
-1.5439551  
0.1618213171  
2.413891528  
4.908970088  
7.073956374  
8.202895935  
7.675666308  
5.188027923  
0.9115369965  
-4.48045796  
-9.942967643  
-14.31599118  
-16.63407644  
-16.39429665  
-13.69853451  
-9.224121639  
-2.304832563  
-0.6381198447  
0.4363646447  
0.4451771341  
-0.6770700186  
-2.541551978  
-4.438207081  
-5.601958352  
-5.513342378  
-4.118413603  
-1.880135886  
0.3650815295  
1.699059122  
1.457824526  
-0.5117068202  
-3.771846409  
-7.425420023  
-10.41526283  
-11.88590592  
-11.47640039  
-9.436320318  
-6.520569026  
-3.699930253  
-1.793462402  
-1.159957217  
-1.566330659  
-2.286881396  
-2.401706838  
-1.186115474  
1.555471979  
5.34280474  
9.127469432  
11.63033728  
11.79753909  
9.214277358  
4.322582736  
-1.648100614  
-7.030530205  
-10.24293024  
-10.31352356  
-7.22621702  
-1.962033068  
3.789171758  
8.160669557  
9.713538766  
7.914343643  
3.324704895  
-2.565102567  
-7.808754454  
-10.63098367  
-10.00518224  
-5.992833657  
0.2661871231  
6.909167361  
11.93627245  
13.83701335  
12.05724533  
7.160878667  
0.6412772804  
-5.549754414  
-9.599584136  
-10.36825815  
-7.694978659  
-2.393677904  
4.043762557  
9.926782561  
13.8670878  
15.14447652  
13.83528618  
10.6852186  
6.792330109  
3.221754254  
0.6849613878  
-0.6179407158  
-0.9590088457  
-0.8833397423  
-0.9391139663  
-1.442577235  
-2.361788277  
-3.352776384  
-3.923161011  
-3.652675225  
-2.383149777  
-0.3063179952  
2.080853206  
4.133463631  
5.268346406  
5.149185487  
3.782368286  
1.493733367  
-1.199390977  
-3.769732687  
-5.847528493  
-7.314903573  
-8.29800055  
-9.066573645  
-9.884391536  
-10.87027302  
-11.92341985  
-12.74130009  
-12.92346056  
-12.12315452  
-10.19172772  
-7.263817348  
-3.752422789  
-0.2542906041  
2.604177546  
4.331556515  
4.696184635  
3.77574271  
1.921732109  
-0.3444287224  
-2.467864412  
-3.987693656  
-4.621743846  
-4.292327483  
-3.097055667  
-1.244525896  
1.018462203  
3.464555206  
5.915128738  
8.240925935  
10.34402909  
12.13588596  
13.52408065  
14.41426383  
14.72580494  
14.4138838  
13.4887678  
12.02485482  
10.15640891  
8.061353948  
5.937530709  
3.976410018  
2.338186301  
1.130619666  
0.3930275331  
0.08732424129  
0.09880189088  
0.2499379482  
0.3289844216  
0.1315001553  
-0.4919891214  
-1.593623034  
-3.104147442  
-4.837542607  
-6.527669914  
-7.890505453  
-8.696617894  
-8.833510618  
-8.338890624  
-7.393828666  
-6.276868631  
-5.292370917  
-4.694438529  
-4.628694989  
-5.107473651  
-6.02220321  
-7.184198038  
-8.376376605  
-9.397042542  
-10.08287434  
-10.30923057  
-9.976988405  
-9.001539228  
-7.318276678  
-4.910110111  
-1.849656125  
1.6625252  
5.286638272  
8.576773528  
11.06132997  
12.35480414  
12.26916129  
10.88682819  
8.56457263  
5.857318952  
3.377065252  
1.625870609  
0.8542887557  
0.9923522454  
1.679207391  
2.38619278  
2.596598827  
1.984734081  
0.5347265141  
-1.442333099  
-3.401607578  
-4.73980333  
-4.995968663  
-4.011242072  
-1.993413752  
0.5370180213  
2.903373558  
4.481704343  
4.89419768  
4.12418768  
2.515837122  
0.659845901  
-0.7960993193  
-1.34934863  
-0.7913069089  
0.7428112136  
2.835642994  
4.935682094  
6.53891672  
7.342464472  
7.320686794  
6.702567621  
5.863560847  
5.173370695  
4.854291339  
4.89856905  
5.071131011  
4.993976881  
4.281264135  
2.678677004  
0.1614080384  
-3.039222403  
-6.48623599  
-9.646000589  
-12.0210451  
-13.26800664  
-13.27037975  
-12.15193718  
-10.23442278  
-7.956721711  
-5.778538432  
-4.090068251  
-3.142626442  
-3.007825781  
-3.567406395  
-4.533480774  
-5.498135169  
-6.009832112  
-5.669719911  
-4.233721309  
-1.698569293  
1.654175615  
5.27863083  
8.459234968  
10.46880755  
10.7570423  
9.120193702  
5.799479968  
1.46935727  
-2.894853264  
-6.244900895  
-7.726296591  
-6.910075225  
-3.921081449  
0.5789835447  
5.553831106  
9.856962493  
12.52372366  
13.00797132  
11.29752616  
7.88024155  
3.578381844  
-0.6920013454  
-4.160529457  
-6.370582824  
-7.234144436  
-6.971862944  
-5.974451665  
-4.643746901  
-3.271367397  
-1.991522268  
-0.8114456804  
0.3087664952  
1.372852566  
2.304998647  
2.968471126  
3.23758402  
3.087221066  
2.652393636  
2.219665026  
2.139847829  
2.68651872  
3.913124594  
5.57049847  
7.130605022  
7.925657367  
7.367019901  
5.172507012  
1.518494045  
-2.948183769  
-7.259065155  
-10.39772236  
-11.61438956  
-10.6763122  
-7.963333651  
-4.366506242  
-1.013508371  
1.093758887  
1.409316871  
0.02672068695  
-2.352055388  
-4.658695542  
-5.834234668  
-5.211749785  
-2.772484482  
0.8185885931  
4.418174655  
6.788144828  
7.030140974  
4.92220336  
1.036963549  
-3.407837244  
-6.92585466  
-8.246318765  
-6.746637453  
-2.687106159  
2.835939091  
8.210479696  
11.80410593  
12.47680569  
9.946441833  
4.888828089  
-1.260221843  
-6.737765264  
-9.98383295  
-10.10212321  
-7.109691221  
-1.904425017  
4.029912962  
9.079272491  
11.96777068  
12.09446326  
9.643650608  
5.451558144  
0.6909281112  
-3.511118982  
-6.394228168  
-7.727919818  
-7.780433625  
-7.125626122  
-6.37252705  
-5.921590163  
-5.833195967  
-5.846865003  
-5.531866583  
-4.502824606  
-2.613367027  
-0.05309737804  
2.688049794  
4.973748877  
6.236093164  
6.172772962  
4.856190203  
2.716692024  
0.4072250505  
-1.402404054  
-2.230872694  
-1.922302871  
-0.6729071985  
1.055517364  
2.700027541  
3.779964836  
4.038013942  
3.496157769  
2.415606503  
1.182734712  
0.1661267819  
-0.4044660526  
-0.4984813551  
-0.2696084639  
0.02204017209  
0.1180244341  
-0.1399117042  
-0.7537924811  
-1.571218417  
-2.339748542  
-2.791774422  
-2.73030873  
-2.089075068  
-0.9512585183  
0.4743029478  
1.908404871  
3.070208468  
3.740878777  
3.808283192  
3.285775461  
2.304557999  
1.083597814  
-0.1165525442  
-1.048499816  
-1.532583581  
-1.501292493  
-1.02285443  
-0.2948719118  
0.3961142884  
0.7448239562  
0.5129456364  
-0.3919388278  
-1.86900905  
-3.62768527  
-5.247923485  
-6.285795804  
-6.396570762  
-5.438816721  
-3.525717113  
-1.004498455  
1.632905745  
3.881994066  
5.359583171  
5.896920636  
5.562646485  
4.610380965  
3.37195983  
2.136583724  
1.060695152  
0.141391524  
-0.7386243632  
-1.714871794  
-2.835028704  
-3.989862123  
-4.914813778  
-5.268673966  
-4.764188559  
-3.301780036  
-1.051699217  
1.554881338  
3.93335904  
5.521998274  
5.968313471  
5.258149358  
3.735912151  
2.00068902  
0.7072745165  
0.3373934845  
1.020941943  
2.473422665  
4.077331679  
5.08523911  
4.878068989  
3.190039484  
0.22057858  
-3.408993945  
-6.842630245  
-9.258569334  
-10.12852508  
-9.378063502  
-7.393534245  
-4.875053147  
-2.589703005  
-1.114160041  
-0.6587596075  
-1.033970494  
-1.766854747  
-2.318740939  
-2.317310525  
-1.710938088  
-0.7831614964  
-0.01961645295  
0.121412212  
-0.5569914263  
-1.849783332  
-3.169012768  
-3.72942474  
-2.842147713  
-0.2112352239  
3.881740684  
8.586621305  
12.70272524  
15.04582136  
14.84518321  
12.03307229  
7.31852792  
2.006809878  
-2.387589198  
-4.613229721  
-4.084083751  
-1.075532916  
3.356142544  
7.708929102  
10.51667097  
10.81818518  
8.458107966  
4.119920125  
-0.9177010211  
-5.21643197  
-7.656363566  
-7.794231696  
-5.982274853  
-3.211955452  
-0.7419596082  
0.356517692  
-0.4223348679  
-2.848087623  
-6.046145033  
-8.816039067  
-10.06067983  
-9.174611954  
-6.256403356  
-2.074289746  
2.197919626  
5.37784404  
6.663411771  
5.87924988  
3.500047276  
0.451325148  
-2.233469356  
-3.77261855  
-3.884402398  
-2.840879642  
-1.317576353  
-0.104372438  
0.2086182672  
-0.5489222067  
-2.081532936  
-3.767943286  
-4.927770352  
-5.108103778  
-4.276675471  
-2.844965417  
-1.510409385  
-0.9768724894  
-1.660386907  
-3.494717024  
-5.915580564  
-8.036289539  
-8.955793674  
-8.0889996  
-5.398287474  
-1.438519913  
2.806099172  
6.240127299  
8.020455387  
7.838337344  
6.020931694  
3.416666974  
1.104725886  
0.03017570965  
0.691072951  
2.98381145  
6.25561178  
9.539659827  
11.88536693  
12.66594873  
11.7581307  
9.538609952  
6.709837818  
4.028580452  
2.042320667  
0.9302076826  
0.5010150733  
0.3381542671  
0.02501132707  
-0.6455830873  
-1.565328706  
-2.352491817  
-2.526092567  
-1.741801631  
0.008200099008  
2.318312999  
4.457089385  
5.597732227  
5.113106013  
2.827792833  
-0.8694378696  
-5.102247493  
-8.754854884  
-10.81182441  
-10.67510012  
-8.349976863  
-4.436936985  
0.06593309814  
4.079085198  
6.765147566  
7.749272885  
7.165625983  
5.524861551  
3.463265041  
1.476444636  
-0.2571444164  
-1.895217216  
-3.789452804  
-6.243649453  
-9.275910996  
-12.49040872  
-15.12456751  
-16.27032394  
-15.19820388  
-11.66721927  
-6.100170244  
0.4543723035  
6.578547224  
10.88635607  
12.43983246  
11.03908724  
7.283627289  
2.378498584  
-2.253523813  
-5.424460538  
-6.545095758  
-5.77671276  
-3.920143531  
-2.083652276  
-1.249075854  
-1.892096774  
-3.793907871  
-6.113859376  
-7.699620261  
-7.525492999  
-5.10154381  
-0.7035900878  
4.665055788  
9.575596515  
12.64132409  
12.99160066  
10.58689643  
6.260762821  
1.466514704  
-2.192510823  
-3.494735071  
-2.015860346  
1.713721376  
6.36668935  
10.24413848  
11.83149627  
10.30392274  
5.815837133  
-0.5205981166  
-6.96219857  
-11.66259036  
-13.23363671  
-11.16443511  
-5.96990594  
0.9712550814  
7.831531831  
12.86817663  
14.90975484  
13.65189244  
9.684225405  
4.257080676  
-1.124683935  
-5.146753623  
-7.033526188  
-6.704132533  
-4.707798877  
-1.980060063  
0.4879678148  
1.957691005  
2.137527513  
1.217548199  
-0.2477519965  
-1.555222537  
-2.090654887  
-1.515011743  
0.1487647857  
2.540146533  
5.074603431  
7.103017087  
8.069224807  
7.628387861  
5.707395988  
2.507043844  
-1.541989563  
-5.853300245  
-9.775353014  
-12.68919765  
-14.10619025  
-13.75659821  
-11.65521376  
-8.126355148  
-3.772291907  
0.6213222623  
4.233140938  
6.378826193  
6.667239121  
5.096526963  
2.058455447  
-1.756555498  
-5.531979046  
-8.528753893  
-10.26180618  
-10.59806226  
-9.74822521  
-8.158002445  
-6.336701724  
-4.681238328  
-3.354304956  
-2.256420717  
-1.098872132  
0.45058277  
2.602787948  
5.323635711  
8.298222116  
10.99874984  
12.83595661  
13.34436359  
12.33900116  
9.990027664  
6.788568992  
3.413298258  
0.5399872266  
-1.345076564  
-2.068866524  
-1.795021969  
-0.942726308  
-0.03092371248  
0.4988503547  
0.4227600861  
-0.2060892888  
-1.095178314  
-1.830235903  
-2.030453575  
-1.48796959  
-0.2453750638  
1.412888292  
3.050255723  
4.21750608  
4.595372544  
4.094087551  
2.878879423  
1.314851466  
-0.1497682137  
-1.124396935  
-1.397076083  
-0.9991216727  
-0.1949554429  
0.5987661183  
0.9400474848  
0.4973079947  
-0.8447575547  
-2.938764918  
-5.400442978  
-7.699810049  
-9.293799715  
-9.765812507  
-8.936071768  
-6.914018242  
-4.078381908  
-0.9886902005  
1.750677624  
3.640035598  
4.409054761  
4.083005653  
2.970987984  
1.576641462  
0.4530919781  
0.04077657114  
0.5339638923  
1.816325889  
3.48823952  
4.982538295  
5.738511477  
5.383984196  
3.86943614  
1.509131901  
-1.089720097  
-3.194781796  
-4.166803652  
-3.662746811  
-1.758995917  
1.048487404  
3.973678472  
6.165330998  
6.960932955  
6.091332505  
3.770150123  
0.6363935984  
-2.435535629  
-4.601427842  
-5.305781303  
-4.451008063  
-2.422171833  
0.04213849681  
2.092618023  
3.048010224  
2.619535496  
1.007243914  
-1.164317919  
-3.051750545  
-3.874055691  
-3.178749629  
-1.006356178  
2.100684317  
5.248820669  
7.456860536  
7.949576199  
6.390190079  
2.981118764  
-1.594881698  
-6.370705173  
-10.36383235  
-12.83446455  
-13.45685597  
-12.3594713  
-10.03336935  
-7.149355321  
-4.34954288  
-2.080647644  
-0.5158290493  
0.4225417311  
0.9620397876  
1.348426071  
1.735261155  
2.13336381  
2.431853462  
2.473711183  
2.148816386  
1.463069856  
0.5543657488  
-0.3506039139  
-1.0200701  
-1.306164978  
-1.201678057  
-0.8400549911  
-0.4367281323  
-0.1936276985  
-0.2040943047  
-0.3967078321  
-0.5428727154  
-0.3296538622  
0.5252620431  
2.156104877  
4.471228129  
7.1445008  
9.682200622  
11.54629981  
12.29620442  
11.705343  
9.818029409  
6.932196982  
3.517479159  
0.09735560776  
-2.867433884  
-5.061680868  
-6.346962539  
-6.742624006  
-6.373747931  
-5.410951128  
-4.024165441  
-2.36197799  
-0.5547295381  
1.270829639  
2.980842134  
4.438478508  
5.524138846  
6.162801085  
6.344148443  
6.122915547  
5.595363575  
4.859399913  
3.974924292  
2.943349397  
1.718785025  
0.2502538524  
-1.460421273  
-3.310330736  
-5.082312989  
-6.481628599  
-7.218471708  
-7.112448395  
-6.182135666  
-4.682474727  
-3.066873311  
-1.875572756  
-1.578733826  
-2.422187216  
-4.327935527  
-6.887516285  
-9.45795882  
-11.33631551  
-11.96126426  
-11.07877919  
-8.818386513  
-5.654200819  
-2.26216378  
0.6811718512  
2.693684725  
3.614381755  
3.622936466  
3.149524816  
2.709187044  
2.719466309  
3.363846521  
4.545660326  
5.943929479  
7.146296909  
7.807452022  
7.773852725  
7.129552851  
6.148089964  
5.170739182  
4.458863451  
4.077837679  
3.85832272  
3.452163159  
2.465005706  
0.6188846082  
-2.113999759  
-5.456010861  
-8.870028276  
-11.69416923  
-13.32208489  
-13.37018318  
-11.77830574  
-8.813954679  
-4.983396688  
-0.8839485294  
2.950603215  
6.160902756  
8.598004495  
10.2826571  
11.31455067  
11.77504076  
11.66624657  
10.91204764  
9.419432061  
7.172545407  
4.316714178  
1.191467418  
-1.710203092  
-3.851582355  
-4.799213465  
-4.359409736  
-2.657393348  
-0.1296624236  
2.571849794  
4.73686923  
5.769165796  
5.325004875  
3.381338611  
0.2212060826  
-3.650491854  
-7.628877443  
-11.13097944  
-13.68744226  
-14.99062342  
-14.90335311  
-13.44473746  
-10.77097738  
-7.16127385  
-3.006354263  
1.213053898  
4.972387853  
7.780241164  
9.276612609  
9.326636925  
8.075647166  
5.936241087  
3.496932067  
1.369183251  
0.01531695169  
-0.3866810583  
0.008712362074  
0.7781078533  
1.391159581  
1.420265979  
0.7247899924  
-0.4613534587  
-1.581346844  
-1.941885337  
-0.9799122267  
1.479879448  
5.072438869  
8.912804943  
11.80365783  
12.58026325  
10.49132355  
5.493049484  
-1.647319818  
-9.487478535  
-16.26010868  
-20.34175935  
-20.70314486  
-17.20419649  
-10.64170771  
-2.532243058  
5.305552838  
11.2434285  
14.26320807  
14.18107922  
11.61740859  
7.733928083  
3.832036684  
0.9454178584  
-0.4444510454  
-0.4876721447  
0.1710097246  
0.6850114791  
0.3459461052  
-1.14759147  
-3.580561321  
-6.300973792  
-8.452382926  
-9.273305593  
-8.359201838  
-5.800577593  
-2.157126845  
1.715106289  
4.918858799  
6.765899577  
6.943982989  
5.556827748  
3.039869188  
-0.004504474752  
-2.98736586  
-5.468590215  
-7.212301196  
-8.162825961  
-8.372162973  
-7.923758151  
-6.890568367  
-5.342229693  
-3.38799366  
-1.221482687  
0.8698904305  
2.552564996  
3.545070932  
3.732229459  
3.245070119  
2.461696744  
1.910682252  
2.096686855  
3.303318652  
5.445820848  
8.0370747  
10.29552059  
11.37391911  
10.64104331  
7.922350969  
3.611769169  
-1.395039802  
-5.936693499  
-8.922909482  
-9.665087254  
-8.09074393  
-4.76703986  
-0.7213659709  
2.88440617  
5.118485806  
5.560446021  
4.404857189  
2.354039754  
0.3401784989  
-0.8229659107  
-0.733573931  
0.4650710115  
2.159603865  
3.521874876  
3.850000933  
2.867248529  
0.8636466699  
-1.379456791  
-2.862990785  
-2.748633825  
-0.7062341985  
2.900692459  
7.069484223  
10.4482059  
11.77179711  
10.2994693  
6.101490259  
0.08944594238  
-6.231400729  
-11.21482533  
-13.58664287  
-12.84915497  
-9.441106332  
-4.596753269  
0.05251572291  
3.004346973  
3.366371122  
1.133572094  
-2.828537776  
-7.08727125  
-10.12953679  
-10.86845433  
-9.0010274  
-5.099512013  
-0.4095810022  
3.573240372  
5.604035216  
5.097402654  
2.309627741  
-1.762887981  
-5.729855379  
-8.277675041  
-8.604608777  
-6.675860499  
-3.217024357  
0.5464854569  
3.311772793  
4.138685448  
2.761522086  
-0.3277323235  
-4.046408306  
-7.077191965  
-8.292009817  
-7.104779505  
-3.642686728  
1.310837416  
6.572297263  
10.92190695  
13.45435723  
13.8081295  
12.21176671  
9.349146594  
6.104079049  
3.277812356  
1.372612303  
0.5026386463  
0.4439013887  
0.7864714193  
1.121337656  
1.190646762  
0.9523398566  
0.5481413112  
0.2018585596  
0.09900228657  
0.3005307187  
0.7241906569  
1.195400199  
1.539258873  
1.668351203  
1.624059761  
1.550365502  
1.609842478  
1.878521261  
2.26871976  
2.520628293  
2.277374997  
1.223877752  
-0.7593259146  
-3.488252559  
-6.46373238  
-8.974864502  
-10.29566654  
-9.916703727  
-7.735408857  
-4.136551303  
0.0736740854  
3.869905373  
6.290810715  
6.718836547  
5.069865371  
1.831933727  
-2.061987542  
-5.491056798  
-7.457441987  
-7.35922032  
-5.146321762  
-1.317789258  
3.232547632  
7.469924553  
10.49324752  
11.75045136  
11.13833385  
8.969846418  
5.83350173  
2.39971918  
-0.7609080359  
-3.294294117  
-5.089312583  
-6.222119499  
-6.853463543  
-7.125757515  
-7.100585757  
-6.756598288  
-6.041396315  
-4.948765629  
-3.58275287  
-2.175640339  
-1.045514948  
-0.503403638  
-0.7410555369  
-1.740369181  
-3.240716077  
-4.782449058  
-5.819792262  
-5.872669748  
-4.672748732  
-2.258707756  
1.010227812  
4.529820706  
7.596726477  
9.58564343  
10.1096582  
9.120459573  
6.92185223  
4.093281036  
1.343657019  
-0.6669089017  
-1.492698558  
-1.014605587  
0.5279410919  
2.592943049  
4.466847774  
5.440800609  
4.992110428  
2.929164488  
-0.5349514358  
-4.80056285  
-8.992400446  
-12.14400366  
-13.41810731  
-12.31431069  
-8.814102915  
-3.423662569  
2.904173735  
8.959519002  
13.53882062  
15.72242431  
15.09813389  
11.87125323  
6.82687098  
1.146727911  
-3.878241138  
-7.168416334  
-8.125409229  
-6.777921113  
-3.761458913  
-0.1344312109  
2.921037558  
4.431653955  
3.905753249  
1.468669169  
-2.178726491  
-5.967133719  
-8.772300018  
-9.7440996  
-8.555454432  
-5.498435698  
-1.39971605  
2.619381985  
5.467270292  
6.395570301  
5.210306474  
2.320649203  
-1.386278985  
-4.804666436  
-6.924983923  
-7.112032521  
-5.267197138  
-1.832917166  
2.354477742  
6.312956162  
9.186263507  
10.4584492  
10.05343797  
8.300160323  
5.786149577  
3.154938863  
0.9154998266  
-0.6776938006  
-1.643398173  
-2.19649514  
-2.612296817  
-3.086708663  
-3.644310205  
-4.126218231  
-4.259097566  
-3.777120474  
-2.549924867  
-0.6680163283  
1.547297409  
3.615519906  
5.027592122  
5.392724484  
4.553482038  
2.63246847  
-0.002392051907  
-2.839826935  
-5.358905586  
-7.150663391  
-7.991268305  
-7.849965978  
-6.839606717  
-5.137687468  
-2.914420854  
-0.298138325  
2.609800846  
5.68160451  
8.701036815  
11.32977102  
13.13076117  
13.65602138  
12.57948898  
9.833078213  
5.695100385  
0.7890841782  
-4.023546862  
-7.839213557  
-9.946772636  
-10.0329776  
-8.293321603  
-5.4065636  
-2.370085979  
-0.2354176232  
0.1846527902  
-1.445881491  
-4.873165902  
-9.301088783  
-13.58953951  
-16.5501734  
-17.25868829  
-15.29853365  
-10.87130023  
-4.747341148  
1.925443117  
7.899209652  
12.11481356  
13.92824726  
13.22364798  
10.39565698  
6.218880485  
1.648445731  
-2.393544162  
-5.195916257  
-6.36815332  
-5.871420983  
-3.979979737  
-1.194218508  
1.870265335  
4.596690913  
6.469831756  
7.15832594  
6.569573026  
4.869876196  
2.462210281  
-0.08273911778  
-2.13839992  
-3.160772405  
-2.824681262  
-1.121876223  
1.61215059  
4.760792118  
7.572341503  
9.35654829  
9.678501355  
8.491068173  
6.160125892  
3.366608422  
0.907496322  
-0.5476575754  
-0.6694790876  
0.4196268554  
2.176770482  
3.809993353  
4.54048481  
3.873336949  
1.787172459  
-1.224774422  
-4.28368207  
-6.390341599  
-6.745825125  
-5.02487976  
-1.510596081  
2.959075448  
7.222354319  
10.13313459  
10.90256776  
9.333274064  
5.869864312  
1.448547893  
-2.80549581  
-5.933706972  
-7.43541903  
-7.39868319  
-6.428371501  
-5.398035244  
-5.112442413  
-5.999035863  
-7.937685868  
-10.29114881  
-12.12936138  
-12.57227735  
-11.13218941  
-7.932934567  
-3.722391492  
0.3362974004  
3.03302386  
3.519235146  
1.61871192  
-2.069673011  
-6.321643279  
-9.651195673  
-10.77735761  
-9.045363709  
-4.664167734  
1.321857  
7.325069471  
11.68389131  
13.16464297  
11.33922847  
6.720231034  
0.6109059036  
-5.282846951  
-9.357518194  
-10.57790919  
-8.762574406  
-4.606425051  
0.5583417886  
5.180930285  
7.955856566  
8.189521043  
5.964115729  
2.062160676  
-2.308399901  
-5.889241125  
-7.723863436  
-7.381750769  
-5.000100043  
-1.153424333  
3.382703031  
7.879335678  
11.8261941  
14.97916356  
17.28768855  
18.75424154  
19.30277477  
18.72538406  
16.74048038  
13.14532829  
8.000601873  
1.76320489  
-4.705376457  
-10.28635316  
-13.88004622  
-14.73201447  
-12.70105646  
-8.369603953  
-2.941639911  
2.059565362  
5.213552002  
5.619103254  
3.173571049  
-1.379136344  
-6.656209254  
-11.0429891  
-13.17800245  
-12.36661766  
-8.79331138  
-3.464004024  
2.10568348  
6.359903758  
8.182796249  
7.2383481  
4.062931642  
-0.1180926724  
-3.79058258  
-5.64061885  
-4.976332806  
-1.948412478  
2.500168312  
6.93806828  
9.905304468  
10.38177061  
8.115564013  
3.707641966  
-1.572689218  
-6.181484936  
-8.77753782  
-8.632908038  
-5.849050143  
-1.314006282  
3.581320097  
7.374511237  
8.972699212  
7.965664818  
4.716888042  
0.211337214  
-4.283611369  
-7.629583792  
-9.166562657  
-8.889410337  
-7.399779434  
-5.656005611  
-4.609373996  
-4.851000614  
-6.388439031  
-8.627185814  
-10.5641734  
-11.1303964  
-9.570588642  
-5.735049081  
-0.1861747901  
5.919051463  
11.13840119  
14.15276684  
14.14936751  
11.06348282  
5.606075711  
-0.9296359139  
-7.022730672  
-11.33327521  
-13.04474294  
-12.04349257  
-8.891042095  
-4.608754259  
-0.3498586635  
2.936496737  
4.748303184  
5.114981111  
4.510409686  
3.636572366  
3.157452774  
3.47294026  
4.602957664  
6.211071079  
7.748556453  
8.661141047  
8.583374757  
7.4548319  
5.523505765  
3.243141666  
1.108100937  
-0.5109984894  
-1.471540125  
-1.868850903  
-1.954377816  
-1.999394013  
-2.161465324  
-2.408859368  
-2.534837169  
-2.257921201  
-1.36902617  
0.1347353409  
1.988521757  
3.705114181  
4.722654437  
4.60982024  
3.256897053  
0.9787251027  
-1.519985571  
-3.322224023  
-3.574519413  
-1.778100171  
2.000442856  
7.076131378  
12.28158845  
16.26433869  
17.86414746  
16.45895153  
12.17190888  
5.870528616  
-1.049808645  
-7.039747798  
-10.81976671  
-11.72943195  
-9.898805542  
-6.191753442  
-1.939642765  
1.453394647  
2.914882802  
1.998652181  
-1.013999535  
-5.229847335  
-9.433286018  
-12.45640788  
-13.51582342  
-12.41790243  
-9.578988385  
-5.866253767  
-2.318861715  
0.1585789685  
1.036717104  
0.2705630517  
-1.742575038  
-4.327184764  
-6.751566264  
-8.4325924  
-9.062642477  
-8.631334771  
-7.35349897  
-5.545350692  
-3.502946009  
-1.428043286  
0.5786596091  
2.467539065  
4.167701234  
5.53488169  
6.351777348  
6.388716111  
5.504333501  
3.744974566  
1.396841529  
-1.041294523  
-2.968937436  
-3.850463252  
-3.385565313  
-1.624915209  
1.01357907  
3.841831117  
6.08861283  
7.122049025  
6.639131359  
4.762006638  
2.009140223  
-0.8515015312  
-3.023056374  
-3.907113078  
-3.269480924  
-1.29640712  
1.471742181  
4.304476048  
6.489436855  
7.521214132  
7.217192625  
5.733249636  
3.484926309  
1.008047372  
-1.192509825  
-2.75957503  
-3.536863247  
-3.554252902  
-2.963918401  
-1.959561584  
-0.7111229988  
0.664511318  
2.094328933  
3.515926738  
4.84358986  
5.955229017  
6.710536603  
6.995130606  
6.772214127  
6.117897063  
5.221101449  
4.342040319  
3.739538226  
3.590584149  
3.930157639  
4.633632476  
5.449921852  
6.075973075  
6.248833272  
5.825276056  
4.823239085  
3.412293728  
1.85738071  
0.4350832759  
-0.6503838172  
-1.325641542  
-1.664931413  
-1.863143444  
-2.17625729  
-2.848530738  
-4.04690184  
-5.817743796  
-8.0724715  
-10.60022395  
-13.1007431  
-15.22954512  
-16.64930969  
-17.0836428  
-16.36965984  
-14.50332926  
-11.66755985  
-8.230528776  
-4.703535874  
-1.655871305  
0.4027885555  
1.147688729  
0.5376407414  
-1.147198871  
-3.35027717  
-5.365626433  
-6.519713615  
-6.359597859  
-4.790750931  
-2.118037048  
1.029895143  
3.876440609  
5.723108241  
6.156424126  
5.169071046  
3.154127509  
0.7721679758  
-1.266110744  
-2.429154876  
-2.527176817  
-1.751100569  
-0.5732677262  
0.455425561  
0.9385882005  
0.8104746319  
0.3855019676  
0.2551420013  
1.06165866  
3.22589297  
6.728539012  
11.03175134  
15.18301437  
18.08049527  
18.81989506  
17.00854718  
12.9364193  
7.536412889  
2.134791641  
-1.936103923  
-3.741049559  
-3.029145196  
-0.3077527081  
3.325673189  
6.542525911  
8.216874191  
7.791649224  
5.455633694  
2.071975301  
-1.11823609  
-2.918413765  
-2.58381965  
-0.07809421307  
3.905462792  
8.162695192  
11.3617437  
12.46082902  
11.02179523  
7.318877935  
2.214158921  
-3.14878461  
-7.721054751  
-10.86270886  
-12.49019906  
-13.01508475  
-13.10836713  
-13.38648459  
-14.1405774  
-15.21100299  
-16.05244969  
-15.96232992  
-14.38326757  
-11.16236776  
-6.665615971  
-1.699633073  
2.734989483  
5.770986428  
6.962923773  
6.430052043  
4.798877267  
2.964100498  
1.753918055  
1.622321893  
2.482909768  
3.748298  
4.564285461  
4.155475163  
2.155853904  
-1.200139212  
-5.10295585  
-8.410059215  
-10.02667228  
-9.294844195  
-6.253649695  
-1.674888592  
3.145381548  
6.77545472  
8.09030078  
6.622204849  
2.705120252  
-2.632040833  
-7.983789897  
-11.9895078  
-13.71870963  
-12.89874607  
-9.922207296  
-5.64912952  
-1.088025354  
2.92441919  
5.93384338  
7.906256443  
9.099955698  
9.840835266  
10.30435897  
10.40003217  
9.808805094  
8.158864127  
5.265792808  
1.332563127  
-2.984750716  
-6.691092727  
-8.723430371  
-8.292633286  
-5.176879706  
0.1430989847  
6.566011836  
12.65430853  
17.03485074  
18.78753943  
17.69530394  
14.27494346  
9.582261434  
4.861132636  
1.157225661  
-0.9744689574  
-1.575914244  
-1.181945675  
-0.5563611809  
-0.3730109323  
-0.9614618449  
-2.207560781  
-3.637752108  
-4.645506852  
-4.765394082  
-3.884161812  
