-4.93412089  
-6.459639127  
-6.767741279  
-5.447991744  
-2.523954433  
1.539534599  
5.97730323  
9.961199397  
12.84964289  
14.36275594  
14.62435244  
14.06030277  
13.19404741  
12.41659248  
11.8172897  
11.13999025  
9.884303893  
7.519070818  
3.733262368  
-1.36729523  
-7.193969202  
-12.77478972  
-16.99858515  
-18.93272215  
-18.11513784  
-14.72510665  
-9.572431814  
-3.900348434  
0.944079418  
3.875937289  
4.36604999  
2.574786467  
-0.7128829522  
-4.32969516  
-7.071287382  
-8.040458564  
-6.889679933  
-3.894884008  
0.1534541027  
4.200616238  
7.23803749  
8.579287534  
8.023792365  
5.869805918  
2.786541271  
-0.4031165325  
-2.956025821  
-4.388376452  
-4.556403432  
-3.630056611  
-1.98626266  
-0.06992841974  
1.727102052  
3.134943232  
4.014223478  
4.321401739  
4.062404257  
3.26499474  
1.985170818  
0.3409776952  
-1.45116893  
-3.069064613  
-4.128513611  
-4.278997853  
-3.326290588  
-1.338429676  
1.311443663  
3.995810993  
5.976786245  
6.608226327  
5.534700204  
2.819717193  
-1.046678107  
-5.273709015  
-8.996688454  
-11.53550787  
-12.60000188  
-12.37056693  
-11.42130781  
-10.5054164  
-10.2707566  
-11.00097248  
-12.47327536  
-13.98849857  
-14.57300117  
-13.2939316  
-9.588721799  
-3.500892114  
4.259134261  
12.45537418  
19.63298759  
24.50051463  
26.27329877  
24.875552  
20.94276732  
15.62793981  
10.27426297  
6.05469791  
3.683654184  
3.278072896  
4.395030621  
6.218187578  
7.823763116  
8.440827936  
7.63331916  
5.365051583  
1.950893847  
-2.068727857  
-6.076878577  
-9.505252493  
-11.90962276  
-12.9965924  
-12.62262517  
-10.79131446  
-7.664610383  
-3.583714795  
0.9228914248  
5.173767102  
8.430751467  
10.05234962  
9.669976979  
7.331193909  
3.551149023  
-0.765968734  
-4.534244359  
-6.775460737  
-6.908769319  
-4.948390591  
-1.53781441  
2.203801174  
4.987853326  
5.728444731  
3.868086107  
-0.4448851877  
-6.384558874  
-12.67437042  
-17.94259102  
-21.0958824  
-21.59641181  
-19.56169096  
-15.66602491  
-10.88756505  
-6.192959166  
-2.266476823  
0.6319762753  
2.646108684  
4.165853182  
5.606482945  
7.215114458  
8.978130102  
10.65842146  
11.93705114  
12.59130581  
12.62667588  
12.29979004  
12.01505654  
12.13222768  
12.76327566  
13.64829108  
14.17539267  
13.55717081  
11.11455302  
6.5719794  
0.2535482385  
-6.903704128  
-13.54425084  
-18.24907453  
-19.94478083  
-18.23555205  
-13.54627103  
-7.024104074  
-0.224027095  
5.324819705  
8.535780891  
9.034331514  
7.20051474  
3.980056484  
0.536139317  
-2.13609803  
-3.503199859  
-3.603138337  
-2.946751204  
-2.259922658  
-2.169034621  
-2.947458463  
-4.41355302  
-6.011992598  
-7.042035003  
-6.943569865  
-5.532841768  
-3.100621771  
-0.3374668345  
1.886045217  
2.80492456  
2.010728545  
-0.4171404691  
-3.939680524  
-7.728579113  
-10.91305448  
-12.8159623  
-13.10296646  
-11.80672824  
-9.236964389  
-5.827893168  
-1.991719197  
1.965145126  
5.840802171  
9.470857495  
12.64597465  
15.0712387  
16.40451782  
16.37188983  
14.91702321  
12.31595104  
9.191579386  
6.394765907  
4.769955514  
4.87393897  
6.74555928  
9.818735135  
13.02965945  
15.10428067  
14.94648053  
12.00490557  
6.494204403  
-0.6123994087  
-7.829775749  
-13.57797364  
-16.64162355  
-16.52591159  
-13.59440301  
-8.943890013  
-4.057164696  
-0.3467383773  
1.263116746  
0.5839335519  
-1.832999356  
-4.927294843  
-7.508839563  
-8.654340214  
-7.989785242  
-5.772293482  
-2.756915218  
0.09251381702  
1.939831144  
2.342509014  
1.361554625  
-0.509954941  
-2.559495184  
-4.121862299  
-4.800453965  
-4.567873747  
-3.720869252  
-2.720600486  
-1.989764146  
-1.748650316  
-1.950681955  
-2.334133123  
-2.558989352  
-2.365286814  
-1.684056094  
-0.6554836646  
0.449451531  
1.365304705  
1.962628538  
2.311005423  
2.64228707  
3.2258151  
4.208303055  
5.491210514  
6.70833522  
7.328549401  
6.856984273  
5.062940971  
2.14302106  
-1.256716802  
-4.188666438  
-5.688081843  
-5.105043998  
-2.368467015  
1.919160175  
6.605268343  
10.30460363  
11.81686238  
10.51109639  
6.547953397  
0.8602568681  
-5.109409383  
-9.834792423  
-12.16085303  
-11.64191655  
-8.655420924  
-4.257576746  
0.1678956838  
3.349960344  
4.515102036  
3.594700685  
1.195477241  
-1.646005955  
-3.833129205  
-3.253278626  
-5.503784417  
-7.547889331  
-9.244572637  
-10.57403971  
-11.60853236  
-12.45052668  
-13.16239495  
-13.71487231  
-13.9757729  
-13.74658244  
-12.83723116  
-11.15455791  
-8.772529933  
-5.955752377  
-3.121387931  
-0.744580834  
0.7676956365  
1.196564338  
0.5859820737  
-0.7548830628  
-2.327246933  
-3.577225756  
-4.050494617  
-3.52020419  
-2.048160561  
0.04082119804  
2.264336135  
4.135145788  
5.31325622  
5.709067993  
5.504620866  
5.085987929  
4.908278051  
5.336362308  
6.512096905  
8.290474861  
10.26516719  
11.87608439  
12.5664061  
11.94231697  
9.889252783  
6.613072449  
2.597788168  
-1.504452758  
-5.018076383  
-7.384519688  
-8.265551322  
-7.591097189  
-5.550402324  
-2.539211141  
0.91777942  
4.250951635  
6.924244385  
8.503097112  
8.710962882  
7.47282145  
4.940021135  
1.486398086  
-2.334624854  
-5.8760474  
-8.518320535  
-9.802721762  
-9.543591697  
-7.884355652  
-5.273105146  
-2.354898868  
0.1956180219  
1.855818834  
2.39597898  
1.933013604  
0.8757861984  
-0.2245528316  
-0.8727301257  
-0.8102767359  
-0.1155799061  
0.8159615564  
1.410825746  
1.132310266  
-0.3011871991  
-2.773031019  
-5.757371355  
-8.454289881  
-10.03439836  
-9.915369089  
-7.976669506  
-4.634379452  
-0.7415668258  
2.662273187  
4.676297266  
4.832158575  
3.256455627  
0.6417496269  
-1.971531643  
-3.535776801  
-3.34896528  
-1.300964682  
2.073195816  
5.757115368  
8.585026725  
9.634507312  
8.548303164  
5.673442297  
1.964168701  
-1.32641201  
-3.068618036  
-2.652916056  
-0.2252105248  
3.326021253  
6.637502164  
8.315733099  
7.418302135  
3.81406079  
-1.70245817  
-7.592132051  
-12.00431458  
-13.33630405  
-10.74928072  
-4.478910056  
4.162342955  
13.10221924  
20.05942678  
23.17104188  
21.51482553  
15.37476265  
6.173167337  
-3.910193529  
-12.52150676  
-17.75239317  
-18.62260391  
-15.29685632  
-8.98615664  
-1.574656375  
4.912143716  
8.843708915  
9.379099515  
6.622436022  
1.515186367  
-4.483810283  
-9.824697412  
-13.27303957  
-14.18756085  
-12.60727948  
-9.146615657  
-4.751924445  
-0.4065384712  
3.124091381  
5.439015825  
6.513456566  
6.594019874  
6.030571518  
5.112046305  
3.964425028  
2.541548549  
0.7037702708  
-1.652526354  
-4.469158753  
-7.45694693  
-10.1159977  
-11.84694753  
-12.12245656  
-10.66542505  
-7.574632415  
-3.351673209  
1.188540887  
5.106361499  
7.576526594  
8.111610191  
6.704959295  
3.848913146  
0.4181989103  
-2.553531677  
-4.145183557  
-3.794065581  
-1.448395189  
2.416132609  
6.920895172  
11.01607505  
13.75602858  
14.54303251  
13.27358265  
10.3493804  
6.553350142  
2.828466567  
0.02323141015  
-1.324973111  
-1.11058999  
0.3443133793  
2.411578343  
4.355359595  
5.546956108  
5.633942269  
4.617929874  
2.824142142  
0.7783870505  
-0.9668404098  
-2.00289769  
-2.182009733  
-1.649221494  
-0.7845402281  
-0.07718343863  
0.0275634033  
-0.7372391258  
-2.382432119  
-4.660907654  
-7.138038034  
-9.310448067  
-10.73739132  
-11.14821447  
-10.49892998  
-8.967337565  
-6.893797709  
-4.688847517  
-2.735471226  
-1.312057091  
-0.5530939268  
-0.4519888186  
-0.897795023  
-1.729022555  
-2.784954289  
-3.938449795  
-5.102573015  
-6.213431165  
-7.200452568  
-7.959910885  
-8.346475271  
-8.191113907  
-7.343721017  
-5.728444446  
-3.392553227  
-0.5283740302  
2.546197807  
5.451008145  
7.83818983  
9.492139994  
10.40256143  
10.78164241  
11.01034187  
11.5200908  
12.63899385  
14.44822178  
16.69823011  
18.82234053  
20.05883247  
19.65870437  
17.1250269  
12.41208482  
6.015928247  
-1.08600199  
-7.645514584  
-12.456511  
-14.68475608  
-14.1158195  
-11.23921806  
-7.131137601  
-3.158099533  
-0.5814191846  
-0.1784001513  
-1.997837165  
-5.33171463  
-8.921253142  
-11.34244219  
-11.4574175  
-8.792516766  
-3.722022665  
2.606147458  
8.586974698  
12.62431582  
13.60438013  
11.22971285  
6.108722399  
-0.4281328718  
-6.72816076  
-11.30648912  
-13.27251236  
-12.56029763  
-9.894667949  
-6.510628514  
-3.722956021  
-2.48944021  
-3.110080775  
-5.156490657  
-7.647459401  
-9.404655308  
-9.46430732  
-7.405545114  
-3.48814529  
1.440264142  
6.228443856  
9.794855527  
11.46126036  
11.13635548  
9.295085783  
6.771858555  
4.44939999  
2.957395192  
2.485970275  
2.772972649  
3.258616398  
3.34051741  
2.628188072  
1.100294916  
-0.8919573253  
-2.772005781  
-3.974823712  
-4.179283046  
-3.444281806  
-2.194470488  
-1.059108017  
-0.6240552049  
-1.190780257  
-2.634690358  
-4.419151674  
-5.764048748  
-5.910705463  
-4.389073417  
-1.192155837  
3.203597126  
7.977135473  
12.20882503  
15.14448011  
16.38497708  
15.94029678  
14.14046439  
11.45099472  
8.275662339  
4.831045683  
1.144439399  
-2.827638126  
-7.017699405  
-11.09213419  
-14.40866747  
-16.13184077  
-15.48864872  
-12.08401771  
-6.159090095  
1.319478762  
8.802271045  
14.51765969  
16.95625027  
15.33232023  
9.869507511  
1.804873657  
-6.909068986  
-14.12748016  
-18.10871304  
-18.00123995  
-14.0711344  
-7.599338795  
-0.4816572253  
5.341855768  
8.44922214  
8.317516492  
5.411415922  
0.9647949977  
-3.460402156  
-6.485682613  
-7.329811601  
-5.997270516  
-3.194756917  
-0.02224825568  
2.44183215  
3.512617985  
3.102342297  
1.695022215  
0.1149022798  
-0.8173003804  
-0.6108721072  
0.7035458318  
2.583016826  
4.173322646  
4.625494121  
3.412600089  
0.5345911157  
-3.458786458  
-7.631831713  
-10.95396359  
-12.61695973  
-12.27245446  
-10.11512896  
-6.792211225  
-3.17871819  
-0.09959132328  
1.908276498  
2.721579093  
2.614187964  
2.118686079  
1.823647784  
2.179068049  
3.370910433  
5.294704267  
7.621017068  
9.916032255  
11.7683193  
12.88028009  
13.10411917  
12.42739445  
10.93146393  
8.751023866  
6.054017  
3.044222253  
-0.02725825506  
-2.862903457  
-5.148428773  
-6.612709405  
-7.101461551  
-6.636154573  
-5.429507466  
-3.842444297  
-2.289448778  
-1.121146541  
-0.5249698562  
-0.4811398138  
-0.7920585526  
-1.175419187  
-1.385667069  
-1.315618331  
-1.036028509  
-0.7544320656  
-0.7072828802  
-1.028318333  
-1.649603722  
-2.282737367  
-2.498938063  
-1.887545544  
-0.2383055989  
2.322964938  
5.305164954  
7.954402043  
9.466187615  
9.242472416  
7.106626468  
3.397532515  
-1.098543777  
-5.365354721  
-8.457653212  
-9.788083496  
-9.303399976  
-7.488321561  
-5.192666149  
-3.337872984  
-2.601028392  
-3.183412433  
-4.742532382  
-6.511186041  
-7.563250149  
-7.135986647  
-4.899779132  
-1.084917359  
3.575558624  
8.06533684  
11.39095903  
12.87205475  
12.32189693  
10.06505388  
6.795823192  
3.334397178  
0.3687091545  
-1.731134226  
-2.969954326  
-3.648899493  
-4.191829071  
-4.947601306  
-6.041958937  
-7.328865842  
-8.450982891  
-8.978584819  
-8.570310495  
-7.096268959  
-4.683559547  
-1.676721145  
1.462543184  
4.273144993  
6.387360024  
7.573784873  
7.731799287  
6.860676692  
5.034489278  
2.40470835  
-0.7693542896  
-4.085529026  
-6.995623127  
-8.865305658  
-9.104603484  
-7.343091028  
-3.594442103  
1.656108043  
7.493102412  
12.75387596  
16.31585911  
17.40725359  
15.84129825  
12.08992996  
7.160397877  
2.303352862  
-1.359442125  
-3.167325771  
-3.101335585  
-1.750355556  
-0.07321500326  
0.9608777052  
0.7264733454  
-0.8363820594  
-3.213576196  
-5.525202309  
-6.874088927  
-6.704008078  
-5.030360147  
-2.450888851  
0.07483597685  
1.599867185  
1.578328097  
0.1155642846  
-2.027054786  
-3.691536396  
-3.765387257  
-1.649574236  
2.425510186  
7.36961185  
11.52478578  
13.20064736  
11.27875319  
5.674647555  
-2.51736009  
-11.27088027  
-18.20718272  
-21.33109235  
-19.68352353  
-13.68892722  
-5.070410678  
3.653501202  
9.936253594  
11.98923793  
9.330858069  
2.919232361  
-5.173786868  
-12.4375385  
-16.72156949  
-16.89497722  
-13.15274222  
-6.877836914  
-0.1193599805  
5.124669948  
7.569867773  
7.029337739  
4.397726433  
1.257148729  
-0.7414472797  
-0.4931607435  
2.17021023  
6.447966223  
10.89829533  
13.99688602  
14.71529793  
12.90413887  
9.340654672  
5.425676916  
2.644857189  
1.996358877  
3.599719198  
6.634082638  
9.632589492  
11.02776454  
9.748737554  
5.649410126  
-0.3939844604  
-6.758331106  
-11.6285184  
-13.63465659  
-12.34159806  
-8.411146868  
-3.373508418  
0.9146398277  
2.933621474  
2.047303307  
-1.266707738  
-5.591102693  
-9.090044966  
-10.19405006  
-8.202569194  
-3.583409032  
2.147347596  
6.933051142  
8.900626885  
7.048719873  
1.654256533  
-5.754620922  
-12.86279265  
-17.32072836  
-17.53378976  
-13.21943843  
-5.538881499  
3.248032568  
10.49484989  
14.01346724  
12.77267646  
7.220317031  
-0.8745172273  
-9.002125365  
-14.71898426  
-16.4119144  
-13.77023538  
-7.819220423  
-0.517941284  
5.929907183  
9.811840982  
10.44042185  
8.312612417  
4.854831362  
1.856449335  
0.7981573988  
2.311870028  
5.9573062  
10.38660387  
13.83291115  
14.74845669  
12.3694153  
7.013638312  
0.01135343011  
-6.705379913  
-11.21462678  
-12.21389227  
-9.428241666  
-3.689730354  
3.328605784  
9.629139277  
13.4851014  
13.92697762  
10.97646579  
5.573003496  
-0.7618199843  
-6.398263013  
-10.0546261  
-11.10011499  
-9.631428227  
-6.330037978  
-2.176089384  
1.869383995  
5.108520238  
7.212868226  
8.185957799  
8.228468575  
7.579986491  
6.407077661  
4.77617081  
2.706614145  
0.2627107137  
-2.371935838  
-4.883613071  
-6.895584249  
-8.089674494  
-8.330885584  
-7.737739976  
-6.660127788  
-5.563330764  
-4.85665883  
-4.731498746  
-5.075161987  
-5.501594126  
-5.496579626  
-4.629728936  
-2.75563069  
-0.1247335016  
2.647133753  
4.752235182  
5.455876991  
4.36397598  
1.597321422  
-2.196109063  
-6.00629117  
-8.757934273  
-9.64537035  
-8.394767115  
-5.363532944  
-1.438808307  
2.236487493  
4.623317907  
5.11507077  
3.727082869  
1.08444625  
-1.788060369  
-3.804545965  
-4.173419396  
-2.652967406  
0.3756071701  
4.03916252  
7.261341925  
9.11134073  
9.097015592  
7.30742088  
4.362121402  
1.189800107  
-1.285020732  
-2.44004079  
-2.139355863  
-0.7465630604  
1.030743526  
2.405684588  
2.791494488  
1.999492029  
0.2908123603  
-1.730220697  
-3.337982691  
-3.941003999  
-3.280365306  
-1.50343594  
0.9083757674  
3.326522442  
5.205284327  
6.269202832  
6.589513494  
6.522741638  
6.535734307  
6.983778045  
7.926845543  
9.056866447  
9.770026963  
9.366541598  
7.313306518  
3.479529123  
-1.739473287  
-7.460775763  
-12.5128898  
-15.74080865  
-16.32675283  
-14.02960252  
-9.270073551  
-3.035944199  
3.363906611  
8.623475193  
11.74821949  
12.26403446  
10.27698991  
6.381583817  
1.459846979  
-3.559032588  
-7.905923255  
-11.09365684  
-12.93630657  
-13.48445681  
-12.91954596  
-11.45600284  
-9.286460818  
-6.580033964  
-3.51744263  
-0.3304418063  
2.687237508  
5.214962271  
6.979789111  
7.842015114  
7.85286013  
7.251959538  
6.394348806  
5.625540274  
5.14783013  
4.930401581  
4.70479936  
4.058527258  
2.602288138  
0.1548166181  
-3.124228916  
-6.711256616  
-9.828914868  
-11.66614113  
-11.64207445  
-9.62522685  
-6.026575088  
-1.722090605  
2.184178869  
4.689343249  
5.209339786  
3.777877839  
1.052799654  
-1.883199668  
-3.871821196  
-4.069003923  
-2.246627277  
1.099500873  
4.880978388  
7.754968419  
8.565988302  
6.748955122  
2.557839299  
-2.963677613  
-8.271258396  
-11.78528458  
-12.38845919  
-9.796294419  
-4.677463857  
1.521743784  
7.000814628  
10.14802894  
10.03465816  
6.70516195  
1.171171616  
-4.890120687  
-9.639716394  
-11.62610617  
-10.21036488  
-5.737889579  
0.5911770482  
7.105838244  
12.17679992  
14.69512825  
14.36973248  
11.75815433  
8.032277818  
4.564473028  
2.473352621  
2.275798627  
3.751896752  
6.05684586  
8.03329078  
8.615095241  
7.188969723  
3.799594813  
-0.8609294684  
-5.667207875  
-9.402296825  
-11.11520432  
-10.38389642  
-7.410281683  
-2.930949027  
2.014368529  
6.374633939  
9.347280553  
10.53376698  
9.960025715  
7.977665384  
5.097708809  
1.822807944  
-1.466523581  
-4.544572465  
-7.299496187  
-9.653815788  
-11.49212544  
-12.63349241  
-12.86323438  
-12.01134425  
-10.04389654  
-7.127126864  
-3.633477458  
-0.08061426175  
2.980618721  
5.09457522  
6.005166567  
5.704829779  
4.416447407  
2.519068228  
0.4453041825  
-1.416209385  
-2.786785234  
-3.52122039  
-3.595348095  
-3.075831532  
-2.092315589  
-0.8239270434  
0.5013283378  
1.608038846  
2.193780708  
1.980326556  
0.7924269638  
-1.356998798  
-4.208643033  
-7.259136259  
-9.842802187  
-11.28586116  
-11.09736574  
-9.140532817  
-5.724563025  
-1.574435935  
2.329247412  
5.006301929  
5.759700761  
4.399873045  
1.336064201  
-2.504033324  
-5.914166363  
-7.746222761  
-7.247313383  
-4.295704615  
0.5395161645  
6.13927272  
11.13993006  
14.31663348  
14.93253689  
12.95034561  
9.042703797  
4.397734464  
0.3770557308  
-1.872738853  
-1.741093215  
0.6855859964  
4.666846606  
9.037475118  
12.55112637  
14.2345205  
13.64868634  
10.98490606  
6.974812703  
2.650091152  
-0.9695503623  
-3.163833745  
-3.69049128  
-2.807902763  
-1.144444934  
0.5359867347  
1.593167885  
1.711329412  
0.9802785144  
-0.1643320279  
-1.117293597  
-1.335853356  
-0.549956108  
1.11889593  
3.170031378  
4.865292187  
5.456792427  
4.429920228  
1.684724425  
-2.403198751  
-7.065054303  
-11.34342866  
-14.35997186  
-15.56640669  
-14.90210164  
-12.80818097  
-10.0904787  
-7.669675295  
-6.292520578  
-6.292157997  
-7.473211895  
-9.161534095  
-10.40901366  
-10.29573133  
-8.239243371  
-4.214832229  
1.186036592  
6.885230213  
11.60485148  
14.23133974  
14.14946062  
11.44364983  
6.900415086  
1.80350309  
-2.423951175  
-4.628064681  
-4.263039266  
-1.557471238  
2.544938277  
6.656588577  
9.35150157  
9.586375481  
7.012621464  
2.087133783  
-4.050421358  
-9.896031035  
-13.99977865  
-15.36034415  
-13.68148903  
-9.420949313  
-3.626630532  
2.381029154  
7.378307335  
10.54713363  
11.63743972  
10.94809185  
9.150965691  
7.030223364  
5.229425338  
4.0873568  
3.605062397  
3.53641605  
3.55092109  
3.395610631  
2.990040508  
2.42053446  
1.84422246  
1.352589413  
0.8628236977  
0.09573456419  
-1.335642103  
-3.749625592  
-7.195765923  
-11.31418021  
-15.32526936  
-18.17959698  
-18.84072823  
-16.62111516  
-11.46193962  
-4.054727856  
4.254419463  
11.77014835  
16.88580422  
18.52858352  
16.47632003  
11.44353148  
4.901631443  
-1.320788098  
-5.543222263  
-6.695505071  
-4.600520326  
0.004677389241  
5.711268833  
10.86652848  
14.05425735  
14.48259327  
12.16726727  
7.865591321  
2.795700997  
-1.759406347  
-4.832559548  
-6.019776302  
-5.526045169  
-4.010944409  
-2.301313462  
-1.078334977  
-0.6488156304  
-0.8754123877  
-1.281683847  
-1.285534725  
-0.4705824363  
1.206465116  
3.350013958  
5.22798036  
6.009380848  
5.056465424  
2.170874559  
-2.292132084  
-7.483895476  
-12.28210601  
-15.60289737  
-16.70829923  
-15.41390666  
-12.1340732  
-7.753381731  
-3.367102872  
0.02810848363  
1.799897651  
1.826540971  
0.4880434206  
-1.484890872  
-3.249229089  
-4.098288889  
-3.647019414  
-1.905842414  
0.7664494296  
3.802358762  
6.604066383  
8.700969044  
9.840901145  
9.996994524  
9.30278507  
7.951337161  
6.102661331  
3.835689639  
1.160554696  
-1.918186338  
-5.317281015  
-8.808272191  
-12.0019942  
-14.39951095  
-15.50124641  
-14.94436257  
-12.62641431  
-8.774488655  
-3.933382028  
1.130586754  
5.589084648  
8.734817709  
10.14102506  
9.756146345  
7.909751608  
5.229146596  
2.48912924  
0.4334794298  
-0.3878536542  
0.2717474184  
2.32129689  
5.374996799  
8.85495609  
12.12397601  
14.61484986  
15.92797393  
15.88119645  
14.51016929  
12.03011864  
8.776731469  
5.144331667  
1.533821112  
-1.685357634  
-4.202697251  
-5.790593114  
-6.330392874  
-5.840114382  
-4.495957995  
-2.634337703  
-0.721273449  
0.7172856069  
1.198429606  
0.3989031605  
-1.744532298  
-4.98315313  
-8.776517996  
-12.3908827  
-15.05897141  
-16.16384059  
-15.39799266  
-12.85160285  
-9.000816529  
-4.594741921  
-0.4694611121  
2.65972534  
4.368822663  
4.609666225  
3.685561361  
2.128766818  
0.5211259555  
-0.6834667649  
-1.277983771  
-1.326572572  
-1.091297994  
-0.89225303  
-0.9551247668  
-1.304325336  
-1.742874093  
-1.928152036  
-1.516397977  
-0.3216778576  
1.572855616  
3.798799261  
5.795567811  
6.98675174  
6.981149912  
5.726930112  
3.559733399  
1.120147299  
-0.8388623345  
-1.693734278  
-1.160133624  
0.6030464046  
3.035405563  
5.3531017  
6.806009646  
6.927401359  
5.689683401  
3.510545071  
1.104965786  
-0.7671774028  
-1.570077057  
-1.18203283  
0.06295520671  
1.499793388  
2.381391483  
2.164214973  
0.7263487749  
-1.564912364  
-3.9671307  
-5.624703711  
-5.88962627  
-4.586369771  
-2.120685732  
0.6168391614  
2.530875966  
2.697119817  
0.7073590133  
-3.138411772  
-7.868324013  
-12.10417999  
-14.47896088  
-14.07467955  
-10.73703813  
-5.159570473  
1.297359525  
7.00124758  
10.5340282  
11.11738856  
8.842124757  
4.629534762  
-0.0614258281  
-3.686371383  
-5.082947429  
-3.807382463  
-0.2393063005  
4.56910443  
9.241263783  
12.50260374  
13.54686766  
12.2304548  
9.045159536  
4.895238333  
0.7675780854  
-2.586518753  
-4.851565499  
-6.171621101  
-7.004382973  
-7.871980946  
-9.10784022  
-10.69529681  
-12.25581079  
-13.18761641  
-12.90039324  
-11.05729291  
-7.734460814  
-3.438848268  
1.023805114  
4.786037627  
7.180210006  
7.936753778  
7.254581336  
5.723547899  
4.128278657  
3.200203292  
3.398083992  
4.783574937  
7.023792471  
9.510557612  
11.5506671  
12.56428568  
12.23325665  
10.56371945  
7.858068719  
4.618535425  
1.419722758  
-1.212539871  
-2.890825875  
-3.415821292  
-2.791497259  
-1.216517679  
0.9406958652  
3.183439501  
4.95095289  
5.710072125  
5.06883324  
2.891305914  
-0.6202612968  
-4.912835303  
-9.164306016  
-12.45817914  
-14.0171341  
-13.43372152  
-10.82549177  
-6.854788078  
-2.589155264  
0.7728423861  
2.239207886  
1.326813038  
-1.767680628  
-6.189885408  
-10.64734705  
-13.76936622  
-14.50301081  
-12.42603966  
-7.880073967  
-1.881227282  
4.166105651  
8.865669712  
11.21564644  
10.86935613  
8.195929905  
4.130627393  
-0.130168317  
-3.488355211  
-5.245381632  
-5.257615963  
-3.909685992  
-1.92999169  
-0.1208897377  
0.9026692887  
0.8836468756  
-0.04208834337  
-1.441487237  
-2.762879777  
-3.526988369  
-3.464496819  
-2.56149489  
-1.012309532  
0.8868042364  
2.852284185  
4.689762435  
6.308586241  
7.680746067  
8.775436143  
9.509768335  
9.746478377  
9.345434188  
8.248014406  
6.554152362  
4.549924268  
2.660625164  
1.33411292  
0.890064914  
1.389787865  
2.579909564  
3.940540079  
4.83206929  
4.697743978  
3.255624383  
0.6130465856  
-2.739626463  
-6.059064827  
-8.563596072  
-9.663704246  
-9.133804472  
-7.170760717  
-4.323155891  
-1.318811007  
1.149408029  
2.608770393  
2.906736433  
2.203096892  
0.8705824594  
-0.6494280105  
-1.979106656  
-2.879535388  
-3.253159868  
-3.090211121  
-2.398978923  
-1.163757273  
0.642448424  
2.993290952  
5.725273591  
8.483849829  
10.74270989  
11.91245054  
11.5160868  
9.374290191  
5.727890841  
1.237775263  
-3.159059945  
-6.506623446  
-8.123120915  
-7.830962223  
-6.036864377  
-3.621296905  
-1.661081806  
-1.070174223  
-2.278491717  
-5.062907014  
-8.597555894  
-11.71706395  
-13.31111845  
-12.71856197  
-9.983253966  
-5.876196885  
-1.666068021  
1.29277636  
2.019701456  
0.2580906136  
-3.407471689  
-7.71497582  
-11.12260443  
-12.31203691  
-10.63039172  
-6.321210938  
-0.4635169563  
5.364893283  
9.591175321  
11.15283386  
9.838367878  
6.351345435  
2.078009596  
-1.363571264  
-2.644022291  
-1.143543575  
2.860074114  
8.290441428  
13.618052  
17.3335093  
18.39374373  
16.50280458  
12.14973967  
6.409109329  
0.5855521207  
-4.172455803  
-7.165697587  
-8.2626079  
-7.827550687  
-6.508532906  
-4.975241566  
-3.703464173  
-2.872500473  
-2.392095884  
-2.025090407  
-1.540569402  
-0.829771395  
0.0580856453  
0.9632761786  
1.712289743  
2.210707674  
2.485062124  
2.653920802  
2.844228351  
3.097228597  
3.315779783  
3.2878023  
2.785795337  
1.704377117  
0.1738704671  
-1.410291605  
-2.473500397  
-2.448061681  
-0.9987033249  
1.798884883  
5.405814732  
8.933619308  
11.40315147  
12.06984672  
10.7025429  
7.708866823  
4.046679198  
0.9338970486  
-0.5569319517  
0.114977574  
2.728215323  
6.315377393  
9.43533211  
10.62235315  
8.8679146  
3.973903314  
-3.345570843  
-11.65419302  
-19.21735646  
-24.52168821  
-26.71812376  
-25.8419312  
-22.73962798  
-18.73368888  
-15.14640803  
-12.85186397  
-12.01270027  
-12.0906106  
-12.1200642  
-11.13915759  
-8.614330712  
-4.697550128  
-0.2152975092  
3.613075122  
5.629567089  
5.19989852  
2.511627997  
-1.409907891  
-4.98766509  
-6.593189436  
-5.094633572  
-0.2642563008  
7.098772348  
15.37969773  
22.62960669  
27.16053254  
28.05833736  
25.44455462  
20.4030441  
14.59990244  
9.727294385  
6.958625327  
6.595217034  
8.016572437  
9.941826054  
10.90521514  
9.779143657  
6.167238637  
0.5390852848  
-5.930584494  
-11.75454359  
-15.61816293  
-16.79155245  
-15.33447148  
-12.03481428  
-8.113542409  
-4.805589482  
-2.962447004  
-2.807174199  
-3.91434108  
-5.407819463  
-6.296819309  
-5.829215044  
-3.743400072  
-0.3419157176  
3.624845492  
7.212696604  
9.581680147  
10.23817078  
9.148903594  
6.704357183  
3.560912197  
0.4273907044  
-2.12886733  
-3.798855862  
-4.549203091  
-4.555352526  
-4.092273738  
-3.430868307  
-2.775058444  
-2.249776704  
-1.925399007  
-1.850147996  
-2.06366074  
-2.580152055  
-3.350272911  
-4.226700352  
-4.961709302  
-5.25338698  
-4.835361926  
-3.582336022  
-1.590461615  
0.8052537835  
3.094977602  
4.728625817  
5.282063518  
4.600358446  
2.867176879  
0.5719044041  
-1.61996067  
-3.054507761  
-3.276304613  
-2.155629404  
0.08241693468  
2.932156306  
5.75628116  
7.958326517  
9.124040148  
9.092875688  
7.948956152  
5.95002277  
3.43176248  
0.7269967521  
-1.875163203  
-4.128545957  
-5.807942141  
-6.696670717  
-6.608539352  
-5.449111627  
-3.296186891  
-0.4606725351  
2.513484693  
4.93490878  
6.129118376  
5.640239688  
3.405186707  
-0.1662167169  
-4.248086685  
-7.792393265  
-9.812432162  
-9.672727126  
-7.293092047  
-3.196475071  
1.622080535  
5.970389712  
8.794804808  
9.47207195  
7.966046685  
4.802393954  
0.8746373306  
-2.849515781  
-5.621004572  
-7.104504992  
-7.415762261  
-6.998569138  
-6.395675259  
-6.004353837  
-5.910062598  
-5.860412949  
-5.387713247  
-4.031757281  
-1.575921475  
1.79687775  
5.493735066  
8.659599687  
10.43824466  
10.2585275  
8.046499599  
4.287193994  
-0.08974384545  
-3.967061037  
-6.358224183  
-6.68594601  
-4.934373718  
-1.631299647  
2.327157277  
5.947516073  
8.417013526  
9.304338313  
8.6299081  
6.798773728  
4.433342896  
2.170352776  
0.489055738  
-0.3825652954  
-0.4700932652  
0.01722707477  
0.7890200534  
1.567138766  
2.142313419  
2.388652682  
2.250013548  
1.720811956  
0.8387963168  
-0.3073013681  
-1.567803676  
-2.740107252  
-3.609559622  
-4.02130833  
-3.960258842  
-3.602156924  
-3.299982702  
-3.489388145  
-4.529143762  
-6.52543739  
-9.207889278  
-11.9194917  
-13.75028888  
-13.79447436  
-11.45956343  
-6.724834339  
-0.2487486512  
6.734530525  
12.72182608  
16.37022516  
16.91635533  
14.44305557  
9.890435261  
4.787934584  
0.7780843451  
-0.9202786107  
0.06909603295  
3.128283138  
6.827310059  
9.395500614  
9.335547886  
5.976888534  
-0.2248609622  
-7.75838631  
-14.49236933  
-18.34700629  
-17.98613068  
-13.29850092  
-5.498594178  
3.201588163  
10.25659247  
13.57991459  
12.20908195  
6.62399026  
-1.391042045  
-9.302842841  
-14.62651634  
-15.70768687  
-12.23706554  
-5.331872948  
2.839415034  
9.763108701  
13.38429946  
12.7465981  
8.263213794  
1.539472225  
-5.184076565  
-9.775420299  
-10.89234954  
-8.379348377  
-3.259082079  
2.663675387  
7.438982165  
9.626839345  
8.749551042  
5.3967149  
0.961545825  
-2.886206529  
-4.798858706  
-4.211082171  
-1.506861354  
2.155261716  
5.286768397  
6.619908416  
5.568539734  
2.439456048  
-1.674538024  
-5.276387136  
-6.984031826  
-6.00601338  
-2.412384347  
2.885191539  
8.428411402  
12.67382256  
14.46075126  
13.33130377  
9.606924906  
4.214958545  
-1.654973789  
-6.93151942  
-10.94324369  
-13.5121301  
-14.84672524  
-15.30029028  
-15.10875354  
-14.22638173  
-12.33377735  
-9.019864523  
-4.065103073  
2.294323199  
9.243198472  
15.4806439  
19.52783088  
20.16540237  
16.85940339  
10.02554112  
1.025121919  
-8.130670716  
-15.29609924  
-18.77789717  
-17.81632076  
-12.8096621  
-5.207785707  
2.898426147  
9.370979897  
12.62512389  
12.05802459  
8.182023934  
2.430286825  
-3.297543103  
-7.205850925  
-8.1158217  
-5.771205348  
-0.8569979785  
5.258188721  
10.96221567  
14.87809944  
16.23466032  
15.02513524  
11.92231519  
7.996460976  
4.340587995  
1.729284366  
0.4172551328  
0.1312755916  
0.2426201924  
0.04857188284  
-0.9402805671  
-2.806764162  
-5.191627471  
-7.424023544  
-8.770011719  
-8.712326404  
-7.165190876  
-4.549850057  
-1.701947009  
0.3640560015  
0.7626115295  
-0.9770146592  
-4.734930102  
-9.790668471  
-14.98609568  
-19.01779367  
-20.77829346  
-19.65190931  
-15.6842765  
-9.580151592  
-2.531554224  
4.076265133  
9.00209288  
11.44118676  
11.19938877  
8.708823588  
4.887616892  
0.8860339754  
-2.211452234  
-3.650930522  
-3.1756665  
-1.058040904  
2.003873787  
5.091636472  
7.316662175  
8.050424155  
7.078478688  
4.644272282  
1.377655197  
-1.868606726  
-4.230304404  
-5.038350178  
-3.971994959  
-1.125731083  
3.021089319  
7.719799691  
12.12242994  
15.46516218  
17.2237229  
17.20808346  
15.57928115  
12.78933772  
9.462324264  
6.246491746  
3.672298207  
2.047875512  
1.413352121  
1.560746893  
2.110391225  
2.621652248  
2.708453169  
2.130198285  
0.8365163724  
-1.04245599  
