7.327000697  
6.935337358  
6.366929766  
5.961735639  
5.986699167  
6.519940302  
7.390422333  
8.201882778  
8.442625697  
7.652255344  
5.593150912  
2.367665056  
-1.564429849  
-5.483205877  
-8.597546722  
-10.27036081  
-10.20931511  
-8.560369216  
-5.871138681  
-2.932790997  
-0.5492539221  
0.6931570485  
0.582463036  
-0.6846871416  
-2.598911243  
-4.528485042  
-5.937550012  
-6.557482094  
-6.454583086  
-5.974444645  
-5.586764213  
-5.688844211  
-6.439725222  
-7.68496453  
-8.999408853  
-9.833229946  
-9.710028189  
-8.407658657  
-6.058476994  
-3.133445651  
-0.3141743869  
1.705736603  
2.426035237  
1.687285585  
-0.2834721636  
-2.938738957  
-5.562960521  
-7.461433852  
-8.129200634  
-7.355483695  
-5.243945285  
-2.156678958  
1.389344891  
4.837163849  
7.685998446  
9.554039586  
10.2097223  
9.583918492  
7.776035313  
5.058580661  
1.872765496  
-1.200760018  
-3.51101808  
-4.44899732  
-3.587554808  
-0.8148239074  
3.58242468  
8.923474639  
14.24320158  
18.49196056  
20.78021102  
20.60243517  
17.97482318  
13.44230607  
7.947553627  
2.59562526  
-1.619922795  
-4.05188594  
-4.529998996  
-3.354996967  
-1.166386856  
1.267796685  
3.269860512  
4.412985183  
4.580738837  
3.919904944  
2.717584095  
1.256922987  
-0.291617585  
-1.904721109  
-3.659293001  
-5.630018392  
-7.779237501  
-9.890198191  
-11.57813915  
-12.38366212  
-11.92059374  
-10.02790814  
-6.870645579  
-2.949599151  
0.9909546289  
4.134726073  
5.795201144  
5.588931745  
3.530613318  
0.02487257821  
-4.238879577  
-8.454645949  
-11.88183361  
-13.99278675  
-14.55295645  
-13.62404288  
-11.50310551  
-8.625555258  
-5.46339993  
-2.443031274  
0.1061410779  
1.973833678  
3.071354206  
3.424692976  
3.163637559  
2.505557825  
1.728227931  
1.127119523  
0.9589094395  
1.381618111  
2.408428167  
3.892841123  
5.55584038  
7.052941862  
8.064731176  
8.384520885  
7.975318193  
6.976874902  
5.659524052  
4.339532652  
3.283834675  
2.635737325  
2.385494509  
2.393405726  
2.454401871  
2.378581759  
2.057690823  
1.494241928  
0.7856190356  
0.07336650638  
-0.5186240811  
-0.9299653487  
-1.174392225  
-1.311871191  
-1.396393171  
-1.42542538  
-1.317681728  
-0.9349399422  
-0.144733371  
1.098338357  
2.68652441  
4.34030346  
5.654510432  
6.20274446  
5.67005856  
3.969523219  
1.299490429  
-1.88434565  
-4.979751696  
-7.400179632  
-8.737480663  
-8.87181649  
-7.992103585  
-6.520108549  
-4.964556834  
-3.755675671  
-3.117281794  
-3.019590999  
-3.226423995  
-3.415866884  
-3.326409536  
-2.871205175  
-2.175198662  
-1.519236867  
-1.211405982  
-1.435281116  
-2.136208281  
-2.995381747  
-3.510633787  
-3.163217151  
-1.615813743  
1.128890937  
4.670671668  
8.285205792  
11.11446213  
12.41868501  
11.81056907  
9.394232552  
5.759841059  
1.829948202  
-1.398600073  
-3.139375435  
-3.040720103  
-1.28142696  
1.49004132  
4.352040244  
6.380005303  
6.907993721  
5.704921777  
3.018290165  
-0.5193707028  
-4.084729331  
-6.89479354  
-8.405677009  
-8.426157439  
-7.124034903  
-4.937775897  
-2.432177969  
-0.1474768999  
1.515214895  
2.34848226  
2.333177441  
1.592050943  
0.3299832164  
-1.215295353  
-2.800500692  
-4.185305605  
-5.135665556  
-5.437348831  
-4.927953525  
-3.543312362  
-1.362334635  
1.371190691  
4.267636018  
6.856885688  
8.688861546  
9.443475324  
9.017349602  
7.558661265  
5.435492461  
3.142925591  
1.173140103  
-0.1152387103  
-0.5912164009  
-0.3819337727  
0.1691999554  
0.6049835731  
0.4890267666  
-0.4642252645  
-2.298704517  
-4.788737636  
-7.480868468  
-9.795242174  
-11.16233216  
-11.16333831  
-9.642126453  
-6.762933692  
-2.999178231  
0.9473614201  
4.283492068  
6.291685654  
6.493011355  
4.769425746  
1.414254821  
-2.907136097  
-7.285189945  
-10.75963749  
-12.53685027  
-12.17911493  
-9.71637738  
-5.647412621  
-0.8245740728  
3.752331644  
7.181128014  
8.876226494  
8.701620688  
6.981243405  
4.385142906  
1.726371533  
-0.2699021146  
-1.155738756  
-0.852860812  
0.3756261781  
2.058764175  
3.707043765  
4.990666018  
5.845150692  
6.468943648  
7.216077108  
8.4242961  
10.24250957  
12.52246596  
14.8177826  
16.49602098  
16.92959745  
15.70245104  
12.76229955  
8.465228422  
3.494862225  
-1.319751266  
-5.229687063  
-7.763073644  
-8.831796763  
-8.717214911  
6.078635125  
-1.107594886  
-7.376783218  
-11.74625795  
-13.72217023  
-13.38649742  
-11.32268818  
-8.410404933  
-5.558534175  
-3.460397055  
-2.442072985  
-2.439337718  
-3.094252643  
-3.924460684  
-4.499639274  
-4.565375518  
-4.081217245  
-3.175406746  
-2.049868964  
-0.8837247762  
0.2225786108  
1.243850287  
2.178583159  
2.983844813  
3.538009367  
3.659867988  
3.185294029  
2.072487638  
0.4871221496  
-1.180747447  
-2.393873541  
-2.628081282  
-1.567179497  
0.7384791391  
3.817695022  
6.866013395  
8.964323944  
9.367580662  
7.770062932  
4.451823509  
0.2436015757  
-3.694740175  
-6.22303597  
-6.589482224  
-4.697499652  
-1.175831075  
2.782587584  
5.772327635  
6.612275709  
4.730067833  
0.369212313  
-5.451953783  
-11.22178872  
-15.37246522  
-16.73749815  
-14.88782976  
-10.24391996  
-3.933370914  
2.555433651  
7.810027  
10.88233365  
11.5109564  
10.1175052  
7.592560336  
4.954092388  
2.998123858  
2.05717681  
1.939584392  
2.058132511  
1.692260203  
0.2857968426  
-2.324725868  
-5.827325628  
-9.520430644  
-12.53218919  
-14.09485839  
-13.78134596  
-11.62840032  
-8.112634773  
-3.995684271  
-0.09616393832  
2.934766237  
4.765227081  
5.42269964  
5.223281726  
4.62662321  
4.072672214  
3.854746502  
4.063617723  
4.608082249  
5.290365133  
5.899084144  
6.282623527  
6.379675756  
6.204445999  
5.802802965  
5.205501359  
4.402321502  
3.349032478  
2.002941204  
0.3696059487  
-1.461777051  
-3.312119272  
-4.941225548  
-6.103470472  
-6.611878056  
-6.389197085  
-5.489812789  
-4.087028148  
-2.431885341  
-0.7977058656  
0.5735629029  
1.511117074  
1.936370298  
1.867243211  
1.410941253  
0.7495049868  
0.1186856995  
-0.2227431422  
-0.03626832026  
0.8418422753  
2.443764376  
4.627407604  
7.066865246  
9.290293792  
10.76703916  
11.02913292  
9.797292115  
7.074501832  
3.175171849  
-1.32539566  
-5.712689717  
-9.294255355  
-11.55516668  
-12.26307479  
-11.4940767  
-9.57646923  
-6.976165883  
-4.165446721  
-1.519297188  
0.7302513749  
2.476181234  
3.675474903  
4.28247093  
4.214844773  
3.374243767  
1.716777742  
-0.6580550716  
-3.446279607  
-6.147984528  
-8.163526151  
-8.960172552  
-8.258501554  
-6.170245573  
-3.226227448  
-0.2650080018  
1.799748198  
2.268556813  
0.9091638791  
-1.917434295  
-5.313948348  
-8.085221469  
-9.094691815  
-7.630881452  
-3.665084511  
2.089766676  
8.348440082  
13.60710274  
16.57595531  
16.55676464  
13.64604129  
8.698910371  
3.065008097  
-1.819167038  
-4.851559052  
-5.566998462  
-4.229022277  
-1.689725722  
0.9278003578  
2.613851662  
2.795044973  
1.493099914  
-0.7241474372  
-2.971705271  
-4.3695212  
-4.343840531  
-2.807064698  
-0.1622359509  
2.858628072  
5.456569135  
7.03173479  
7.361806635  
6.637772508  
5.355691142  
4.113824631  
3.394198999  
3.406908962  
4.04644263  
4.964400422  
5.719836915  
5.943295094  
5.451534295  
4.275253486  
2.600232187  
0.6576531458  
-1.382341203  
-3.46508347  
-5.630998664  
-7.932907229  
-10.33300536  
-12.63280123  
-14.47712047  
-15.44242694  
-15.18252712  
-13.57658871  
-10.81761305  
-7.397808056  
-3.984726684  
-1.224557992  
0.4601760188  
1.004641663  
0.7150389216  
0.1513907604  
-0.08191069357  
0.4361089144  
1.780074655  
3.641751372  
5.436378852  
6.515836295  
6.412319128  
5.023426997  
2.669485818  
-0.0001897610064  
-2.220237825  
-3.365591188  
-3.158975211  
-1.754884803  
0.3293041783  
2.408307419  
3.876837437  
4.418317923  
4.097870476  
3.307261735  
2.585979508  
2.389697516  
2.897403509  
3.933326337  
5.035224956  
5.643346542  
5.336325942  
4.020228547  
1.993007451  
-0.1464828979  
-1.715636747  
-2.211497842  
-1.519213361  
0.01860756531  
1.705712711  
2.73836169  
2.507345588  
0.8445605319  
-1.880984057  
-4.860327218  
-7.107353794  
-7.797527639  
-6.562077748  
-3.630084255  
0.236353751  
3.994443806  
6.672522645  
7.695711566  
7.067591504  
5.341330834  
3.39020026  
2.061601537  
1.842926922  
2.665174574  
3.921243652  
4.697270383  
4.13586314  
1.798670271  
-2.108127213  
-6.735665831  
-10.83164793  
-13.14118579  
-12.83301735  
-9.802081973  
-4.739520332  
1.05934733  
6.087790408  
9.089956892  
9.437262695  
7.293634743  
3.518145012  
-0.6553030991  
-4.045487832  
-5.908583714  
-6.149173199  
-5.291665932  
-4.232993385  
-3.874569001  
-4.771510212  
-6.926030731  
-9.795164917  
-12.50194649  
-14.16420205  
-14.21381851  
-12.58642265  
-9.713550453  
-6.326479992  
-3.153493176  
-0.6330456028  
1.2414522  
2.881380369  
4.880689654  
7.698790936  
11.37713613  
15.41070239  
18.84092976  
20.55378898  
19.68592818  
15.99359688  
10.04240426  
3.131817837  
-3.041654309  
-6.885636372  
-7.41736481  
-4.603778417  
0.5850000536  
6.438538631  
11.01110764  
12.71337407  
10.80450012  
5.628533233  
-1.479612831  
-8.588067127  
-13.73690209  
-15.50447717  
-13.39920152  
-7.96478912  
-0.5807823348  
6.964646445  
12.98645772  
16.33925885  
16.65406336  
14.3235872  
10.26826884  
5.581907827  
1.184419933  
-2.406928586  
-5.128315361  
-7.249901547  
-9.15208027  
-11.09341815  
-13.05988352  
-14.7472628  
-15.67545963  
-15.38454886  
-13.6349539  
-10.536188  
-6.557439726  
-2.416762706  
1.112321858  
3.412036154  
4.182162455  
3.505492706  
1.803738012  
-0.2944150734  
-2.127214776  
-3.162978268  
-3.11006748  
-1.953085144  
0.08126621212  
2.60689644  
5.180126167  
7.393876454  
8.94702043  
9.682656093  
9.596901629  
8.823145444  
7.596403674  
6.20177033  
4.912238834  
3.925153747  
3.311516744  
2.994530607  
2.770019278  
2.3707068  
1.561067189  
0.2350702886  
-1.517815349  
-3.408058191  
-5.01503937  
-5.916283327  
-5.839040045  
-4.782312814  
-3.060904682  
-1.245036476  
-0.003702835758  
0.1045811457  
-1.173576574  
-3.675124891  
-6.838276932  
-9.853603644  
-11.90678901  
-12.43656388  
-11.32139662  
-8.928171102  
-6.00030537  
-3.417008341  
-1.901032764  
-1.772760485  
-2.835841492  
-4.436805192  
-5.682514559  
-5.74473562  
-4.149862319  
-0.9551128898  
3.250097289  
7.520131358  
10.84882397  
12.48667233  
12.17428916  
10.21574442  
7.37008857  
4.60055456  
2.767572136  
2.367958521  
3.40363008  
5.416375115  
7.667937011  
9.396992765  
10.06287205  
9.496504072  
7.916512659  
5.818027861  
3.785035173  
2.298792023  
1.608465631  
1.700155798  
2.359685197  
3.289623053  
4.224932977  
4.999858082  
5.546025146  
5.835959475  
5.812088345  
5.347704409  
4.270381639  
2.446739434  
-0.1058853789  
-3.135465731  
-6.150311655  
-8.51711609  
-9.644309746  
-9.193175286  
-7.238296671  
-4.307436456  
-1.26841895  
0.9151115521  
1.485671085  
0.1498854251  
-2.802243404  
-6.568504597  
-10.08296063  
-12.36431271  
-12.84679251  
-11.57666076  
-9.200138693  
-6.739965209  
-5.233127358  
-5.35438895  
-7.159422443  
-10.04262551  
-12.93071683  
-14.64941774  
-14.337011  
-11.75875756  
-7.408240027  
-2.355382201  
2.109450418  
4.912229412  
5.559185878  
4.298041877  
2.017729169  
-0.07907868865  
-0.9142693311  
0.07401257414  
2.728418314  
6.23337364  
9.420034465  
11.20604321  
11.01006549  
8.987656832  
5.997441308  
3.303347188  
2.115048688  
3.130131153  
6.244914779  
10.54423485  
14.58295858  
16.86798739  
16.37601562  
12.92596916  
7.272467389  
0.8820367459  
-4.536366859  
-7.588702944  
-7.651470342  
-5.06975521  
-1.029953269  
2.849201986  
5.067300476  
4.747040652  
1.922783064  
-2.481888645  
-6.975056399  
-10.00202789  
-10.46116101  
-8.056148545  
-3.371068713  
2.347697585  
7.618173853  
11.20526912  
12.49289796  
11.62436952  
9.375062525  
6.8161503  
4.898844841  
4.110982236  
4.325663422  
4.888355385  
4.901507228  
3.596259782  
0.6529413734  
-3.645465653  
-8.479630387  
-12.75299566  
-15.44922013  
-15.9617592  
-14.28330527  
-10.99560226  
-7.071444106  
-3.564169995  
-1.293983673  
-0.6340844873  
-1.457811848  
-3.247777257  
-5.312174026  
-7.021902709  
-7.984583228  
-8.104374038  
-7.525193069  
-6.499636532  
-5.249715481  
-3.880686105  
-2.379558027  
-0.6889930043  
1.187220426  
3.104911323  
4.772134578  
5.826616232  
5.971733373  
5.115535229  
3.450943648  
1.435113703  
-0.3354179303  
-1.314831475  
-1.195558836  
-0.02223047048  
1.814328625  
3.705626443  
5.032870817  
5.378618423  
4.665195822  
3.168946941  
1.405900795  
-0.0667615597  
-0.8569550102  
-0.8722834657  
-0.3316917014  
0.3487610538  
0.7487591893  
0.6359112085  
0.07692416786  
-0.5813322128  
-0.8579453796  
-0.3556348206  
1.038069559  
3.052567295  
5.088682675  
6.417104839  
6.453085853  
5.004125987  
2.389856431  
-0.6244233503  
-3.07140574  
-4.124639112  
-3.4188364  
-1.225320198  
1.594460539  
3.857483362  
4.468207787  
2.829798807  
-0.8904549844  
-5.746266265  
-10.26960569  
-12.92682352  
-12.62695339  
-9.110594682  
-3.081770607  
3.971859748  
10.22070203  
14.05692631  
14.59606782  
11.95005903  
7.179757455  
1.941536244  
-2.055319388  
-3.600538555  
-2.361885524  
1.031717823  
5.225921451  
8.611530268  
9.868858257  
8.403244523  
4.529524255  
-0.649199657  
-5.619322005  
-8.957493127  
-9.78408034  
-8.021086078  
-4.377668138  
-0.0810534739  
3.544804782  
5.504505351  
5.418972839  
3.589106751  
0.8302653579  
-1.848940101  
-3.601768552  
-4.007910597  
-3.164155417  
-1.585705146  
0.02869336851  
1.070039856  
1.227172031  
0.5588767021  
-0.5839258576  
-1.741603072  
-2.552918995  
-2.900428829  
-2.93885551  
-3.001729599  
-3.431918917  
-4.411732657  
-5.866615141  
-7.48428014  
-8.841920328  
-9.587755359  
-9.598858058  
-9.044632999  
-8.322686991  
-7.886061299  
-8.02780751  
-8.711281579  
-9.522365149  
-9.776570356  
-8.754882706  
-5.989641691  
-1.496122981  
4.142246623  
9.879582932  
14.48235405  
16.88979456  
16.54206058  
13.56464116  
8.743432952  
3.294934986  
-1.494279811  
-4.639914432  
-5.721411791  
-4.948862803  
-3.019561592  
-0.8215734038  
0.9059070502  
1.832601433  
2.125433504  
2.336444094  
3.135261213  
4.988452975  
7.908569475  
11.37195336  
14.44450564  
16.07971032  
15.48958772  
12.45953601  
7.492945276  
1.726198254  
-3.369160718  
-6.408556391  
-6.509329643  
-3.567070689  
1.695048319  
7.920796494  
13.49984649  
17.01539549  
17.62586792  
15.26984578  
10.64063993  
4.948449469  
-0.4493178401  
-4.434007199  
-6.414649839  
-6.442736437  
-5.13262055  
-3.425982127  
-2.28135899  
-2.384727862  
-3.96260614  
-6.742257241  
-10.05755254  
-13.05827269  
-14.95617266  
-15.23805466  
-13.79224621  
-10.92338838  
-7.261655224  
-3.598154373  
-0.6925412117  
0.8995455606  
0.9410440895  
-0.4516648673  
-2.856166958  
-5.658477224  
-8.205811979  
-9.96164615  
-10.62699709  
-10.19947884  
-8.955737421  
-7.361389119  
-5.931141403  
-5.076196321  
-4.981199643  
-5.546696006  
-6.415659561  
-7.078318395  
-7.025520482  
-5.90470626  
-3.630447355  
-0.4148977335  
3.291110482  
6.926356613  
9.973835225  
12.09012265  
13.16758374  
13.31240818  
12.75287798  
11.71860047  
10.3424613  
8.627765516  
6.496232018  
3.897845067  
0.9343007413  
-2.063514104  
-4.55133514  
-5.894445834  
-5.568510693  
-3.372341955  
0.4285661694  
5.094477742  
9.564891974  
12.74205012  
13.82260343  
12.56910705  
9.422806619  
5.405001635  
1.822441532  
-0.139445045  
0.1924575737  
2.734825384  
6.640049007  
10.53954658  
12.96965077  
12.84725943  
9.840390103  
4.507917334  
-1.844847543  
-7.555603135  
-11.11867761  
-11.658652  
-9.210281033  
-4.712651577  
0.2818785895  
4.090576126  
5.419595961  
3.753773972  
-0.5045374638  
-6.185253108  
-11.73200659  
-15.68473716  
-17.10498414  
-15.8111348  
-12.36022213  
-7.800650256  
-3.295572318  
0.2458377772  
2.404310728  
3.284230146  
3.353362746  
3.167475246  
3.097018335  
3.166120644  
3.065406846  
2.329148298  
0.6006920598  
-2.126407053  
-5.397165461  
-8.371203567  
-10.071825  
-9.725696956  
-7.071388117  
-2.519942463  
2.901336694  
7.816023802  
10.89625381  
11.26276993  
8.755498833  
3.984839042  
-1.852952814  
-7.334319303  
-11.22229793  
-12.80179954  
-12.03302917  
-9.484683791  
-6.084279935  
-2.782594276  
-0.2524375335  
1.27806239  
2.01203796  
2.412650092  
2.952721431  
3.888400759  
5.144866429  
6.354276205  
7.024769897  
6.767864702  
5.489509341  
3.465219675  
1.265919035  
-0.4397573365  
-1.131697223  
-0.6376502793  
0.7934287934  
2.575880056  
4.00147851  
4.504610743  
3.878664476  
2.360174533  
0.5455555519  
-0.8321611  
-1.185662342  
-0.3094990081  
1.520601224  
3.627257957  
5.166370663  
5.435780348  
4.14646508  
1.555560296  
-1.592063761  
-4.299243421  
-5.650674531  
-5.130582611  
-2.812157172  
0.6498138234  
4.223934351  
6.837024186  
7.725664684  
6.685227155  
4.132328017  
0.9604949483  
-1.760728254  
-3.140780598  
-2.758142726  
-0.7906719765  
2.052751942  
4.770849078  
6.394850294  
6.290666194  
4.341987514  
0.9626209611  
-3.054184901  
-6.788484981  
-9.458694528  
-10.61339636  
-10.19751426  
-8.489244834  
-5.949432321  
-3.050911317  
-0.1534862774  
2.536539516  
4.922980053  
6.929313591  
8.416154125  
9.155302381  
8.881292969  
7.404105592  
4.735454048  
1.169081003  
-2.731567202  
-6.251225225  
-8.717511482  
-9.709832783  
-9.208049886  
-7.621858071  
-5.680521552  
-4.211037488  
-3.873655996  
-4.941880983  
-7.202316189  
-10.01119529  
-12.49226498  
-13.81273442  
-13.44702959  
-11.34172421  
-7.927870017  
-3.978163349  
-0.3578793024  
2.246750137  
3.533086385  
3.654036765  
3.137512213  
2.684602249  
2.91703505  
4.159147202  
6.325353834  
8.94696659  
11.32524483  
12.75698369  
12.75777698  
11.21245661  
8.40902799  
4.951719237  
1.586556589  
-1.002636922  
-2.365994411  
-2.380840526  
-1.248551104  
0.5924388695  
2.602485366  
4.281984363  
5.280808426  
5.454884676  
4.867836075  
3.750233134  
2.435498323  
1.289517608  
0.6445443087  
0.7413203054  
1.680830561  
3.389188325  
5.604154502  
7.894854845  
9.723893798  
10.55120527  
9.963996019  
7.802233533  
4.241171387  
-0.2033745908  
-4.763539221  
-8.590875027  
-10.97137927  
-11.52476134  
-10.32604374  
-7.905014434  
-5.113139823  
-2.888298521  
-1.982079283  
-2.73052212  
-4.94042139  
-7.931066421  
-10.72466005  
-12.33232064  
-12.05119577  
-9.682644962  
-5.604036292  
-0.6708789452  
4.021962843  
7.447774288  
8.931139541  
8.32184723  
6.009538752  
2.779097404  
-0.4437479454  
-2.874267837  
-4.08940169  
-4.120695089  
-3.395657129  
-2.553007527  
-2.197219178  
-2.675643912  
-3.95195633  
-5.616399397  
-7.027429374  
-7.53603058  
-6.71707631  
-4.530211166  
-1.35596907  
2.106392925  
5.048041249  
6.800633572  
7.047776665  
5.9300194  
4.00865901  
2.097600186  
1.013511108  
1.319988046  
3.143566574  
6.11787519  
9.473696502  
12.24920453  
13.55915198  
12.84498776  
10.0342281  
5.564908791  
0.2705627844  
-4.838636755  
-8.834411429  
-11.09530483  
-11.43732215  
-10.11928161  
-7.729279154  
-4.99248118  
-2.560696397  
-0.8454401683  
0.06082278226  
0.3600868168  
0.4377707884  
0.7070399413  
1.460569191  
2.775246209  
4.494892324  
6.289322871  
7.763806616  
8.579191979  
8.543348779  
7.648060118  
6.046701632  
3.988854211  
1.741223226  
-0.4744602722  
-2.506469917  
-4.258461699  
-5.650328406  
-6.580072687  
-6.911528622  
-6.500891367  
-5.256751183  
-3.211014828  
-0.5691202751  
2.288508841  
4.866018785  
6.662341334  
7.300628619  
6.634419946  
4.792071032  
2.139944926  
-0.8274006342  
-3.634920184  
-5.961951558  
-7.715646599  
-9.014894309  
-10.08898529  
-11.12833609  
-12.14574999  
-12.90726488  
-12.96975909  
-11.82447244  
-9.104395325  
-4.783911054  
0.706712125  
6.507535329  
11.50721863  
14.6323093  
15.16364893  
12.97854383  
8.633282923  
3.246447206  
-1.794064065  
-5.218878494  
-6.243481013  
-4.798198816  
-1.546050116  
2.322339131  
5.45706695  
6.76798153  
5.764112808  
2.707157637  
-1.469216247  
-5.448580022  
-7.938266862  
-8.06586213  
-5.643118788  
-1.218460169  
4.092918176  
8.942865808  
12.14065081  
12.97961898  
11.40544195  
7.98552132  
3.702956354  
-0.3493094173  
-3.274246309  
-4.586033625  
-4.282142961  
-2.770228441  
-0.6934761969  
1.276336934  
2.610085379  
3.013207736  
2.430655077  
0.9897892277  
-1.076778346  
-3.489962145  
-5.946406781  
-8.112357819  
-9.617166213  
-10.07805993  
-9.173021575  
-6.751760836  
-2.947543086  
1.761549953  
6.586360197  
10.57139518  
12.8259137  
12.7787876  
10.3750253  
6.140490962  
1.077907397  
-3.58890545  
-6.752880575  
-7.741243782  
-6.510766668  
-3.65419588  
-0.2110252613  
2.659819219  
4.041068921  
3.535125053  
1.36909778  
-1.705383454  
-4.680810976  
-6.637751213  
-7.046696987  
-5.926729746  
-3.811066017  
-1.537335283  
0.05903229457  
0.4380457288  
-0.4676191271  
-2.250009965  
-4.192571537  
-5.54002555  
-5.769971831  
-4.767136305  
-2.839960471  
-0.5795563341  
1.379603456  
2.602015702  
3.001845032  
2.844346603  
2.599623074  
2.709189916  
3.361768295  
4.373398179  
5.228207855  
5.273796856  
4.002664209  
1.312258062  
-2.363011539  
-6.112771026  
-8.801031439  
-9.430814977  
-7.500600447  
-3.224661829  
2.469834142  
8.182431201  
12.44737275  
14.18078947  
13.01995421  
9.439793922  
4.604423526  
-0.0003652399099  
-3.034161146  
-3.715500306  
-2.047313682  
1.216446236  
4.846299147  
7.557301186  
8.429868632  
7.190957408  
4.266771081  
0.5988373809  
-2.703269622  
-4.745669604  
-5.13564594  
-4.073880031  
-2.230548153  
-0.4603797601  
0.532220321  
0.4524977767  
-0.4948469763  
-1.7142332  
-2.480544246  
-2.25113251  
-0.9082130396  
1.162132875  
3.187071319  
4.279872625  
3.769794536  
1.467971899  
-2.229845692  
-6.444807352  
-10.08856611  
-12.21486635  
-12.32661494  
-10.5313852  
-7.491836743  
-4.190040199  
-1.5900483  
-0.3180484288  
-0.471743169  
-1.623205223  
-3.009609406  
-3.839066978  
-3.598198403  
-2.248601358  
-0.2404623772  
1.661611896  
2.67687614  
2.321490266  
0.620394421  
-1.862866295  
-4.195004317  
-5.386310436  
-4.741810702  
-2.127981675  
1.940317644  
6.428016604  
10.08564431  
11.8350206  
11.10947537  
8.037770703  
3.412234677  
-1.547831158  
-5.56024261  
-7.654605529  
-7.43985048  
-5.18443895  
-1.691575638  
1.982001247  
4.866918635  
6.370041115  
6.421576147  
5.440867613  
4.142320384  
3.254304947  
3.249181925  
4.174882503  
5.641327079  
6.962026716  
7.400013271  
6.434473503  
3.959695612  
0.3517575522  
-3.618164126  
-6.996270096  
-8.91819661  
-8.857741366  
-6.778240295  
-3.143687387  
1.210812  
5.308571096  
8.292808894  
9.645441404  
9.303582874  
7.645456648  
5.355098079  
3.208696265  
1.845317013  
1.586646131  
2.354317062  
3.704811278  
4.968879151  
5.453964048  
4.651780301  
2.392947138  
-1.09391635  
-5.234255347  
-9.255507858  
-12.3892153  
-14.07079103  
-14.08156458  
-12.59436002  
-10.11161062  
-7.315887344  
-4.87782817  
-3.278318865  
-2.696523828  
-2.99456185  
-3.799173936  
-4.6503054  
-5.165543266  
-5.164947306  
-4.714650263  
-4.075571524  
-3.576610573  
-3.458825207  
-3.748750505  
-4.21076343  
-4.402142681  
-3.818702204  
-2.08543369  
0.8727203583  
4.742640118  
8.856053577  
12.34383711  
14.3708056  
14.38087464  
12.27522046  
8.46400673  
3.770344769  
-0.7884714975  
-4.278016526  
-6.098273833  
-6.133132364  
-4.753244603  
-2.673979571  
-0.715667022  
0.4566269727  
0.5318865056  
-0.3697455356  
-1.761070968  
-2.96692254  
-3.356107065  
-2.549746334  
-0.5406016074  
2.310012591  
5.389814006  
8.023252745  
9.665235113  
10.03968448  
9.184754953  
7.400790928  
5.129672952  
2.814213368  
0.7871348878  
-0.7776912204  
-1.846424616  
-2.460236396  
-2.661470999  
-2.448016183  
-1.776996192  
-0.6146451657  
0.9935179358  
2.869538386  
4.699734804  
6.094768354  
6.700015356  
6.319675592  
5.007412728  
3.083494059  
1.061830308  
-0.49789939  
-1.169121394  
-0.8095045211  
0.3692362942  
1.842061672  
2.915348664  
2.934027534  
1.487307234  
-1.452195959  
-5.500829449  
-9.957259142  
-13.98770308  
-16.84498747  
-18.05391246  
-17.50814851  
-15.45440313  
-12.37706242  
-8.828206414  
-5.263256266  
-1.936691015  
1.111924474  
3.984959327  
6.80134953  
9.571114342  
12.12060514  
14.09965457  
15.07121794  
14.65364649  
12.66601142  
9.22479253  
4.756062253  
-0.08468705378  
-4.562323656  
-8.036259625  
-10.10660918  
-10.69004231  
-10.00644794  
-8.486029673  
-6.630365912  
-4.872653292  
-3.478823732  
-2.514520007  
-1.879533854  
-1.389493391  
-0.8714068025  
-0.238872834  
0.4765846418  
1.144057398  
1.589955439  
1.669222429  
1.324886656  
0.6164078407  
-0.2901781077  
-1.163930185  
-1.766729968  
-1.908591739  
-1.486158095  
-0.4981065623  
0.9602947795  
2.715925702  
4.541583492  
6.180106604  
7.369166433  
7.870525586  
7.507069525  
6.206256508  
4.041451947  
1.256647021  
-1.741279446  
-4.433253727  
-6.280482813  
-6.842939468  
-5.895502684  
-3.508026581  
-0.06057704514  
3.819645558  
7.391336091  
9.971873141  
11.10482042  
10.67486694  
8.934989485  
6.434324181  
3.863818883  
1.86171894  
0.8341871153  
0.8435147401  
1.597542422  
2.544466067  
3.045935606  
2.577633346  
0.89798142  
-1.865288523  
-5.236559566  
-8.515567185  
-10.96618075  
-12.01551233  
-11.40615527  
-9.259388283  
-6.03464906  
-2.401439779  
0.9352861085  
3.404030758  
4.683046719  
4.736669934  
3.771148485  
2.134468212  
0.1997793066  
-1.727434535  
-3.451610971  
-4.873934576  
-5.941166588  
-6.588207715  
-6.707195101  
-6.163382799  
-4.856559343  
-2.804553777  
-0.2112815775  
2.517999381  
4.83601246  
6.182759121  
6.152116657  
4.643460143  
1.943368539  
-1.301052685  
-4.223553565  
-5.963616014  
-5.912850076  
-3.90827457  
-0.3087310502  
4.076676782  
8.194539246  
11.0310393  
11.89073713  
10.5860141  
7.478904773  
3.362190826  
-0.7829548228  
-4.076519781  
-5.985364709  
-6.448949815  
-5.848689592  
-4.836295621  
-4.082793591  
-4.035349034  
-4.764758267  
-5.953988754  
-7.028536344  
-7.379744496  
-6.599913577  
-4.644376243  
-1.862087197  
1.11638823  
3.593122981  
5.041605259  
5.282885963  
4.533987837  
3.309843965  
2.214027513  
1.695893565  
1.866468666  
2.446334274  
2.871757759  
2.526556349  
1.017754757  
-1.608533597  
-4.799250273  
-7.614299379  
-9.008134176  
-8.186427963  
-4.917929272  
0.3113920442  
6.368118149  
11.75899151  
15.05652355  
15.33241942  
12.45985043  
7.182762399  
0.9222353627  
-4.626310147  
-7.983513731  
-8.313002091  
-5.652915572  
-0.8819394398  
4.566080422  
9.145586894  
11.65934748  
11.59169821  
9.216151119  
5.453785123  
1.539584082  
-1.3866534  
-2.629167967  
-2.115494397  
-0.358234769  
1.773808529  
3.385858043  
3.870012967  
3.094346291  
1.409934968  
-0.5162777241  
-1.974339533  
-2.487202701  
-1.990015194  
-0.851083776  
0.2689101632  
0.6651854352  
-0.1463291196  
-2.242251271  
-5.247989159  
-8.450298643  
-11.02487904  
-12.29913683  
-11.96065826  
-10.14363589  
-7.369727513  
-4.370098504  
-1.854316727  
-0.3057967219  
0.1306175126  
-0.3604577631  
-1.380798827  
-2.490207969  
-3.367244616  
-3.901632471  
-4.190470475  
-4.448338029  
-4.873585439  
-5.527741422  
-6.277699655  
-6.824356551  
-6.807362241  
-5.946147698  
-4.163481209  
-1.643978907  
1.196356808  
3.821410389  
5.730284772  
6.604725551  
6.400127739  
5.351623001  
3.895884457  
2.536918795  
1.70083793  
1.625262413  
2.314405562  
3.567052244  
5.060493983  
6.457132457  
7.497145619  
8.049872498  
8.114237231  
7.777380213  
7.154039702  
6.332933551  
5.350214085  
4.197235502  
2.855939115  
1.344863478  
-0.2442727545  
-1.735285498  
-2.888144778  
-3.447512532  
-3.20669561  
-2.070314428  
-0.09945368371  
2.472865247  
5.262123281  
7.788216427  
9.560015418  
10.17557296  
9.419527057  
7.33560972  
4.25208884  
0.743596751  
-2.474875189  
-4.70837971  
-5.464169681  
-4.608571148  
-2.44840944  
0.3008373913  
2.670515567  
3.691516119  
2.682745721  
-0.5076141737  
-5.388791843  
-10.89392499  
-15.62818708  
-18.24302546  
-17.83460999  
-14.24590135  
-8.170279962  
-1.008005174  
5.499024222  
9.75660181  
10.78774249  
8.535360632  
3.895273759  
-1.543059747  
-5.978656126  
-7.960127886  
-6.850677872  
-3.045866098  
2.132872597  
6.844157429  
9.31005267  
8.394355399  
3.99024207  
-2.911049705  
-10.49866329  
-16.68470377  
-19.74185452  
-18.83443735  
-14.27390146  
-7.417000736  
-0.2392377042  
5.280160875  
7.765818909  
6.85443191  
3.277589331  
-1.401138292  
-5.304398715  
-6.844594897  
-5.219802006  
-0.6488895713  
5.719158521  
12.18063637  
17.00697498  
18.95566016  
17.60370929  
13.41102442  
7.513504864  
1.333054011  
-3.855316894  
-7.256238693  
-8.689105368  
-8.50360884  
-7.331527429  
-5.783309478  
-4.208519223  
-2.60595952  
-0.706567749  
1.816063401  
5.10110878  
8.926991462  
12.68541634  
15.52214308  
16.59927278  
15.38627416  
11.87329006  
6.625690207  
0.6535430153  
-4.865604829  
-8.920822457  
-10.94885083  
-10.9700613  
-9.536731877  
-7.514478962  
-5.773101256  
-4.891840644  
-4.976751524  
-5.648046947  
-6.197044674  
-5.85595751  
-4.087750097  
-0.7991431133  
3.592485065  
8.25826055  
12.18928954  
14.4859342  
14.61510949  
12.55937263  
8.817732717  
4.264348246  
-0.0878806697  
-3.347807945  
-4.958586211  
-4.809815995  
-3.229034723  
-0.8664478633  
1.487431726  
3.099682241  
3.460117681  
2.380085969  
0.01130364666  
-3.209486633  
-6.670029121  
-9.718785484  
-11.79938329  
-12.55836942  
-11.90795186  
-10.03385854  
-7.347936648  
-4.395271201  
-1.735006535  
0.1792617108  
1.09201564  
0.9888795705  
0.07949614063  
-1.27457628  
-2.666115804  
-3.751557781  
-4.331316258  
-4.378539829  
-4.010948626  
-3.419803359  
-2.784660465  
-2.20682941  
-1.686297442  
-1.149083047  
-0.5108980819  
0.2529813528  
1.066011135  
1.761162138  
2.14726183  
2.109182174  
1.701749811  
1.193262554  
1.028153288  
1.706077757  
3.607332748  
6.819892163  
11.03121763  
15.53353935  
19.3577924  
21.50906842  
21.23966606  
18.27793622  
12.93924731  
