8.131360754  
7.231685617  
5.154698538  
2.686040816  
0.646389177  
-0.3921789876  
-0.2894711538  
0.6384731091  
1.757112653  
2.360813146  
1.94064864  
0.3774292303  
-2.008034539  
-4.564903848  
-6.543301238  
-7.364076212  
-6.830648277  
-5.205678376  
-3.122378493  
-1.358708983  
-0.5525504217  
-0.95923221  
-2.340953288  
-4.033741081  
-5.176068209  
-5.025085618  
-3.251974273  
-0.1099377799  
3.592354247  
6.714879038  
8.14293934  
7.162701045  
3.730045147  
-1.462692476  
-7.153941326  
-11.86942298  
-14.35919893  
-13.97666499  
-10.87642232  
-5.964702554  
-0.6159271392  
3.754167549  
6.120582807  
6.145637448  
4.244144042  
1.398625009  
-1.209749577  
-2.626182964  
-2.455576473  
-0.9877651155  
0.9298847269  
2.228720727  
2.045492562  
0.08640157629  
-3.206388136  
-6.754685798  
-9.187417931  
-9.316736518  
-6.585331314  
-1.326074728  
5.266951438  
11.46211316  
15.51420426  
16.22265925  
13.33980969  
7.688491791  
0.9403090371  
-4.883654071  
-8.03488359  
-7.583974268  
-3.714326594  
2.334636694  
8.659665978  
13.29723223  
14.84528686  
12.9034734  
8.190750285  
2.303752257  
-2.804748681  
-5.458358338  
-4.797491357  
-1.056547039  
4.506719759  
10.00205166  
13.48930372  
13.56724196  
9.786961597  
2.769934326  
-5.992065128  
-14.57814742  
-21.1737818  
-24.53495733  
-24.25062241  
-20.74735174  
-15.06595843  
-8.507682713  
-2.27630178  
2.774516834  
6.231523975  
8.058548838  
8.441930851  
7.630056831  
5.838592246  
3.250663693  
0.0904201686  
-3.289624197  
-6.375646845  
-8.558009258  
-9.292142361  
-8.301872607  
-5.741185165  
-2.233200866  
1.256381183  
3.692880059  
4.313253263  
2.916745747  
-0.007123173792  
-3.378463414  
-5.843448593  
-6.216606563  
-3.905237124  
0.8332562007  
6.903099046  
12.6664324  
16.44225919  
17.05166662  
14.22840895  
8.750494174  
2.235883073  
-3.344138514  
-6.283829204  
-5.695042911  
-1.809511955  
4.073554821  
9.984985836  
13.90502127  
14.40677905  
11.11588081  
4.836719356  
-2.696567616  
-9.364386506  
-13.32590984  
-13.59003409  
-10.31189024  
-4.724256628  
1.268068971  
5.695432223  
7.135247757  
5.135695242  
0.3241813349  
-5.821646937  
-11.45463849  
-14.92890639  
-15.27849418  
-12.461082  
-7.306786454  
-1.209567918  
4.322456659  
8.106013725  
9.575767622  
8.855947048  
6.61419663  
3.772219142  
1.186583447  
-0.5906156422  
-1.402892826  
-1.425049058  
-0.9933256145  
-0.4129961031  
0.1751526066  
0.8205433544  
1.681011908  
2.8793467  
4.36862456  
5.871655382  
6.928021116  
7.037141235  
5.845393039  
3.305338425  
-0.2567760428  
-4.196373465  
-7.715022858  
-10.08062411  
-10.82990045  
-9.886850578  
-7.561610427  
-4.436731318  
-1.186222115  
1.607318196  
3.577085941  
4.604527425  
4.764042841  
4.217456815  
3.111857826  
1.527605336  
-0.5030407436  
-2.920746079  
-5.549717966  
-8.046398864  
-9.925406961  
-10.67054138  
-9.900888212  
-7.533580457  
-3.877310438  
0.3908981951  
4.374535282  
7.195515764  
8.249132551  
7.392251922  
4.998395391  
1.855145335  
-1.068711791  
-2.914531149  
-3.191049733  
-1.915117329  
0.4083556856  
2.958537731  
4.864574655  
5.477532717  
4.56138319  
2.345711395  
-0.5691269722  
-3.41470991  
-5.492107648  
-6.364665768  
-5.947331385  
-4.473785987  
-2.366230177  
-0.06438863631  
2.120674267  
4.077719832  
5.874123539  
7.661575978  
9.554717563  
11.53572184  
13.42356455  
14.91786283  
15.69592932  
15.52065023  
14.31422077  
12.16905907  
9.295396782  
5.932806517  
2.268687774  
-1.59657138  
-5.619352329  
-9.729963967  
-13.73693921  
-17.27007085  
-19.80354559  
-20.77107555  
-19.74616688  
-16.62822252  
-11.76239154  
-5.935131166  
-0.2255341531  
4.25768107  
6.679616447  
6.727779075  
4.720738245  
1.53264522  
-1.65223202  
-3.684263603  
-3.786714532  
-1.781189026  
1.871170841  
6.224619376  
10.14793092  
12.66902273  
13.25307022  
11.926635  
9.214260945  
5.918351615  
2.825671804  
0.4463285526  
-1.124290567  
-2.176914921  
-3.211242354  
-4.682425614  
-6.770765839  
-9.26475586  
-11.60520599  
-13.07793383  
-13.08640447  
-11.403964  
-8.309798127  
-4.552078003  
-1.142251571  
0.9552300406  
1.134783408  
-0.6430396736  
-3.821433335  
-7.407827239  
-10.27454717  
-11.50217916  
-10.65447048  
-7.89729113  
-3.92697615  
0.2632394691  
3.697808399  
1.622157117  
4.110740399  
5.565395854  
6.622884276  
8.041476543  
10.37983611  
13.74658969  
17.71199226  
21.41774267  
23.85228595  
24.20017299  
22.14552704  
18.02219463  
12.75241315  
7.586505372  
3.72381491  
1.937311314  
2.326140613  
4.280726074  
6.676491563  
8.237503795  
7.954835153  
5.425293254  
1.000567473  
-4.302872468  
-9.106234234  
-12.08873685  
-12.39396379  
-9.895679659  
-5.241745906  
0.3346891132  
5.375167459  
8.613776225  
9.325027786  
7.499694874  
3.803272263  
-0.6594341056  
-4.691742838  
-7.352566752  
-8.198528417  
-7.354619944  
-5.40520987  
-3.154232919  
-1.341491417  
-0.4097179451  
-0.3940380465  
-0.960657915  
-1.570839968  
-1.706444053  
-1.076538494  
0.2647091165  
1.925835116  
3.305202202  
3.792119326  
2.974128003  
0.783154299  
-2.464786643  
-6.146370256  
-9.497585698  
-11.81721113  
-12.64550839  
-11.86747223  
-9.715540274  
-6.678180965  
-3.348233737  
-0.2600723897  
2.23590401  
4.028049001  
5.21799533  
6.030431985  
6.692248646  
7.322331726  
7.867897271  
8.107485093  
7.719922273  
6.398606712  
3.976997016  
0.5274863132  
-3.597692473  
-7.799783878  
-11.33818874  
-13.48479971  
-13.69265798  
-11.73833448  
-7.801798194  
-2.460897838  
3.403242662  
8.772794041  
12.69699719  
14.48832014  
13.86639597  
11.01597147  
6.544315953  
1.347006475  
-3.587312231  
-7.387816777  
-9.478968083  
-9.683746295  
-8.230551181  
-5.665701228  
-2.696860289  
-0.009357566556  
1.897271062  
2.812052637  
2.831735418  
2.296249973  
1.662650119  
1.355286039  
1.634708384  
2.521155523  
3.792004768  
5.051737809  
5.852902163  
5.833147391  
4.829720237  
2.939626671  
0.508885089  
-1.946468303  
-3.866787975  
-4.789487919  
-4.467392085  
-2.934292166  
-0.5012043218  
2.315238904  
4.913464652  
6.74565331  
7.439349219  
6.872131162  
5.182298859  
2.715919319  
-0.07261558047  
-2.737373787  
-4.942209197  
-6.519554166  
-7.473031905  
-7.927655309  
-8.047470336  
-7.950443512  
-7.650912392  
-7.050675238  
-5.9833326  
-4.298013628  
-1.954021612  
0.9080310362  
3.947409193  
6.670481855  
8.53666254  
9.096196016  
8.120590971  
5.686194844  
2.183446756  
-1.754786486  
-5.388710213  
-8.035279006  
-9.216388906  
-8.753079462  
-6.783923418  
-3.708042359  
-0.07439881752  
3.548108179  
6.683726273  
9.019996324  
10.42562295  
10.92422596  
10.64396382  
9.765714819  
8.486076736  
6.999622189  
5.493231355  
4.139300831  
3.076873804  
2.378972265  
2.016628439  
1.838686564  
1.586776895  
0.9549218228  
-0.3140938557  
-2.321893636  
-4.935021422  
-7.769092673  
-10.25652405  
-11.79062913  
-11.90975147  
-10.46482176  
-7.711024072  
-4.28261197  
-1.044770728  
1.142305816  
1.678980067  
0.4202577353  
-2.258775366  
-5.555677856  
-8.470624855  
-10.10622394  
-9.943319724  
-8.002896243  
-4.838397483  
-1.357383558  
1.471891029  
2.933617387  
2.79344701  
1.366142278  
-0.601855573  
-2.196010018  
-2.654062247  
-1.633433534  
0.6669313889  
3.573404943  
6.171199647  
7.624433659  
7.471674914  
5.793570097  
3.193016736  
0.5935176036  
-1.075002795  
-1.193933451  
0.3333275486  
3.050767579  
6.108938493  
8.556665089  
9.661407751  
9.144874967  
7.251810479  
4.630635125  
2.07336911  
0.2136330069  
-0.7030887475  
-0.8896470722  
-0.9003627459  
-1.370598617  
-2.712534063  
-4.887191213  
-7.34833353  
-9.192636838  
-9.473678768  
-7.572731531  
-3.491190119  
2.05055361  
7.759970643  
12.13237594  
13.91393357  
12.51559367  
8.235215726  
2.204494681  
-3.932536898  
-8.512050366  
-10.35678186  
-9.131240603  
-5.428594761  
-0.5602141181  
3.882480716  
6.548222698  
6.755444155  
4.689426914  
1.304296386  
-2.033128938  
-4.033523106  
-3.940835396  
-1.797972457  
1.567501146  
4.831842099  
6.638722411  
6.079895355  
3.029590211  
-1.780695146  
-6.973011306  
-10.95006578  
-12.39850207  
-10.7047934  
-6.151224236  
0.166767103  
6.66971487  
11.75971819  
14.27338123  
13.7834899  
10.66556944  
5.924278252  
0.8505330863  
-3.37176601  
-5.984275137  
-6.807510452  
-6.199908738  
-4.858862442  
-3.547222102  
-2.843378291  
-2.993085391  
-3.896634361  
-5.213989083  
-6.531383497  
-7.518847803  
-8.021624466  
-8.06195793  
-7.766619613  
-7.264374433  
-6.605797396  
-5.74345497  
-4.580601092  
-3.064021428  
-1.27508187  
0.5288525547  
1.951704946  
2.571693376  
2.094505625  
0.4906678188  
-1.938413802  
-4.599609848  
-6.75059962  
-7.707051049  
-7.050802131  
-4.771512889  
-1.293281723  
2.626907465  
6.101797475  
8.358917961  
8.956515939  
7.908119955  
5.681392567  
3.073885539  
1.002579389  
0.2658284861  
1.34005849  
4.260298703  
8.60868767  
13.60715855  
18.2869559  
21.69374622  
23.08424627  
22.07644193  
18.72736068  
13.52632765  
7.305781568  
1.084512486  
-4.130069432  
-7.54491541  
-8.7487058  
-7.80470599  
-5.241269449  
-1.932631974  
1.110693213  
2.996073339  
3.183696535  
1.636489437  
-1.163359351  
-4.345281778  
-6.899876255  
-7.980316105  
-7.167969661  
-4.619791695  
-1.046705933  
2.477826342  
4.826748194  
5.15434346  
3.154295952  
-0.8408308693  
-5.951935273  
-11.01035101  
-14.89948706  
-16.87348782  
-16.75284377  
-14.93711895  
-12.23532012  
-9.574287185  
-7.684894342  
-6.871369221  
-6.938867297  
-7.299073566  
-7.212209459  
-6.077563429  
-3.669557788  
-0.2371885048  
3.566141746  
6.895399429  
8.992861688  
9.43496391  
8.262103447  
5.949526262  
3.234519551  
0.8654955405  
-0.63564267  
-1.114242385  
-0.7811509852  
-0.07666059008  
0.5418516473  
0.8032628996  
0.736715768  
0.6513522577  
0.9893294292  
2.109673383  
4.089113784  
6.622508615  
9.070211622  
10.64556488  
10.68225314  
8.887965275  
5.490885545  
1.219166295  
-2.889976862  
-5.795649997  
-6.775746774  
-5.660396203  
-2.897602731  
0.573239973  
3.601585602  
5.171283924  
4.702745362  
2.218707414  
-1.673598915  
-5.971467758  
-9.571067863  
-11.57188147  
-11.49913609  
-9.384991958  
-5.699225834  
-1.168906991  
3.442096316  
7.518789927  
10.69291465  
12.8383874  
13.98902487  
14.22906863  
13.61053044  
12.13300884  
9.789914437  
6.653344709  
2.951087501  
-0.9092083815  
-4.392668689  
-6.958610318  
-8.21245439  
-8.03368122  
-6.629915221  
-4.491330512  
-2.254668118  
-0.5190286059  
0.3257448002  
0.200437422  
-0.6663257646  
-1.842651753  
-2.861768533  
-3.393987416  
-3.361183275  
-2.953418828  
-2.542528553  
-2.52410627  
-3.145114613  
-4.379737113  
-5.899815462  
-7.153908214  
-7.531906199  
-6.563122276  
-4.084141182  
-0.3221832091  
4.133591391  
8.465639962  
11.82789097  
13.55492664  
13.3231042  
11.22251967  
7.725544889  
3.565990224  
-0.4352489563  
-3.552553151  
-5.303663916  
-5.534189805  
-4.427143025  
-2.443110419  
-0.209352011  
1.617163995  
2.486349605  
2.067145946  
0.3158749742  
-2.511873231  
-5.910108934  
-9.225681122  
-11.79801136  
-13.10707143  
-12.89557211  
-11.23338756  
-8.503586842  
-5.308549568  
-2.317058098  
-0.09200500065  
1.052968397  
1.125375389  
0.43149671  
-0.5347154732  
-1.257558436  
-1.367806021  
-0.7587338623  
0.3884382859  
1.678495208  
2.650808257  
2.952089482  
2.473664615  
1.405171667  
0.1846994368  
-0.6388439623  
-0.5849690656  
0.5984135483  
2.848425482  
5.802628302  
8.909378631  
11.59335538  
13.4182467  
14.19139582  
13.97802886  
13.02660714  
11.63977722  
10.04447455  
8.313238195  
6.367217732  
4.057758925  
1.291080904  
-1.858413945  
-5.098169393  
-7.959597525  
-9.92532411  
-10.59976636  
-9.860965844  
-7.934000721  
-5.351656005  
-2.807528577  
-0.9463702076  
-0.1613924285  
-0.4689293512  
-1.506050724  
-2.655024165  
-3.254228074  
-2.824475275  
-1.233552191  
1.257052325  
4.078362541  
6.541912722  
8.063310827  
8.343658075  
7.447424959  
5.753208845  
3.799501372  
2.084514988  
0.8940723957  
0.2193386774  
-0.208426833  
-0.7827670977  
-1.840469336  
-3.503947645  
-5.608319159  
-7.741606815  
-9.383931732  
-10.09442582  
-9.676636839  
-8.261103377  
-6.273935315  
-4.301991272  
-2.902410143  
-2.423806731  
-2.901051372  
-4.057979874  
-5.412878164  
-6.445376252  
-6.763325447  
-6.21151852  
-4.888825838  
-3.076105507  
-1.110606764  
0.739524495  
2.350785136  
3.743504405  
5.011436536  
6.218138064  
7.310353521  
8.091460916  
8.272425373  
7.584175583  
5.907361802  
3.364888257  
0.3340576697  
-2.635034485  
-4.971541725  
-6.253837701  
-6.335215393  
-5.377424805  
-3.777775457  
-2.015988418  
-0.4784953871  
0.6720228357  
1.530397253  
2.371604876  
3.492156861  
5.034273977  
6.867255374  
8.581591544  
9.609448948  
9.434969928  
7.818789791  
4.948779094  
1.449587175  
-1.768383579  
-3.781550212  
-3.959960933  
-2.202149732  
0.9899078238  
4.632439323  
7.548107896  
8.731491063  
7.672302659  
4.527311514  
0.08050082775  
-4.498383783  
-8.018442042  
-9.634842716  
-9.097301805  
-6.799224379  
-3.61548915  
-0.5889590969  
1.423604293  
2.024136678  
1.37368614  
0.09248232596  
-0.9971977012  
-1.188036271  
-0.1487478811  
1.962885988  
4.570853133  
6.903317914  
8.279629054  
8.353231458  
7.220866422  
5.360406896  
3.425132934  
1.976405826  
1.25947541  
1.109966624  
1.028182993  
0.393335731  
-1.264823373  
-4.043388083  
-7.582408103  
-11.15827323  
-13.92571201  
-15.22173689  
-14.81808068  
-13.02382935  
-10.59257622  
-8.459723316  
-7.399798615  
-7.726846524  
-9.150001822  
-10.8442759  
-11.72092596  
-10.80959574  
-7.621346879  
-2.364215032  
4.069367435  
10.34669691  
15.09410677  
17.32047494  
16.72387982  
13.77867839  
9.573923822  
5.457633232  
2.606297749  
1.662813282  
2.561081612  
4.590756667  
6.673766667  
7.753644825  
7.163133181  
4.846669603  
1.367124547  
-2.298450091  
-5.097684175  
-6.256826551  
-5.529217506  
-3.25816363  
-0.2404665132  
2.554537532  
4.308494309  
4.608214947  
3.547723276  
1.651910629  
-0.3412286915  
-1.755477037  
-2.208254257  
-1.719741291  
-0.6671753446  
0.3906196407  
0.9475405398  
0.7536181251  
-0.08793562104  
-1.164457057  
-1.920270828  
-1.882890246  
-0.8645388484  
0.9364297047  
2.973763608  
4.521358543  
4.915465528  
3.789269231  
1.219884481  
-2.263267496  
-5.814174675  
-8.508725443  
-9.612058179  
-8.792494095  
-6.217732323  
-2.506268632  
1.448544125  
4.727188076  
6.63154248  
6.86107145  
5.571386228  
3.304725111  
0.8184573631  
-1.13565515  
-2.018445931  
-1.641380304  
-0.2024110409  
1.784508409  
3.642334833  
4.722506122  
4.58369759  
3.112048048  
0.5534917681  
-2.548262139  
-5.490905909  
-7.593626328  
-8.371766063  
-7.66097098  
-5.658099662  
-2.867462545  
0.03441403636  
2.37980043  
3.687336179  
3.786364676  
2.851845965  
1.338573007  
-0.1671368846  
-1.13459025  
-1.257769996  
-0.5531115351  
0.6463638554  
1.800980137  
2.345339007  
1.883226012  
0.3331365525  
-2.024470054  
-4.616135861  
-6.740756044  
-7.779347142  
-7.381991205  
-5.571677201  
-2.732220827  
0.5138868546  
3.495102023  
5.683270768  
6.824843265  
6.969872418  
6.395104498  
5.455850226  
4.426624111  
3.393556417  
2.240908531  
0.737182936  
-1.313359464  
-3.915320546  
-6.789171972  
-9.386298653  
-11.01874241  
-11.0669124  
-9.196625665  
-5.508644599  
-0.5631799675  
4.737449267  
9.376698442  
12.49255008  
13.60248145  
12.71414986  
10.28963087  
7.080076116  
3.89012119  
1.352069128  
-0.2178693138  
-0.842057144  
-0.7888987434  
-0.4126427899  
0.005658974753  
0.3530722034  
0.6826402681  
1.123446548  
1.749857635  
2.474637362  
3.021533139  
2.999805542  
2.05900591  
0.06482927746  
-2.778695127  
-5.921149742  
-8.5923076  
-10.03236254  
-9.75108538  
-7.722840515  
-4.440016826  
-0.793221771  
2.192687357  
3.683804169  
3.313923702  
1.314515342  
-1.553210464  
-4.247826088  
-5.798242971  
-5.636882664  
-3.799845717  
-0.9220643287  
1.974590415  
3.830184469  
3.913739238  
2.081799655  
-1.161645146  
-4.825775555  
-7.75954469  
-9.032187713  
-8.237088363  
-5.615735327  
-1.961666006  
1.658833955  
4.269447193  
5.302879832  
4.767122385  
3.20601375  
1.475108966  
0.4187872585  
0.5672238699  
1.96121248  
4.163241695  
6.443610248  
8.066395139  
8.565182084  
7.905182863  
6.473508478  
4.90576226  
3.819594721  
3.560948365  
4.063262892  
4.875894026  
5.352259625  
4.925270666  
3.362023631  
0.8948342996  
-1.829128612  
-3.969041698  
-4.805347966  
-4.032023746  
-1.913196543  
0.762990071  
2.927767853  
3.593761075  
2.210314017  
-1.115693596  
-5.61762017  
-10.09427268  
-13.29110198  
-14.30929344  
-12.90246061  
-9.557608254  
-5.330975276  
-1.494268901  
0.8873092576  
1.300144368  
-0.06763418811  
-2.420446274  
-4.65805525  
-5.77829061  
-5.237045363  
-3.139189344  
-0.1945686733  
2.543430259  
4.062814088  
3.764663356  
1.690342662  
-1.475350848  
-4.625780745  
-6.601168058  
-6.576465197  
-4.335423403  
-0.339103661  
4.43071948  
8.795211743  
11.75549555  
12.79431519  
12.00357318  
10.00207429  
7.681301508  
5.874803954  
5.069417108  
5.256974328  
5.972148157  
6.494902732  
6.139200518  
4.522225878  
1.719300435  
-1.746810261  
-5.073756525  
-7.44200147  
-8.279032486  
-7.436247493  
-5.223502756  
-2.297583932  
0.5498090249  
2.628403259  
3.531890166  
3.213429081  
1.942287843  
0.1712476187  
-1.628535917  
-3.104644768  
-4.090378247  
-4.591388327  
-4.713717845  
-4.574759962  
-4.239405513  
-3.706722684  
-2.946393651  
-1.959964818  
-0.830685854  
0.2688252632  
1.121645417  
1.549300864  
1.497057906  
1.081193495  
0.5700290603  
0.2963075981  
0.527775169  
1.343587363  
2.56738467  
3.790982465  
4.490903963  
4.204773509  
2.709089474  
0.1343174117  
-3.029226543  
-6.045886543  
-8.139482964  
-8.725706887  
-7.597134548  
-4.998900057  
-1.567446486  
1.850983848  
4.446290108  
5.678004221  
5.423782112  
3.998045995  
2.037804911  
0.2944271836  
-0.6016581042  
-0.3303907076  
1.030005632  
3.03848338  
5.03325481  
6.332748125  
6.433542341  
5.148905433  
2.653442661  
-0.5710410833  
-3.865705152  
-6.560374925  
-8.130209324  
-8.30721573  
-7.126474559  
-4.904815697  
-2.163732153  
0.4832519076  
2.456031677  
3.324526262  
2.897482895  
1.267829602  
-1.196687672  
-3.921625555  
-6.246143476  
-7.575556065  
-7.533539695  
-6.074283595  
-3.518086384  
-0.4893696493  
2.238248835  
3.955850317  
4.234692981  
3.077503185  
0.9516253445  
-1.318639122  
-2.780833878  
-2.643794754  
-0.5421893118  
3.309048394  
8.12738454  
12.75068786  
15.95377635  
16.80344168  
14.9448059  
10.72834784  
5.132816843  
-0.4989275502  
-4.835834185  
-6.935095447  
-6.506154694  
-3.982953306  
-0.3835276772  
2.999111651  
4.980264769  
4.825744686  
2.453047785  
-1.562894496  
-6.173200381  
-10.16539185  
-12.50401178  
-12.60190854  
-10.45009668  
-6.581287896  
-1.892788261  
2.607504738  
6.053646963  
7.905147699  
8.023514617  
6.640576049  
4.247937787  
1.452661048  
-1.15776505  
-3.113392123  
-4.115181607  
-4.052438609  
-2.999141633  
-1.199814075  
0.9545853213  
2.969191719  
4.316177775  
4.535550137  
3.351714159  
0.7759453303  
-2.842635829  
-6.848557768  
-10.40390812  
-12.68456343  
-13.10024642  
-11.47390431  
-8.120312021  
-3.789650538  
0.5180353737  
3.819644143  
5.42003239  
5.104684335  
3.192740092  
0.4316247908  
-2.235557314  
-3.957723937  
-4.228241324  
-3.02325693  
-0.7841481116  
1.746576368  
3.779211051  
4.735631092  
4.42841214  
3.104241951  
1.342289663  
-0.1532870342  
-0.7934149694  
-0.2951591669  
1.238346165  
3.371190843  
5.497304743  
7.052230108  
7.699601892  
7.429635741  
6.539686234  
5.50862121  
4.812674322  
4.748481596  
5.323732005  
6.250363985  
7.03911256  
7.160419154  
6.216784516  
4.071085816  
0.893419941  
-2.88229631  
-6.671761262  
-9.884151159  
-12.052528  
-12.91737703  
-12.44939081  
-10.81830073  
-8.328846687  
-5.348656374  
-2.247117794  
0.6470504535  
3.072084519  
4.850897591  
5.905672394  
6.267853846  
6.075302023  
5.546391585  
4.926468148  
4.413818458  
4.085442108  
3.850667856  
3.458101945  
2.566788696  
0.8697672639  
-1.764845394  
-5.184087823  
-8.918292842  
-12.25352583  
-14.40160679  
-14.72550359  
-12.9527221  
-9.304885931  
-4.491619583  
0.4435094689  
4.389822683  
6.474660234  
6.315053779  
4.135995118  
0.7140066262  
-2.841757595  
-5.407296028  
-6.164882033  
-4.830321035  
-1.718648135  
2.368128186  
6.391654135  
9.38430177  
10.71605863  
10.24178309  
8.291847959  
5.522034814  
2.683303517  
0.3938891171  
-1.011678387  
-1.515279743  
-1.334256144  
-0.7725838985  
-0.07172735733  
0.67661985  
1.523105271  
2.567579119  
3.826875902  
5.128844299  
6.089988291  
6.20193533  
5.007423302  
2.306439856  
-1.68664961  
-6.304897333  
-10.54292631  
-13.30495273  
-13.71884098  
-11.41942651  
-6.706973823  
-0.5213132361  
5.771586717  
10.72463804  
13.18756739  
12.60734662  
9.163927662  
3.704734355  
-2.497421367  
-8.086267347  
-11.96103186  
-13.51681795  
-12.72741525  
-10.0645024  
-6.297668064  
-2.251599661  
1.399509145  
4.243755372  
6.133249633  
7.101092823  
7.246509441  
6.645580121  
5.326246107  
3.312940217  
0.7121557959  
-2.210493125  
-5.01057726  
-7.129040293  
-8.031764431  
-7.381666246  
-5.180924749  
-1.824513816  
1.96702785  
5.326532582  
7.481014117  
7.978886731  
6.827914743  
4.494594198  
1.760236002  
-0.5229332047  
-1.697831312  
-1.503813088  
-0.1467676617  
1.78524316  
3.532286195  
4.427760345  
4.128608677  
2.732236578  
0.7401125156  
-1.119980581  
-2.152700899  
-1.946636109  
-0.5318760457  
1.6117928  
3.701632839  
4.907053006  
4.62960772  
2.715418187  
-0.4710532793  
-4.137911058  
-7.294049119  
-9.042916221  
-8.849446225  
-6.697015375  
-3.087357668  
1.11335093  
4.930657466  
7.558295686  
8.569526255  
8.001958914  
6.297173001  
4.123344215  
2.144723889  
0.8151211463  
0.2600150448  
0.2788466458  
0.4573273103  
0.343516631  
-0.3772969382  
-1.769515425  
-3.63178076  
-5.578941914  
-7.186931084  
-8.145135003  
-8.36037549  
-7.975927513  
-7.300976625  
-6.678915931  
-6.345095733  
-6.328386776  
-6.434829403  
-6.321597687  
-5.636081149  
-4.17000874  
-1.971241653  
0.6310977234  
3.10313976  
4.863813497  
5.473183463  
4.78820022  
3.030684307  
0.7399698737  
-1.379643692  
-2.670792503  
-2.727170339  
-1.523211913  
0.5745963624  
2.921061909  
4.79587731  
5.63305283  
5.202400069  
3.683927597  
1.610315016  
-0.3046644481  
-1.396562381  
-1.264869254  
0.09802492981  
2.305525386  
4.703571019  
6.583853097  
7.413633346  
7.006964499  
5.5815216  
3.683049393  
2.003151532  
1.151098235  
1.455181902  
2.858716217  
4.943853299  
7.073510197  
8.602404038  
9.085596117  
8.414539702  
6.835971754  
4.849187385  
3.018895824  
1.769531525  
1.233146981  
1.204326983  
1.218705684  
0.728738579  
-0.6835708803  
-3.131023146  
-6.34498669  
-9.728125178  
-12.52216849  
-14.0379111  
-13.87286824  
-12.04518613  
-8.999267065  
-5.480075644  
-2.315820274  
-0.1778747564  
0.6064319724  
0.1306240021  
-1.14565063  
-2.561600424  
-3.474684529  
-3.463206215  
-2.448954304  
-0.7049735022  
1.248118345  
2.818432615  
3.531818142  
3.173219163  
1.839230828  
-0.1079312921  
-2.162555404  
-3.828703819  
-4.754135947  
-4.805946571  
-4.072751679  
-2.804392576  
-1.319560867  
0.08218769597  
1.175695153  
1.822519675  
1.949890568  
1.519663142  
0.5122148336  
-1.059837154  
-3.111293214  
-5.438007501  
-7.694403729  
-9.42082721  
-10.12996318  
-9.43756193  
-7.200476736  
-3.613760389  
0.7761206208  
5.162771064  
8.664361742  
10.55660325  
10.48834594  
8.611989801  
5.580795462  
2.402019864  
0.1776840664  
-0.1993529268  
1.690801909  
5.648711049  
10.87318391  
16.14389351  
20.12349293  
21.69919558  
20.27211745  
15.91659736  
9.367592806  
1.841085655  
-5.262716667  
-10.69352384  
-13.63513332  
-13.86859652  
-11.77815619  
-8.206655228  
-4.206295042  
-0.7556449731  
1.481139332  
2.292277443  
1.923337571  
0.9559219857  
0.1000438287  
-0.03849460656  
0.8497927119  
2.678935159  
4.987187562  
7.068659237  
8.179550119  
7.76142285  
5.619027938  
2.001935656  
-2.435245604  
-6.786545244  
-10.12321964  
-11.73671311  
-11.32973281  
-9.101740227  
-5.702987721  
-2.067073608  
0.8337017456  
2.243400153  
1.817058891  
-0.2996172637  
-3.527379761  
-7.029644265  
-9.954993527  
-11.67373948  
-11.93835951  
-10.92139684  
-9.122662918  
-7.178576657  
-5.637279935  
-4.773699794  
-4.505381393  
-4.436587803  
-4.015631361  
-2.752373245  
-0.4220034861  
2.815172933  
6.421383001  
9.618038784  
11.61025966  
11.82852386  
10.11030102  
6.763449936  
2.491240889  
-1.796672153  
-5.227042791  
-7.183659205  
-7.439675648  
-6.166773961  
-3.828194904  
-1.000424897  
1.810750914  
4.296975107  
6.378755012  
8.141025213  
9.708245582  
11.1162364  
12.23727408  
12.79275259  
12.45192764  
10.97980022  
8.375208509  
4.940485337  
1.246983505  
-2.001631427  
-4.167741855  
-4.87376268  
-4.123474142  
-2.304912209  
-0.06897962282  
1.878581277  
3.00258187  
3.10405592  
2.368095778  
1.275960701  
0.4108745275  
0.2250221641  
0.8504647765  
2.023143414  
3.151193261  
3.509073963  
2.494664752  
-0.1370015763  
-4.144187766  
-8.820713938  
-13.16818858  
-16.16708698  
-17.06299633  
-15.57973391  
-11.99489401  
-7.058040313  
-1.781369984  
2.829007075  
6.018395115  
7.435661169  
7.15711991  
5.590898762  
3.307790189  
0.8630981434  
-1.331560045  
-3.053395727  
-4.232860274  
-4.870884804  
-4.957729189  
-4.436638106  
-3.23173233  
-1.327732594  
1.13772097  
3.819194008  
6.185856926  
7.632629242  
7.655717121  
6.037828182  
2.976327927  
-0.9010526669  
-4.655201533  
-7.267806621  
-7.924926783  
-6.267963577  
-2.531999013  
2.478187165  
7.576505772  
11.50043135  
13.24770988  
12.34892682  
8.997419926  
3.999222664  
-1.442303334  
-6.045386863  
-8.782540942  
-9.135891123  
-7.20883087  
-3.670241713  
0.4453343542  
4.02056392  
6.141746095  
6.314200154  
4.556636569  
1.360462205  
-2.463981591  
-6.005638531  
-8.475783548  
-9.381727652  
-8.615164475  
-6.443745022  
-3.418270139  
-0.2253916013  
2.47594355  
4.197198394  
4.713512155  
4.09201896  
2.654040726  
0.8832917939  
-0.6975947511  
-1.654134066  
-1.742139004  
-0.9616689659  
0.450028533  
2.085264974  
3.476249982  
4.220998876  
4.091438453  
3.09378098  
1.463482294  
-0.4046376911  
-2.071328843  
-3.178959839  
-3.550266602  
-3.229166491  
-2.450714097  
-1.550050303  
-0.8406378634  
-0.502954228  
-0.5223118014  
-0.6986553964  
-0.7267585116  
-0.3204876086  
0.6619610666  
2.137410792  
3.793978473  
5.171372282  
5.803373308  
5.37772499  
3.859811927  
1.535452648  
-1.047342285  
-3.22559145  
-4.41546207  
-4.294055874  
-2.910844678  
-0.6906782309  
1.677015625  
3.433031859  
3.970869308  
3.021019634  
0.7417582671  
-2.311382289  
-5.329607681  
-7.467434667  
-8.070426697  
-6.850698808  
-3.963154876  
0.0352378846  
4.327791025  
8.039732448  
10.44331408  
11.11365068  
9.999795871  
7.401359843  
3.866667031  
0.04730144784  
-3.449006283  
-6.170390791  
-7.875636653  
-8.528317842  
-8.243977728  
-7.214803839  
-5.6386262  
-3.673312154  
-1.426551012  
1.021812472  
3.578338816  
6.094687873  
8.345461117  
10.03805272  
10.85757821  
10.53863839  
8.946125711  
6.142019699  
2.415638005  
-1.737988633  
-5.694797236  
-8.821577867  
-10.61367087  
-10.81654783  
-9.49735608  
-7.042159138  
-4.072482527  
-1.29668191  
0.6683565578  
1.457886118  
1.056057335  
-0.202659825  
-1.733141312  
-2.876498715  
-3.105614718  
-2.198884296  
-0.3277290829  
1.973530276  
3.952532181  
4.86014315  
4.184335114  
1.825842511  
-1.840589059  
-6.042812596  
-9.807945302  
-12.22418265  
-12.69155708  
-11.08733117  
-7.796479269  
-3.598211675  
0.5569694012  
3.812146874  
5.631298792  
5.922284918  
5.022334722  
3.556124683  
2.21591986  
1.536087964  
1.733502088  
2.661737168  
3.888638994  
4.866450722  
5.134529416  
4.486032072  
3.043868694  
1.222855237  
-0.4068294094  
-1.307567826  
-1.150649486  
0.07655800483  
2.066014006  
4.286264168  
6.147856957  
7.182540071  
7.179443014  
6.237366791  
4.720631446  
3.13681876  
1.97813308  
1.576918756  
2.018216207  
3.131566773  
4.558352917  
5.868146198  
6.685122787  
6.78644515  
6.146994356  
4.923941647  
3.393249111  
1.862808225  
0.5899388092  
-0.2749793341  
-0.7084680169  
-0.7998353845  
-0.7143046599  
-0.6479978407  
-0.7869553508  
-1.27666117  
-2.20258222  
-3.578779956  
-5.341766793  
-7.349604106  
-9.389534837  
-11.19894399  
-12.50230647  
-13.06162609  
-12.73124676  
-11.50279107  
-9.525235721  
-7.089532477  
-4.576484122  
-2.377582128  
-0.8079034471  
-0.03421151638  
-0.03857268261  
-0.6284656868  
-1.491273926  
-2.278360847  
-2.695507399  
-2.575152088  
-1.911690512  
-0.8523624838  
0.3509852109  
1.413305985  
2.089976079  
2.23292771  
1.816675863  
0.9313963169  
-0.2501891255  
-1.519200577  
-2.675742929  
-3.561480434  
-4.074283959  
-4.166280156  
-3.831656042  
-3.092514  
-1.989795833  
-0.5825847912  
1.045462533  
2.77758004  
4.460128959  
5.909735256  
6.934550199  
7.368467058  
7.112362042  
6.172780104  
4.686646278  
2.921621254  
1.2457547  
0.06670277575  
-0.2511004084  
0.524791355  
2.421324012  
5.223243481  
8.489093478  
11.62451322  
14.00248554  
15.10560737  
14.65545975  
12.69295932  
9.582776482  
5.933500794  
2.448653125  
-0.2547165725  
-1.810186594  
-2.20023444  
-1.756008922  
-1.05339666  
-0.7315061553  
-1.285049942  
-2.893118185  
-5.338896542  
-8.049332984  
-10.24768133  
-11.17646294  
-10.32488903  
-7.591639431  
-3.332329616  
1.723660167  
6.661768137  
10.61810449  
12.99014338  
13.55934781  
12.49280928  
10.23172517  
7.311922576  
4.182934867  
1.089700825  
-1.944128555  
-5.031532961  
-8.275380632  
-11.62358789  
-14.79105032  
-17.28927686  
-18.56392458  
-18.19728561  
-16.10320504  
-12.63760039  
-8.571546384  
-4.918959108  
-2.662134012  
-2.457842892  
-4.419667928  
-8.052945496  
-12.37206905  
-16.17097007  
-18.36601562  
-18.30427346  
-15.93895843  
-11.81576549  
-6.875395861  
-2.138405055  
