-1.110698287  
1.831030543  
3.673586948  
4.119456475  
3.271818729  
1.602759276  
-0.1796533397  
-1.323750126  
-1.230158621  
0.4013524293  
3.508338694  
7.693395085  
12.32575409  
16.68259254  
20.09159998  
22.04369612  
22.25937986  
20.7074866  
17.58629647  
13.28053836  
8.305433529  
3.243390045  
-1.325408142  
-4.897369354  
-7.119369759  
-7.850213462  
-7.193248337  
-5.484942849  
-3.232599878  
-1.008525773  
0.677050879  
1.491693903  
1.351903567  
0.4272813676  
-0.9252968813  
-2.278163134  
-3.263643681  
-3.677124878  
-3.519140424  
-2.963881034  
-2.267335002  
-1.650116681  
-1.199812774  
-0.8312951575  
-0.3226749278  
0.5837319586  
2.051553681  
4.04117846  
6.266311408  
8.240006337  
9.40250362  
9.292734099  
7.706904793  
4.788368856  
1.013531778  
-2.927462014  
-6.320773944  
-8.629914167  
-9.642780158  
-9.516389244  
-8.704772542  
-7.794580651  
-7.304050075  
-7.513067315  
-8.38085838  
-9.57702834  
-10.61213578  
-11.0194302  
-10.52231459  
-9.128277832  
-7.117449779  
-4.932563536  
-3.013046147  
-1.636097328  
-0.8244928469  
-0.3555617523  
0.1325532969  
0.9784532401  
2.342237104  
4.119413182  
5.9608606  
7.395886471  
8.015198457  
7.64521951  
6.444768909  
4.880737071  
3.582736958  
3.122419435  
3.794287146  
5.479450878  
7.648624411  
9.513601249  
10.28339191  
9.441071958  
6.945118248  
3.280241537  
-0.6684435419  
-3.883955171  
-5.543694077  
-5.294971275  
-3.384404265  
-0.5922395063  
2.012762731  
3.420950792  
3.018478544  
0.8007071891  
-2.610800782  
-6.15630034  
-8.671185088  
-9.256104274  
-7.562910593  
-3.903551742  
0.8515335842  
5.548662757  
9.10573003  
10.82798483  
10.58235105  
8.779015644  
6.176603098  
3.587978228  
1.595716474  
0.3791303857  
-0.2891109061  
-0.8828458111  
-1.866218188  
-3.444939498  
-5.426111694  
-7.247393875  
-8.172290686  
-7.583957682  
-5.268797991  
-1.578790382  
2.599637508  
6.075766457  
7.71742452  
6.829105799  
3.416072607  
-1.761799076  
-7.375311292  
-11.89993261  
-14.06378635  
-13.2281603  
-9.579216029  
-4.070156163  
1.866071217  
6.739833107  
9.428138411  
9.466475296  
7.124609941  
3.255622098  
-1.017862883  
-4.666286515  
-7.041578075  
-8.002102385  
-7.847897818  
-7.109033112  
-6.280163723  
-5.608166716  
-5.013403988  
-4.169269126  
-2.700963687  
-0.4168340867  
2.52790036  
5.609635486  
8.076518395  
9.20563034  
8.583936397  
6.305119921  
3.000311338  
-0.3216431177  
-2.579623481  
-2.971467796  
-1.250153493  
2.173922531  
6.345571287  
10.05957647  
12.24110978  
12.28445408  
10.23603822  
6.760816403  
2.905582844  
-0.2575350856  
-1.983760579  
-2.08391673  
-0.9527351981  
0.6071321208  
1.698079141  
1.663243266  
0.3249195877  
-1.9574479  
-4.426808434  
-6.21175278  
-6.649006684  
-5.5284174  
-3.173595911  
-0.3319421111  
2.083112599  
3.302639859  
2.953644228  
1.163867747  
-1.511933843  
-4.309950508  
-6.533240822  
-7.780666717  
-8.045084147  
-7.649588803  
-7.054523989  
-6.61849692  
-6.414750803  
-6.182189257  
-5.436789535  
-3.70363299  
-0.7781611228  
3.092527665  
7.192970045  
10.5128358  
12.06378579  
11.23371921  
8.049837136  
3.245608981  
-1.909148246  
-5.973547122  
-7.782727924  
-6.828269608  
-3.439349248  
1.304880708  
5.911475468  
8.952691553  
9.530455982  
7.570175939  
3.842604701  
-0.2971599721  
-3.368951428  
-4.272459128  
-2.66851788  
0.892306232  
5.138429922  
8.48848359  
9.569158925  
7.668626646  
2.976830381  
-3.464104423  
-10.07948909  
-15.24339062  
-17.76261865  
-17.20788384  
-13.99177862  
-9.180280922  
-4.112966587  
0.03295379009  
2.587585686  
3.533547188  
3.416430299  
3.068001736  
3.252054569  
4.364016945  
6.289927906  
8.468427847  
10.12451242  
10.58254771  
9.539948183  
7.200207192  
4.217108536  
1.471323215  
-0.2390937994  
-0.4826160639  
0.648898193  
2.565958378  
4.380504015  
5.208448582  
4.470954518  
2.091657064  
-1.475323633  
-5.392687896  
-8.709188731  
-10.65784122  
-10.88371772  
-9.529396301  
-7.156965157  
-4.541105256  
-2.409154232  
-1.217489794  
-1.035923944  
-1.570779568  
-2.308203565  
-2.719491913  
-2.453062203  
-1.44753408  
0.06746384322  
1.674630285  
2.932268011  
3.53518242  
3.41582138  
2.753334411  
1.892982862  
1.210266178  
0.971756917  
1.242826164  
1.872876889  
2.55940866  
8.980968813  
10.8535939  
11.50646391  
10.79522764  
8.936452274  
6.446342509  
3.98613783  
2.159761383  
1.326343451  
1.487853056  
2.289989668  
3.139248356  
3.401542702  
2.620265019  
0.6833914203  
-2.116276408  
-5.150623636  
-7.636984002  
-8.875343139  
-8.467890669  
-6.45129729  
-3.299064033  
0.2076023911  
3.200343024  
4.966867429  
5.141902266  
3.789087319  
1.35323852  
-1.495543435  
-4.07075611  
-5.862038522  
-6.651650837  
-6.524563307  
-5.780209949  
-4.787600577  
-3.842408416  
-3.079452323  
-2.46896414  
-1.890156225  
-1.244086739  
-0.5519207582  
0.009416329238  
0.1564449393  
-0.3804973379  
-1.711759731  
-3.679442761  
-5.838590917  
-7.551825901  
-8.178319312  
-7.298902877  
-4.898309941  
-1.432153285  
2.259805654  
5.181684176  
6.48745025  
5.76866021  
3.225708557  
-0.3441572858  
-3.752488247  
-5.766057523  
-5.491690456  
-2.678821208  
2.160547723  
7.861146527  
12.91873112  
15.91975442  
15.95804491  
12.91119675  
7.490438633  
1.046421871  
-4.811948981  
-8.671515889  
-9.705941596  
-7.88862751  
-3.968107815  
0.7803859594  
4.946127987  
7.395182977  
7.580057868  
5.65914905  
2.400031904  
-1.092300895  
-3.729882943  
-4.766371315  
-3.995043113  
-1.768391475  
1.153951725  
3.869443863  
5.618641077  
6.002247364  
5.066821173  
3.242916015  
1.16755224  
-0.5425108627  
-1.489586655  
-1.603699212  
-1.132786464  
-0.5269729479  
-0.263132178  
-0.6722908394  
-1.827126907  
-3.523098166  
-5.353677653  
-6.849181994  
-7.6296934  
-7.521209152  
-6.599363946  
-5.15113756  
-3.57225237  
-2.237866679  
-1.390249392  
-1.078713217  
-1.167497762  
-1.403907768  
-1.519602667  
-1.328633495  
-0.7890989916  
-0.009402253111  
0.8001668773  
1.411203061  
1.66553191  
1.536572172  
1.141965127  
0.7026529757  
0.4619506398  
0.5920949461  
1.120615655  
1.903279957  
2.655842867  
3.038016225  
2.765645262  
1.716598291  
-0.004220021676  
-2.064698889  
-3.975660411  
-5.215582657  
-5.376730346  
-4.290991292  
-2.097239469  
0.7731046439  
3.693083809  
5.99682556  
7.154635362  
6.918342207  
5.39527799  
3.027988081  
0.4826382331  
-1.525234094  
-2.420866167  
-1.924408633  
-0.1267368818  
2.533909408  
5.38771384  
7.709429418  
8.906534943  
8.66877893  
7.040344071  
4.398095157  
1.345480095  
-1.446267231  
-3.405638946  
-4.193642754  
-3.770659005  
-2.385735131  
-0.4974470901  
1.348364774  
2.651034349  
3.066436997  
2.475047432  
0.997174753  
-1.04187121  
-3.184942637  
-4.938196119  
-5.871044569  
-5.705063461  
-4.378091379  
-2.072109706  
0.8032961861  
3.6747426  
5.91081149  
6.954065087  
6.45350324  
4.365398823  
0.9919923115  
-3.061439852  
-7.010985651  
-10.07629498  
-11.67644401  
-11.58544383  
-9.998914641  
-7.485167873  
-4.826597372  
-2.791604679  
-1.902254031  
-2.269118215  
-3.548609861  
-5.043014486  
-5.919162271  
-5.482392364  
-3.421134667  
0.05769155222  
4.251315999  
8.142470681  
10.68959101  
11.13941087  
9.265518988  
5.456937222  
0.6260264755  
-4.038977517  
-7.40296419  
-8.695106172  
-7.708867331  
-4.833178773  
-0.9106047496  
3.027682472  
6.063829937  
7.63789035  
7.663913805  
6.491444526  
4.737962439  
3.058159374  
1.931976855  
1.54044667  
1.762357876  
2.27937152  
2.738941695  
2.906774073  
2.749367324  
2.418050799  
2.146855757  
2.111558809  
2.313119394  
2.53926957  
2.42692298  
1.607052259  
-0.121499274  
-2.658350953  
-5.566545135  
-8.160890288  
-9.699511742  
-9.618786304  
-7.732096623  
-4.321262116  
-0.08362963437  
4.053711654  
7.195404358  
8.731022419  
8.49806456  
6.803047186  
4.29711821  
1.75161484  
-0.1883552012  
-1.189142295  
-1.293581954  
-0.8509655361  
-0.3453704915  
-0.190590114  
-0.5690319715  
-1.372514282  
-2.262636129  
-2.822453552  
-2.736992433  
-1.930192949  
-0.603949046  
0.8361530522  
1.938771809  
2.385218326  
2.115830555  
1.35118408  
0.4958155036  
-0.04064790886  
-0.03474938134  
0.4266519433  
0.9472346726  
0.9593661799  
-0.04182112896  
-2.251349255  
-5.390562546  
-8.70095085  
-11.11900209  
-11.59185976  
-9.439376611  
-4.643309711  
2.041138599  
9.205097987  
15.11889475  
18.1902386  
17.41589232  
12.69151951  
4.883372208  
-4.364838386  
-13.03830133  
-19.25670755  
-21.73771748  
-20.09257158  
-14.88017903  
-7.417787758  
0.5855145402  
7.461789545  
11.96418725  
13.50085137  
12.18046102  
8.684116983  
4.02342474  
-0.7341036914  
-4.697175643  
-7.29224298  
-8.302173755  
-7.821204219  
-6.162871869  
-3.758176046  
-1.068947592  
1.475705314  
3.525084196  
4.843931884  
5.344519692  
5.10747226  
4.377311559  
3.519277928  
2.9345058  
2.94769745  
3.697854277  
5.070102819  
6.699930893  
8.060521713  
8.615368472  
7.992297528  
6.121881152  
3.289473348  
0.0754323398  
-2.80527204  
-4.71720897  
-5.304120641  
-4.606937122  
-3.057722718  
-1.347583142  
-0.2090086576  
-0.1827971217  
-1.445798952  
-3.755686389  
-6.529573886  
-9.028205485  
-10.58260695  
-10.78753219  
-9.60012524  
-7.317381502  
-4.449214075  
-1.539432086  
0.9979777527  
2.970399126  
4.400291447  
5.435160183  
6.220448101  
6.795001483  
7.057037957  
6.816986677  
5.914761041  
4.348765465  
2.354779639  
0.3895395564  
-0.9892588443  
-1.31159886  
-0.3849013353  
1.590768011  
4.03655628  
6.147999963  
7.145890652  
6.543017264  
4.332322698  
1.023478089  
-2.495566262  
-5.234467019  
-6.425381527  
-5.786685065  
-3.631857562  
-0.7802281546  
1.706207334  
2.874533956  
2.202919805  
-0.2177712397  
-3.706705593  
-7.214457114  
-9.668430851  
-10.32438426  
-9.003611923  
-6.135227435  
-2.591293608  
0.6245693878  
2.723133496  
3.386641425  
2.846300903  
1.754954403  
0.9044098351  
0.8940301017  
1.875800717  
3.474064473  
4.914699577  
5.321215729  
4.071921152  
1.08621284  
-3.070776855  
-7.313953943  
-10.36198584  
-11.15456457  
-9.221874506  
-4.876861903  
0.8417140415  
6.463901782  
10.52836389  
12.02450514  
10.69215489  
7.081053112  
2.352893471  
-2.105449763  
-5.126651055  
-6.117339715  
-5.206992395  
-3.147614343  
-1.005806256  
0.2415783684  
0.06649611711  
-1.419881786  
-3.508649843  
-5.149308115  
-5.330188518  
-3.451696155  
0.4348337979  
5.602917107  
10.84878388  
14.84534735  
16.53669254  
15.44753022  
11.8133011  
6.497184308  
0.7286713178  
-4.248020966  
-7.505226721  
-8.646734955  
-7.853789589  
-5.765953967  
-3.250226954  
-1.139337272  
-0.01890199999  
-0.1168662959  
-1.309117365  
-3.217222896  
-5.350619139  
-7.241873392  
-8.538132817  
-9.036029141  
-8.670411792  
-7.480693591  
-5.578679012  
-3.130990902  
-0.3545067915  
2.487831755  
5.105326634  
7.21876278  
8.614229069  
9.193474385  
8.998894146  
8.198047153  
7.027967254  
5.716993463  
4.413698914  
3.152475126  
1.872288141  
0.4834609186  
-1.044526097  
-2.613733958  
-3.983211681  
-4.826246639  
-4.847467081  
-3.919961173  
-2.187727326  
-0.08394081306  
1.758519962  
2.689409306  
2.263706116  
0.4295130423  
-2.390872694  
-5.36947242  
-7.485811698  
-7.829475079  
-5.901272554  
-1.815101279  
3.6720866  
9.323709889  
13.74120305  
15.74622454  
14.7145483  
10.76099169  
4.719024464  
-2.079133595  
-8.156114644  
-12.27215722  
-13.72703992  
-12.49975889  
-9.196665546  
-4.837156055  
-0.5513093063  
2.716867398  
4.418311532  
4.473056132  
3.208740708  
1.20287525  
-0.9094905212  
-2.601988586  
-3.556710689  
-3.686969521  
-3.099431914  
-2.026683116  
-0.7602614174  
0.398970702  
1.17325895  
1.335319039  
0.7435500301  
-0.6121380699  
-2.566636046  
-4.762894659  
-6.687673667  
-7.771480313  
-7.539698903  
-5.775727081  
-2.640643873  
1.303134423  
5.192337746  
8.075930465  
9.187156547  
8.192375369  
5.331636482  
1.392849129  
-2.48833316  
-5.153200852  
-5.773816073  
-4.123945657  
-0.6750034198  
3.522965805  
7.147142463  
9.004589329  
8.407131691  
5.399072415  
0.7628237413  
-4.202873641  
-8.065154741  
-9.681594654  
-8.535986939  
-4.883307005  
0.3368097642  
5.785573172  
10.11619947  
12.34841307  
12.11501794  
9.715252976  
5.973701485  
1.963831647  
-1.307984884  
-3.159213834  
-3.359459965  
-2.110309097  
0.09278065419  
2.651989781  
5.039981798  
6.901198415  
8.064570123  
8.487910582  
8.178488364  
7.136761058  
5.352079175  
2.849226949  
-0.2433986688  
-3.646940318  
-6.942947769  
-9.653990892  
-11.37394481  
-11.90190365  
-11.32528347  
-10.01167156  
-8.501195686  
-7.329459194  
-6.840942423  
-7.061282072  
-7.679851433  
-8.156248365  
-7.919145241  
-6.589975829  
-4.151068252  
-0.9938016564  
2.177458322  
4.559390463  
5.512577655  
4.784357861  
2.614009614  
-0.3188617539  
-3.08911463  
-4.801870743  
-4.859947363  
-3.136820507  
-0.001665712252  
3.806885657  
7.411728593  
10.05407847  
11.29287564  
11.08801295  
9.751693628  
7.798122003  
5.753760811  
3.997950425  
2.685508467  
1.767055559  
1.084085475  
0.4887540745  
-0.06690771123  
-0.5102295056  
-0.7012863951  
-0.5325594088  
-0.02593195184  
0.6219959697  
1.074319649  
0.9623449317  
0.02995688232  
-1.742746217  
-4.089212445  
-6.506885484  
-8.398160666  
-9.256352553  
-8.831900396  
-7.218567572  
-4.826815121  
-2.251884877  
-0.08233912195  
1.283385773  
1.747958658  
1.516225774  
0.9897569146  
0.5976385633  
0.629259729  
1.132596419  
1.915120637  
2.643748126  
3.001116752  
2.83307242  
2.225438441  
1.476079953  
0.9704286529  
1.008659005  
1.654834543  
2.673192398  
3.585495496  
3.836919541  
3.014051005  
1.033931714  
-1.771709959  
-4.718503967  
-6.967384569  
-7.797062331  
-6.858726707  
-4.321764751  
-0.8532498132  
2.570242802  
4.961781953  
5.637348596  
4.439095914  
1.792892047  
-1.420724752  
-4.140695679  
-5.4550038  
-4.878234013  
-2.48858279  
1.115870444  
5.021071959  
8.288358103  
10.23479542  
10.61247185  
9.635298467  
7.855959974  
5.945799793  
4.459493418  
3.665120186  
3.491220614  
3.597315973  
3.530528703  
2.903914949  
1.530786266  
-0.5280093377  
-3.010055366  
-5.560949963  
-7.856778616  
-9.689359857  
-10.98508773  
-11.75966618  
-12.03946096  
-11.79406126  
-10.91798203  
-9.275922778  
-6.795113238  
-3.56375982  
0.1130194609  
3.735097439  
6.712747352  
8.526773819  
8.889100844  
7.844072534  
5.768312451  
3.262178591  
0.965552719  
-0.6399656102  
-1.373262502  
-1.389432338  
-1.096089629  
-0.9807770535  
-1.413063947  
-2.494855106  
-4.015011211  
-5.525827353  
-6.513315091  
-6.597498017  
-5.686803488  
-4.02687807  
-2.123027575  
-0.5628138234  
0.1966581313  
-0.002187073042  
-0.9558986833  
-2.170989935  
-3.04333583  
-3.081317016  
-2.090852595  
-0.2534723124  
1.93291685  
3.83073321  
4.893818352  
4.869297933  
3.896523657  
2.466136734  
1.25254372  
0.8784371452  
1.69409543  
3.648496275  
6.296108156  
8.93512908  
10.82742035  
11.42384055  
10.52003153  
8.295688249  
5.233376478  
1.955086865  
-0.9600239037  
-3.112930709  
-4.337028007  
-4.662318229  
-4.223595441  
-3.163974612  
-1.581219544  
0.4601450496  
2.862333927  
5.41391671  
7.74696834  
9.370458373  
9.786506028  
8.65745553  
5.962675461  
2.077853877  
-2.269253007  
-6.17008382  
-8.788516608  
-9.615197605  
-8.633881276  
-6.335326149  
-3.564795859  
-1.248096288  
-0.08688223239  
-0.3291287415  
-1.697770605  
-3.506544441  
-4.925306179  
-5.30164201  
-4.422082511  
-2.614583991  
-0.6487331732  
0.537207955  
0.1887688075  
-1.959099896  
-5.537496116  
-9.620542301  
-13.00675526  
-14.61369158  
-13.85096394  
-10.83963265  
-6.395732828  
-1.775955979  
1.733598064  
3.248007127  
2.586096884  
0.3386913542  
-2.325143658  
-4.052382622  
-3.770143638  
-1.063864952  
3.658560872  
9.273464645  
14.28532269  
17.29535377  
17.44161222  
14.66810246  
9.738421916  
3.994254576  
-1.058218724  
-4.197699745  
-4.829964892  
-3.120223716  
0.1148061683  
3.706759069  
6.520232333  
7.794577588  
7.337877824  
5.523731413  
3.109299973  
0.9496306094  
-0.2894777469  
-0.3269187601  
0.6839624532  
2.251591703  
3.740427782  
4.588196343  
4.472373681  
3.378567211  
1.562718633  
-0.5639548064  
-2.576668366  
-4.154214311  
-5.138358952  
-5.529472826  
-5.43716131  
-5.017482255  
-4.42574593  
-3.79908353  
-3.264020236  
-2.950404166  
-2.990490682  
-3.491513213  
-4.486843563  
-5.886544117  
-7.45485799  
-8.835895606  
-9.631113401  
-9.510185948  
-8.319711598  
-6.149837397  
-3.330162644  
-0.3499625098  
2.27497457  
4.146032751  
5.087823886  
5.180861897  
4.711063829  
4.056184847  
3.551717694  
3.385069136  
3.554623374  
3.904214067  
4.213915467  
4.306558642  
4.124608192  
3.7458739  
3.333376264  
3.043635865  
2.936544443  
2.930638102  
2.829071582  
2.41088943  
1.551729468  
0.320847271  
-0.9944094616  
-1.959860334  
-2.146497958  
-1.312091594  
0.4577981999  
2.712485218  
4.732587967  
5.742154621  
5.172272705  
2.885897713  
-0.7212026492  
-4.791289802  
-8.237721446  
-10.07243206  
-9.722339549  
-7.226779377  
-3.243703575  
1.144951443  
4.769430003  
6.740169466  
6.723955684  
5.033452452  
2.497992454  
0.1588019691  
-1.106555689  
-0.8996443503  
0.5550051581  
2.490442254  
3.876910482  
3.804835502  
1.837718545  
-1.790175055  
-6.204438273  
-10.14455514  
-12.3595233  
-12.01398189  
-8.969261341  
-3.845637603  
2.154591772  
7.603698713  
11.26681927  
12.44615697  
11.14380676  
7.999639397  
4.037147553  
0.3125045398  
-2.410682884  
-3.854341862  
-4.232149539  
-4.082939935  
-4.005370247  
-4.398585098  
-5.305227644  
-6.410120027  
-7.187211717  
-7.131790612  
-5.984600467  
-3.859923989  
-1.227894564  
1.24257502  
2.920984126  
3.44320409  
2.844383925  
1.546340559  
0.2028622937  
-0.5413289681  
-0.2904787011  
0.9504691774  
2.767542007  
4.476294869  
5.358427098  
4.913183957  
3.035970505  
0.06339768933  
-3.328388131  
-6.33402389  
-8.263479318  
-8.737359274  
-7.77008107  
-5.720126701  
-3.134130876  
-0.547730181  
1.682256908  
3.455443425  
4.89327493  
6.213776412  
7.571407131  
8.930238573  
10.02507455  
10.43106332  
9.720300783  
7.649569969  
4.308990934  
0.1722396763  
-3.978820915  
-7.239896087  
-8.827353413  
-8.305092845  
-5.725064067  
-1.637090491  
3.036818892  
7.228516284  
9.986735839  
10.70548193  
9.259108974  
6.01418479  
1.722972829  
-2.666368561  
-6.230245006  
-8.266481071  
-8.425754772  
-6.756734598  
-3.666352944  
0.1855715796  
4.028390277  
7.128734736  
8.918632374  
9.085289488  
7.612490376  
4.771085786  
1.062655101  
-2.873696211  
-6.37605873  
-8.876452109  
-9.998556348  
-9.617842211  
-7.872382076  
-5.123078779  
-1.873463828  
1.331527771  
4.004327376  
5.79004755  
6.505464964  
6.139905147  
4.826376763  
2.797170636  
0.338217406  
-2.248651946  
-4.673611899  
-6.680990866  
-8.071463171  
-8.726976734  
-8.634707812  
-7.900316566  
-6.738791098  
-5.435397162  
-4.27927404  
-3.48439914  
-3.122020339  
-3.090280306  
-3.138390417  
-2.945871748  
-2.237263109  
-0.8967899154  
0.9577037156  
2.973097506  
4.641494678  
5.444982642  
5.02258887  
3.305550505  
0.5731353794  
-2.595599425  
-5.465607787  
-7.344429914  
-7.774803714  
-6.660372851  
-4.283964287  
-1.212557167  
1.879673535  
4.411915906  
6.055318531  
6.799358393  
6.908217221  
6.78779861  
6.814518926  
7.189080028  
7.867487993  
8.592032236  
9.007327449  
8.814963893  
7.906098999  
6.420034863  
4.704977282  
3.194486131  
2.245704903  
2.000856586  
2.326035513  
2.853148561  
3.112579738  
2.709593179  
1.479868665  
-0.4344148702  
-2.618636581  
-4.520753454  
-5.640905908  
-5.708231601  
-4.7808508  
-3.231680668  
-1.623297909  
-0.515031661  
-0.2701423006  
-0.9314616663  
-2.209688232  
-3.588472921  
-4.508782826  
-4.566796269  
-3.654987904  
-1.996638426  
-0.06233447498  
1.600745759  
2.565044275  
2.673880412  
2.093884269  
1.250265168  
0.6683252571  
0.7776099662  
1.747702232  
3.412891587  
5.31136193  
6.824744155  
7.370078469  
6.580017416  
4.413476723  
1.164751545  
-2.625599618  
-6.32291681  
-9.360827673  
-11.36304985  
-12.19312  
-11.92898652  
-10.78574116  
-9.024487578  
-6.883862123  
-4.555097995  
-2.199060318  
0.01581179945  
1.884525659  
3.169910322  
3.64811142  
3.182088831  
1.794324811  
-0.2941085334  
-2.681057549  
-4.860215493  
-6.337927663  
-6.754422088  
-5.971145848  
-4.097094561  
-1.448365571  
1.542019569  
4.431099944  
6.854119913  
8.56919837  
9.453672743  
9.467661212  
8.612552759  
6.911233129  
4.423221108  
1.287416295  
-2.232861909  
-5.735046656  
-8.717311659  
-10.67686397  
-11.24374019  
-10.30643226  
-8.080078515  
-5.081504514  
-2.005266779  
0.4692094849  
1.880498859  
2.129237153  
1.509106484  
0.6061535725  
0.09322200621  
0.4854171539  
1.940723884  
4.179260873  
6.557057549  
8.277742525  
8.675769512  
7.475759812  
4.935356718  
1.814101076  
-0.8323427778  
-1.973823358  
-0.9425031035  
2.325356274  
7.225502065  
12.62708094  
17.18078329  
19.70091071  
19.50386176  
16.59880407  
11.67325872  
5.881152513  
0.5025324735  
-3.417625895  
-5.341185732  
-5.341185757  
-4.016685488  
-2.256682973  
-0.936894024  
-0.6490186792  
-1.545053566  
-3.336266293  
-5.433737321  
-7.172399043  
-8.038099464  
-7.823040707  
-6.665142031  
-4.96958642  
-3.250545372  
-1.954615557  
-1.328026505  
-1.368763969  
-1.871323488  
-2.538387751  
-3.112138634  
-3.47462638  
-3.681718356  
-3.921830261  
-4.418873209  
-5.318429845  
-6.600996737  
-8.055179098  
-9.321854774  
-9.995501889  
-9.74973973  
-8.446428323  
-6.19347386  
-3.332855818  
-0.3617228478  
2.191133549  
3.898972483  
4.544545841  
4.172753442  
3.074779694  
1.707667769  
0.5693072096  
0.05990908455  
0.3650260305  
1.391204141  
2.774277243  
3.963763627  
4.367836485  
3.526034458  
1.265581927  
-2.204066549  
-6.292863867  
-10.13999836  
-12.81461244  
-13.56140802  
-12.02581975  
-8.391194814  
-3.378348493  
1.906672684  
6.246693899  
8.639795875  
8.586252768  
6.248641182  
2.429840607  
-1.634526691  
-4.616045612  
-5.469326206  
-3.731904752  
0.344002777  
5.870504516  
11.59123962  
16.25452135  
18.97554974  
19.47363152  
18.11063447  
15.72198234  
13.30032722  
11.64091004  
11.07030223  
11.35128214  
11.7956628  
11.54453155  
9.916290934  
6.697904066  
2.273010306  
-2.463735249  
-6.382423021  
-8.492766011  
-8.290350805  
-5.953522944  
-2.318980738  
1.361515329  
3.806553764  
4.106932906  
2.011861167  
-1.99450281  
-6.850350852  
-11.25411858  
-14.07090039  
-14.67485613  
-13.11938438  
-10.08651835  
-6.641288333  
-3.879673915  
-2.589696978  
-3.034285274  
-4.917756346  
-7.532392988  
-10.02128307  
-11.6591727  
-12.05501035  
-11.21563745  
-9.464812453  
-7.264640172  
-5.018208613  
-2.932275302  
-0.9887882324  
0.9731897987  
3.10908278  
5.4240081  
7.698769604  
9.523558649  
10.43108021  
10.0785944  
8.405984745  
5.703154274  
2.553139456  
-0.3357075581  
-2.351758652  
-3.17704083  
-2.886515898  
-1.911497153  
-0.8781051514  
-0.3775198109  
-0.750168329  
-1.96142721  
-3.613329536  
-5.08759619  
-5.767863124  
-5.260863309  
-3.537688578  
-0.946215555  
1.906889487  
4.359253003  
5.906276182  
6.349125719  
5.827993087  
4.735422993  
3.548990462  
2.650705756  
2.202188372  
2.119706047  
2.151991803  
2.022648341  
1.574053035  
0.8505582162  
0.08512301856  
-0.4055782394  
-0.3731429234  
0.2294076373  
1.1941397  
2.114419744  
2.536251829  
2.149115627  
0.9397576312  
-0.7587497044  
-2.353889543  
-3.196128409  
-2.829176594  
-1.195701219  
1.284952651  
3.809423522  
5.435953866  
5.407990958  
3.446849906  
-0.09254005278  
-4.268007488  
-7.798029654  
-9.441812063  
-8.394229693  
-4.568293151  
1.330041367  
7.965284518  
13.72913641  
17.18397356  
17.45913329  
14.48187055  
8.977755039  
2.247747197  
-4.203155746  
-9.069351287  
-11.56091466  
-11.54822058  
-9.509040662  
-6.314713179  
-2.937307203  
-0.174758837  
1.526620074  
2.114096931  
1.845561357  
1.131076421  
0.3652288227  
-0.1919840461  
-0.4556410977  
-0.4819905457  
-0.3917411384  
-0.2929335906  
-0.2376840384  
-0.2257400376  
-0.2432344356  
-0.3084150256  
-0.4938962377  
-0.9079118844  
-1.638414389  
-2.684378523  
-3.908561467  
-5.040645429  
-5.740602178  
-5.706777007  
-4.792079537  
-3.08373073  
-0.9115234161  
1.226499964  
2.802040912  
3.414692503  
2.917075071  
1.463261217  
-0.5376312095  
-2.548045957  
-4.066364387  
-4.773613441  
-4.613989257  
-3.784542747  
-2.641782365  
-1.561763755  
-0.8053028568  
-0.4359405365  
-0.3172908229  
-0.1864895157  
0.2272614969  
1.085192557  
2.366419311  
3.865774267  
5.2604274  
6.218298832  
6.507140291  
6.064790156  
5.007581832  
3.577900059  
2.054393733  
0.6605248872  
-0.4948419231  
-1.425953665  
-2.230024564  
-3.01944568  
-3.856509128  
-4.717210787  
-5.496463823  
-6.048672071  
-6.242955179  
-6.007469887  
-5.344001498  
-4.30915051  
-2.974884966  
-1.391744347  
0.4228042498  
2.460285797  
4.669271957  
6.900179156  
8.8786089  
10.23227763  
10.57714658  
9.643160137  
7.39889286  
4.12667141  
0.4101530889  
-2.977159351  
-5.259902684  
-5.873167156  
-4.633224342  
-1.809039989  
1.934145095  
5.707569724  
8.638212953  
10.10206511  
9.880018525  
8.189918369  
5.588764737  
2.781055592  
0.3985079102  
-1.177162994  
-1.894620229  
-1.998127284  
-1.899323197  
-2.007513962  
-2.580715396  
-3.647231178  
-5.017992974  
-6.375268579  
-7.396432599  
-7.862471584  
-7.71178067  
-7.02557841  
-5.960610295  
-4.665889875  
-3.224407299  
-1.646810205  
0.08165445056  
1.92621123  
3.74036065  
5.254510789  
6.133019082  
6.086856214  
5.001352085  
3.025609238  
0.57887301  
-1.742417957  
-3.334964042  
-3.781210591  
-2.994730765  
-1.260579585  
0.8520874449  
2.681237373  
3.702258835  
3.713842829  
2.907614291  
1.78968791  
0.9767437736  
0.9385125  
1.783453727  
3.174222803  
4.415718611  
4.695805092  
3.399382257  
0.3829260489  
-3.897257144  
-8.463735385  
-12.09308162  
-13.70496854  
-12.73639257  
-9.369312831  
-4.523699242  
0.3949292184  
3.920134783  
4.985914252  
3.271911798  
-0.6854199526  
-5.657143385  
-10.11077744  
-12.69643355  
-12.66900441  
-10.10638607  
-5.853241815  
-1.213578559  
2.498823107  
4.395480542  
4.284302078  
2.686718507  
0.6016126109  
-0.8932952494  
-1.054844988  
0.2490812272  
2.500964891  
4.746752435  
5.981721825  
5.56576048  
3.511525718  
0.532822551  
-2.174006804  
-3.345759183  
-2.12124661  
1.604581712  
7.073744995  
12.85487262  
17.27590371  
18.96017648  
17.28671497  
12.61705368  
6.207144275  
-0.1724056473  
-4.78640421  
-6.476467797  
-5.016842239  
-1.169234036  
3.579278478  
7.506944205  
9.214607238  
8.068219799  
4.386249319  
-0.6822771275  
-5.541350571  
-8.662130787  
-9.058774809  
-6.575822671  
-1.904168694  
3.666023115  
8.662656019  
11.87686733  
12.69321411  
11.20868246  
8.119825093  
4.434560021  
1.118454431  
-1.202032873  
-2.386300583  
-2.742086056  
-2.835342505  
-3.229206234  
-4.251551241  
-5.872415843  
-7.727239925  
-9.26705582  
-9.97279107  
-9.552158196  
-8.049401112  
-5.833854345  
-3.478646203  
-1.578763061  
-0.5752070889  
-0.6441588866  
-1.681650206  
-3.377370958  
-5.339882272  
-7.221236673  
-8.795649432  
-9.970484984  
-10.73797673  
-11.10038905  
-11.01047911  
-10.35981198  
-9.024263453  
-6.94864576  
-4.232257251  
-1.172591672  
1.762002648  
4.033514026  
5.18236726  
4.974408618  
3.494357612  
1.148326845  
-1.432626938  
-3.562255705  
-4.690553872  
-4.556352992  
-3.252145757  
-1.180577308  
1.08257257  
2.973559653  
4.113464232  
4.413165796  
4.078444562  
3.516788757  
3.179844854  
3.395877299  
4.248589414  
5.542079023  
6.862486291  
7.715063157  
7.691390107  
6.612681966  
4.603856825  
2.075753457  
-0.3782776048  
-2.139500831  
-2.72793355  
-1.926826418  
0.1654351938  
3.166477774  
6.510939406  
9.590118327  
11.8915459  
13.10358765  
13.16308591  
12.24116386  
10.67840095  
8.891288582  
7.275356995  
6.126742736  
5.595847748  
5.676943017  
6.229171176  
7.019052227  
7.772880867  
8.228448123  
8.17828063  
7.49963283  
6.169014998  
4.260992074  
1.932308379  
-0.6061937069  
-3.125995163  
-5.420187351  
-7.339055293  
-8.815036114  
-9.871337128  
-10.61114536  
-11.18827617  
-11.76447779  
-12.46243174  
-13.32570859  
-14.29650996  
-15.21899943  
-15.87035952  
-16.01467791  
-15.4681255  
-14.15912003  
-12.16634616  
-9.721285497  
-7.169861046  
-4.898656819  
-3.241827765  
-2.392366711  
-2.343039482  
-2.876662885  
-3.613351378  
-4.106590167  
-3.965016839  
-2.967221456  
-1.136165247  
1.250745474  
3.722728665  
5.733955869  
6.80783255  
6.666788115  
5.310230773  
3.01775747  
0.2766782421  
-2.344443864  
-4.338517043  
-5.376943673  
-5.3681937  
-4.444795273  
-2.889106627  
-1.027606334  
0.867923352  
2.639032616  
4.242746226  
5.703474664  
7.040725023  
8.208212398  
9.075259798  
9.463809668  
9.230288386  
8.360170041  
7.032921352  
5.6212807  
4.610379161  
4.452249395  
5.399187511  
7.374319384  
9.93277391  
12.34177107  
13.76969758  
13.53523632  
11.34150517  
7.417009162  
2.508309663  
-2.287432245  
-5.811212292  
-7.171839863  
-6.017820566  
-2.665088576  
1.965335304  
6.588827264  
9.911276669  
10.99270321  
9.511853  
5.851524467  
0.9780875618  
-3.848784783  
-7.448287242  
-9.05980239  
-8.550796208  
-6.430459757  
-3.668658942  
-1.379577876  
-0.4700842141  
-1.361756386  
-3.870561299  
-7.277459673  
-10.56341176  
-12.73191913  
-13.11711758  
-11.5824557  
-8.551481008  
-4.86563297  
-1.517540533  
0.654726895  
1.217428441  
0.2598749152  
-1.650715715  
-3.660138943  
-4.902131299  
-4.771971107  
-3.116422933  
-0.2851534195  
2.968509758  
5.704935304  
7.067810832  
6.527404922  
4.029392798  
0.01062726041  
-4.717597274  
-9.181387657  
-12.48938165  
-14.04357085  
-13.66165801  
-11.58442617  
-8.374807866  
-4.74457583  
-1.361815514  
1.306369762  
3.075719066  
4.035669524  
4.461321887  
4.681039286  
4.945317299  
5.339340778  
5.765685513  
5.999908095  
5.797630188  
5.014652033  
3.696847566  
2.105783238  
0.6666080065  
-0.1496358548  
0.02568660422  
1.327204104  
3.585551905  
6.346685592  
