-3.031776579  
-3.575341885  
-3.852136431  
-4.04968718  
-4.326406858  
-4.71840848  
-5.106248344  
-5.257244805  
-4.927972348  
-3.985752406  
-2.498136701  
-0.7493455965  
0.8304448369  
1.803409974  
1.882628437  
1.052455739  
-0.3970675187  
-1.94052982  
-2.973705912  
-3.005900264  
-1.823016764  
0.4353059659  
3.312234074  
6.17232371  
8.395031102  
9.557006445  
9.541736898  
8.541687401  
6.957053387  
5.232190405  
3.692396115  
2.441838391  
1.359063002  
0.1885609649  
-1.310274001  
-3.217989139  
-5.374098879  
-7.396547922  
-8.799412118  
-9.167904811  
-8.325622636  
-6.428707855  
-3.946104978  
-1.525686386  
0.2116892262  
0.879835277  
0.4627088399  
-0.673211136  
-1.898487912  
-2.534835179  
-2.092266937  
-0.4481167565  
2.094630461  
4.891774053  
7.158727193  
8.221751882  
7.73672586  
5.803763053  
2.941469868  
-0.06855085181  
-2.414031475  
-3.485208569  
-3.035897165  
-1.226912145  
1.452647651  
4.350707134  
6.843418186  
8.489156908  
9.101829339  
8.733132878  
7.586971839  
5.910902339  
3.911676186  
1.725565879  
-0.5535934477  
-2.81284986  
-4.864543773  
-6.433776921  
-7.20664792  
-6.928901049  
-5.519309596  
-3.150275806  
-0.2553496832  
2.552237615  
4.633096529  
5.50138018  
4.971125758  
3.217142323  
0.7252697922  
-1.856040429  
-3.9165278  
-5.07188258  
-5.276287933  
-4.822325071  
-4.228691165  
-4.053833751  
-4.698184248  
-6.26056395  
-8.495070531  
-10.88024316  
-12.77499681  
-13.60841987  
-13.04213588  
-11.05648835  
-7.939771689  
-4.192631057  
-0.3857260512  
2.980708635  
5.573815817  
7.260747307  
8.081288482  
8.184676296  
7.762396783  
7.002307765  
6.073502129  
5.13349175  
4.338075337  
3.834452293  
3.72953485  
4.042335301  
4.663692146  
5.350567309  
5.772757524  
5.609413437  
4.669205173  
2.991440775  
0.8841064648  
-1.128495918  
-2.445452533  
-2.579541943  
-1.337255203  
1.076526291  
4.07485229  
6.833452662  
8.52686492  
8.583849698  
6.877783802  
3.784393304  
0.08068860119  
-3.288187533  
-5.501146967  
-6.116423069  
-5.203450313  
-3.304788859  
-1.238910732  
0.1900772113  
0.475994655  
-0.4119084366  
-2.021611861  
-3.586554681  
-4.312995326  
-3.686455027  
-1.687965982  
1.160264003  
3.942229992  
5.643781707  
5.498644229  
3.266514217  
-0.6546881445  
-5.325826161  
-9.545667751  
-12.22254966  
-12.7163634  
-11.03708484  
-7.833347106  
-4.174459104  
-1.198391249  
0.2572391237  
-0.08105318569  
-1.850215077  
-4.191067159  
-6.051675227  
-6.550093661  
-5.274581742  
-2.422352274  
1.266540656  
4.75450503  
7.046301527  
7.509670382  
6.072319236  
3.234834187  
-0.09831707915  
-2.907961439  
-4.371160247  
-4.093113398  
-2.190582462  
0.7898180316  
4.079532741  
6.944155961  
8.899232782  
9.817745655  
9.903568084  
9.553575788  
9.168170786  
8.983652621  
8.986318281  
8.934284214  
8.471700608  
7.286890919  
5.252330246  
2.494425465  
-0.6303766742  
-3.640787175  
-6.075419811  
-7.622970826  
-8.192236897  
-7.901633923  
-6.999660971  
-5.753575307  
-4.35378775  
-2.87247079  
-1.290637518  
0.4218180123  
2.211960964  
3.882084651  
5.095590352  
5.459213924  
4.65878909  
2.601125958  
-0.4933423721  
-4.089785682  
-7.443171401  
-9.784191731  
-10.53322633  
-9.475356631  
-6.838356667  
-3.2446857  
0.4520966243  
3.398896736  
4.973103587  
4.941826884  
3.503809174  
1.204786156  
-1.243214612  
-3.179180995  
-4.178521412  
-4.151357396  
-3.329024405  
-2.151385089  
-1.09880225  
-0.5280128696  
-0.5659614895  
-1.092755312  
-1.81268029  
-2.382011  
-2.544462288  
-2.225055733  
-1.550405521  
-0.7911655084  
-0.2507200183  
-0.1430795813  
-0.5060718222  
-1.182264031  
-1.875104347  
-2.26001867  
-2.109916357  
-1.388558007  
-0.2759527708  
0.8864187862  
1.714304412  
1.923515722  
1.446861508  
0.4819621123  
-0.5513655135  
-1.135400949  
-0.8234625804  
0.6004874866  
3.025273409  
6.01466163  
8.913586777  
11.03043567  
11.84186745  
11.15709432  
9.188759587  
6.504592989  
3.870038738  
2.025979635  
1.466892677  
2.286522892  
4.139328464  
6.332144136  
8.021576862  
8.460544317  
7.221839451  
4.332643421  
0.2797700823  
-4.116563429  
-7.923863667  
-10.34914618  
-10.94865156  
-9.736284144  
-7.162224061  
-3.972126345  
-0.9919606021  
1.096183336  
1.922092275  
1.493959075  
0.1510262254  
-1.574837967  
-3.139405638  
-0.3711752005  
-5.543310117  
-8.962346875  
-10.11030949  
-9.138474593  
-6.748890932  
-3.909643473  
-1.507088812  
-0.0557263221  
0.4377234469  
0.4161669857  
0.5491489625  
1.431673865  
3.317385293  
5.98461709  
8.784972759  
10.85829964  
11.43804943  
10.13823508  
7.11876671  
3.067723798  
-0.9975906007  
-4.046181759  
-5.360379905  
-4.764859707  
-2.681096845  
0.01046757796  
2.254151105  
3.154347362  
2.252743117  
-0.3407986998  
-4.001442635  
-7.802754244  
-10.81455911  
-12.38477195  
-12.31447945  
-10.87523974  
-8.672759138  
-6.412370044  
-4.65177895  
-3.626088076  
-3.200546299  
-2.959346815  
-2.391102647  
-1.099955011  
1.034121491  
3.80072766  
6.725270334  
9.227944702  
10.8160229  
11.24097784  
10.5674433  
9.134327067  
7.427038841  
5.909793392  
4.878124423  
4.381185782  
4.235866923  
4.121132302  
3.713470744  
2.812618716  
1.413922659  
-0.2938088933  
-1.99770743  
-3.366543634  
-4.151477933  
-4.246714506  
-3.693829399  
-2.637349468  
-1.257940907  
0.2839534275  
1.86920689  
3.399809707  
4.752747006  
5.738006276  
6.092130522  
5.525374402  
3.817188234  
0.930614396  
-2.898884694  
-7.143286336  
-11.05499007  
-13.8265028  
-14.79811905  
-13.6528262  
-10.5347405  
-6.046314085  
-1.115000989  
3.238756982  
6.167385205  
7.217632186  
6.440604311  
4.356639064  
1.785732722  
-0.403963078  
-1.551927013  
-1.387289759  
-0.08351427373  
1.826492196  
3.642545742  
4.731123678  
4.724295116  
3.620920829  
1.761529574  
-0.3091537428  
-2.041273724  
-3.070814885  
-3.337642808  
-3.092063025  
-2.790012923  
-2.914737944  
-3.787146659  
-5.430153924  
-7.533627712  
-9.532761322  
-10.77516676  
-10.72318525  
-9.127023987  
-6.11433139  
-2.168920652  
1.993656756  
5.614565506  
8.087070157  
9.102063927  
8.704775458  
7.252279912  
5.291308882  
3.397632319  
2.025833031  
1.410356471  
1.539337484  
2.198758894  
3.06423964  
3.806967369  
4.181373525  
4.073202939  
3.502714949  
2.592736029  
1.520215941  
0.4705682646  
-0.392516988  
-0.9393398945  
-1.075191074  
-0.7410557854  
0.07715094354  
1.329297221  
2.879089227  
4.493330505  
5.856712035  
6.619940039  
6.477358297  
5.257114384  
2.997753296  
-0.01646505598  
-3.281277777  
-6.163030766  
-8.038590656  
-8.451817988  
-7.244870027  
-4.625150432  
-1.143255915  
2.419830791  
5.232882279  
6.618254715  
6.226597065  
4.134718277  
0.8374743024  
-2.868108532  
-6.079321418  
-8.015261722  
-8.216115554  
-6.661228277  
-3.773749458  
-0.3095100533  
2.841046548  
4.885449656  
5.334048814  
4.122112203  
1.616498734  
-1.494183846  
-4.394867546  
-6.369936327  
-6.996380455  
-6.250047744  
-4.495536189  
-2.363561494  
-0.5521840459  
0.3895031529  
0.231044324  
-0.8671907447  
-2.401850849  
-3.681476463  
-4.043307669  
-3.067557696  
-0.7243365517  
2.592688595  
6.158791548  
9.112288703  
10.69494696  
10.4687393  
8.444975954  
5.087105596  
1.185448855  
-2.360002436  
-4.785439009  
-5.666127591  
-5.017919105  
-3.269576013  
-1.116958127  
0.6947927982  
1.594143387  
1.344149534  
0.09476319144  
-1.68595599  
-3.376743459  
-4.410089474  
-4.455549929  
-3.522588288  
-1.952527804  
-0.3044719662  
0.8270128052  
1.00428025  
0.08912250268  
-1.707648341  
-3.882905495  
-5.784766811  
-6.797941794  
-6.515105665  
-4.845361493  
-2.032114706  
1.418846559  
4.874293442  
7.728779353  
9.536074634  
10.08489027  
9.407622793  
7.732242911  
5.402594615  
2.796611442  
0.2654908446  
-1.896915029  
-3.459900622  
-4.252011992  
-4.163647037  
-3.16483381  
-1.334502786  
1.113895088  
3.830618817  
6.367432365  
8.257584928  
9.123236899  
8.780864516  
7.30926031  
5.05130896  
2.538923291  
0.3549993056  
-1.031018155  
-1.404627195  
-0.8782036953  
0.1347114866  
1.041545608  
1.256753149  
0.3966994606  
-1.578069242  
-4.32135048  
-7.179373599  
-9.370405183  
-10.21506018  
-9.34848797  
-6.848568154  
-3.23794334  
0.6448675748  
3.870210949  
5.673065025  
5.664689627  
3.937571963  
1.032694107  
-2.220712964  
-4.944933318  
-6.46187447  
-6.476922762  
-5.146307244  
-3.011342296  
-0.8226788914  
0.6905526909  
1.037379624  
0.1047603699  
-1.817200827  
-4.127273837  
-6.090906274  
-7.049246668  
-6.598959858  
-4.694534192  
-1.649963415  
1.953372604  
5.420381513  
8.111453628  
9.581817671  
9.659268533  
8.449181908  
6.2767754  
3.591375928  
0.8627586584  
-1.504929127  
-3.226992051  
-4.157714619  
-4.283347557  
-3.700312265  
-2.588729953  
-1.186040574  
0.2400496627  
1.422887976  
2.134511684  
2.226784724  
1.667258398  
0.5574371196  
-0.8776312657  
-2.332847494  
-3.493621218  
-4.116967952  
-4.099969262  
-3.513059494  
-2.584019994  
-1.632988628  
-0.9747112725  
-0.8163560725  
-1.1829916  
-1.896416359  
-2.617646254  
-2.94370523  
-2.531475538  
-1.211318504  
0.9454369011  
3.628139227  
6.359836213  
8.621863951  
9.99363288  
10.26592527  
9.493548466  
7.971704232  
6.143915649  
4.47047424  
3.298319317  
2.772124515  
2.8125377  
3.165481011  
3.503387716  
3.54277215  
3.138085733  
2.320813432  
1.27227248  
0.2419145847  
-0.5577688308  
-1.04007224  
-1.282369449  
-1.497276083  
-1.944384858  
-2.812754987  
-4.117260647  
-5.650116279  
-7.01239429  
-7.72390344  
-7.381892041  
-5.819041091  
-3.20648679  
-0.06050542412  
2.860744523  
4.749920705  
4.981780448  
3.315914274  
0.007319871761  
-4.215582164  
-8.308961215  
-11.17128118  
-11.93353464  
-10.20254413  
-6.188182117  
-0.6760445922  
5.150842191  
9.996003039  
12.76477734  
12.82816142  
10.16724862  
5.363481047  
-0.5581017951  
-6.386791441  
-11.01485241  
-13.68207042  
-14.11745597  
-12.55034119  
-9.599316943  
-6.078576549  
-2.779066707  
-0.282668136  
1.147212876  
1.580048211  
1.345734045  
0.904829662  
0.7017763529  
1.040234822  
2.008791444  
3.469002337  
5.10136677  
6.492337332  
7.239022608  
7.047927597  
5.808138336  
3.625983566  
0.8154887421  
-2.153933895  
-4.744354583  
-6.456445447  
-6.937221041  
-6.066033067  
-3.997373752  
-1.145354047  
1.893678999  
4.4688497  
6.026344822  
6.248355071  
5.141676264  
3.048030924  
0.5674151224  
-1.5901869  
-2.78751671  
-2.627564393  
-1.05794395  
1.619147718  
4.835616456  
7.919155522  
10.27945756  
11.5622629  
11.72427867  
11.00720006  
9.821936121  
8.583864162  
7.55660376  
6.759203379  
5.970277758  
4.829168656  
2.999825225  
0.3396466833  
-2.988712575  
-6.50731557  
-9.526161901  
-11.33257329  
-11.40896188  
-9.609005954  
-6.233137372  
-1.975120906  
2.247659836  
5.530315609  
7.211827541  
7.032414554  
5.17202641  
2.163719307  
-1.284568142  
-4.498700704  
-7.010018749  
-8.63898284  
-9.472891665  
-9.757416661  
-9.750827935  
-9.59991562  
-9.285124573  
-8.653472643  
-7.522718288  
-5.811802807  
-3.64150512  
-1.359536889  
0.5275706268  
1.497989671  
1.185854397  
-0.4804235855  
-3.224492471  
-6.476637157  
-9.522775403  
-11.70075499  
-12.57959484  
-12.06270991  
-10.38235906  
-7.990398694  
-5.386533155  
-2.946528332  
-0.8117926715  
1.121535766  
3.112819916  
5.422787907  
8.155580352  
11.15974533  
14.02998414  
16.2147371  
17.19527077  
16.67414613  
14.70494494  
11.71337636  
8.396480654  
5.528631926  
3.735762849  
3.31127119  
4.133847107  
5.713744833  
7.351339047  
8.355042894  
8.247351269  
6.893896006  
4.518414567  
1.606122543  
-1.264812901  
-3.602164782  
-5.127998784  
-5.817575556  
-5.8447108  
-5.463947538  
-4.881525318  
-4.168288647  
-3.248575095  
-1.967362318  
-0.2058310599  
2.004763394  
4.421671905  
6.613149821  
8.064344113  
8.3332262  
7.202093921  
4.768789229  
1.441176382  
-2.168200556  
-5.414979403  
-7.806389881  
-9.133608738  
-9.508481362  
-9.293158806  
-8.94839078  
-8.854587897  
-9.168916699  
-9.768529639  
-10.29924914  
-10.31142352  
-9.433819086  
-7.522982579  
-4.734419221  
-1.489699855  
1.6495313  
4.156837856  
5.704470032  
6.258220067  
6.07094083  
5.57749739  
5.228110088  
5.318402276  
5.87536853  
6.639184053  
7.147933302  
6.897484118  
5.523516208  
2.945527485  
-0.5745994209  
-4.479055916  
-8.051682406  
-10.60476818  
-11.65937329  
-11.06743346  
-9.043340436  
-6.10047255  
-2.915126463  
-0.1584221189  
1.658523492  
2.289173969  
1.786162526  
0.4659417057  
-1.180117029  
-2.60271098  
-3.313004061  
-2.980604128  
-1.49681037  
1.003782349  
4.164450269  
7.467101097  
10.3252449  
12.19678317  
12.6984238  
11.69891254  
9.36726909  
6.157755429  
2.72570088  
-0.2141568281  
-2.057215732  
-2.464438157  
-1.460010935  
0.5609169327  
2.923816575  
4.846926645  
5.650269701  
4.944129102  
2.742560734  
-0.5329363973  
-4.163364515  
-7.32646694  
-9.32068218  
-9.755216411  
-8.652442877  
-6.434661495  
-3.801019207  
-1.531567237  
-0.274863699  
-0.3776115145  
-1.800003171  
-4.134176701  
-6.714121091  
-8.782352143  
-9.667837421  
-8.932511873  
-6.457515454  
-2.458972692  
2.559643302  
7.900466336  
12.7880479  
16.49108348  
18.43499078  
18.29493022  
16.05957552  
12.0548085  
6.916068775  
1.502241544  
-3.245989258  
-6.485256077  
-7.652379829  
-6.607176531  
-3.692515357  
0.3159858198  
4.371458684  
7.397596745  
8.553063537  
7.448306099  
4.252226671  
-0.3463829379  
-5.31762569  
-9.563281271  
-12.2082123  
-12.82750973  
-11.54399469  
-8.968379946  
-6.001183808  
-3.556611419  
-2.291570677  
-2.420272972  
-3.667725877  
-5.372392376  
-6.703172048  
-6.922518994  
-5.616030942  
-2.821904124  
0.9738609491  
4.969591628  
8.264064051  
10.0920265  
10.0140111  
8.013558424  
4.484876643  
0.1251117153  
-4.231628749  
-7.792149526  
-9.952761193  
-10.3925137  
-9.103448619  
-6.365414701  
-2.681054631  
1.312663054  
4.943765138  
7.606841977  
8.859359999  
8.502514187  
6.632153126  
3.643189739  
0.1748737465  
-3.004449715  
-5.157656352  
-5.751792805  
-4.600406372  
-1.933085924  
1.635184317  
5.236599419  
7.957317603  
9.06688778  
8.208776741  
5.498533922  
1.50078613  
-2.909705135  
-6.764567261  
-9.236095909  
-9.825886775  
-8.460009542  
-5.472114129  
-1.488945924  
2.740801701  
6.521616776  
9.343294621  
10.94266821  
11.29351537  
10.54570898  
8.946504482  
6.774853527  
4.306169347  
1.806689235  
-0.4585374732  
-2.225728719  
-3.256429272  
-3.38706126  
-2.588926138  
-1.012680014  
1.008870041  
3.013797379  
4.51416932  
5.122936293  
4.665510074  
3.237598841  
1.185823618  
-0.9876486426  
-2.769409037  
-3.783240748  
-3.895156334  
-3.24126451  
-2.170350972  
-1.121916461  
-0.4820667595  
-0.4664182576  
-1.068497198  
-2.087912417  
-3.223594113  
-4.19422182  
-4.839139038  
-5.161802902  
-5.300803879  
-5.442297994  
-5.711161177  
-6.08754957  
-6.386748444  
-6.316195949  
-5.592976504  
-4.0794176  
-1.883516677  
0.620236499  
2.867913911  
4.264525441  
4.37584183  
3.089747203  
0.6885001414  
-2.200407965  
-4.768272064  
-6.258815146  
-6.200735717  
-4.565271046  
-1.795714457  
1.305570524  
3.802855674  
4.900005716  
4.179537592  
1.735929649  
-1.837169812  
-5.602662874  
-8.533131807  
-9.78799739  
-8.935756568  
-6.060204281  
-1.724820171  
3.189244019  
7.721110556  
11.07483906  
12.80358793  
12.88713856  
11.68918734  
9.815153628  
7.917199841  
6.504324349  
5.809713146  
5.748111096  
5.969038799  
5.985313084  
5.337270452  
3.745804636  
1.212613683  
-1.958312821  
-5.22264713  
-7.924373742  
-9.457896943  
-9.422541794  
-7.730565474  
-4.641377009  
-0.7126749496  
3.320514428  
6.71010162  
8.862771126  
9.470381522  
8.570886534  
6.525011079  
3.915352715  
1.39444701  
-0.4784705824  
-1.369779685  
-1.239539455  
-0.3299895481  
0.9188400873  
2.000087084  
2.47968493  
2.106423337  
0.8649392644  
-1.037811889  
-3.242525205  
-5.338926875  
-6.96756136  
-7.895019895  
-8.047428553  
-7.501707529  
-6.446438361  
-5.130054012  
-3.812387582  
-2.728293661  
-2.063343998  
-1.935540337  
-2.376904581  
-3.314095154  
-4.555214949  
-5.795928567  
-6.657655935  
-6.762267945  
-5.833331699  
-3.798670897  
-0.8596786024  
2.505138003  
5.619578403  
7.764076489  
8.369562125  
7.195765248  
4.435531047  
0.7029746637  
-3.103779734  
-6.034696457  
-7.350520314  
-6.736544727  
-4.397955052  
-1.001200333  
2.526118962  
5.277660039  
6.644481984  
6.49512409  
5.198861511  
3.481854276  
2.161891971  
1.849813034  
2.719537543  
4.428240321  
6.219222307  
7.178366579  
6.561368372  
4.081720496  
0.0588807599  
-4.630178511  
-8.788626556  
-11.25578313  
-11.26937207  
-8.717077568  
-4.194187245  
1.154485155  
5.961018838  
9.027995696  
9.667246862  
7.880382007  
4.32955207  
0.1142324873  
-3.569666604  
-5.77807507  
-6.066994782  
-4.570731663  
-1.898605524  
1.102433665  
3.631953166  
5.171158561  
5.597414784  
5.153225209  
4.296514582  
3.497688526  
3.061722833  
3.037500643  
3.239245852  
3.361072669  
3.131587214  
2.443413085  
1.405776985  
0.3009173999  
-0.5360137618  
-0.8636226383  
-0.6473345151  
-0.09177512053  
0.4233054407  
0.4820274183  
-0.2044398602  
-1.67155611  
-3.660565047  
-5.681399715  
-7.16058762  
-7.625132195  
-6.860730694  
-4.991704047  
-2.457110721  
0.1075695521  
2.043489999  
2.841219532  
2.26226479  
0.3791489827  
-2.46737594  
-5.769385096  
-8.972291842  
-11.57761071  
-13.20542974  
-13.61459079  
-12.69585643  
-10.46005119  
-7.037742679  
-2.692305146  
2.167541889  
6.998747337  
11.17826484  
14.1051342  
15.33285723  
14.69535728  
12.38223251  
8.928104281  
5.105209435  
1.740393842  
-0.4941471774  
-1.25357912  
-0.6012651068  
1.030307955  
2.988097999  
4.609624553  
5.428004612  
5.303816872  
4.441302138  
3.28603976  
2.342159864  
1.974790502  
2.268089916  
2.9889829  
3.668832393  
3.77322997  
2.898903308  
0.9274853094  
-1.918203467  
-5.13459447  
-8.092298948  
-10.23036413  
-11.22217541  
-11.05728633  
-10.01509737  
-8.545694993  
-7.10561439  
-6.01011403  
-5.354019263  
-5.024471914  
-4.792493414  
-4.440041647  
-3.866993686  
-3.132638492  
-2.41472571  
-1.90457503  
-1.685031545  
-1.647763807  
-1.4928653  
-0.8219239399  
0.702942528  
3.191609531  
6.417169882  
9.81697658  
12.61785175  
14.05488411  
13.61640125  
11.23306908  
7.342717223  
2.800957953  
-1.341813247  
-4.131279362  
-4.977948521  
-3.819422362  
-1.125554263  
2.253649541  
5.347228225  
7.34641284  
7.823497351  
6.822130222  
4.798817316  
2.444075833  
0.4484030446  
-0.708641931  
-0.8815873026  
-0.2638956588  
0.7145999759  
1.552581997  
1.8438381  
1.391618442  
0.2414680983  
-1.36499452  
-3.086182143  
-4.585058684  
-5.605821585  
-6.004887974  
-5.740997151  
-4.845948946  
-3.401482913  
-1.538158886  
0.5457963206  
2.564814348  
4.151891923  
4.909535262  
4.505597909  
2.789726869  
-0.111856199  
-3.767917035  
-7.508134425  
-10.57970588  
-12.35537427  
-12.52775873  
-11.22058932  
-8.968626345  
-6.559808871  
-4.781673772  
-4.152057473  
-4.726567174  
-6.055590093  
-7.316421641  
-7.58638163  
-6.171098205  
-2.877504044  
1.86642255  
7.095645958  
11.57887532  
14.19451719  
14.29068223  
11.90876052  
7.791805076  
3.168867358  
-0.6188489014  
-2.530121772  
-2.139765734  
0.2450091448  
3.705481734  
7.027933696  
9.108916094  
9.31328312  
7.666261062  
4.818325483  
1.799673893  
-0.3474243032  
-0.9296694256  
0.167064645  
2.455203481  
5.033917154  
6.918088168  
7.38918269  
6.243370112  
3.850330454  
1.004298001  
-1.376839021  
-2.594691971  
-2.431414333  
-1.23376212  
0.2114391044  
0.9676625643  
0.3026513276  
-2.019654486  
-5.614378089  
-9.565736837  
-12.70532744  
-13.98701579  
-12.83322858  
-9.336802903  
-4.251213303  
1.227099364  
5.811909309  
8.500339366  
8.846806911  
7.054866379  
3.866635514  
0.2964339867  
-2.696218184  
-4.484801092  
-4.919054236  
-4.298225774  
-3.199304457  
-2.232916704  
-1.818904549  
-2.05931539  
-2.745465149  
-3.483919815  
-3.883098712  
-3.72290333  
-3.040688216  
-2.102536629  
-1.275310769  
-0.8542955959  
-0.9187995465  
-1.2773074  
-1.528941779  
-1.22232607  
-0.05346962343  
1.973833285  
4.491401681  
6.844647893  
8.287669043  
8.234047532  
6.478389474  
3.309174719  
-0.5329831693  
-4.047066202  
-6.258406685  
-6.512176238  
-4.680534286  
-1.215926265  
2.969297557  
6.76252201  
9.171886686  
9.611998201  
8.0690393  
5.097350294  
1.650804  
-1.198831167  
-2.572561255  
-2.034163527  
0.2895733939  
3.747752521  
7.346887693  
10.02010707  
10.90836192  
9.579544122  
6.132721677  
1.168008976  
-4.362179258  
-9.377195589  
-12.91025869  
-14.31275321  
-13.37890597  
-10.37055712  
-5.944753974  
-1.006119991  
3.481413576  
6.684316803  
8.054168801  
7.419558302  
5.000203104  
1.343338052  
-2.802664336  
-6.649964254  
-9.533264708  
-11.03683222  
-11.05888581  
-9.800360035  
-7.683760332  
-5.225712156  
-2.898960683  
-1.02187918  
0.2951309353  
1.134597884  
1.697950715  
2.200698762  
2.774470896  
3.410642019  
3.965481152  
4.224845762  
4.004702166  
3.249813321  
2.091790487  
0.8404492553  
-0.09497273336  
-0.3332157595  
0.3434136617  
1.891440996  
3.983170798  
6.072171087  
7.533018762  
7.836346107  
6.707287704  
4.218847898  
0.7904765991  
-2.909527508  
-6.130462777  
-8.227066826  
-8.816077934  
-7.859596541  
-5.656270064  
-2.748606245  
0.2222360373  
2.670990104  
4.191034069  
4.618195249  
4.028806287  
2.684424411  
0.9480043184  
-0.8015273174  
-2.236122755  
-3.118479252  
-3.317862495  
-2.811183674  
-1.678302929  
-0.09494320011  
1.680531884  
3.334307943  
4.544302508  
5.045575194  
4.701376401  
3.55854081  
1.864015075  
0.02694178212  
-1.473488963  
-2.21490191  
-1.958186182  
-0.7329495852  
1.150349659  
3.173142932  
4.750864153  
5.404326398  
4.907393194  
3.362052779  
1.173199901  
-1.072727497  
-2.788716234  
-3.569862224  
-3.317181137  
-2.260134995  
-0.8688987914  
0.3148384885  
0.870642082  
0.648035199  
-0.1828311621  
-1.199149835  
-1.890775224  
-1.86557471  
-1.020429604  
0.3877406783  
1.803836103  
2.556025039  
2.099567717  
0.2396269295  
-2.74854977  
-6.153189673  
-9.014447123  
-10.41551397  
-9.785980669  
-7.117204459  
-3.01312051  
1.449849334  
5.019102608  
6.631686909  
5.737577867  
2.478689166  
-2.334855509  
-7.446742002  
-11.50830324  
-13.45652799  
-12.80181207  
-9.74064863  
-5.064837788  
0.09702092635  
4.618648969  
7.687150878  
8.991591572  
8.739264557  
7.508869287  
6.003064819  
4.792501694  
4.140106447  
3.960486923  
3.917632448  
3.61358393  
2.789277369  
1.457346415  
-0.08495847296  
-1.367141304  
-1.936951561  
-1.555966216  
-0.3202684712  
1.345750596  
2.826873325  
3.539789408  
3.160261867  
1.768347981  
-0.1483264841  
-1.843407524  
-2.567387198  
-1.84314564  
0.3369049332  
3.467030105  
6.661613678  
8.928118486  
9.491401752  
8.060120391  
4.942258295  
0.9660692376  
-2.77182776  
-5.249916728  
-5.843070924  
-4.513962369  
-1.810150931  
1.331754107  
3.907522268  
5.181840971  
4.924295652  
3.463996409  
1.545147016  
0.03542321241  
-0.4091933696  
0.3964389002  
2.07716867  
3.812587004  
4.619728555  
3.7071985  
0.7779502388  
-3.826116496  
-9.191415266  
-14.09339255  
-17.36596879  
-18.25745273  
-16.65487072  
-13.10317092  
-8.61527593  
-4.339366674  
-1.197070244  
0.3859159692  
0.5690652962  
-0.01808538203  
-0.5486446125  
-0.3283167021  
0.9358520744  
3.0227138  
5.278577614  
6.862147527  
7.064020036  
5.585912145  
2.679104124  
-0.9086629696  
-4.161470907  
-6.121072326  
-6.198839206  
-4.36735007  
-1.166959641  
2.473556881  
5.539944308  
7.255550815  
7.316291818  
5.961502935  
3.862299986  
1.871618126  
0.7257355173  
0.800602358  
2.003659569  
3.832104451  
5.56967682  
6.547061873  
6.371863358  
5.048831905  
2.953235273  
0.6742318465  
-1.208873504  
-2.332783563  
-2.663552943  
-2.478587051  
-2.228580656  
-2.335304623  
-3.004340669  
-4.125470553  
-5.300183212  
-5.988029591  
-5.718839593  
-4.292513779  
-1.89112522  
0.9414663327  
3.450607722  
4.904144343  
4.830134402  
3.17870063  
0.3530797345  
-2.90100936  
-5.711348295  
-7.330161467  
-7.340049711  
-5.75250721  
-2.974273127  
0.3390001988  
3.486993469  
5.917396268  
7.347288768  
7.783072927  
7.446318651  
6.644854964  
5.643491241  
4.58275991  
3.470407528  
2.239157149  
0.8376990011  
-0.6899907068  
-2.175034218  
-3.359473425  
-3.984734919  
-3.896695998  
-3.122608273  
-1.884582852  
-0.5384492202  
0.5436045667  
1.10472777  
1.099335406  
0.7140620698  
0.3009553322  
0.24267533  
0.7961065022  
1.971543332  
3.49474122  
4.871745487  
5.540560952  
5.062083604  
3.286524056  
0.4368884409  
-2.923371819  
-6.033958434  
-8.151176981  
-8.765959504  
-7.758332735  
-5.439334319  
-2.466308044  
0.3432571147  
2.243220515  
2.766427289  
1.847922853  
-0.1699733312  
-2.648296289  
-4.841375991  
-6.108306323  
-6.084908852  
-4.770137378  
-2.508165561  
0.1218595618  
2.471634531  
3.996004664  
4.385339039  
3.626672251  
1.984447977  
-0.08630895671  
-2.065471794  
-3.496537651  
-4.086511298  
-3.755841257  
-2.63193422  
-0.9942602508  
0.8102229036  
2.457262143  
3.717750994  
4.495070447  
4.81972237  
4.805156971  
4.579420695  
4.214737567  
3.679166035  
2.82977769  
1.455580692  
-0.6369832801  
-3.51882107  
-7.046940745  
-10.82257237  
-14.22420303  
-16.52099814  
-17.04665399  
-15.39050541  
-11.55001921  
-5.99228454  
0.4069188818  
6.543951587  
11.34823609  
14.05456685  
14.40794551  
12.73602272  
9.859711631  
6.860237726  
4.766084229  
4.251308815  
5.437296664  
7.861526841  
10.62675577  
12.68764449  
13.18713876  
11.73684886  
8.551128658  
4.389613906  
0.3236304205  
-2.601050508  
-3.698088364  
-2.863629742  
-0.6156197277  
2.065074294  
4.042380085  
4.384229166  
2.659317872  
-0.9222019959  
-5.567173022  
-10.13613253  
-13.48109578  
-14.77690588  
-13.74403198  
-10.69876095  
-6.424681304  
-1.916605184  
1.913769853  
4.474779655  
5.604503991  
5.531462797  
4.7170842  
3.649011287  
2.66564595  
1.873581581  
1.179096717  
0.4082711179  
-0.5444262139  
-1.609190549  
-2.527229412  
-2.942511237  
-2.565601308  
-1.342865348  
0.4436424596  
2.198704934  
3.167764685  
2.680123207  
0.4009932864  
-3.499204712  
-8.327834996  
-13.0259573  
-16.45834066  
-17.74964748  
-16.55795256  
-13.19277163  
-8.533278895  
-3.767868223  
-0.03633072293  
1.910192392  
1.92074681  
0.4589672505  
-1.582488749  
-3.203062085  
-3.640906457  
-2.626804803  
-0.4595504323  
2.121082784  
4.217384764  
5.112090861  
4.541972465  
2.808943797  
0.6875420204  
-0.8410316457  
-0.9368098771  
0.7904175469  
4.121126117  
8.273396999  
12.1451375  
14.67100366  
15.17332309  
13.58696315  
10.48024803  
6.863150621  
3.846728615  
2.268935352  
2.414008384  
3.921276126  
5.915010123  
7.311837939  
7.201687135  
5.173065851  
1.472128644  
-3.058873664  
-7.243728975  
-9.947419723  
-10.43912969  
-8.622630477  
-5.058888824  
-0.7759259339  
3.067894624  
5.552856383  
6.275922119  
5.44721389  
3.777197715  
2.197998698  
1.517795961  
2.128217429  
3.864713343  
6.066087858  
7.810642467  
8.24611647  
6.899201449  
3.858203674  
-0.2338562587  
-4.373822175  
-7.515548053  
-8.903768828  
-8.31411309  
-6.120818468  
-3.171590682  
-0.5126564108  
0.944578327  
0.7066952624  
-1.158563555  
-4.061128294  
-7.091482345  
-9.317300741  
-10.07597531  
-9.170421066  
-6.910712343  
-3.996122246  
-1.2836438  
0.477370138  
0.8587726503  
-0.1478596461  
-2.16952919  
-4.602852953  
-6.819115476  
-8.352094742  
-9.009584889  
-8.880706264  
-8.249024074  
-7.452917475  
-6.748857594  
-6.226776384  
-5.803086736  
-5.286007729  
-4.481118094  
-3.29210674  
-1.776384126  
-0.1349236499  
1.357786327  
2.454536683  
3.02657718  
3.109413346  
2.885574911  
2.611412361  
2.516577123  
2.715389472  
3.16494152  
3.687160338  
4.047957206  
4.064711886  
3.701962264  
3.118158945  
2.642840267  
2.687541548  
3.616747034  
5.619394413  
8.621929567  
12.27104454  
15.99262477  
19.11054499  
20.99236352  
21.18342234  
19.49732441  
16.04576436  
11.20853502  
5.558948791  
-0.2329394645  
-5.498155109  
-9.653427542  
-12.26683428  
-13.10454088  
-12.15966889  
-9.661222875  
-6.056727608  
-1.960898772  
1.933017141  
4.972390621  
6.674947801  
6.83866515  
5.598620689  
3.406162208  
0.9247337763  
-1.138586979  
-2.224304747  
-2.081028707  
-0.8456866896  
0.9857714387  
2.694801944  
3.548238896  
3.018099215  
0.9471714293  
-2.391377964  
-6.360793474  
-10.13567482  
-12.93298611  
-14.22939324  
-13.89938007  
-12.23373241  
-9.835707054  
-7.430357982  
-5.648617279  
-4.853291257  
-5.058114939  
-5.958860958  
-7.058653777  
-7.840497846  
-7.927931252  
-7.18320944  
-5.717470613  
-3.819440375  
-1.836907818  
-0.05863663837  
1.360311708  
2.407235562  
3.159473561  
3.700316433  
4.044026962  
4.10554859  
3.730866794  
2.777579785  
1.212719347  
-0.8148985149  
-2.963268607  
-4.760414469  
-5.727393392  
-5.521980988  
-4.053267298  
-1.524803148  
1.612488468  
4.785209305  
7.45993181  
9.289040621  
10.19106006  
10.3395259  
10.0669342  
9.720660164  
9.524800217  
9.499187337  
9.465380621  
9.136606146  
8.256774816  
6.734367665  
4.717733698  
2.579098024  
0.8081272536  
-0.1500392828  
-0.05528379373  
1.027158153  
2.725411992  
4.463254995  
5.633661473  
5.785469266  
4.759646954  
2.728843515  
0.1278822207  
-2.498854625  
-4.678045232  
-6.151912142  
-6.936414114  
-7.275254109  
-7.510354474  
-7.920144514  
-8.588581269  
-9.355886888  
-9.87091215  
-9.726269929  
-8.625452159  
-6.517981859  
-3.649509823  
-0.50484697  
2.338083563  
4.391468101  
5.411038126  
5.462619813  
4.876346102  
4.105016557  
3.539695545  
3.353107152  
3.432398024  
3.430096288  
2.917294654  
1.582506365  
-0.6008543725  
-3.307609155  
-5.929129398  
-7.761787969  
-8.253726248  
-7.221703802  
-4.954643146  
-2.156285823  
0.265214105  
1.497085996  
1.111324054  
-0.7587930476  
-3.424018584  
-5.835902653  
-6.919054848  
-5.933879846  
-2.749597553  
2.067323692  
7.385978515  
11.8295219  
14.18174419  
13.75339762  
10.59139198  
5.464144153  
