5.784813336  
5.966084531  
5.051805878  
3.482933322  
1.838495069  
0.6318688455  
0.1393077072  
0.3157335656  
0.8231650014  
1.159486217  
0.8426200541  
-0.4122704486  
-2.581302567  
-5.322196461  
-8.068467178  
-10.19581045  
-11.20650484  
-10.87349168  
-9.300649025  
-6.883751858  
-4.188577441  
-1.787359043  
-0.1051642844  
0.6788766172  
0.6508911558  
0.1039552417  
-0.5725855918  
-1.017689299  
-0.9988925114  
-0.4623348803  
0.474751136  
1.577995867  
2.573468048  
3.223433704  
3.380904019  
3.014255817  
2.203859408  
1.119138247  
-0.01442018264  
-0.9520683292  
-1.468415138  
-1.397944145  
-0.6756168872  
0.6292960703  
2.29833497  
3.981478611  
5.255787254  
5.721673325  
5.118119445  
3.425049766  
0.9165168059  
-1.86389201  
-4.213828339  
-5.450290269  
-5.110351536  
-3.114998894  
0.1603472252  
3.942569004  
7.242284046  
9.11754362  
8.947204147  
6.631887163  
2.656451747  
-2.013884413  
-6.18204654  
-8.745010667  
-9.003404397  
-6.862604356  
-2.863810721  
1.966079872  
6.402104434  
9.360734101  
10.19024734  
8.826941463  
5.774714506  
1.920757541  
-1.749700419  
-4.44734177  
-5.790124128  
-5.87076422  
-5.167688464  
-4.337953695  
-3.96710545  
-4.361472589  
-5.45032951  
-6.825473549  
-7.898472619  
-8.116984229  
-7.164055308  
-5.073175326  
-2.223118073  
0.7813345946  
3.298506489  
4.843102536  
5.219897691  
4.557632742  
3.238868888  
1.756891955  
0.5533726991  
-0.1071468882  
-0.1870161106  
0.1595041577  
0.6840043936  
1.161464581  
1.480767721  
1.675086407  
1.884506312  
2.270266539  
2.918472815  
3.774284035  
4.6348409  
5.205747253  
5.200983691  
4.449241803  
2.967026385  
0.9711090913  
-1.174633479  
-3.059325631  
-4.337200891  
-4.813969231  
-4.48090995  
-3.490643908  
-2.09007217  
-0.5402220982  
0.9455619554  
2.224876272  
3.209632518  
3.826961203  
3.985380098  
3.571431369  
2.487294764  
0.7187816727  
-1.595208105  
-4.128210559  
-6.395254583  
-7.852363917  
-8.045516751  
-6.764276626  
-4.1458344  
-0.6849588786  
2.866949045  
5.693655642  
7.143219411  
6.923210264  
5.196412682  
2.540022118  
-0.2255326557  
-2.288514999  
-3.099974148  
-2.547588993  
-0.9905630789  
0.8591188091  
2.173385543  
2.287485663  
0.9312959698  
-1.663941527  
-4.820121523  
-7.612451544  
-9.152295378  
-8.862811384  
-6.660130585  
-2.983839661  
1.330593829  
5.294447427  
8.045179222  
9.075631741  
8.345717857  
6.249926427  
3.461442768  
0.711487828  
-1.421190595  
-2.645612457  
-2.98440916  
-2.696138866  
-2.134665222  
-1.603707067  
-1.259625153  
-1.091592229  
-0.9752397009  
-0.7670541677  
-0.3929020559  
0.1099922853  
0.6155843833  
0.9842009695  
1.15376026  
1.201203681  
1.338706482  
1.835804146  
2.891013405  
4.501966771  
6.390706982  
8.026135822  
8.752741842  
7.994782336  
5.472666873  
1.356017941  
-3.708102772  
-8.716314325  
-12.55544263  
-14.30677772  
-13.51681792  
-10.34870273  
-5.562483329  
-0.3241750732  
4.103090583  
6.695509654  
6.933543649  
4.919039423  
1.314685093  
-2.868915486  
-6.567632494  
-8.947280237  
-9.592585451  
-8.553439523  
-6.249284574  
-3.278287946  
-0.2054294253  
2.596004015  
5.000411858  
7.075438048  
8.950971028  
10.67281023  
12.10575133  
12.92990865  
12.73667176  
11.19089861  
8.198358693  
4.012124287  
-0.7691040657  
-5.320798095  
-8.798847026  
-10.56890182  
-10.38506355  
-8.458947393  
-5.395286778  
-2.013494977  
0.8883483044  
2.752567632  
3.396312252  
3.02267864  
2.111093909  
1.228875471  
0.8300985791  
1.109285249  
1.956015618  
3.020300663  
3.860084807  
4.114886005  
3.642265542  
2.568787984  
1.238539217  
0.07906613471  
-0.5659883207  
-0.5764625882  
-0.1158390626  
0.4120705205  
0.4981052336  
-0.289623752  
-2.136906625  
-4.886812479  
-8.05107422  
-10.93067342  
-12.81136733  
-13.1752493  
-11.86322497  
-9.137525172  
-5.623393571  
-2.145311668  
0.4954942978  
1.738404718  
1.413892393  
-0.2145985919  
-2.527513361  
-4.721310412  
-6.026585014  
-5.911889864  
-4.219041139  
-1.196546007  
2.573520374  
6.33134104  
9.333566094  
11.03416247  
11.20666617  
9.980527314  
7.787832368  
5.239561244  
2.96684784  
1.4687582  
1.003479149  
1.546222252  
2.819062646  
4.379847544  
5.74394234  
6.506559997  
6.435785654  
5.515899426  
3.934336563  
2.020031828  
0.1523857709  
-1.334177872  
-2.780545104  
-0.8850059381  
0.1818926469  
-0.1567374551  
-1.95465624  
-4.723554432  
-7.599341721  
-9.635320288  
-10.12165599  
-8.822880285  
-6.054182878  
-2.572639058  
0.6776044003  
2.878352819  
3.602107501  
2.939699391  
1.449297232  
-0.05379989309  
-0.7935601245  
-0.3141692556  
1.350184939  
3.67450828  
5.812115631  
6.877744503  
6.251071022  
3.800391522  
-0.04722221997  
-4.412805143  
-8.215585886  
-10.48679193  
-10.64850168  
-8.671362251  
-5.065017355  
-0.7086107108  
3.421220001  
6.537198255  
8.253610716  
8.661035385  
8.246339973  
7.690222865  
7.61218154  
8.347104509  
9.824704357  
11.58817653  
12.94300129  
13.18581016  
11.83913304  
8.817703072  
4.475153083  
-0.4817419249  
-5.182917422  
-8.829467453  
-10.90132517  
-11.27730983  
-10.23549157  
-8.339409436  
-6.250227874  
-4.525858797  
-3.469289626  
-3.070354836  
-3.053823109  
-3.012565239  
-2.577956446  
-1.56920257  
-0.07155820444  
1.582342562  
2.921559269  
3.499997786  
3.059192611  
1.635801814  
-0.423900848  
-2.550790791  
-4.116712257  
-4.625935977  
-3.875001341  
-2.030197139  
0.4034633457  
2.715138076  
4.185223575  
4.28935283  
2.849992579  
0.09208635948  
-3.412011098  
-6.890640612  
-9.569866465  
-10.86320952  
-10.50284502  
-8.581022239  
-5.498526332  
-1.843626815  
1.757701592  
4.776507456  
6.867583403  
7.895022844  
7.904565867  
7.065711723  
5.610821631  
3.791636113  
1.859812885  
0.06369769809  
-1.35504101  
-2.180277872  
-2.261293364  
-1.564592734  
-0.2164977767  
1.488458448  
3.130619846  
4.259738181  
4.519710395  
3.765984497  
2.133539509  
0.0244822487  
-1.991532074  
-3.340898793  
-3.625605831  
-2.760163458  
-1.016685143  
1.043681594  
2.737625614  
3.474954124  
2.952986726  
1.264134873  
-1.122929108  
-3.506828949  
-5.177527438  
-5.6476238  
-4.812783781  
-2.985192495  
-0.7860245961  
1.068929804  
2.01854195  
1.85480935  
0.8004008488  
-0.5645484245  
-1.504523898  
-1.39255221  
0.05414680778  
2.649134212  
5.768524432  
8.532983144  
10.08211734  
9.851315869  
7.759337172  
4.244299925  
0.136198691  
-3.591555889  
-6.10952862  
-6.965082135  
-6.187487728  
-4.236768288  
-1.82089306  
0.3509272239  
1.792528469  
2.368260703  
2.286508646  
1.970871488  
1.863318655  
2.235271388  
3.076097347  
4.09714248  
4.845413697  
4.880599179  
3.947127423  
2.076790052  
-0.4148930871  
-3.034897989  
-5.279791862  
-6.80056526  
-7.504782435  
-7.560913247  
-7.307556942  
-7.105895398  
-7.193903688  
-7.597985197  
-8.133631188  
-8.490853682  
-8.367027555  
-7.591894968  
-6.194110486  
-4.383461719  
-2.458153339  
-0.6778091656  
0.8423453253  
2.168698494  
3.49856111  
5.039526088  
6.868348842  
8.831431465  
10.53667724  
11.45281372  
11.08947817  
9.196001433  
5.90319167  
1.747322546  
-2.445095708  
-5.78291039  
-7.574669067  
-7.541412432  
-5.901245493  
-3.291430428  
-0.5506296882  
1.565136026  
2.633237067  
2.691629964  
2.194940437  
1.81321223  
2.14546291  
3.453906704  
5.520694936  
7.687381265  
9.072044859  
8.893004063  
6.785294997  
2.992934713  
-1.641078729  
-5.896667641  
-8.545549966  
-8.747826954  
-6.342676564  
-1.931159843  
3.283122249  
7.848928556  
10.50490361  
10.55808237  
8.080816818  
3.864014849  
-0.8541362814  
-4.790695449  
-7.016718583  
-7.221751891  
-5.762189955  
-3.48689765  
-1.408949708  
-0.3421174782  
-0.6281730878  
-2.044808082  
-3.917820391  
-5.389179148  
-5.740105332  
-4.65302251  
-2.322558374  
0.6173405187  
3.31666343  
4.997741617  
5.204313219  
3.925927128  
1.561352759  
-1.25522422  
-3.89271519  
-5.933963091  
-7.281748034  
-8.12652504  
-8.797152495  
-9.560937589  
-10.45769191  
-11.23778293  
-11.43247443  
-10.53228765  
-8.205820542  
-4.473882136  
0.2314707433  
5.151825964  
9.407183958  
12.25211397  
13.29516316  
12.6058654  
10.67345257  
8.233728235  
6.026400629  
4.567809965  
4.015771443  
4.167795227  
4.584746029  
4.787610976  
4.451243514  
3.524048586  
2.233666903  
0.9831738989  
0.1833409843  
0.08841008061  
0.6984181029  
1.762582725  
2.877717446  
3.638936321  
3.781448024  
3.25854468  
2.229033561  
0.9654924074  
-0.2728772593  
-1.345312694  
-2.265841425  
-3.155162619  
-4.13059323  
-5.186234406  
-6.123824905  
-6.576744551  
-6.131984477  
-4.511385911  
-1.742456504  
1.756408095  
5.22644467  
7.757282778  
8.562900363  
7.254479334  
4.011374196  
-0.421125348  
-4.922365807  
-8.324646001  
-9.776616605  
-9.020408194  
-6.484470327  
-3.152993074  
-0.2481085488  
1.173394705  
0.5745462033  
-1.877290448  
-5.361542525  
-8.677427179  
-10.64868035  
-10.52333829  
-8.231936647  
-4.414657944  
-0.2065969389  
3.146612967  
4.711931999  
4.185970914  
1.997357245  
-0.8407573157  
-3.077428262  
-3.651149127  
-2.051863186  
1.504715011  
6.147699241  
10.63943533  
13.78070382  
14.79336007  
13.55165779  
10.58813122  
6.879347188  
3.492702527  
1.221492637  
0.335983636  
0.5338775312  
1.100766337  
1.216074063  
0.2892509593  
-1.797771016  
-4.630137457  
-7.403021876  
-9.215253657  
-9.406474012  
-7.814624493  
-4.858874162  
-1.415077568  
1.475299622  
2.962380033  
2.686525496  
0.9130456915  
-1.546312424  
-3.601284011  
-4.25153145  
-2.932286856  
0.2786968073  
4.662292014  
9.067278857  
12.25936208  
13.29668787  
11.81202216  
8.114401606  
3.083321346  
-2.104567566  
-6.32460115  
-8.817556335  
-9.372643159  
-8.331674817  
-6.425322416  
-4.504834139  
-3.26123556  
-3.021511213  
-3.679997394  
-4.775658514  
-5.678466331  
-5.816165127  
-4.865488586  
-2.849664725  
-0.1189960222  
2.769421314  
5.226240314  
6.799293263  
7.285980953  
6.759916934  
5.512952975  
3.940075887  
2.409309028  
1.158608239  
0.2484911588  
-0.4214230448  
-1.044305053  
-1.813061077  
-2.833537432  
-4.070150612  
-5.338355217  
-6.344206651  
-6.758876245  
-6.307939157  
-4.853033837  
-2.445988149  
0.658008413  
4.033029523  
7.15627444  
9.509709871  
10.68892895  
10.4950135  
8.986378365  
6.474474614  
3.459435129  
0.5169704915  
-1.837746766  
-3.274325869  
-3.724565813  
-3.388460092  
-2.663471031  
-2.014467531  
-1.821331514  
-2.25073369  
-3.193932254  
-4.293945138  
-5.057972582  
-5.02300144  
-3.923316149  
-1.805087898  
0.9525365882  
3.72214373  
5.797301178  
6.597011221  
5.842955077  
3.653841809  
0.5259129479  
-2.796258363  
-5.520453337  
-7.018757833  
-6.987856125  
-5.51204809  
-3.01476714  
-0.1193301734  
2.533382524  
4.452280295  
5.399503075  
5.405499781  
4.702306565  
3.608002477  
2.408382043  
1.277635857  
0.2609417499  
-0.6840188909  
-1.612471057  
-2.522130899  
-3.320107724  
-3.84289227  
-3.921606013  
-3.464337143  
-2.518565247  
-1.283003357  
-0.05749854974  
0.8552538817  
1.261468894  
1.15822061  
0.7502596457  
0.388583673  
0.44646863  
1.173439016  
2.579179324  
4.392364207  
6.115752728  
7.166153973  
7.057416695  
5.567315004  
2.831629662  
-0.6693165431  
-4.231872257  
-7.122617599  
-8.784402811  
-8.9899716  
-7.894734992  
-5.97280078  
-3.858075367  
-2.142618082  
-1.197367634  
-1.071704044  
-1.501301334  
-2.017667016  
-2.119792646  
-1.449429441  
0.08747471473  
2.290695375  
4.732775467  
6.896705593  
8.335618963  
8.801079956  
8.29984868  
7.065247248  
5.45871389  
3.839860536  
2.451620835  
1.358950703  
0.4584595672  
-0.4495653103  
-1.55691047  
-2.951002433  
-4.561549157  
-6.168516053  
-7.466987944  
-8.164381226  
-8.075031958  
-7.179547651  
-5.630160872  
-3.702998504  
-1.716487701  
0.0545283374  
1.440286538  
2.395593688  
2.976508823  
3.289115609  
3.434259929  
3.471094211  
3.41225874  
3.248643599  
2.988290055  
2.687349546  
2.45409962  
2.418633869  
2.676467929  
3.227841748  
3.93992385  
4.553956414  
4.744545028  
4.218758418  
2.825738027  
0.6392594719  
-2.019525147  
-4.635248466  
-6.619550923  
-7.4692046  
-6.915326802  
-5.017334691  
-2.169580691  
0.9859517028  
3.719109678  
5.398863484  
5.654869264  
4.466922816  
2.157417764  
-0.7089530822  
-3.486587034  
-5.622440227  
-6.790806812  
-6.952572012  
-6.326926982  
-5.291097656  
-4.244947139  
-3.485856738  
-3.132672165  
-3.1187319  
-3.249494126  
-3.298763907  
-3.105881425  
-2.638183148  
-1.99728729  
-1.369112686  
-0.9382839683  
-0.8003716891  
-0.9061578859  
-1.060490148  
-0.9786085028  
-0.3821889588  
0.8972438942  
2.843140515  
5.233602038  
7.684313402  
9.742276598  
11.0012799  
11.20347263  
10.29700723  
8.434942772  
5.920442075  
3.120259083  
0.3771426504  
-2.050863948  
-4.00875778  
-5.422493623  
-6.254186286  
-6.460383951  
-5.97664539  
-4.739285035  
-2.737897258  
-0.07666120659  
2.985125774  
6.038865078  
8.589534383  
10.16557919  
10.44630106  
9.366487793  
7.160572069  
4.324760735  
1.500399138  
-0.6922582692  
-1.822756753  
-1.77083693  
-0.7602324465  
0.7070053657  
1.998236821  
2.536935085  
1.972638782  
0.2831735102  
-2.221177304  
-4.991709993  
-7.403669984  
-8.936658311  
-9.318448724  
-8.590252018  
-7.077044477  
-5.276241581  
-3.702661879  
-2.739213731  
-2.538376002  
-3.001044701  
-3.833518732  
-4.658839482  
-5.143260335  
-5.096822224  
-4.518509778  
-3.576644074  
-2.536883037  
-1.666027376  
-1.145152502  
-1.019242867  
-1.1958251  
-1.487591048  
-1.679933785  
-1.598335332  
-1.15372622  
-0.3544689977  
0.7131637803  
1.923249636  
3.149677109  
4.291852909  
5.279848943  
6.062294429  
6.58794097  
6.794185048  
6.611946738  
5.988128104  
4.917889564  
3.472985408  
1.811976839  
0.1636984993  
-1.215191109  
-2.097924811  
-2.343554365  
-1.933493715  
-0.9768079574  
0.3177798541  
1.694571286  
2.912213451  
3.795598638  
4.264382929  
4.332574362  
4.08322619  
3.629564812  
3.076772897  
2.496147607  
1.917431359  
1.337792137  
0.7404563464  
0.1138808465  
-0.5359135734  
-1.183010666  
-1.787818172  
-2.307332346  
-2.704674525  
-2.95501585  
-3.048138066  
-2.989784941  
-2.804111536  
-2.537257115  
-2.259060395  
-2.057795667  
-2.023598574  
-2.2202449  
-2.65122677  
-3.231895703  
-3.781931293  
-4.049172586  
-3.766980845  
-2.734850247  
-0.9005337771  
1.584059942  
4.357800853  
6.908061639  
8.684115624  
9.239439046  
8.362883947  
6.15740584  
3.037259464  
-0.3621063092  
-3.34024781  
-5.31059828  
-5.949417978  
-5.26966466  
-3.597270329  
-1.458045559  
0.5877256607  
2.109005778  
2.913012239  
3.065585903  
2.819884895  
2.4825865  
2.268959847  
2.202212336  
2.096716084  
1.633972175  
0.5054721715  
-1.429905766  
-4.03476981  
-6.875613239  
-9.314901211  
-10.69030619  
-10.52598394  
-8.705935632  
-5.548187584  
-1.748625868  
1.794950948  
4.228344525  
4.981886234  
3.93256239  
1.437148489  
-1.773407728  
-4.804845933  
-6.850147088  
-7.403849331  
-6.378297736  
-4.09326074  
-1.151097311  
1.755714278  
4.040620995  
5.363251477  
5.678307031  
5.190846922  
4.246634823  
3.203919714  
2.332705296  
1.770505596  
1.537951747  
1.593478289  
1.893243233  
2.424601644  
3.197370465  
4.19931624  
5.341332871  
6.425309508  
7.16030415  
7.232828487  
6.412785254  
4.657667822  
2.172382508  
-0.6064182409  
-3.107611259  
-4.780779429  
-5.26216182  
-4.496177358  
-2.768677382  
-0.6356492244  
1.234394047  
2.256423958  
2.101444149  
0.7903640732  
-1.320352638  
-3.655260435  
-5.599175036  
-6.67980697  
-6.695006637  
-5.746411882  
-4.173996871  
-2.419707991  
-0.8709498848  
0.2611894078  
0.9892435122  
1.510835593  
2.103954284  
2.998226503  
4.270605943  
5.802571501  
7.311649427  
8.442539729  
8.882393003  
8.458162511  
7.183179734  
5.240802102  
2.916814848  
0.5100122607  
-1.744414576  
-3.712582503  
-5.352852351  
-6.672078732  
-7.672865055  
-8.319293978  
-8.538255277  
-8.255723484  
-7.449966975  
-6.194319821  
-4.665162605  
-3.105178063  
-1.752070097  
-0.7599742505  
-0.147332686  
0.2028861446  
0.4846405492  
0.8706216693  
1.412459755  
1.982897384  
2.291581038  
1.97977676  
0.7678694416  
-1.395304852  
-4.239871425  
-7.183746605  
-9.455229991  
-10.30164373  
-9.22263052  
-6.152078463  
-1.523941223  
3.808343532  
8.782044497  
12.40467246  
14.01770862  
13.46260145  
11.09790034  
7.664784823  
4.047769161  
1.010791137  
-1.005184114  
-1.9606885  
-2.154946782  
-2.054206904  
-2.080778204  
-2.443498099  
-3.071591775  
-3.672539039  
-3.885904795  
-3.467561233  
-2.426381513  
-1.053438146  
0.1743862374  
0.7841937692  
0.5183425661  
-0.5182380382  
-1.841219639  
-2.721320741  
-2.434240415  
-0.5433919309  
2.886525141  
7.23024508  
11.43322308  
14.30494127  
14.88705274  
12.77777151  
8.301793427  
2.461139015  
-3.3280274  
-7.637072472  
-9.442183328  
-8.42651859  
-5.071263597  
-0.5060441937  
3.834469997  
6.63988208  
7.105570188  
5.149999605  
1.406017  
-3.002802598  
-6.822457742  
-9.047463376  
-9.200289047  
-7.431048122  
-4.419079392  
-1.122420911  
1.533467508  
2.923895238  
2.86906863  
1.621136678  
-0.2833579135  
-2.240026953  
-3.779601686  
-4.688296306  
-5.013501316  
-4.968379929  
-4.785906919  
-4.588175179  
-4.325745182  
-3.809968544  
-2.821566636  
-1.246781837  
0.8195384081  
3.052234479  
4.972018901  
6.097027639  
6.116003137  
5.017795156  
3.12491034  
1.011850986  
-0.6696582067  
-1.401885954  
-0.9768626669  
0.4252273133  
2.284875106  
3.906237187  
4.64202726  
4.106536212  
2.306343209  
-0.3545410045  
-3.196808016  
-5.475140374  
-6.606519791  
-6.344405975  
-4.844691607  
-2.605649782  
-0.3050570921  
1.410324127  
2.114896912  
1.715773617  
0.4555910903  
-1.187225209  
-2.662301906  
-3.519108904  
-3.532132236  
-2.744130143  
-1.421431631  
0.05569340685  
1.325493947  
2.154342795  
2.489700839  
2.444977938  
2.229046928  
2.05108499  
2.037369748  
2.189385209  
2.395686344  
2.489761395  
2.329799662  
1.869280491  
1.191381232  
0.4936382795  
0.0269519649  
0.009053725089  
0.5415661578  
1.559220186  
2.82997116  
4.009059621  
4.733297349  
4.729108955  
3.902781537  
2.385302069  
0.5160368779  
-1.234033717  
-2.381965214  
-2.565220589  
-1.651445474  
0.2056843067  
2.583366733  
4.880025688  
6.46014477  
6.818677999  
5.722269276  
3.287537627  
-0.02915494092  
-3.533735215  
-6.466338784  
-8.200127554  
-8.413397085  
-7.185075362  
-4.982339902  
-2.537994623  
-0.6470907011  
0.06243737872  
-0.6804425391  
-2.697100808  
-5.395191017  
-7.928283183  
-9.437127732  
-9.304281621  
-7.347275572  
-3.891193763  
0.3041944044  
4.244875906  
6.974236376  
7.83743457  
6.661406966  
3.79811721  
0.01958858486  
-3.702597527  
-6.466500057  
-7.677687619  
-7.187305434  
-5.294149762  
-2.617296252  
0.1148984281  
2.289865231  
3.57968969  
4.004819581  
3.879940253  
3.667827085  
3.795493489  
4.496163927  
5.728640653  
7.196981015  
8.458613837  
9.079702891  
8.782571535  
7.535223245  
5.555015972  
3.229089271  
0.9825519293  
-0.8579478867  
-2.158059027  
-2.996314698  
-3.607352213  
-4.270616676  
-5.18561537  
-6.378342937  
-7.671714419  
-8.730281956  
-9.16414284  
-8.657473578  
-7.079571289  
-4.542908291  
-1.390304869  
1.884054784  
4.755178008  
6.793601652  
7.76225007  
7.659385894  
6.700372811  
5.248274667  
3.71582404  
2.465888139  
1.734141976  
1.588634245  
1.93001883  
2.526822519  
3.074400101  
3.264387128  
2.852462846  
1.714339553  
-0.1181811889  
-2.447645443  
-4.932503228  
-7.140758704  
-8.630966087  
-9.048319366  
-8.216488399  
-6.201968245  
-3.329618889  
-0.13699186  
2.730316266  
4.663070862  
5.239259716  
4.341709164  
2.207288292  
-0.6120888125  
-3.37367965  
-5.326289441  
-5.905617414  
-4.890752654  
-2.477625469  
0.7543137817  
3.978039065  
6.325606702  
7.113638595  
6.029396279  
3.228048893  
-0.686124235  
-4.792747351  
-8.071794677  
-9.651581415  
-9.028227926  
-6.202933014  
-1.702692072  
3.522728824  
8.305928238  
11.5237811  
12.35727753  
10.48993676  
6.198097802  
0.3096753944  
-5.963237642  
-11.2838118  
-14.48584929  
-14.83847951  
-12.21804449  
-7.143986733  
-0.6659484049  
5.875519567  
11.16048096  
14.19901884  
14.56171923  
12.47146991  
8.730504161  
4.498744812  
0.9794795618  
-0.9051560469  
-0.7612833796  
1.175562021  
4.115073293  
6.943986465  
8.551874424  
8.15985496  
5.558641604  
1.186651963  
-3.976419203  
-8.672665225  
-11.71258287  
-12.30753542  
-10.2938865  
-6.185241182  
-1.038100923  
3.830570602  
7.194015699  
8.236348635  
6.755379328  
3.194716567  
-1.498266166  
-6.143239518  
-9.646758249  
-11.28113874  
-10.84801094  
-8.688407825  
-5.54633907  
-2.333623799  
0.1315059492  
1.336944011  
1.184375234  
-0.02996766199  
-1.745484336  
-3.331446408  
-4.283234917  
-4.362294225  
-3.642119539  
-2.452897564  
-1.248121554  
-0.4387061907  
-0.2478683067  
-0.6318223144  
-1.290185928  
-1.762474932  
-1.58119054  
-0.435009147  
1.707852201  
4.555113261  
7.54166124  
9.966104545  
11.17732171  
10.75997703  
8.666179072  
5.253398956  
1.213395261  
-2.593110168  
-5.354167049  
-6.518287757  
-5.940969371  
-3.922886623  
-1.125800972  
1.613376555  
3.519848932  
4.102548096  
3.295461227  
1.475840091  
-0.648528745  
-2.251898097  
-2.641492082  
-1.472325707  
1.139008498  
4.63692162  
8.180050008  
10.87944162  
12.04971758  
11.39717002  
9.088661541  
5.682850997  
1.948845579  
-1.367367377  
-3.752878443  
-5.048047615  
-5.442131066  
-5.352416263  
-5.234446432  
-5.393768794  
-5.867761277  
-6.420076878  
-6.648947961  
-6.168588535  
-4.795020827  
-2.664202603  
-0.2329716433  
1.845226785  
2.932125374  
2.632269214  
0.9553342054  
-1.649011696  
-4.403887058  
-6.435216292  
-7.046501931  
-5.947679858  
-3.359764183  
0.04322149991  
3.339604779  
5.647438129  
6.400057385  
5.518958207  
3.426901604  
0.897767145  
-1.205500896  
-2.215876611  
-1.874096328  
-0.3970317584  
1.617872938  
3.415951769  
4.356518296  
4.136282551  
2.887153163  
1.115570267  
-0.4931584121  
-1.334241878  
-1.112744621  
0.03999728002  
1.605484252  
2.859662697  
3.132943724  
2.055967083  
-0.2971564833  
-3.420699872  
-6.542023205  
-8.882516733  
-9.923330179  
-9.581744619  
-8.234509267  
-6.577867864  
-5.371480745  
-5.155087087  
-6.037653654  
-7.635115091  
-9.182303943  
-9.784860751  
-8.728233727  
-5.740046442  
-1.116481898  
4.332264056  
9.502732014  
13.31586583  
15.0309275  
14.45692086  
11.996937  
8.515056804  
5.071703918  
2.612810217  
1.70911773  
2.421460131  
4.32465221  
6.671623768  
8.637706769  
9.565423496  
9.137311017  
7.433679827  
4.87204918  
2.061293073  
-0.3753815454  
-1.953754745  
-2.42038612  
-1.771567352  
-0.2130309744  
1.911227938  
4.192153971  
6.213015537  
7.589002808  
7.999248173  
7.224239579  
5.193722815  
2.036010879  
-1.893278335  
-6.028954352  
-9.677256727  
-12.15623145  
-12.96653039  
-11.94417795  
-9.342351581  
-5.803837349  
-2.217038079  
0.5133080433  
1.717399415  
1.156585153  
-0.9011408936  
-3.757434847  
-6.494986265  
-8.262148152  
-8.541904607  
-7.317606978  
-5.078549044  
-2.659253507  
-0.9609545669  
-0.644024211  
-1.89191419  
-4.326135139  
-7.103877439  
-9.170924036  
-9.591450963  
-7.850567933  
-4.033182764  
1.178024965  
6.685313229  
11.2820607  
13.98729372  
14.30653412  
12.34279254  
8.730800802  
4.423671076  
0.4055689847  
-2.577183596  
-4.186081764  
-4.518054762  
-3.996173329  
-3.17270607  
-2.51820421  
-2.268433211  
-2.375094303  
-2.566735605  
-2.487530838  
-1.857021489  
-0.5909836647  
1.157964118  
3.049743735  
4.672899147  
5.681846912  
5.905364297  
5.390351923  
4.370804694  
3.179548074  
2.139262008  
1.473121639  
1.263693739  
1.467075191  
1.966682405  
2.636756137  
3.384843621  
4.155174833  
4.895114233  
5.506238733  
5.811258061  
5.563788518  
4.510592984  
2.492220453  
-0.4528443729  
-4.024024928  
-7.670103281  
-10.68870714  
-12.39537348  
-12.31603505  
-10.34284429  
-6.79916647  
-2.384777538  
1.990788663  
5.442198716  
7.341279977  
7.478277736  
6.101379244  
3.821822652  
1.414343359  
-0.4241492925  
-1.2814189  
-1.137476712  
-0.3403532709  
0.5395015551  
0.9265491863  
0.4564871905  
-0.8803729523  
-2.716571709  
-4.414292619  
-5.268097718  
-4.739384829  
-2.648224395  
0.7382958147  
4.749773404  
8.47626045  
11.0041523  
11.65580245  
10.16536785  
6.744032121  
2.02129126  
-3.115793648  
-7.736851712  
-11.07693158  
-12.68763117  
-12.49952364  
-10.79173379  
-8.08912751  
-5.022734721  
-2.191705638  
-0.05690347469  
1.118675259  
1.282693512  
0.5702857611  
-0.7403994418  
-2.281691327  
-3.652315167  
-4.474152995  
-4.449775088  
-3.417842458  
-1.398124355  
1.386802932  
4.526483668  
7.481830904  
9.685028307  
10.66276474  
10.1543015  
8.191679926  
5.1153007  
1.513163578  
-1.906896953  
-4.482511321  
-5.756826473  
-5.589338393  
-4.185374702  
-2.034315579  
0.2272856454  
1.989355316  
2.829231668  
2.613860475  
1.514777273  
-0.0662957361  
-1.636270375  
-2.769464341  
-3.236226089  
-3.06135195  
-2.495056366  
-1.907530525  
-1.643130577  
-1.883645134  
-2.56768412  
-3.395341646  
-3.919565024  
-3.696793281  
-2.448809073  
-0.1821951661  
2.776475524  
5.845955898  
8.340650517  
9.662747068  
9.478175669  
7.821638732  
5.096598753  
1.967998332  
-0.8213859234  
-2.655982056  
-3.211950271  
-2.53168079  
-0.9869039934  
0.855860295  
2.423038515  
3.313946944  
3.415076075  
2.912879492  
2.202980343  
1.728253249  
1.802196959  
2.479309254  
3.518765359  
4.456487873  
4.763757535  
4.040201141  
2.175457873  
-0.5777739564  
-3.648909924  
-6.303890904  
-7.863183089  
-7.915091759  
-6.455249244  
-3.904897334  
-0.9982885475  
1.428872459  
2.686044874  
2.433489639  
0.7831010017  
-1.737014553  
-4.343128788  
-6.231723158  
-6.817763615  
-5.90296111  
-3.724672726  
-0.8742527185  
1.885620122  
3.845062706  
4.542657006  
3.875156807  
2.093738922  
-0.3033244821  
-2.739602215  
-4.732457518  
-6.013081624  
-6.561325222  
-6.553476024  
-6.251056985  
-5.877061742  
-5.526820316  
-5.144552903  
-4.570146718  
-3.633534857  
-2.256370581  
-0.5183830224  
1.340309441  
2.985090351  
4.098856031  
4.499709371  
4.220211304  
3.516326555  
2.798337606  
2.503271842  
2.949595117  
4.222277744  
6.127560915  
8.234530546  
9.992633053  
10.88964097  
10.60172075  
9.089772778  
6.613379548  
3.659332353  
0.8076375195  
-1.424264579  
-2.713517345  
-3.003749958  
-2.499991412  
-1.592803802  
-0.7375083136  
-0.3248369845  
-0.5786859831  
-1.506027717  
-2.907669493  
-4.441891838  
-5.720276682  
-6.40945924  
-6.313913525  
-5.421903045  
-3.906590366  
-2.084324121  
-0.3406394422  
0.959797399  
1.560061764  
1.375651668  
0.5211635487  
-0.7101844043  
-1.91379193  
-2.675855198  
-2.687950504  
-1.844491252  
-0.2935659395  
1.579691567  
3.241473717  
4.15280515  
3.932455401  
2.492530354  
0.102218187  
-2.648261927  
-4.983915804  
-6.150898113  
-5.636846097  
-3.340713409  
0.3629903118  
4.692630435  
8.649015426  
11.27704304  
11.92589675  
10.43161863  
7.166564135  
2.939140585  
-1.228008109  
-4.376340705  
-5.864313744  
-5.52149296  
-3.662085773  
-0.9602618168  
1.767845681  
3.80362726  
4.712245071  
4.422507402  
3.185297862  
1.436846127  
-0.3767139931  
-1.947981156  
-3.179202853  
-4.156831368  
-5.048867027  
-5.973465876  
-6.897298524  
-7.609473016  
-7.786117905  
-7.12367357  
-5.48954798  
-3.028489594  
-0.1761860344  
2.435947055  
4.160495577  
4.540689154  
3.472458013  
1.26182652  
-1.448750035  
-3.867100983  
-5.293190239  
-5.337256385  
-4.041083613  
-1.860371651  
0.4877379693  
2.262449225  
2.943842167  
2.402970857  
0.941234838  
-0.8133643917  
-2.117540921  
-2.360588897  
-1.266535924  
1.015081891  
3.957080147  
6.821854825  
8.889825371  
9.672897628  
9.04490486  
7.25175284  
4.805859928  
2.307681071  
0.2585854402  
-1.072446487  
-1.689203999  
-1.81197931  
-1.75517362  
-1.790214607  
-2.045892895  
-2.479696462  
-2.923848097  
-3.180372141  
-3.121814372  
-2.754447209  
-2.218245601  
-1.725042327  
-1.462342702  
-1.50465091  
-1.771420121  
-2.051814987  
-2.089060521  
-1.691871482  
-0.8278156613  
0.3415387726  
1.502438471  
2.29668706  
2.457528605  
1.92256409  
0.878490485  
-0.2840783592  
-1.094635963  
-1.164519355  
-0.3292391315  
1.281091261  
3.271608514  
5.105915987  
6.281820875  
6.498772848  
5.757611382  
4.356194956  
2.780958731  
1.53172169  
0.9414666612  
1.055734525  
1.615906947  
2.154304289  
2.169265801  
1.319282836  
-0.4326163528  
-2.776870553  
-5.135551474  
-6.837065116  
-7.330344638  
-6.367378183  
-4.09332221  
-1.014282953  
2.146239469  
4.654879174  
5.97251785  
5.890796893  
4.56142339  
2.415506049  
0.006539245006  
-2.166184552  
-3.794166943  
-4.814567913  
-5.372906233  
-5.716231784  
-6.062662953  
-6.49872859  
-6.942440506  
-7.183435736  
-6.981559212  
-6.183330288  
-4.809297741  
-3.076609134  
-1.345373772  
-0.005929379901  
0.6537966657  
0.5535338589  
-0.1399767112  
-1.055610076  
-1.730705944  
-1.758419402  
-0.9220990659  
0.7266796893  
2.871720997  
5.016801058  
6.625592692  
7.274921428  
6.776443824  
5.232516192  
3.012028054  
0.6550243037  
-1.266107054  
-2.291140089  
-2.185206157  
-0.9938399984  
0.9711223348  
3.208911169  
5.150611993  
6.295035823  
6.329229059  
5.207084888  
3.168160504  
0.6907330691  
-1.613342222  
-3.141355477  
-3.449322191  
-2.372933083  
-0.08752134631  
2.913688901  
5.924899035  
8.196232996  
9.125350883  
8.421333151  
6.192860011  
2.930257732  
-0.6202315677  
-3.65943484  
-5.559252754  
-6.041229665  
-5.253266624  
-3.71685293  
-2.15684348  
-1.264019064  
-1.464795455  
-2.773329687  
-4.777426823  
-6.76747933  
-7.970475819  
-7.81441521  
-6.135371518  
-3.255258535  
0.1007579147  
3.025394181  
4.719510184  
4.756340573  
3.230118258  
0.7356623098  
-1.819082064  
-3.509092981  
-3.700256632  
-2.266035989  
0.3620781397  
3.330933253  
5.646836661  
6.509700438  
5.58873858  
3.145856769  
-0.03752024179  
-2.909030069  
-4.489066017  
-4.196256894  
-2.046223752  
1.343673698  
4.946671576  
7.653512462  
8.62643232  
7.563622017  
4.787486991  
1.128861054  
-2.352609627  
-4.717513007  
-5.448411511  
-4.604604286  
