-3.707208349  
-4.858558735  
-5.542026768  
-5.951780331  
-6.267539136  
-6.541524824  
-6.658226048  
-6.38431084  
-5.48757021  
-3.873691358  
-1.679857653  
0.7208170399  
2.815707813  
4.120892843  
4.360891876  
3.59056042  
2.207297946  
0.8401926189  
0.1482987071  
0.5958547533  
2.284067536  
4.901810799  
7.816701684  
10.27798365  
11.66168533  
11.67201729  
10.4276109  
8.40197931  
6.240296712  
4.519722709  
3.541455323  
3.231420505  
3.186607911  
2.850019643  
1.748843056  
-0.2942802846  
-3.058450378  
-5.972672428  
-8.301800217  
-9.405167664  
-8.974093347  
-7.159722052  
-4.540890942  
-1.93903388  
-0.143149838  
0.3582775871  
-0.4575677789  
-2.145763256  
-3.9566585  
-5.106454692  
-5.058648236  
-3.715217127  
-1.448668154  
1.036448809  
2.962066704  
3.760890027  
3.282496305  
1.845568407  
0.1165756576  
-1.141296913  
-1.357344641  
-0.3744282328  
1.48021601  
3.502344402  
4.859461996  
4.892380966  
3.361144287  
0.5461939558  
-2.832809044  
-5.852759861  
-7.694557723  
-7.913868255  
-6.580578108  
-4.239815364  
-1.711552819  
0.1970084767  
0.9622519073  
0.5024756321  
-0.829057254  
-2.407650996  
-3.591354331  
-3.96780386  
-3.500594557  
-2.521632576  
-1.57517373  
-1.17613779  
-1.578183598  
-2.64369998  
-3.869474303  
-4.562353843  
-4.101257487  
-2.187100336  
1.015998592  
4.906342291  
8.63398882  
11.38894886  
12.68437859  
12.52932196  
11.42323387  
10.16800304  
9.560336879  
10.07333466  
11.64391541  
13.64863929  
15.08580084  
14.90883735  
12.40087922  
7.462312331  
0.709553586  
-6.655002815  
-13.1655983  
-17.50747934  
-18.89143678  
-17.27015361  
-13.33075698  
-8.271060942  
-3.436479187  
0.06365670132  
1.640424439  
1.32857076  
-0.309546043  
-2.431609674  
-4.220834264  
-5.143964239  
-5.081376664  
-4.299477084  
-3.292536587  
-2.564118158  
-2.432962176  
-2.931331387  
-3.823617436  
-4.725783283  
-5.269949847  
-5.245844029  
-4.665457179  
-3.731547484  
-2.730638042  
-1.900519044  
-1.330177939  
-0.9338239779  
-0.507815492  
0.1567010697  
1.156819702  
2.410404816  
3.671643466  
4.627847647  
5.03999054  
4.867698012  
4.321436007  
3.810478024  
3.796048167  
4.598939342  
6.234409861  
8.343661133  
10.2605652  
11.20433361  
10.54071508  
8.023907044  
3.931121379  
-0.9667310722  
-5.600941426  
-8.91246919  
-10.17439746  
-9.222942139  
-6.516924687  
-3.000274266  
0.1926903672  
2.096131989  
2.219295061  
0.6997826869  
-1.748196678  
-4.075108079  
-5.248759245  
-4.603150944  
-2.06922362  
1.788177401  
5.9393121  
9.209619124  
10.64722551  
9.819886139  
6.947454378  
2.830180683  
-1.400940016  
-4.629563447  
-6.08465957  
-5.554085776  
-3.419064193  
-0.5063245415  
2.187898076  
3.81011402  
3.899382828  
2.50077248  
0.115470237  
-2.486698397  
-4.525151359  
-5.452013366  
-5.106687398  
-3.739980053  
-1.909959687  
-0.2910629873  
0.5386554816  
0.2664194477  
-1.076558771  
-3.140917549  
-5.371277984  
-7.163167851  
-8.015883416  
-7.641097817  
-6.006638077  
-3.317203908  
0.04887082423  
3.620758182  
6.91161282  
9.478560004  
10.96622271  
11.14116642  
9.924556523  
7.423297945  
3.950127085  
0.0159326456  
-3.72198003  
-6.562317757  
-7.902635531  
-7.393838784  
-5.064621928  
-1.372930543  
2.845250147  
6.533992945  
8.655424455  
8.453166099  
5.672298872  
0.6712291105  
-5.615270564  
-11.86471834  
-16.66830916  
-18.87225784  
-17.87104868  
-13.77293249  
-7.38934753  
-0.04580247138  
6.739880443  
11.62913524  
13.78625548  
13.06821083  
10.03071662  
5.750847874  
1.516848826  
-1.527795382  
-2.687134142  
-1.87954532  
0.3747005131  
3.136868532  
5.347219289  
6.147921585  
5.137264044  
2.482974289  
-1.134832711  
-4.729925582  
-7.300956737  
-8.119403359  
-6.930050346  
-4.008193052  
-0.06222823734  
3.983146863  
7.253537692  
9.159746682  
9.532982954  
8.626172793  
6.990184513  
5.271881281  
4.002491673  
3.443444692  
3.53412111  
3.95021603  
4.244734933  
4.018406092  
3.060079516  
1.411747215  
-0.6584905573  
-2.759559941  
-4.515333015  
-5.686460245  
-6.234121308  
-6.306950608  
-6.161218952  
-6.04816669  
-6.112701183  
-6.341393486  
-6.577467545  
-6.594443885  
-6.197816011  
-5.314063156  
-4.031874544  
-2.579285069  
-1.245370161  
-0.2765246341  
0.2127300314  
0.2799070749  
0.1297129642  
0.03304382517  
6.342082211  
7.660059394  
8.395553669  
8.321987186  
7.153977346  
4.742089881  
1.270189088  
-2.644091439  
-6.015286192  
-7.730068909  
-6.897739992  
-3.194792845  
2.925867799  
10.25549217  
17.10106771  
21.74221978  
22.93771023  
20.31896745  
14.53604711  
7.097139729  
-0.05850611807  
-5.125561421  
-6.959032969  
-5.395808258  
-1.270819414  
3.873251455  
8.284113996  
10.54120788  
9.965457695  
6.771164665  
1.92380814  
-3.232809376  
-7.441549988  
-9.925654128  
-10.58060033  
-9.910871036  
-8.751924975  
-7.893561923  
-7.752230917  
-8.216329103  
-8.719703687  
-8.510399188  
-7.006896563  
-4.100177055  
-0.2793947598  
3.475472529  
6.003193211  
6.365056354  
4.196605586  
-0.1238752637  
-5.557829094  
-10.71839777  
-14.30767262  
-15.52861036  
-14.32824121  
-11.38708329  
-7.858823322  
-4.952322859  
-3.503551308  
-3.688255385  
-4.976110832  
-6.341198407  
-6.653027686  
-5.108513312  
-1.551302024  
3.435131023  
8.694378906  
12.8668405  
14.8349385  
14.09157917  
10.90789586  
6.24694882  
1.457549656  
-2.1442829  
-3.664691138  
-2.866535952  
-0.1820909282  
3.484221402  
7.080382101  
9.738232902  
10.99862152  
10.8643076  
9.682929612  
7.925230769  
5.958274364  
3.907500056  
1.659316997  
-1.005272672  
-4.211144009  
-7.817005275  
-11.35420408  
-14.11526215  
-15.36959679  
-14.62936533  
-11.86276868  
-7.565759489  
-2.652346032  
1.809592896  
4.930680467  
6.284674156  
6.041899603  
4.898901332  
3.823456595  
3.700838503  
5.004650665  
7.609490032  
10.81466204  
13.57466367  
14.85919922  
14.0189926  
11.03016536  
6.531040028  
1.63638541  
-2.409562023  
-4.625107937  
-4.597422423  
-2.602825878  
0.4951714651  
3.531463418  
5.410020131  
5.436565948  
3.508163439  
0.1071419763  
-3.885463257  
-7.483205167  
-9.890667315  
-10.707313  
-9.983122992  
-8.12668905  
-5.717450714  
-3.301458095  
-1.245990814  
0.3035530422  
1.366682337  
2.013588367  
2.256500632  
2.001651922  
1.085983622  
-0.6180911273  
-3.079717655  
-6.030034644  
-8.972619095  
-11.29464003  
-12.44683065  
-12.12852215  
-10.40618961  
-7.714628433  
-4.731640861  
-2.164809295  
-0.52379744  
0.04002987329  
-0.232591998  
-0.8152921107  
-1.104456738  
-0.652391261  
0.6623232775  
2.592343662  
4.624166913  
6.187552627  
6.891319471  
6.69260438  
5.929628235  
5.198736762  
5.116496981  
6.05453828  
7.950171972  
10.27262259  
12.17004708  
12.75550217  
11.43520998  
8.160581473  
3.506102997  
-1.467420813  
-5.529856658  
-7.678572732  
-7.481462084  
-5.245201351  
-1.943180477  
1.08217598  
2.550501363  
1.667926339  
-1.596287169  
-6.475178883  
-11.62647131  
-15.54167891  
-17.00982799  
-15.48611874  
-11.24831135  
-5.294953174  
0.9748735456  
6.189966089  
9.40118964  
10.31570162  
9.30409909  
7.192698568  
4.925543757  
3.22129631  
2.345689208  
2.07370421  
1.844540927  
1.042526468  
-0.7067654387  
-3.338718407  
-6.325386208  
-8.834780242  
-10.01581923  
-9.304749504  
-6.640513657  
-2.509247352  
2.200624437  
6.483025362  
9.538576667  
11.02392243  
11.13750218  
10.51117628  
9.946080432  
10.08696878  
11.15221803  
12.81842067  
14.30545955  
14.6381491  
12.99831658  
9.047836247  
3.110213679  
-3.856369302  
-10.49337433  
-15.41413317  
-17.59881901  
-16.68895422  
-13.0900758  
-7.852073925  
-2.366380166  
2.024995523  
4.389158107  
4.425238109  
2.491344115  
-0.5607201917  
-3.680631095  
-5.946377601  
-6.821513411  
-6.270603484  
-4.710435164  
-2.827868252  
-1.334355904  
-0.7408232795  
-1.221738201  
-2.601324185  
-4.451213201  
-6.252943978  
-7.562135719  
-8.118147999  
-7.869343778  
-6.918957891  
-5.426750618  
-3.516107754  
-1.230326584  
1.441613885  
4.48125987  
7.737827922  
10.85786902  
13.29117676  
14.39046402  
13.58671294  
10.58959485  
5.545435517  
-0.9092330201  
-7.73241167  
-13.69132992  
-17.65559225  
-18.88775805  
-17.24499341  
-13.22721018  
-7.850699598  
-2.378140976  
2.019607528  
4.572211622  
5.098553767  
4.020383869  
2.198872527  
0.6461875757  
0.2024076764  
1.278070061  
3.74095733  
6.97920146  
10.11604483  
12.30319622  
12.99518715  
12.11469135  
10.05606541  
7.529070415  
5.298843234  
3.913456456  
3.514771406  
3.799957284  
4.14910712  
3.876174617  
2.51584598  
0.04347044531  
-3.055072012  
-5.897550147  
-7.474997462  
-6.993019341  
-4.172433573  
0.5948093489  
6.294944421  
11.54221951  
14.95892648  
15.57097968  
13.09642943  
8.035987302  
1.535847891  
-4.935662672  
-9.998264345  
-12.73153483  
-12.89759275  
-10.95329446  
-7.8583652  
-4.749382053  
-2.588258435  
-1.895745025  
-2.646400481  
-4.34419385  
-6.237766252  
-7.591685812  
-7.918709252  
-7.099968093  
-5.36575629  
-3.161506441  
-0.9624325226  
0.8871646747  
2.251193704  
3.175737162  
3.784274296  
4.151073235  
4.217214113  
3.793506822  
2.655076881  
0.6894556393  
-1.968488373  
-4.883027771  
-7.386315226  
-8.763043366  
-8.495512996  
-6.481849861  
-3.139580304  
0.6598324225  
3.822796657  
5.367921432  
4.756345796  
2.104032267  
-1.80535704  
-5.725082021  
-8.312502936  
-8.546272478  
-6.059724169  
-1.28004149  
4.675794344  
10.31829172  
14.21624692  
15.40460027  
13.64209973  
9.442972656  
3.882949302  
-1.746199846  
-6.313101132  
-9.130448567  
-10.06209371  
-9.437191419  
-7.825075289  
-5.771390792  
-3.602985712  
-1.374568814  
1.032035457  
3.710534803  
6.532224253  
9.048245668  
10.55426586  
10.31338977  
7.864015878  
3.294801549  
-2.632286584  
-8.584345456  
-12.98118904  
-14.45326327  
-12.28939657  
-6.720378264  
1.070804055  
9.235440332  
15.7668528  
19.07649999  
18.45683364  
14.28107967  
7.873096998  
1.087363377  
-4.265839976  
-6.964402347  
-6.71302182  
-4.17152102  
-0.672083885  
2.271976046  
3.495626241  
2.570490492  
-0.07522644819  
-3.338303079  
-5.852915546  
-6.485786077  
-4.741042929  
-0.9369413231  
3.90148109  
8.390292916  
11.24961178  
11.71949811  
9.78736969  
6.15474523  
1.963735942  
-1.61331589  
-3.773070471  
-4.329773978  
-3.730967411  
-2.842654231  
-2.587940051  
-3.572966363  
-5.835476514  
-8.805061817  
-11.48764032  
-12.80757465  
-11.98689183  
-8.830354628  
-3.820136273  
2.009113488  
7.369268791  
11.0898203  
12.43971576  
11.30095089  
8.149460338  
3.864548354  
-0.5577819053  
-4.288012575  
-6.854636922  
-8.196283338  
-8.579164883  
-8.429683201  
-8.15390441  
-8.009015217  
-8.061920911  
-8.231018151  
-8.374778502  
-8.37767746  
-8.19359981  
-7.833159199  
-7.311783585  
-6.595816323  
-5.585330731  
-4.153867564  
-2.235167851  
0.08125229034  
2.496806974  
4.534246892  
5.662563546  
5.486957388  
3.940233794  
1.399241423  
-1.334121884  
-3.205984476  
-3.202185736  
-0.6757654332  
4.394959002  
11.31027516  
18.76179638  
25.13605198  
28.92831441  
29.14720056  
25.58917504  
18.89983188  
10.40354705  
1.753690386  
-5.491020938  
-10.23955038  
-12.08742334  
-11.33054398  
-8.7888234  
-5.511275354  
-2.463629466  
-0.2938166163  
0.7658682064  
0.8532569367  
0.3293650035  
-0.4001197634  
-1.025558169  
-1.393254258  
-1.480941733  
-1.321457086  
-0.9256358652  
-0.2499123838  
0.7720449062  
2.148913193  
3.745511404  
5.24223411  
6.176233537  
6.066787406  
4.588793538  
1.730954673  
-2.128444119  
-6.271957947  
-9.819771223  
-11.9850699  
-12.32571771  
-10.90341666  
-8.287149245  
-5.388224435  
-3.172666163  
-2.342217795  
-3.091023969  
-5.02400322  
-7.271137892  
-8.766198483  
-8.601655412  
-6.343126885  
-2.19755194  
3.023904159  
8.139699168  
11.95467536  
13.62472445  
12.91139115  
10.24467222  
6.575191642  
3.065560242  
0.7219200764  
0.08405308105  
1.070700394  
3.024411734  
4.935188031  
5.766351137  
4.777256273  
1.743829222  
-2.984466407  
-8.597737859  
-14.06220078  
-18.39932073  
-20.9210723  
-21.35744648  
-19.85295999  
-16.85291877  
-12.93190583  
-8.627870724  
-4.333219914  
-0.2666077267  
3.482969452  
6.872907724  
9.826995937  
12.19380803  
13.75898662  
14.3040454  
13.68664505  
11.91093662  
9.162291354  
5.794824485  
2.276374112  
-0.8923976376  
-3.263641623  
-4.51472661  
-4.496890468  
-3.257150323  
-1.034727774  
1.766594474  
4.630356663  
7.004104193  
8.397181766  
8.487386848  
7.21385347  
4.826943734  
1.868376418  
-0.9310135121  
-2.824597562  
-3.256329575  
-2.042387528  
0.5333410347  
3.75399597  
6.643042824  
8.239891599  
7.902823692  
5.545528482  
1.724110334  
-2.469074529  
-5.690215478  
-6.734074007  
-4.915870505  
-0.3255323048  
6.133093715  
12.94316816  
18.36735588  
20.92159311  
19.79088753  
15.06190116  
7.701054628  
-0.7158794645  
-8.440817019  
-14.02480306  
-16.68328706  
-16.4507784  
-14.0888717  
-10.78975281  
-7.779482342  
-5.951563649  
-5.644019803  
-6.619410966  
-8.236405824  
-9.737759197  
-10.54483108  
-10.45342254  
-9.667102372  
-8.666271854  
-7.971623189  
-7.897840603  
-8.394665914  
-9.038098623  
-9.177538677  
-8.185915319  
-5.720580894  
-1.896992103  
2.693045613  
7.132112204  
10.45044445  
11.93104188  
11.34307997  
9.023092299  
5.77427153  
2.615243142  
0.4600334684  
-0.1664608367  
0.7144271161  
2.554729522  
4.467285253  
5.518366539  
5.03071157  
2.801834457  
-0.8275103824  
-5.070372842  
-8.919936857  
-11.43139058  
-11.97354426  
-10.37966752  
-6.962769757  
-2.40350357  
2.445178247  
6.773993678  
9.993950119  
11.83379006  
12.34689049  
11.84282813  
10.77529808  
9.621356971  
8.779196722  
8.498602635  
8.846353608  
9.702350159  
10.78191167  
11.68267894  
11.95622501  
11.20145455  
9.168619067  
5.852162271  
1.543555169  
-3.183027982  
-7.56582134  
-10.82197191  
-12.35002931  
-11.91353531  
-9.746551227  
-6.537307762  
-3.278637329  
-1.014693048  
-0.5495227375  
-2.201628286  
-5.681710396  
-10.13860683  
-14.36957506  
-17.14076521  
-17.52776361  
-15.17727591  
-10.41246886  
-4.150605891  
2.342297385  
7.786629474  
11.21559188  
12.19985982  
10.91164593  
8.020491842  
4.46425119  
1.173472126  
-1.164862177  
-2.238651831  
-2.111477307  
-1.112454157  
0.3308421102  
1.849710712  
3.227396249  
4.404266182  
5.408593673  
6.255475443  
6.86684981  
7.053799991  
6.57385487  
5.242088091  
3.049198437  
0.2326781889  
-2.737976146  
-5.269471082  
-6.817129896  
-7.064336498  
-6.043959752  
-4.152463882  
-2.042618265  
-0.4229647508  
0.1730803664  
-0.4286094607  
-1.970575577  
-3.833452992  
-5.23104514  
-5.471531101  
-4.201412983  
-1.551738043  
1.864252713  
5.106334379  
7.171003668  
7.284576256  
5.136946767  
0.985501949  
-4.401228285  
-9.941905896  
-14.52252285  
-17.27594535  
-17.78215065  
-16.13746413  
-12.88228239  
-8.81826168  
-4.775395395  
-1.398550839  
0.9891326692  
2.41651632  
3.192588483  
3.765414044  
4.560491783  
5.846809002  
7.664544988  
9.8265594  
11.98385597  
13.72949059  
14.70945836  
14.71222495  
13.71822683  
11.90251359  
9.594202843  
7.203915485  
5.134426016  
3.691405803  
3.011333007  
3.022233122  
3.449436775  
3.871588713  
3.821725661  
2.915585048  
0.9777661287  
-1.869673175  
-5.18829053  
-8.291959994  
-10.39823587  
-10.83155851  
-9.226752453  
-5.673436419  
-0.7517568897  
4.563705076  
9.118009471  
11.85754033  
12.1046343  
9.746882622  
5.283265699  
-0.2917162931  
-5.738095424  
-9.886825677  
-11.93431404  
-11.63284939  
-9.325683316  
-5.82187378  
-2.153362224  
0.7103291188  
2.105608999  
1.810444152  
0.04370449332  
-2.655563386  
-5.616695524  
-8.225774574  
-10.05440941  
-10.89860802  
-10.73470114  
-9.630963821  
-7.667317536  
-4.906534498  
-1.432571947  
2.563657802  
6.698910125  
10.36914695  
12.8184515  
13.30949143  
11.35576306  
6.941215143  
0.6422271039  
-6.412842829  
-12.76385739  
-16.9761388  
-18.03940356  
-15.68715029  
-10.52780048  
-3.928680061  
2.332401465  
6.558704738  
7.628975551  
5.34494668  
0.5197191819  
-5.230561567  
-9.939785676  
-11.86121039  
-9.985603539  
-4.352656865  
3.939762761  
13.03376269  
20.82954033  
25.56995021  
26.31882037  
23.1940099  
17.2920368  
10.33486217  
4.152160302  
0.1584240108  
-1.019639906  
0.3385029961  
3.205573052  
6.178708504  
7.940449988  
7.662432664  
5.231233576  
1.237442152  
-3.25399571  
-7.067084515  
-9.289869207  
-9.543203522  
-8.065810085  
-5.600871351  
-3.132839468  
-1.566927903  
-1.455394085  
-2.852310836  
-5.331941045  
-8.151362407  
-10.49418927  
-11.71212074  
-11.48964278  
-9.889071549  
-7.276291452  
-4.166330993  
-1.050246632  
1.735908015  
4.060518255  
5.957815549  
7.527389389  
8.818692838  
9.750036057  
10.09614212  
9.551443666  
7.847648054  
4.883975336  
0.8229689592  
-3.884391142  
-8.558114157  
-12.42038553  
-14.76391633  
-15.11213212  
-13.32915144  
-9.65252477  
-4.643416634  
0.9296738064  
6.242405292  
10.56458714  
13.37654216  
14.43159628  
13.75961019  
11.62035687  
8.424998012  
4.647423518  
0.7451064261  
-2.897029028  
-5.994254455  
-8.363472252  
-9.906667933  
-10.58756813  
-10.41250567  
-9.423169333  
-7.703288316  
-5.394900008  
-2.714256884  
0.04518865351  
2.533556636  
4.39356615  
5.332399791  
5.200542375  
4.054238354  
2.177385696  
0.04605453377  
-1.766049253  
-2.724091563  
-2.476787729  
-0.9670445409  
1.529416336  
4.457867739  
7.124564857  
8.888447218  
9.349873855  
8.477109482  
6.625914491  
4.438152643  
2.643592578  
1.822493866  
2.203762654  
3.56714758  
5.288432048  
6.522088547  
6.470150556  
4.654450102  
1.103368608  
-3.612823853  
-8.517742445  
-12.50067842  
-14.6432861  
-14.49890026  
-12.23380061  
-8.581658691  
-4.621614196  
-1.447957807  
0.1639860589  
-0.01174415063  
-1.600082595  
-3.76922365  
-5.523576592  
-6.048602658  
-4.992756846  
-2.591907908  
0.4064648343  
2.995418585  
4.253870051  
3.670198672  
1.3355388  
-2.059277388  
-5.424438328  
-7.605700152  
-7.744936959  
-5.550627828  
-1.392265554  
3.809511616  
8.859009888  
12.63738536  
14.418249  
14.05050869  
11.95835647  
8.969203297  
6.034773976  
3.940667764  
3.096510246  
3.465215245  
4.638972846  
6.019977214  
7.032832754  
7.292704761  
6.67778366  
5.295914835  
3.376607456  
1.145764485  
-1.258430882  
-3.792816563  
-6.441392117  
-9.10997085  
-11.54098541  
-13.30147081  
-13.86904392  
-12.79936288  
-9.920381783  
-5.478976622  
-0.1734581145  
4.959942907  
8.788765609  
10.38868644  
9.317248632  
5.766788146  
0.5408370385  
-5.146575467  
-9.992063363  
-12.94800198  
-13.48683081  
-11.7060845  
-8.247953927  
-4.067493079  
-0.1312256575  
2.853031365  
4.590332551  
5.196395704  
5.055525818  
4.603974817  
4.127460615  
3.651595425  
2.964930804  
1.760833103  
-0.1633276983  
-2.735365562  
-5.542707007  
-7.910073963  
-9.103344682  
-8.591774699  
-6.273134546  
-2.57320402  
1.628966508  
5.238823752  
7.277010958  
7.196263559  
5.076758188  
1.628768614  
-2.006363479  
-4.598755755  
-5.208661562  
-3.479865985  
0.2473920097  
5.040959693  
9.665078056  
12.95907953  
14.18446012  
13.23004429  
10.612828  
7.279712169  
4.280113991  
2.41969207  
2.008591558  
2.783207138  
4.02115397  
4.8051326  
4.344080259  
2.244571243  
-1.354217851  
-5.820608396  
-10.22564937  
-13.62422609  
-15.3285882  
-15.08877714  
-13.12956087  
-10.04321999  
-6.583758485  
-3.436177311  
-1.035924883  
0.5098978622  
1.386582405  
1.947479955  
2.554263802  
3.440498293  
4.642053942  
6.009182617  
7.284176323  
8.206968343  
8.605725707  
8.440693657  
7.791715651  
6.803182289  
5.615631525  
4.315252029  
2.921401291  
1.413347018  
-0.220782027  
-1.939656211  
-3.63332587  
-5.147293511  
-6.337891064  
-7.134856938  
-7.581310309  
-7.828519158  
-8.080760454  
-8.507077439  
-9.153245748  
-9.891287103  
-10.43313495  
-10.41234179  
-9.511449465  
-7.592407937  
-4.78176862  
-1.474278519  
1.755164581  
4.309322288  
5.747969241  
5.929756199  
5.066715091  
3.668567167  
2.390030878  
1.827219328  
2.327702031  
3.875980654  
6.092735351  
8.349658172  
9.964233094  
10.41286828  
9.495046712  
7.397311898  
4.638495473  
1.915489911  
-0.1002693508  
-0.9518398116  
-0.5147074509  
0.9879061184  
3.070108789  
5.135444243  
6.64448459  
7.246068151  
6.837014877  
5.541784787  
3.630502752  
1.411688081  
-0.8603422532  
-3.034241866  
-5.057462595  
-6.931216395  
-8.651086498  
-10.16261983  
-11.35225984  
-12.07734582  
-12.22178902  
-11.75286494  
-10.75389659  
-9.417039725  
-7.996082226  
-6.734911173  
-5.796679576  
-5.218567415  
-4.907230499  
-4.674968678  
-4.301930701  
-3.601114447  
-2.463689974  
-0.8714989752  
1.12235109  
3.430957886  
5.968744172  
8.666198644  
11.45667742  
14.24164188  
16.85266996  
19.03288449  
20.45542616  
20.7829996  
19.75603163  
17.28325185  
13.5036286  
8.79466927  
3.717698344  
-1.089343767  
-5.043862549  
-7.739107156  
-9.02036904  
-8.998015939  
-7.998176671  
-6.470190699  
-4.880810973  
-3.624968224  
-2.97273695  
-3.056380216  
-3.886651468  
-5.379440151  
-7.375583804  
-9.646473775  
-11.89149332  
-13.74350275  
-14.80030853  
-14.69142021  
-13.17286958  
-10.22532028  
-6.119411112  
-1.414080176  
3.130355867  
6.715700156  
8.708701998  
8.825718635  
7.238865893  
4.560795712  
1.699576931  
-0.3840630915  
-0.9507388657  
0.2938224767  
3.096437284  
6.7127072  
10.11106456  
12.26723614  
12.46169018  
10.48972465  
6.719841999  
1.98313493  
-2.670564176  
-6.272169262  
-8.194370006  
-8.294342243  
-6.898612144  
-4.643449908  
-2.231765626  
-0.1936315698  
1.266607856  
2.286442394  
3.224368321  
4.451696026  
6.138475846  
8.11781274  
9.885158179  
10.74058149  
10.02942096  
7.398595466  
2.976278912  
-2.594757309  
-8.291790811  
-12.97949261  
-15.7280986  
-16.08069756  
-14.18232202  
-10.72725942  
-6.740476558  
-3.263298975  
-1.044949493  
-0.3389686318  
-0.8680012952  
-1.963749449  
-2.830456599  
-2.83964252  
-1.754857099  
0.1893963183  
2.379442041  
4.050914846  
4.573088068  
3.689540602  
1.631083738  
-0.9389571593  
-3.129563563  
-4.108270959  
-3.372865522  
-0.9178896158  
2.758585092  
6.808572126  
10.29544101  
12.47549435  
13.00789592  
12.02737167  
10.06190057  
7.829815436  
5.98979088  
4.92985583  
4.664515598  
4.868928292  
5.030554556  
4.658801875  
3.475451489  
1.518733116  
-0.872828841  
-3.186487484  
-4.921895738  
-5.768696673  
-5.710803257  
-5.021386856  
-4.153229634  
-3.567055493  
-3.562286144  
-4.172552853  
-5.163494669  
-6.132184824  
-6.669847581  
-6.526308176  
-5.713958706  
-4.511349666  
-3.363508737  
-2.714454173  
-2.833067952  
-3.697274153  
-4.981587084  
-6.156693476  
-6.669376308  
-6.141401344  
-4.517368821  
-2.107427753  
0.4940532919  
2.590472646  
3.607130484  
3.283413243  
1.768217381  
-0.4150850645  
-2.525133687  
-3.831718041  
-3.844767755  
-2.47041839  
-0.04467425316  
2.765568301  
5.162674478  
6.457028395  
6.27124176  
4.64910911  
2.039546097  
-0.8355465452  
-3.186267029  
-4.370130293  
-4.056145132  
-2.294989851  
0.5169856141  
3.76092049  
6.763978143  
8.96353232  
10.02454074  
9.886483327  
8.738980265  
6.944656247  
4.938276135  
3.131141354  
1.841117876  
1.256129087  
1.427546874  
2.28341234  
3.650928883  
5.281819392  
6.879665487  
8.132077864  
8.750477771  
8.516296662  
7.326684491  
5.228190603  
2.426006973  
-0.7395804045  
-3.849701523  
-6.486847869  
-8.320779716  
-9.179613857  
-9.087840165  
-8.261036078  
-7.057675288  
-5.899137781  
-5.176264707  
-5.163271462  
-5.957211494  
-7.454706178  
-9.369497098  
-11.28648794  
-12.74177702  
-13.31429677  
-12.71308945  
-10.84452623  
-7.846137461  
-4.077827699  
-0.06784345549  
3.580659638  
6.307326236  
7.713392393  
7.654258188  
6.280814382  
4.013972706  
1.452427134  
-0.7682759215  
-2.131851303  
-2.371465297  
-1.536597704  
0.02559411205  
1.773188311  
3.130568174  
3.662628241  
3.210819964  
1.948812568  
0.3381425819  
-1.005976364  
-1.50066444  
-0.7780447323  
1.191024714  
4.071043572  
7.243429342  
9.972585962  
11.6076458  
11.76025686  
10.40640087  
7.883907254  
4.789362467  
1.808318084  
-0.4684546145  
-1.68817762  
-1.799596954  
-1.024566939  
0.2452174131  
1.587066987  
2.674349325  
3.352305255  
3.643538121  
3.689624573  
3.656762046  
3.643952599  
3.628671537  
3.469331532  
2.962032846  
1.929129643  
0.3058392621  
-1.807902785  
-4.150555391  
-6.358028623  
-8.060417055  
-8.985600367  
-9.036881031  
-8.320626084  
-7.116027875  
-5.796992846  
-4.729947633  
-4.177090068  
-4.231184591  
-4.797412578  
-5.623963031  
-6.3703982  
-6.694838512  
-6.33882784  
-5.191838863  
-3.323653244  
-0.9799352078  
1.457335524  
3.538108469  
4.830783621  
5.013461497  
3.953701899  
1.759424035  
-1.21450957  
-4.413220225  
-7.180605295  
-8.894690375  
-9.111429935  
-7.68120246  
-4.803924658  
-1.000905221  
2.997439161  
6.424631806  
8.668452245  
9.426011812  
8.777583458  
7.154519333  
5.207324747  
3.610693137  
2.8632267  
3.143013311  
4.264274994  
5.749166521  
6.992062147  
7.463433017  
6.886754523  
5.330132248  
3.182039303  
1.019197349  
-0.588905451  
-1.272344158  
-0.9836926487  
-0.00843799831  
1.142036595  
1.918968823  
1.941073729  
1.143258575  
-0.1857399914  
-1.494609888  
-2.163076133  
-1.734681129  
-0.1093422016  
2.373510775  
4.996583679  
6.859711603  
7.152420804  
5.420743597  
1.743803636  
-3.238771836  
-8.462966015  
-12.7049986  
-14.90060409  
-14.42883775  
-11.28098865  
-6.069163612  
0.1248173621  
6.015376814  
10.41999702  
12.52604242  
12.05285331  
9.276746002  
4.924572101  
-0.02596323098  
-4.582485446  
-7.952145268  
-9.688533943  
-9.74784731  
-8.454175368  
-6.39250434  
-4.258933984  
-2.700613963  
-2.175080274  
-2.852677599  
-4.578256418  
-6.900037344  
-9.163647493  
-10.65773954  
-10.78524008  
-9.223929858  
-6.035841997  
-1.690724697  
3.014295858  
7.13069312  
9.793396672  
10.45529883  
9.054427035  
6.058702653  
2.363996043  
-0.9367616162  
-2.854628761  
-2.79057573  
-0.7191994009  
2.79125388  
6.73686484  
9.973500494  
11.56387507  
11.06995322  
8.696928802  
5.23828343  
1.832704844  
-0.3960061887  
-0.7051434677  
1.011007098  
4.160466969  
7.613344616  
10.03824167  
10.31476758  
7.895675556  
3.005712606  
-3.386570947  
-9.818616242  
-14.73226496  
-16.90318257  
-15.77577713  
-11.60869973  
-5.394601281  
1.41454722  
7.290032202  
11.00412251  
11.89960728  
9.987691017  
5.866720385  
0.507051639  
-5.019203744  
-9.779934327  
-13.13501867  
-14.77646203  
-14.6753476  
-12.98226652  
-9.934144892  
-5.805349818  
-0.912145558  
4.349797634  
9.473397792  
13.8516576  
16.85216028  
17.94519684  
16.84883115  
13.64003607  
8.786041937  
3.073555955  
-2.552811374  
-7.200124234  
-10.22406994  
-11.35555577  
-10.72192983  
-8.762425245  
-6.071474078  
-3.225070448  
-0.646795463  
1.448426313  
3.026079304  
4.144339666  
4.852707632  
5.124434835  
4.852948675  
3.913068071  
2.258320044  
0.007792891769  
-2.522662233  
-4.869560687  
-6.543675323  
-7.185690614  
-6.698537734  
-5.30250436  
-3.483775035  
-1.844907324  
-0.9030524364  
-0.9047466062  
-1.725052863  
-2.892931044  
-3.742142277  
-3.642193742  
-2.23302721  
0.4181658271  
3.796491413  
7.069306441  
9.329737774  
9.87723624  
8.444092734  
5.292984693  
1.152395925  
-2.990056512  
-6.169838995  
-7.712790537  
-7.403867308  
-5.508605811  
-2.64902585  
0.4158743122  
3.025545773  
4.78919683  
5.640756567  
5.77059176  
5.473151983  
4.97938312  
4.345339028  
3.443071639  
2.056624941  
0.0411063676  
-2.525959763  
-5.273030205  
-7.586815982  
-8.785200261  
-8.357945114  
-6.189412614  
-2.674827057  
1.327942188  
4.714563394  
6.461574309  
5.963418248  
3.265653065  
-0.8927069806  
-5.25655372  
-8.409218876  
-9.200868789  
-7.117903501  
-2.473807889  
3.645574441  
9.67319139  
14.0043811  
15.45937661  
13.62362271  
8.962097702  
2.673879862  
-3.665946879  
-8.564748574  
-11.02953599  
-10.81716855  
-8.446874195  
-4.980500104  
-1.648380061  
0.5555987498  
1.180779201  
0.4350931282  
-0.9203264215  
-1.855613754  
-1.438899087  
0.8341829115  
4.851780531  
9.893880606  
14.83008292  
18.44203364  
19.77025175  
18.38209767  
14.48610825  
8.86679188  
2.667312376  
-2.911225447  
-6.906939903  
-8.812140481  
-8.656873769  
-6.951906497  
-4.519631118  
-2.26682277  
-0.9606641542  
-1.060344269  
-2.635743089  
-5.380283144  
-8.703616733  
-11.87596041  
-14.19059467  
-15.11274211  
-14.38926406  
-12.10171393  
-8.654255506  
-4.697652465  
-1.000854154  
1.707741831  
2.898543117  
2.363781769  
0.2740250584  
-2.850714686  
-6.254528443  
-9.120736743  
-10.76668842  
-10.80773969  
-9.245324591  
-6.453353508  
-3.065520475  
0.2048579805  
2.760347124  
4.273024692  
4.751695892  
4.504919408  
4.014628015  
3.762906413  
4.068551764  
4.985512314  
6.294142358  
7.585193183  
8.406299596  
8.421205999  
7.529403287  
5.908473615  
3.967913696  
2.231933181  
1.190436002  
1.164830503  
2.227329126  
4.192524055  
6.676239492  
9.197138637  
11.28766823  
12.5842655  
12.87931261  
12.13325716  
10.45748356  
8.08319224  
5.327615301  
2.560339512  
0.1644910359  
-1.514681554  
-2.23561765  
-1.93098839  
-0.7615072795  
0.8737574326  
2.391538489  
3.146308124  
2.598879295  
0.4880332493  
-3.049509921  
-7.45838422  
-11.86522997  
-15.28544796  
-16.88366552  
-16.21209071  
-13.35102665  
-8.901633287  
-3.826002028  
0.8208062773  
4.184595642  
5.838224891  
5.866624678  
4.783228082  
3.307613064  
2.082696823  
1.432386945  
1.247999427  
1.047222866  
0.1876053411  
-1.840978688  
-5.152876853  
-9.334806101  
-13.50535237  
-16.55894937  
-17.52002862  
-15.8887771  
-11.85564063  
-6.300638977  
-0.5638949913  
3.948067991  
6.196505691  
5.842453877  
3.363033277  
-0.09276049179  
-3.068098304  
-4.267684059  
-2.981286857  
0.6763421769  
5.787676322  
10.90969897  
14.51625712  
15.46290511  
13.32687894  
8.518782831  
2.139531475  
-4.36065539  
-9.603237157  
-12.64527304  
-13.17719037  
-11.50862255  
-8.371513413  
-4.629355216  
-1.005117558  
2.078494821  
4.505313771  
