-3.512957873  
-0.5908412933  
2.672122226  
6.177743704  
9.721815241  
12.93839905  
15.31253647  
16.27837869  
15.38503723  
12.47988363  
7.842067634  
2.205658046  
-3.357397168  
-7.678627404  
-9.797395615  
-9.238254633  
-6.171196863  
-1.395262657  
3.860876586  
8.269174389  
10.76671529  
10.8435043  
8.664394107  
4.987801891  
0.9090707317  
-2.486979026  
-4.450759266  
-4.765574577  
-3.758258567  
-2.127548286  
-0.6575331007  
0.07779770241  
-0.08824801351  
-0.8860995717  
-1.756880752  
-2.117449673  
-1.640642973  
-0.4398771936  
0.9199447317  
1.600639212  
0.8028262586  
-1.896694241  
-6.306983761  
-11.58105597  
-16.40255309  
-19.35476504  
-19.35957257  
-16.04348216  
-9.905467279  
-2.221804998  
5.292341154  
10.96486807  
13.64336117  
13.01700026  
9.682594346  
4.935328575  
0.353145725  
-2.690855437  
-3.432316546  
-1.909921779  
1.10518219  
4.412758489  
6.812242422  
7.511432566  
6.380458091  
3.971604266  
1.305942903  
-0.4945681495  
-0.601115306  
1.235167443  
4.597464151  
8.542282027  
11.91090804  
13.70479157  
13.39835146  
11.08778756  
7.432837984  
3.419292949  
0.02897943302  
-2.068696127  
-2.701814443  
-2.202161396  
-1.240480334  
-0.556706537  
-0.6841233925  
-1.764066592  
-3.512033876  
-5.340744319  
-6.59035099  
-6.780168861  
-5.791367831  
-3.917076565  
-1.764615328  
-0.04673532142  
0.6633679365  
0.1276637382  
-1.477091506  
-3.620898128  
-5.599621723  
-6.76889501  
-6.753412027  
-5.563172214  
-3.581672546  
-1.434834342  
0.2117326071  
0.8586405436  
0.3162264873  
-1.255405246  
-3.4145338  
-5.583763007  
-7.221122866  
-7.961106017  
-7.686355738  
-6.518220048  
-4.742660914  
-2.706873154  
-0.7259365115  
0.9722656133  
2.255568124  
3.061545037  
3.361523896  
3.139187874  
2.397102444  
1.187410975  
-0.3520989735  
-1.981394556  
-3.379995426  
-4.210385731  
-4.207094696  
-3.261087394  
-1.466347999  
0.8938961738  
3.422586348  
5.723468141  
7.515580127  
8.705376138  
9.387819214  
9.773654865  
10.06917161  
10.35568679  
10.5201936  
10.27278579  
9.255004945  
7.206929559  
4.132984358  
0.3985622027  
-3.293313866  
-6.058012673  
-7.083241792  
-5.905947979  
-2.619227439  
2.070955346  
6.977302656  
10.72995693  
12.16373537  
10.67878303  
6.458469706  
0.4651896854  
-5.799864923  
-10.71297858  
-13.00117906  
-12.12935777  
-8.478616338  
-3.253267174  
1.863646093  
5.207550522  
5.633505514  
2.867800312  
-2.399881623  
-8.714921422  
-14.28828714  
-17.52824565  
-17.51063349  
-14.24408737  
-8.650886278  
-2.272903625  
3.202413119  
6.446418205  
6.867676934  
4.750920272  
1.121256918  
-2.61385833  
-5.123383946  
-5.562574141  
-3.805352454  
-0.4328525576  
3.506053908  
6.872058987  
8.818219453  
9.049296071  
7.87555671  
6.052155499  
4.469586192  
3.810501893  
4.296957825  
5.617220066  
7.055751316  
7.776779449  
7.156777156  
5.043561476  
1.84550228  
-1.585390174  
-4.239215785  
-5.304434877  
-4.469297669  
-2.059888924  
1.038677131  
3.65684688  
4.721682392  
3.616748911  
0.3984968462  
-4.206016548  
-9.021849309  
-12.79666902  
-14.59629855  
-14.09402335  
-11.65819654  
-8.210765913  
-4.906431275  
-2.741775067  
-2.226267311  
-3.224526814  
-5.020287023  
-6.577128869  
-6.905306288  
-5.409737066  
-2.102897036  
2.386244941  
7.006427467  
10.61310286  
12.3213466  
11.76768396  
9.200596909  
5.379653884  
1.327299342  
-1.976920152  
-3.857287394  
-4.078993581  
-2.831568082  
-0.584907763  
2.113397044  
4.81684338  
7.270525461  
9.3908934  
11.16080932  
12.50155848  
13.19252383  
12.88779759  
11.2358903  
8.060778657  
3.529340236  
-1.774105782  
-6.9174953  
-10.83491895  
-12.628507  
-11.8620511  
-8.742615357  
-4.116066079  
0.7388455044  
4.465431669  
6.026898843  
5.021173686  
1.808953262  
-2.590726551  
-6.808367484  
-9.539510068  
-9.93662614  
-7.853727882  
-3.868832191  
0.9174864688  
5.236374562  
8.038872852  
8.791960482  
7.591831578  
5.068563759  
2.127558454  
-0.3738724272  
-1.899647808  
-2.36681322  
-2.10049405  
-1.641970754  
-1.492247166  
-1.893719445  
-2.734136313  
-3.607461149  
-4.004528488  
-3.555534913  
-2.225503384  
-0.3807639834  
1.307169588  
2.091736881  
1.43422447  
-0.7654193714  
-4.079773279  
-7.648471024  
-10.43224702  
-11.54433163  
-10.54679315  
-7.608520445  
-3.467324394  
-3.373772429  
-0.312529769  
2.288349889  
3.853717705  
4.021650502  
2.75084667  
0.3565120433  
-2.542791716  
-5.162530814  
-6.744667525  
-6.757052453  
-5.044567142  
-1.885684904  
2.068040717  
5.959011973  
8.953948279  
10.47247057  
10.34567182  
8.854483886  
6.632606607  
4.460650563  
3.013561246  
2.640760491  
3.250800844  
4.341225004  
5.168456183  
5.006580304  
3.412719961  
0.4113308974  
-3.467130612  
-7.312544474  
-10.09282571  
-10.96546806  
-9.545506477  
-6.043660053  
-1.227774875  
3.783935332  
7.835810051  
10.05756363  
10.09721503  
8.193056976  
5.065289756  
1.665879371  
-1.129702604  
-2.787632685  
-3.252482436  
-2.914175486  
-2.421112042  
-2.407021962  
-3.227864984  
-4.801276566  
-6.606215453  
-7.84598413  
-7.722148635  
-5.72854472  
-1.866161479  
3.295589224  
8.736472235  
13.24932776  
15.77041495  
15.67493483  
12.94765883  
8.17843531  
2.387438475  
-3.262415586  
-7.775585231  
-10.56284182  
-11.5418422  
-11.07895427  
-9.803303009  
-8.363055311  
-7.208283254  
-6.470785117  
-5.974444082  
-5.363240689  
-4.293606963  
-2.61705558  
-0.4841466132  
1.67012235  
3.257031719  
3.737006246  
2.824250658  
0.620333751  
-2.373883604  
-5.378864985  
-7.556287587  
-8.260948223  
-7.244641049  
-4.744927612  
-1.426572011  
1.810780943  
4.102538367  
4.884865539  
4.073705432  
2.099673713  
-0.2152774619  
-1.905042932  
-2.157235068  
-0.5714155079  
2.702256509  
6.98899816  
11.2755842  
14.50327491  
15.88018816  
15.11823826  
12.52083243  
8.892035761  
5.292312209  
2.714041498  
1.776583586  
2.536795139  
4.476908148  
6.677128784  
8.121621321  
8.042198689  
6.188501634  
2.933132254  
-0.829879302  
-3.969186623  
-5.497671504  
-4.929839967  
-2.494487732  
0.8775133498  
3.801941816  
4.861752238  
3.07499645  
-1.737493307  
-8.809216855  
-16.57058452  
-23.05088042  
-26.43073169  
-25.58369352  
-20.44164616  
-12.06594852  
-2.392502915  
6.282741781  
11.93055078  
13.34344079  
10.454479  
4.325887208  
-3.186219456  
-9.986200367  
-14.34185289  
-15.35327624  
-13.15010143  
-8.767358369  
-3.752202655  
0.3629965194  
2.547657571  
2.565475199  
0.9863639917  
-1.073156992  
-2.382795736  
-2.051664299  
0.1530507282  
3.726873696  
7.609209684  
10.55671821  
11.57690106  
10.27225087  
6.979193925  
2.658478052  
-1.420775954  
-4.091985827  
-4.656309349  
-3.080952808  
0.03005698814  
3.673788318  
6.805541568  
8.688183052  
9.114295848  
8.430427286  
7.364279874  
6.724360534  
7.083408787  
8.558162685  
10.75965634  
12.92536936  
14.18015492  
13.83027553  
11.58780493  
7.652686045  
2.633782044  
-2.651876696  
-7.422452296  
-11.12940473  
-13.54707661  
-14.73697131  
-14.91982784  
-14.32201626  
-13.06743817  
-11.16096033  
-8.565551586  
-5.330945349  
-1.705568482  
1.833184828  
4.662915509  
6.198026496  
6.107024306  
4.479165984  
1.863993995  
-0.8510283013  
-2.700171119  
-2.956464448  
-1.396852622  
1.584465594  
5.067130117  
7.883038824  
8.996929559  
7.862787458  
4.631526918  
0.1315488998  
-4.380457589  
-7.621551189  
-8.705187316  
-7.441477307  
-4.41061832  
-0.7806541269  
2.072485708  
3.016783627  
1.536638298  
-2.098450718  
-6.924193479  
-11.59779213  
-14.8309443  
-15.79230395  
-14.34546603  
-11.04783415  
-6.91988144  
-3.073324708  
-0.33303105  
1.014797267  
1.264664472  
1.118171689  
1.366676558  
2.552391235  
4.734977703  
7.449493925  
9.869577777  
11.11384471  
10.58118252  
8.190501679  
4.436208344  
0.2382457618  
-3.359553119  
-5.534192212  
-5.947849609  
-4.838209944  
-2.904746752  
-1.034762338  
0.02978517662  
-0.03653251738  
-1.030808753  
-2.308034197  
-3.032059698  
-2.498823289  
-0.4141945745  
2.973865897  
6.936146127  
10.49415425  
12.74111923  
13.13979436  
11.69495118  
8.944118213  
5.774353308  
3.132262186  
1.728241295  
1.833379017  
3.230680803  
5.326211841  
7.370971519  
8.710218035  
8.974529382  
8.154645287  
6.548426154  
4.614265579  
2.794855584  
1.378089293  
0.4395320427  
-0.1260202546  
-0.5123409395  
-0.8980213183  
-1.378438174  
-1.95878044  
-2.602033796  
-3.299031195  
-4.117333696  
-5.196381622  
-6.6829545  
-8.63218398  
-10.92041132  
-13.21746724  
-15.04499975  
-15.91225775  
-15.48530102  
-13.72537149  
-10.93701785  
-7.69666385  
-4.677387515  
-2.428243414  
-1.189479463  
-0.8170899977  
-0.8526564765  
-0.71970802  
0.02343501094  
1.471879725  
3.292070832  
4.813612263  
5.274033883  
4.133495604  
1.341562772  
-2.553817752  
-6.514375973  
-9.31848347  
-9.972261535  
-8.082976911  
-4.054846852  
0.9789417307  
5.485131562  
8.023393093  
7.741403693  
4.698919331  
-0.1022880927  
-5.009539653  
-8.247641294  
-8.51428686  
-5.441477197  
0.2402255897  
6.901715938  
12.52436197  
15.35554343  
14.49381768  
10.20560111  
3.862007361  
-2.48899668  
-6.776852413  
-7.57329175  
-4.547225969  
1.440740241  
8.633058995  
14.95695815  
18.69483302  
19.01746422  
16.20390061  
11.48181717  
6.553336684  
2.978667654  
1.635880635  
2.444599254  
4.445462181  
6.200183053  
6.363687945  
4.219849213  
-0.0135345608  
-5.222097285  
-9.764355505  
-12.04507521  
-11.09183193  
-6.931982053  
-0.635996775  
5.991628428  
10.97164324  
12.77207431  
10.78565018  
5.506319621  
-1.64785013  
-8.798788305  
-14.19889879  
-16.75033077  
-16.28663846  
-13.53702656  
-9.803783823  
-6.478793284  
-4.572909161  
-4.417641003  
-5.629524525  
-7.330463586  
-8.527296673  
-8.502820425  
-7.074687478  
-4.634508828  
-1.964646697  
0.087259863  
0.9461464386  
0.529922322  
-0.7291361233  
-2.065939723  
-2.693806619  
-2.123701128  
-0.3678800354  
2.051115404  
4.291278892  
5.511233907  
5.199806522  
3.390343576  
0.6764609059  
-1.981721776  
-3.594776455  
-3.504897162  
-1.640091196  
1.432753967  
4.680064988  
6.943875683  
7.338546582  
5.565934657  
2.039790454  
-2.225367662  
-5.926111472  
-7.88058663  
-7.403251746  
-4.522665998  
0.02581952291  
5.026086578  
9.149516108  
11.34606262  
11.13626813  
8.71948262  
4.8758782  
0.7058376406  
-2.702095325  
-4.568628096  
-4.600627429  
-3.00776079  
-0.3735196348  
2.56065311  
5.119534138  
6.856298519  
7.613293122  
7.482082154  
6.697649902  
5.518645642  
4.141028983  
2.670862656  
1.153282824  
-0.3689460824  
-1.803747586  
-2.994523229  
-3.751558828  
-3.917107676  
-3.43435907  
-2.38707462  
-0.9878801122  
0.485467569  
1.783944199  
2.774887952  
3.486718629  
4.088825794  
4.809013433  
5.815879206  
7.109466571  
8.464043538  
9.451112888  
9.543831156  
8.27508694  
5.400953623  
1.016087629  
-4.4195057  
-10.15649363  
-15.31757237  
-19.1000877  
-20.96309697  
-20.74667707  
-18.69180658  
-15.35860839  
-11.46988337  
-7.726887061  
-4.649366278  
-2.481644568  
-1.184704342  
-0.5081509575  
-0.1135267832  
0.2919707245  
0.8520894194  
1.517245792  
2.069039771  
2.202867604  
1.641882839  
0.248046195  
-1.901971539  
-4.497882157  
-7.040325916  
-8.93911648  
-9.642216313  
-8.765256226  
-6.191237615  
-2.116880816  
2.966162981  
8.352630334  
13.2512552  
16.93230743  
18.86433384  
18.81172508  
16.87340741  
13.45588517  
9.188229875  
4.798766006  
0.9805307386  
-1.726744841  
-3.016213784  
-2.843445521  
-1.406349622  
0.9138335899  
3.633544251  
6.252035293  
8.326010306  
9.525072293  
9.665095223  
8.720576004  
6.818470615  
4.215444641  
1.259606527  
-1.661758975  
-4.184287291  
-6.030052522  
-7.05995439  
-7.300907534  
-6.936756348  
-6.259684977  
-5.590089978  
-5.183929143  
-5.153536536  
-5.427413583  
-5.765594276  
-5.831566917  
-5.303933263  
-3.996502791  
-1.949772301  
0.5379424744  
2.955539565  
4.694246034  
5.20527525  
4.158100348  
1.554988132  
-2.23225596  
-6.516967996  
-10.43312734  
-13.11972701  
-13.9098516  
-12.48003057  
-8.926540677  
-3.753902888  
2.218775771  
8.010882867  
12.66027232  
15.39561375  
15.77160013  
13.74634441  
9.690568045  
4.328016309  
-1.384583114  
-6.421516867  
-9.871922769  
-11.11306247  
-9.939704806  
-6.619260892  
-1.852944463  
3.358490047  
7.923115281  
10.89756999  
11.70195375  
10.25418431  
6.984603762  
2.721409697  
-1.527012342  
-4.83611415  
-6.602953797  
-6.690289697  
-5.435602978  
-3.523384281  
-1.760439945  
-0.8238014458  
-1.059071578  
-2.390462029  
-4.367442176  
-6.328452135  
-7.624523477  
-7.82733066  
-6.853432442  
-4.96688982  
-2.665097706  
-0.4929831722  
1.145664929  
2.112149912  
2.550073257  
2.793917652  
3.207730521  
4.018205013  
5.208016799  
6.511812257  
7.517606281  
7.835175291  
7.265866978  
5.905750817  
4.137589399  
2.508584184  
1.534916352  
1.504291227  
2.351956229  
3.66162812  
4.798257083  
5.13058069  
4.265996216  
2.212080014  
-0.5978404167  
-3.430628815  
-5.491866667  
-6.195853339  
-5.37164337  
-3.329735851  
-0.7619415642  
1.493857478  
2.742799981  
2.673406589  
1.461767632  
-0.3006022923  
-1.832364233  
-2.462006432  
-1.892956813  
-0.3348714151  
1.552518293  
2.890039632  
2.907125224  
1.251623326  
-1.832713801  
-5.532756425  
-8.698789029  
-10.21313282  
-9.373522593  
-6.160133534  
-1.290004913  
3.968379174  
8.167593364  
10.12407005  
9.288606957  
5.92333978  
1.025922768  
-3.976339192  
-7.665089149  
-9.062320834  
-7.918240682  
-4.767081896  
-0.7383603122  
2.810533823  
4.719303629  
4.371834768  
1.859785164  
-2.080014394  
-6.323080585  
-9.717967604  
-11.43074134  
-11.16638229  
-9.206688906  
-6.267391871  
-3.235058907  
-0.8781870859  
0.3729246828  
0.5139910745  
-0.09177934426  
-0.8828386678  
-1.310346724  
-1.015862098  
0.07961599604  
1.79347444  
3.784893236  
5.694792675  
7.266297071  
8.403830201  
9.157509649  
9.649899411  
9.983367329  
10.17056353  
10.1173992  
9.664121001  
8.665194968  
7.072827965  
4.987999011  
2.656369069  
0.4087345223  
-1.432420669  
-2.645867643  
-3.170296423  
-3.108672356  
-2.679132367  
-2.132964398  
-1.671279814  
-1.390421143  
-1.273185117  
-1.224175126  
-1.130640477  
-0.9216546824  
-0.6013757896  
-0.244723907  
0.03946489416  
0.1590846999  
0.07929959063  
-0.1653796646  
-0.4924402527  
-0.8153689963  
-1.088782183  
-1.331730678  
-1.615468897  
-2.017949948  
-2.56350632  
-3.175544042  
-3.667926077  
-3.78719174  
-3.29754589  
-2.081296311  
-0.2172724558  
1.996785432  
4.094675605  
5.556908648  
5.958167453  
5.100552925  
3.08757024  
0.3113265904  
-2.64679839  
-5.173109705  
-6.787867087  
-7.269393772  
-6.698512872  
-5.412493431  
-3.887161518  
-2.588360177  
-1.841369352  
-1.757574779  
-2.235307052  
-3.025096048  
-3.828379472  
-4.390581678  
-4.556570651  
-4.275365035  
-3.563524878  
-2.453701329  
-0.9595059224  
0.9216389328  
3.16557108  
5.657709552  
8.142047855  
10.2163982  
11.39258856  
11.21536988  
9.408142221  
5.997294827  
1.367547399  
-3.780991875  
-8.572290682  
-12.15586724  
-13.91242495  
-13.60140839  
-11.40465008  
-7.852989111  
-3.660485645  
0.479051716  
4.066916246  
6.890565111  
9.005767923  
10.62353334  
11.94928266  
13.03846841  
13.7265897  
13.66408406  
12.44756322  
9.801965484  
5.746706361  
0.6806300491  
-4.654211239  
-9.329812926  
-12.46846594  
-13.4868478  
-12.27069148  
-9.22190822  
-5.158820523  
-1.095906953  
2.032587281  
3.623063848  
3.552792767  
2.186824626  
0.2425856513  
-1.443685345  
-2.175914445  
-1.604126187  
0.1825452191  
2.699496639  
5.228459704  
7.04408337  
7.634402041  
6.849112798  
4.933989754  
2.445604717  
0.0766655003  
-1.552535524  
-2.073187211  
-1.465755985  
-0.05075643952  
1.62067388  
2.940443248  
3.428198552  
2.872495577  
1.388608173  
-0.6213947089  
-2.591915528  
-3.962365126  
-4.340928689  
-3.616135385  
-1.98509043  
0.1079334843  
2.102503436  
3.482619405  
3.918711711  
3.349168488  
1.978299525  
0.1934641456  
-1.57079418  
-2.977084089  
-3.890630052  
-4.410771844  
-4.817441838  
-5.449935101  
-6.558976885  
-8.18402402  
-10.10155316  
-11.86800626  
-12.94944379  
-12.89915607  
-11.52490276  
-8.986591112  
-5.784670889  
-2.633926612  
-0.2559830301  
0.8462126059  
0.5583585105  
-0.7905336294  
-2.513514962  
-3.770643599  
-3.83224813  
-2.317114564  
0.6728889446  
4.568774686  
8.499534334  
11.55538536  
13.0644165  
12.79201858  
10.99732121  
8.328617217  
5.594574197  
3.490880764  
2.377560172  
2.184591211  
2.478026358  
2.661162917  
2.235842925  
1.025635075  
-0.7253648829  
-2.420361364  
-3.325516556  
-2.858314295  
-0.842507382  
2.369592164  
5.963069761  
8.903908143  
10.28351656  
9.646292832  
7.181211362  
3.700072389  
0.3966072482  
-1.542204357  
-1.345463922  
1.052527934  
4.949315707  
9.070043493  
11.96690853  
12.49526229  
10.2083959  
5.535255718  
-0.325583195  
-5.768558983  
-9.286401511  
-9.953875143  
-7.729950141  
-3.476495505  
1.315353971  
5.003121806  
6.319046307  
4.772005175  
0.7945022517  
-4.411082319  
-9.27290424  
-12.36166253  
-12.84427646  
-10.7317474  
-6.845204059  
-2.519840815  
0.8466332436  
2.245609959  
1.358770653  
-1.385396621  
-5.007546328  
-8.346991323  
-10.46918827  
-10.96779229  
-10.06019802  
-8.452093565  
-7.0295489  
-6.497116931  
-7.096825193  
-8.510637548  
-9.980624169  
-10.60143897  
-9.677384717  
-7.013211561  
-3.031513171  
1.328825522  
4.901355801  
6.6706772  
6.112439419  
3.379975115  
-0.7244997145  
-4.983073561  
-8.121236664  
-9.175232856  
-7.751708422  
-4.104066973  
0.9865100716  
6.473322431  
11.35513999  
14.93362317  
16.94236651  
17.523457  
17.08201991  
16.08773624  
14.90242115  
13.69275802  
12.4471495  
11.07189256  
9.511761287  
7.83451374  
6.238732039  
4.980697301  
4.253319725  
4.073132669  
4.230524635  
4.334068083  
3.94129349  
2.73124041  
0.6532371068  
-2.00936146  
-4.693217443  
-6.716907006  
-7.499979552  
-6.764926855  
-4.650752406  
-1.695866308  
1.307272681  
3.539014249  
4.386152577  
3.606319585  
1.372468593  
-1.810434169  
-5.280212166  
-8.417778859  
-10.80248338  
-12.27357221  
-12.88760148  
-12.80268379  
-12.14756844  
-10.93688438  
-9.07202484  
-6.429058052  
-2.995755323  
1.004865493  
5.066905268  
8.466308107  
10.43190474  
10.37355816  
8.090880694  
3.886012586  
-1.467831962  
-6.902742844  
-11.32817271  
-13.9149521  
-14.30151612  
-12.65762811  
-9.588619643  
-5.916883967  
-2.417886792  
0.3989547456  
2.393182069  
3.752686145  
4.835266072  
5.960513728  
7.236796215  
8.492719693  
9.340849937  
9.349149228  
8.252041884  
6.114928856  
3.380345897  
0.7665099027  
-0.9556898644  
-1.233193545  
0.04813864186  
2.476807172  
5.205189985  
7.19682676  
7.55663371  
5.836736954  
2.214061736  
-2.525226291  
-7.197076225  
-10.56506337  
-11.71322009  
-10.32885165  
-6.805719647  
-2.134600843  
2.384704313  
5.520580031  
6.460598132  
5.031868713  
1.729539061  
-2.447150307  
-6.293879447  
-8.740865113  
-9.132833053  
-7.374319459  
-3.911352028  
0.4288556293  
4.679814861  
7.982821606  
9.771987449  
9.858495331  
8.411022343  
5.859593899  
2.765801888  
-0.2993446074  
-2.843859319  
-4.503540858  
-5.061288619  
-4.453403652  
-2.774437598  
-0.2806282042  
2.619273445  
5.401355114  
7.501580502  
8.423562739  
7.856898776  
5.772038277  
2.457275778  
-1.523290954  
-5.448497158  
-8.607557919  
-10.46968448  
-10.80549046  
-9.723082378  
-7.608224632  
-4.98900842  
-2.37006791  
-0.09094598833  
1.74617366  
3.25891829  
4.688774163  
6.265371159  
8.082841414  
10.03433207  
11.82854184  
13.08143436  
13.44850102  
12.74820593  
11.03086364  
8.567691674  
5.764583683  
3.032936339  
0.6655887113  
-1.236531377  
-2.761005579  
-4.107120872  
-5.467240206  
-6.914278648  
-8.34153247  
-9.481539473  
-10.00052546  
-9.635330192  
-8.32151693  
-6.262100894  
-3.905807539  
-1.835626597  
-0.6012109356  
-0.5504036016  
-1.717832927  
-3.810545053  
-6.298084906  
-8.578530676  
-10.16534798  
-10.83209532  
-10.66608404  
-10.01310509  
-9.333024598  
-9.017017076  
-9.23079195  
-9.839530934  
-10.44238233  
-10.5065008  
-9.556115639  
-7.35251671  
-4.002877653  
0.04094111137  
4.096310105  
7.441855625  
9.527140818  
10.13366679  
9.436464436  
7.947439641  
6.359016732  
5.337416937  
5.329324042  
6.439787531  
8.415412198  
10.73352661  
12.76598852  
13.96544453  
14.01815072  
12.92096288  
10.96550876  
8.641189101  
6.491561583  
4.96913289  
4.329734828  
4.591734472  
5.563644471  
6.923212337  
8.318124487  
9.456089056  
10.15975513  
10.37623066  
10.14660207  
9.552867988  
8.664699725  
7.505839982  
6.051002021  
4.252641827  
2.086257208  
-0.4035346624  
-3.074599469  
-5.689914297  
-7.955271831  
-9.585351835  
-10.38195988  
-10.30276719  
-9.498985493  
-8.306438135  
-7.185590099  
-6.619534272  
-6.991837862  
-8.474520842  
-10.95777943  
-14.04554272  
-17.12589106  
-19.50566337  
-20.57951638  
-19.99079067  
-17.73957417  
-14.20399365  
-10.06243637  
-6.13167261  
-3.160985439  
-1.637645237  
-1.658913459  
-2.909004051  
-4.750261658  
-6.404435958  
-7.172416132  
-6.628256235  
-4.730190827  
-1.81618995  
1.512734653  
4.583201826  
6.852574137  
8.059411077  
8.274053497  
7.835636743  
7.200455468  
6.756890594  
6.673966166  
6.839332508  
6.911309412  
6.469079295  
5.208683746  
3.113300924  
0.5315505325  
-1.873552781  
-3.298832061  
-3.048510771  
-0.7763972077  
3.359541044  
8.688267303  
14.17563684  
18.69519332  
21.34076142  
21.6851644  
19.90309403  
16.71672461  
13.17741532  
10.34833895  
8.984559273  
9.308479533  
10.94915752  
13.06299584  
14.5970348  
14.61249187  
12.56897655  
8.483999794  
2.923094382  
-3.170684714  
-8.749889255  
-12.95135014  
-15.31260039  
-15.85539144  
-15.02068512  
-13.48715543  
-11.93999191  
-10.86788806  
-10.45098576  
-10.56761971  
-10.90540948  
-11.12740724  
-11.02789168  
-10.61993037  
-10.1243547  
-9.867193377  
-10.12654923  
-10.98850809  
-12.26881563  
-13.53395443  
-14.21997719  
-13.81251259  
-12.02840902  
-8.936781209  
-4.975389253  
-0.8516658363  
2.64501645  
4.863885841  
5.478726436  
4.581556542  
2.654423881  
0.4270161983  
-1.337343824  
-2.063000292  
-1.524385978  
0.09856435128  
2.287695605  
4.355597922  
5.665277683  
5.83498125  
4.867489475  
3.165508815  
1.427934581  
0.4557189945  
0.9215722178  
3.167480436  
7.08611112  
12.11888539  
17.37190385  
21.81951674  
24.54267285  
24.94088997  
22.86473575  
18.63723098  
12.96194942  
6.744649912  
0.876697435  
-3.963227407  
-7.439279067  
-9.590181346  
-10.75936736  
-11.44762535  
-12.13259613  
-13.1072927  
-14.38324414  
-15.68480316  
-16.53493549  
-16.40663712  
-14.89555403  
-11.86327592  
-7.509168862  
-2.34901279  
2.894800029  
7.461637557  
10.73317437  
12.37663355  
12.41221906  
11.18804265  
9.272052406  
7.29328256  
5.777773325  
5.024061189  
5.049962989  
5.620535984  
6.343648515  
6.801171811  
6.675851642  
5.838002494  
4.370461595  
2.529810716  
0.6604607222  
-0.9095214692  
-1.959257765  
-2.42782742  
-2.417576147  
-2.151942835  
-1.904387878  
-1.921196471  
-2.359977992  
-3.25844512  
-4.537817031  
-6.035130134  
-7.551952435  
-8.904655961  
-9.96343241  
-10.67215105  
-11.04696283  
-11.15669103  
-11.09153836  
-10.92816119  
-10.69940248  
-10.37592718  
-9.865209489  
-9.030372336  
-7.727400686  
-5.85430357  
-3.400985354  
-0.485502025  
2.637538101  
5.605803848  
8.015633955  
9.514815853  
9.899889601  
9.190200576  
7.652725613  
5.762166845  
4.097943616  
3.199134744  
3.413842545  
4.78569632  
7.013927419  
9.505343779  
11.51122628  
12.31697945  
11.43498072  
8.747619279  
4.55942427  
-0.4582968509  
-5.417124199  
-9.416042901  
-11.74661216  
-12.04584696  
-10.36009381  
-7.109427411  
-2.969553022  
1.291242626  
4.974817533  
7.576552111  
8.847246027  
8.792083587  
7.622547232  
5.68555181  
3.392287718  
1.159622015  
-0.6348479326  
-1.691095385  
-1.825998586  
-1.014467235  
0.5775962736  
2.586889604  
4.491886719  
5.706682964  
5.720010551  
4.24892088  
1.361819503  
-2.475752599  
-6.463418496  
-9.637145837  
-11.11445828  
-10.34941162  
-7.321165558  
-2.591728169  
2.797248661  
7.571493658  
10.55198037  
10.97154784  
8.686633105  
4.218440747  
-1.392100407  
-6.874595889  
-11.07836985  
-13.27568224  
-13.32847102  
-11.67164323  
-9.124553102  
-6.596825275  
-4.787312884  
-3.974577231  
-3.964401846  
-4.205426696  
-4.026629592  
-2.909700209  
-0.6989042533  
2.325471178  
5.535132941  
8.170976293  
9.61140577  
9.59558777  
8.321116989  
6.379696152  
4.551572727  
3.529535348  
3.668895516  
4.851685366  
6.514497023  
7.832930989  
8.001522257  
6.514797368  
3.354362785  
-0.9812410689  
-5.613919385  
-9.544457764  
-11.94604517  
-12.39708158  
-10.98023795  
-8.221858872  
-4.900167779  
-1.793518897  
0.5436418777  
1.904025587  
2.416771569  
2.419208151  
2.269333957  
2.175856684  
2.112165585  
1.845465527  
1.06618208  
-0.4370358737  
-2.629840274  
-5.17563051  
-7.499028926  
-8.952519963  
-9.02881453  
-7.541911981  
-4.708609712  
-1.096791662  
2.545311377  
5.521018936  
7.397106292  
8.120551931  
7.998611452  
7.5500791  
7.282818882  
7.480495374  
8.07923252  
8.682996424  
8.715813253  
7.657807595  
5.278817104  
1.780962863  
-2.208849077  
-5.803208372  
-8.125680463  
-8.599340868  
-7.152383172  
-4.26592269  
-0.8411911613  
2.075249204  
3.620188869  
3.387935264  
1.558000685  
-1.167681647  
-3.798628668  
-5.384010919  
-5.326675641  
-3.579120782  
-0.6569641899  
2.533614839  
4.996349156  
5.973334725  
5.193358589  
2.959802062  
0.05160346938  
-2.52778403  
-3.869906399  
-3.445936471  
-1.267390038  
2.123278138  
5.822470988  
8.835788339  
10.36088094  
9.996647097  
7.822002464  
4.332866272  
0.27118223  
-3.590311517  
-6.637843247  
-8.528944399  
-9.208394812  
-8.84378778  
-7.72107424  
-6.146328505  
-4.387322376  
-2.664227138  
-1.173894164  
-0.1172412064  
0.2999106428  
-0.09355739664  
-1.36347074  
-3.398735684  
-5.876786582  
-8.295466291  
-10.07742064  
-10.72384771  
-9.970757676  
-7.892887057  
-4.912511913  
-1.699865288  
1.011323734  
2.63835861  
2.925561801  
2.022502354  
0.4357927796  
-1.132630622  
-2.009413661  
-1.762775644  
-0.3344874844  
1.952400438  
4.511172908  
6.69317195  
8.004037577  
8.260874984  
7.638071871  
6.588898384  
5.673317224  
5.354536929  
5.836451614  
6.998048212  
8.445138399  
9.65751444  
10.17582591  
9.759567436  
8.459749289  
6.582515271  
4.561022049  
2.786985986  
1.467930261  
0.5656134855  
-0.1604979615  
-1.022129191  
-2.236116944  
-3.791723571  
-5.409538837  
-6.616915054  
-6.920334623  
-6.015557334  
-3.956776144  
-1.214700079  
1.411305043  
3.011628423  
2.851855765  
0.6331631892  
-3.36256117  
-8.299867705  
-12.99200085  
-16.2233714  
-17.09590867  
-15.29200365  
-11.17065972  
-5.66525415  
-0.01382730609  
4.594122208  
7.344560561  
7.999545784  
6.913604215  
4.868238658  
2.785300726  
1.417237671  
1.116319132  
1.75524747  
2.818374286  
3.624801291  
3.601087627  
2.506909625  
0.5355934898  
-1.743472779  
-3.578465458  
-4.296065977  
-3.538927283  
-1.398133099  
1.603803626  
4.672467516  
6.988524844  
7.958742653  
7.388175738  
5.519360265  
2.930584738  
0.3329320723  
-1.66158452  
-2.721631447  
-2.86933526  
-2.425685054  
-1.855215464  
-1.570971077  
-1.772573373  
-2.375957824  
-3.058494816  
-3.40056487  
-3.069423942  
-1.975670785  
-0.342250595  
1.343001633  
2.478782188  
2.55582145  
1.346380338  
-0.9884221909  
-3.912984498  
-6.652752544  
-8.410275958  
-8.594906484  
-6.994939086  
-3.840120401  
0.2622655517  
4.49477005  
8.046837752  
10.3153746  
11.03198767  
10.28678968  
8.45306887  
6.047256135  
3.57496503  
1.411855076  
-0.2500015848  
-1.386113869  
-2.07471969  
-2.418443063  
-2.487481712  
-2.305428354  
-1.877662546  
-1.242479807  
-0.514690511  
0.1056726634  
0.3720082582  
0.06859722054  
-0.9003530213  
-2.445960811  
-4.284866005  
-5.997115133  
-7.140171348  
-7.385306999  
-6.631330368  
-5.054503799  
-3.072377415  
-1.226984296  
-0.02029379976  
0.2474549769  
-0.4156848143  
-1.678562828  
-2.972567982  
-3.654759478  
-3.200665741  
-1.368714895  
1.713774209  
5.569653171  
9.490974165  
12.72311719  
14.66031011  
14.99669471  
13.79154245  
11.43375486  
8.520262007  
5.687108917  
3.443103281  
2.052081661  
1.492680672  
1.500341766  
1.672556133  
1.602233161  
0.9993633273  
-0.2317162069  
-1.976514201  
-3.954381727  
-5.804559843  
-7.187208349  
-7.871568173  
-7.790089394  
-7.048437277  
-5.893373688  
-4.649905206  
-3.644526046  
-3.13196288  
-3.240126979  
-3.942899887  
-5.064839043  
-6.316449199  
-7.353866329  
-7.852688828  
-7.5825377  
-6.46731135  
-4.616895662  
-2.319911783  
0.005722276018  
1.898236955  
2.957505053  
2.947304425  
1.868586278  
-0.0178162746  
-2.230115796  
-4.16240326  
-5.220287308  
-4.964495574  
-3.227232738  
-0.1705844947  
3.730641228  
7.781025307  
11.21219564  
13.35209258  
13.77595374  
12.40300897  
9.515943482  
5.698793766  
1.708548518  
-1.688946084  
-3.880485538  
-4.528046669  
-3.626440941  
-1.486251095  
1.350011872  
4.235891281  
6.561735754  
7.876084741  
7.962370749  
6.857864589  
4.816247665  
2.22829886  
-0.4762465771  
-2.920339723  
-4.843679011  
-6.127424433  
-6.77957471  
-6.891837518  
-6.585853483  
-5.967924508  
-5.106677945  
-4.038917259  
-2.798132083  
-1.451310893  
-0.1257352859  
0.9899578208  
1.677519367  
1.748558753  
1.114942749  
-0.153890142  
-1.810286601  
-3.459354887  
-4.641461976  
-4.949212817  
-4.148197112  
-2.265500703  
0.3846489387  
3.253039758  
5.678672703  
7.054502142  
6.992411043  
5.441118139  
2.721124798  
-0.5375089159  
-3.542135994  
-5.532595059  
-5.973345839  
-4.691369289  
-1.922791012  
1.744123985  
5.51398579  
8.578296968  
10.30733624  
10.39100093  
8.895050049  
6.222845089  
2.997757162  
-0.09933052033  
-2.494061911  
-3.843893751  
-4.097530435  
-3.479910127  
-2.412918755  
-1.395939532  
-0.8770146951  
-1.144176073  
-2.2592327  
-4.045438222  
-6.129039476  
-8.024545085  
-9.245985171  
-9.421893772  
-8.39043346  
-6.253367375  
