-3.796758948  
-4.062799111  
-3.698374887  
-2.635832731  
-1.006966875  
0.9286577569  
2.889112907  
4.667042561  
6.181881153  
7.469959469  
8.61985951  
9.681930678  
10.59162364  
11.14224927  
11.02521249  
9.930737145  
7.678281899  
4.331607459  
0.2542834753  
-3.922643752  
-7.422316273  
-9.505721486  
-9.668174623  
-7.791872573  
-4.207437239  
0.3583953235  
4.939879997  
8.555100734  
10.43630002  
10.20682222  
7.958516472  
4.211006568  
-0.2332459274  
-4.496362683  
-7.837752644  
-9.815991904  
-10.36041382  
-9.739889668  
-8.445416098  
-7.025874376  
-5.926728328  
-5.376873265  
-5.351697452  
-5.616178031  
-5.828193024  
-5.665910652  
-4.938761585  
-3.649255735  
-1.990360895  
-0.2836733672  
1.118599572  
1.935434516  
2.031414423  
1.443512014  
0.3564995776  
-0.9603327015  
-2.231238237  
-3.240578816  
-3.868152525  
-4.086533736  
-3.928034198  
-3.439780956  
-2.648655211  
-1.552581726  
-0.1427335177  
1.552850084  
3.424657785  
5.259851069  
6.760793302  
7.607698672  
7.551864966  
6.511516726  
4.636279687  
2.311752993  
0.09193866813  
-1.430218281  
-1.782218433  
-0.7559506467  
1.509156969  
4.534498046  
7.607198118  
9.957508231  
10.96108614  
10.30850889  
8.09161731  
4.779532117  
1.089604564  
-2.209679881  
-4.505700978  
-5.497045567  
-5.251399097  
-4.150394668  
-2.74136726  
-1.54518151  
-0.8831188518  
-0.7791981624  
-0.9695308676  
-1.014902308  
-0.4784683036  
0.891770417  
3.038515882  
5.573369889  
7.869086319  
9.239689473  
9.152757931  
7.406163278  
4.211668234  
0.1563708292  
-3.948442748  
-7.285900602  
-9.253049591  
-9.614575711  
-8.545168829  
-6.550467983  
-4.294873256  
-2.393228171  
-1.233308613  
-0.88416391  
-1.11576018  
-1.518055788  
-1.67498315  
-1.331506604  
-0.4955906151  
0.5598787597  
1.39541908  
1.568984254  
0.8083008369  
-0.8693901406  
-3.133830033  
-5.425946243  
-7.124713971  
-7.743058413  
-7.088004079  
-5.330656  
-2.960114132  
-0.6331318187  
1.03406024  
1.665252581  
1.249691951  
0.1503880261  
-1.010990418  
-1.559397957  
-0.998666493  
0.8029087733  
3.534894697  
6.504259677  
8.819659241  
9.649178409  
8.476312465  
5.277396365  
0.5652612613  
-4.717782212  
-9.430716108  
-12.52518427  
-13.31642822  
-11.65827181  
-7.974149593  
-3.137164309  
1.765205615  
5.714519386  
8.013750373  
8.440678402  
7.264585614  
5.128717988  
2.838973487  
1.124166449  
0.4380090713  
0.8570575963  
2.097687255  
3.638658809  
4.905151361  
5.454240054  
5.105087937  
3.977480277  
2.433070992  
0.9444528386  
-0.06146535523  
-0.3339310681  
0.1376735757  
1.142575458  
2.338044056  
3.374490131  
4.010992214  
4.181618143  
3.991940404  
3.650772636  
3.365439714  
3.241573791  
3.226438321  
3.118590258  
2.642303603  
1.560968007  
-0.2115266503  
-2.543300389  
-5.088620679  
-7.367115005  
-8.895194651  
-9.327977914  
-8.565024601  
-6.784275788  
-4.392036207  
-1.904789594  
0.1986615901  
1.606431824  
2.242635754  
2.255709141  
1.933253993  
1.575870485  
1.376132192  
1.346182362  
1.319554015  
1.025835532  
0.2103982764  
-1.245001481  
-3.245746453  
-5.481556548  
-7.501067733  
-8.840006041  
-9.160314102  
-8.353400789  
-6.57323037  
-4.189228486  
-1.676412452  
0.5190123965  
2.093544047  
2.944025421  
3.155039651  
2.928019353  
2.484427727  
1.98284058  
1.481563005  
0.9580778532  
0.3720752126  
-0.2601247647  
-0.8177370808  
-1.082154357  
-0.8036107296  
0.1927700646  
1.90180044  
4.079107321  
6.260393974  
7.864719059  
8.356072762  
7.413200955  
5.049816571  
1.640078315  
-2.165962117  
-5.615310262  
-8.060493445  
-9.136668661  
-8.849335444  
-7.543885875  
-5.768271769  
-4.076808984  
-2.843622903  
-2.150707346  
-1.789004445  
-1.370238067  
-0.5070111887  
1.006757547  
3.084086542  
5.346781346  
7.244723352  
8.252842491  
8.075687786  
6.783703721  
4.826889748  
2.913318513  
1.787762838  
1.982481969  
3.624776782  
6.369226348  
9.481827082  
12.05228365  
13.267142  
12.65518968  
10.22548506  
6.454255084  
2.127504278  
-1.905794493  
-4.986361895  
-6.819671498  
-7.518702039  
-7.506574745  
-7.319885043  
-7.386786265  
-7.860496119  
-8.566926211  
-9.082835778  
-8.913497762  
-7.703349779  
-5.401609683  
-2.321453321  
0.9304354853  
3.631033967  
5.164391242  
5.21481147  
3.864369547  
1.562855007  
-1.017756927  
4.349468107  
0.2044985811  
-3.048733379  
-5.23248769  
-6.470997932  
-7.088692608  
-7.464030947  
-7.892128605  
-8.500853371  
-9.241954873  
-9.950115311  
-10.43902489  
-10.59277139  
-10.41610635  
-10.02575313  
-9.589183506  
-9.238165759  
-8.994096002  
-8.737413543  
-8.236420727  
-7.227955428  
-5.522348938  
-3.094976414  
-0.1303980492  
2.999176938  
5.816945377  
7.861122487  
8.803902801  
8.533108747  
7.172641848  
5.038139194  
2.544873838  
0.09898154499  
-1.993872895  
-3.576711694  
-4.637038114  
-5.259052946  
-5.554905284  
-5.602399089  
-5.411486058  
-4.92931018  
-4.078536794  
-2.811533942  
-1.157951126  
0.753457489  
2.707927678  
4.449086504  
5.740237792  
6.422778091  
6.453637694  
5.911270447  
4.970166441  
3.853461796  
2.77883127  
1.913159074  
1.346817562  
1.091128032  
1.095316046  
1.274426435  
1.538269986  
1.813442531  
2.054262444  
2.242530587  
2.378987563  
2.470557135  
2.517393543  
2.502850198  
2.388853821  
2.118521562  
1.627406254  
0.8633582468  
-0.1873045322  
-1.472919329  
-2.857475181  
-4.119251876  
-4.974809899  
-5.130157323  
-4.352303033  
-2.545431964  
0.1900932793  
3.537693865  
6.998030765  
9.97678797  
11.91113606  
12.40497388  
11.33617758  
8.902885414  
5.59032529  
2.061456049  
-1.002674653  
-3.07058466  
-3.889285856  
-3.537346459  
-2.386452771  
-0.9827288953  
0.1167614949  
0.5033683037  
0.02470379841  
-1.189991762  
-2.791753119  
-4.338431132  
-5.443336843  
-5.897627758  
-5.728049189  
-5.173962343  
-4.59471792  
-4.341100763  
-4.63539755  
-5.500033623  
-6.756747356  
-8.093309175  
-9.171642699  
-9.738002867  
-9.696838334  
-9.124567703  
-8.222101765  
-7.227241153  
-6.321967582  
-5.570201135  
-4.90868799  
-4.192472636  
-3.274743179  
-2.087146524  
-0.6861520183  
0.7557791056  
2.013517322  
2.903774577  
3.3731047  
3.541413824  
3.677705609  
4.109622167  
5.094536182  
6.697636628  
8.724420479  
10.73955267  
12.17561142  
12.50326721  
11.41033368  
8.929698327  
5.469158838  
1.726213531  
-1.491890268  
-3.490200993  
-3.881625462  
-2.69380065  
-0.3523007141  
2.455323853  
4.991489042  
6.688348391  
7.304818672  
6.971187952  
6.109318677  
5.258154952  
4.865870409  
5.120863288  
5.880025733  
6.71903017  
7.087146002  
6.512868455  
4.788685858  
2.069997712  
-1.147885597  
-4.169316644  
-6.309436865  
-7.107400066  
-6.47138033  
-4.707880826  
-2.426630365  
-0.3534715977  
0.8865367142  
0.9454363791  
-0.1667517748  
-2.117704494  
-4.386390867  
-6.443972642  
-7.917958349  
-8.684983879  
-8.865745126  
-8.73201691  
-8.567149435  
-8.536565911  
-8.618647921  
-8.621454492  
-8.27669471  
-7.371937186  
-5.866667242  
-3.94333598  
-1.969031309  
-0.3778556208  
0.4843736027  
0.4948342016  
-0.1854848775  
-1.152833509  
-1.894624191  
-1.971971825  
-1.186152154  
0.3332643879  
2.15549198  
3.687817645  
4.383392467  
3.947064688  
2.465885159  
0.4138961442  
-1.477623989  
-2.447014213  
-1.953726348  
0.1292000474  
3.448388939  
7.255702911  
10.62276019  
12.71782713  
13.05693382  
11.64839776  
8.984104447  
5.880551674  
3.221191631  
1.683136918  
1.535281363  
2.570497568  
4.190134847  
5.60970692  
6.116541658  
5.295812521  
3.154437807  
0.1079624834  
-3.159133943  
-5.909291638  
-7.571912339  
-7.898554558  
-7.009371147  
-5.324744527  
-3.413052786  
-1.809748058  
-0.8669529025  
-0.6772123124  
-1.086341368  
-1.77983668  
-2.405225744  
-2.686051579  
-2.492415976  
-1.85317608  
-0.9173448998  
0.1114211773  
1.038595039  
1.719217148  
2.067909696  
2.046440085  
1.645630636  
0.8778170903  
-0.213255863  
-1.531104314  
-2.909913045  
-4.120803961  
-4.911204542  
-5.072666871  
-4.516761592  
-3.329615247  
-1.777896195  
-0.2536747584  
0.8324494339  
1.179006355  
0.699162998  
-0.4358007259  
-1.836283126  
-3.010196432  
-3.519515481  
-3.12494592  
-1.867157268  
-0.05318227523  
1.850501679  
3.382438289  
4.249699576  
4.42968831  
4.169880762  
3.881692375  
3.964562418  
4.624998427  
5.761248938  
6.963996483  
7.642986919  
7.242563431  
5.472676071  
2.470034228  
-1.177450431  
-4.565736761  
-6.736810925  
-6.988107526  
-5.127065892  
-1.580667596  
2.686570395  
6.430849104  
8.489064746  
8.129432315  
5.281071386  
0.5673714335  
-4.870162502  
-9.703612629  
-12.80206058  
-13.54692531  
-11.9828299  
-8.762272175  
-4.909791156  
-1.488720837  
0.7181555976  
1.412455235  
0.8104064973  
-0.4973944272  
-1.795900492  
-2.510398333  
-2.392030626  
-1.563775535  
-0.4206222598  
0.5683133289  
1.073447303  
1.048983219  
0.751658967  
0.627613008  
1.112516695  
2.424280238  
4.431599033  
6.653978887  
8.399854573  
8.997174297  
8.034760268  
5.526445914  
1.936036701  
-1.949720572  
-5.258488814  
-7.298436056  
-7.760787728  
-6.789183789  
-4.894010997  
-2.745663831  
-0.9241375625  
0.2824501459  
0.9565582666  
1.479158505  
2.335441371  
3.873159569  
6.107648663  
8.652104032  
10.80685049  
11.78300803  
10.98511116  
8.252549856  
3.970341587  
-0.9971871985  
-5.535871145  
-8.603489694  
-9.539849803  
-8.263359316  
-5.289282168  
-1.563980623  
1.829821543  
3.999998055  
4.498972987  
3.42629262  
1.353846684  
-0.8928687048  
-2.518214191  
-3.008204309  
-2.270557274  
-0.6255730042  
1.336590248  
2.97231181  
3.794162847  
3.602585762  
2.502427234  
0.8121368824  
-1.087591859  
-2.900365526  
-4.498012822  
-5.913773809  
-7.256059685  
-8.587355726  
-9.827044767  
-10.72651023  
-10.93433322  
-10.13072838  
-8.179181555  
-5.232087507  
-1.74114812  
1.642383717  
4.250526426  
5.603654621  
5.564936545  
4.386039552  
2.623187069  
0.9489461253  
-0.07633134779  
-0.1932086963  
0.475638672  
1.481971093  
2.227296141  
2.194760753  
1.153994739  
-0.7361176784  
-2.965856335  
-4.842750944  
-5.73057338  
-5.273889528  
-3.526753998  
-0.9376104346  
1.806260746  
4.020521166  
5.265572223  
5.500810431  
5.093932148  
4.679287698  
4.913594886  
6.215326585  
8.581780576  
11.55218271  
14.33473553  
16.05788778  
16.06145091  
14.12756563  
10.57044814  
6.15138747  
1.84495494  
-1.466416374  
-3.267397801  
-3.562111158  
-2.853047401  
-1.954458355  
-1.703871318  
-2.669377849  
-4.95092153  
-8.141280401  
-11.45804313  
-14.00044653  
-15.04386703  
-14.27371103  
-11.8826235  
-8.502034207  
-4.994875768  
-2.181550293  
-0.591245945  
-0.319140155  
-1.032030372  
-2.113833134  
-2.896120388  
-2.892535155  
-1.958046132  
-0.322553208  
1.507121177  
2.937988286  
3.505631705  
3.038593589  
1.717870982  
0.01442393529  
-1.470673455  
-2.206889677  
-1.907514957  
-0.6188610756  
1.30137577  
3.305839214  
4.836247933  
5.499319306  
5.183630881  
4.082781005  
2.621826647  
1.314781137  
0.6010075079  
0.7120403357  
1.607581603  
2.995533255  
4.424345206  
5.415251206  
5.593031491  
4.778498238  
3.02090466  
0.5683821606  
-2.207621767  
-4.907127885  
-7.187564461  
-8.819921884  
-9.706359439  
-9.863030125  
-9.381059736  
-8.382112287  
-6.98285072  
-5.276643136  
-3.333671236  
-1.214503774  
1.011043541  
3.248304647  
5.371751725  
7.231514991  
8.671719475  
9.556844105  
9.800200477  
9.38762622  
8.38982469  
6.958365002  
5.303590555  
3.656899425  
2.224555958  
1.143876757  
0.4539199723  
0.09060894387  
-0.0896129246  
-0.2617726825  
-0.5725033003  
-1.086362856  
-1.756663282  
-2.433227764  
-2.908526124  
-2.990691975  
-2.581308786  
-1.731513852  
-0.6542457127  
0.3172326252  
0.8173151162  
0.5589954255  
-0.5659145245  
-2.430671075  
-4.683682793  
-6.827345096  
-8.346453292  
-8.850000561  
-8.18392125  
-6.479362342  
-4.119700595  
-1.634239842  
0.4505038188  
1.75742948  
2.159023922  
1.801065552  
1.043727045  
0.3398454193  
0.0896025541  
0.5175632001  
1.609949368  
3.129761019  
4.701887144  
5.937911918  
6.558424299  
6.472990469  
5.793406935  
4.779074181  
3.73629143  
2.908176543  
2.393917138  
2.124749145  
1.903523868  
1.492201322  
0.7148982612  
-0.4611042162  
-1.89606662  
-3.311732092  
-4.377846058  
-4.822305269  
-4.527485979  
-3.579736773  
-2.254479987  
-0.9407920007  
-0.02917257744  
0.2018939038  
-0.3349616473  
-1.515105747  
-3.043967054  
-4.546706595  
-5.675709823  
-6.202034811  
-6.063934559  
-5.361051952  
-4.301116715  
-3.120887788  
-2.009729618  
-1.060872238  
-0.2637367473  
0.4647071455  
1.225302391  
2.081614127  
3.025702106  
3.976714805  
4.811011708  
5.410316041  
5.707709152  
5.712689481  
5.505059219  
5.200048447  
4.898762631  
4.644413689  
4.403180046  
4.079419082  
3.561555065  
2.782181715  
1.768701653  
0.6622639272  
-0.3073139907  
-0.8873556083  
-0.8899488785  
-0.2722286553  
0.8204625477  
2.068523791  
3.051480795  
3.363227614  
2.736024888  
1.134460959  
-1.212642887  
-3.856798539  
-6.242048849  
-7.854233006  
-8.363865147  
-7.719430601  
-6.161801785  
-4.154015305  
-2.246536628  
-0.9182435982  
-0.4411483994  
-0.8096704113  
-1.755186209  
-2.839914977  
-3.599420223  
-3.688115074  
-2.981967165  
-1.607161954  
0.1119493851  
1.765845421  
2.99437555  
3.597245274  
3.583956969  
3.148298334  
2.578831478  
2.139316456  
1.963448117  
2.003169015  
2.050612614  
1.826939904  
1.106323942  
-0.1709986239  
-1.840917869  
-3.539227847  
-4.80507001  
-5.232903634  
-4.622168134  
-3.070911342  
-0.9754605257  
1.071698397  
2.459070872  
2.754115126  
1.857148273  
0.05708197801  
-2.035602896  
-3.664033625  
-4.15737752  
-3.148484372  
-0.7063419427  
2.662370218  
6.147929385  
8.870311842  
10.13954368  
9.662857487  
7.633047366  
4.669174869  
1.627063863  
-0.6616504889  
-1.640350052  
-1.189807519  
0.3480112363  
2.29059518  
3.839943186  
4.339284514  
3.479661882  
1.391923331  
-1.40242502  
-4.162356919  
-6.162571879  
-6.91590885  
-6.312379463  
-4.633447011  
-2.442049607  
-0.3893599925  
0.9950734387  
1.460410437  
1.089772663  
0.2407336397  
-0.6028586662  
-1.012734783  
-0.7676835784  
0.0762918169  
1.21787431  
2.228800647  
2.713375649  
2.450867137  
1.470439054  
0.03379882542  
-1.465594826  
-2.648069314  
-3.283951434  
-3.370647364  
-3.12294396  
-2.880844752  
-2.969474268  
-3.563251981  
-4.605290365  
-5.813316489  
-6.772222477  
-7.081765247  
-6.507168076  
-5.07797062  
-3.097391377  
-1.055157603  
0.5295114163  
1.282881909  
1.11003605  
0.2394807561  
-0.8391747844  
-1.527163112  
-1.310621899  
0.0656017182  
2.501128405  
5.552752451  
8.55435418  
10.80761196  
11.78485376  
11.28191104  
9.475043439  
6.866215687  
4.135378194  
1.946021294  
0.7625970967  
0.7324545855  
1.663218616  
3.096675175  
4.452006001  
5.192910703  
4.969913396  
3.70056834  
1.571552882  
-1.029509717  
-3.625921548  
-5.772267115  
-7.15084897  
-7.623607279  
-7.234694874  
-6.173050213  
-4.712721027  
-3.149895583  
-1.750682726  
-0.7160764005  
-0.1634910163  
-0.1206327051  
-0.5276129353  
-1.24604287  
-2.076789142  
-2.788949791  
-3.160181913  
-3.023675027  
-2.311719546  
-1.082982588  
0.4778778289  
2.093197483  
3.453217227  
4.290609526  
4.448199196  
3.919658658  
2.849833541  
1.49325887  
0.1424186977  
-0.9528779278  
-1.650513646  
-1.945818889  
-1.957721406  
-1.877018684  
-1.8946452  
-2.133871563  
-2.60843723  
-3.219346176  
-3.789861627  
-4.125503705  
-4.078150503  
-3.592946046  
-2.723576198  
-1.61295291  
-0.4481293699  
0.5937246372  
1.389909908  
1.894097596  
2.131731194  
2.175221677  
2.111969052  
2.01924239  
1.955010877  
1.965213622  
2.099347629  
2.421428855  
3.004627626  
3.905000419  
5.120157677  
6.548238608  
7.966983047  
9.049509893  
9.422826666  
8.760158055  
6.884050739  
3.8490558  
-0.02568702437  
-4.191841607  
-7.974179486  
-10.71807858  
-11.94491659  
-11.47286869  
-9.468009712  
-6.409095494  
-2.973387226  
0.1265139961  
2.310820547  
3.260531382  
2.9721296  
1.727575221  
-0.007323179158  
-1.723170393  
-3.003601471  
-3.619833277  
-3.559989219  
-2.99162507  
-2.176582918  
-1.370702791  
-0.7429166923  
-0.3388497294  
-0.09672409202  
0.09566523078  
0.3283958203  
0.6115480931  
0.8560875235  
0.9026893623  
0.5894827756  
-0.1656204284  
-1.299320055  
-2.58140919  
-3.650960579  
-4.104696407  
-3.613779315  
-2.033929733  
0.5265084718  
3.704991089  
6.954871239  
9.670864243  
11.33637581  
11.65172285  
10.60704544  
8.479218155  
5.753880581  
2.995149207  
0.7002408132  
-0.8201143386  
-1.503007605  
-1.521726534  
-1.20812889  
-0.9349490083  
-0.9947840352  
-1.511974985  
-2.412321281  
-3.457169416  
-4.328629526  
-4.737607363  
-4.520312801  
-3.693577642  
-2.452856336  
-1.114917144  
-0.02409861529  
0.5483103889  
0.4807793844  
-0.1682286081  
-1.184209779  
-2.265666625  
-3.115779963  
-3.528140684  
-3.440894121  
-2.944320744  
-2.241718662  
-1.577734847  
-1.157641608  
-1.082712036  
-1.320795729  
-1.719494598  
-2.056049966  
-2.107244008  
-1.717596593  
-0.8459593301  
0.4216349296  
1.894301681  
3.325011366  
4.470315339  
5.144472662  
5.255094008  
4.8144078  
3.927728072  
2.766140849  
1.532494752  
0.4284314144  
-0.3731822835  
-0.7495322699  
-0.6437662304  
-0.07606479299  
0.8517355617  
1.961788439  
3.02042535  
3.774746255  
4.002352655  
3.564716676  
2.450044381  
0.7907788413  
-1.154323573  
-3.054113419  
-4.58385946  
-5.508033594  
-5.742056239  
-5.371970109  
-4.622795804  
-3.782646547  
-3.105252059  
-2.722855413  
-2.600369984  
-2.549732308  
-2.303555328  
-1.625946509  
-0.4229874094  
1.188042991  
2.88081124  
4.201003601  
4.706567442  
4.124391308  
2.470530438  
0.08838657997  
-2.417040169  
-4.337439826  
-5.068474267  
-4.302468313  
-2.142828883  
0.9023379827  
4.053201002  
6.482561284  
7.564666463  
7.070180456  
5.242809301  
2.728733154  
0.3766423192  
-1.031211799  
-1.032213635  
0.3612330067  
2.656496396  
5.030358401  
6.587788161  
6.647725815  
4.963724235  
1.807486436  
-2.112306776  
-5.869542879  
-8.606482521  
-9.791649202  
-9.365069291  
-7.724080588  
-5.55703452  
-3.584122921  
-2.29652096  
-1.785910448  
-1.725503746  
-1.510960915  
-0.5132584827  
1.645404518  
4.892315593  
8.657702016  
12.00641169  
13.91238484  
13.58991722  
10.77291569  
5.846721236  
-0.2172493124  
-6.110461957  
-10.54622679  
-12.61839429  
-12.04845992  
-9.24499827  
-5.159188872  
-0.9850680345  
2.198538123  
3.731151423  
3.526482038  
2.039032752  
0.06230916003  
-1.566544227  
-2.253345684  
-1.829896608  
-0.5776245681  
0.9075503127  
1.954366295  
2.071099076  
1.125907622  
-0.6084127652  
-2.556786634  
-4.050920029  
-4.568297662  
-3.915999042  
-2.295852855  
-0.2308601903  
1.617838562  
2.676604022  
2.647547172  
1.59497121  
-0.09650211201  
-1.872378942  
-3.209633539  
-3.795008788  
-3.617103877  
-2.942268255  
-2.187606635  
-1.741824094  
-1.802762304  
-2.293087867  
-2.885693992  
-3.129286783  
-2.62731929  
-1.203660823  
1.006954151  
3.578393907  
5.917386913  
7.449736506  
7.803516812  
6.925761921  
5.093281068  
2.81619525  
0.6704894267  
-0.8800678966  
-1.610729868  
-1.570022416  
-1.015514741  
-0.2816356317  
0.3658222966  
0.8307602904  
1.204751177  
1.696966126  
2.506643834  
3.692451538  
5.095827107  
6.355667698  
7.016645491  
6.695911159  
5.247262525  
2.858183015  
0.03577353805  
-2.524165899  
-4.148002093  
-4.406689985  
-3.272706052  
-1.152856019  
1.221816552  
3.019600668  
3.57574386  
2.616998272  
0.3671639946  
-2.505176402  
-5.08464916  
-6.492718996  
-6.167911528  
-4.05336122  
-0.6311557489  
3.208665008  
6.424443975  
8.125443397  
7.827804021  
5.587083837  
1.970062728  
-2.121198491  
-5.715408864  
-8.045399633  
-8.747288932  
-7.93040071  
-6.104762715  
-3.996685752  
-2.314654343  
-1.538617863  
-1.793724877  
-2.83999752  
-4.172692453  
-5.195809639  
-5.412744041  
-4.577621379  
-2.766724174  
-0.3554055009  
2.086757822  
3.948834546  
4.736191726  
4.192600146  
2.359251895  
-0.4389301165  
-3.671520397  
-6.723467284  
-9.029443605  
-10.19185466  
-10.05780714  
-8.739671747  
-6.575600663  
-4.038953843  
-1.616958618  
0.312895554  
1.577629074  
2.24817124  
2.608977447  
3.061300002  
3.983044855  
5.583786041  
7.799680453  
10.26625733  
12.38744347  
13.49111571  
13.03291746  
10.79017347  
6.984042248  
2.283622006  
-2.322419563  
-5.761638399  
-7.160814444  
-6.096710164  
-2.739116483  
2.161770147  
7.447911137  
11.84303304  
14.28054641  
14.17793478  
11.5800877  
7.131979893  
1.891030848  
-2.963922055  
-6.441258455  
-7.974818559  
-7.528270873  
-5.545142372  
-2.77144999  
-0.01459156455  
2.083196762  
3.189528146  
3.309317674  
2.700882829  
1.722982466  
0.6746894789  
-0.3128792983  
-1.297368056  
-2.457416238  
-3.968586371  
-5.875403671  
-8.012455053  
-10.00860671  
-11.37739095  
-11.66474818  
-10.60381432  
-8.222729539  
-4.866574409  
-1.122839296  
2.32829695  
4.893285448  
6.219394819  
6.277815885  
5.352795814  
3.943247394  
2.609213327  
1.810101902  
1.781020899  
2.479198954  
3.610017224  
4.719194135  
5.32112871  
5.027341992  
3.643505485  
1.215727191  
-1.978462097  
-5.486193077  
-8.766304408  
-11.28882964  
-12.6299729  
-12.54891214  
-11.03609242  
-8.325404509  
-4.865711722  
-1.251810652  
1.878176355  
3.963517086  
4.636549814  
3.80664679  
1.688965937  
-1.234557356  
-4.317882473  
-6.895226238  
-8.431724671  
-8.641080501  
-7.538703129  
-5.416676123  
-2.749669066  
-0.06107670503  
2.210230454  
3.80424304  
4.671341525  
4.939015416  
4.833191715  
4.587151952  
4.371903132  
4.270013413  
4.295340404  
4.441407946  
4.729457718  
5.228182296  
6.030735352  
7.195380547  
8.675644218  
10.27540555  
11.65911813  
12.42793735  
12.24555199  
10.97327101  
8.762663901  
6.061741171  
3.516849953  
1.788822189  
1.336295001  
2.237997919  
4.120884971  
6.231439018  
7.641754155  
7.534736259  
5.480650314  
1.612557194  
-3.365243331  
-8.350899188  
-12.15669247  
-13.86652075  
-13.12683782  
-10.274811  
-6.256016748  
-2.35024681  
0.2134086525  
0.6328800692  
-1.218732887  
-4.754134618  
-8.857076328  
-12.23510185  
-13.82852253  
-13.14520511  
-10.41387299  
-6.506601555  
-2.655457038  
-0.05468316546  
0.523363042  
-1.024981384  
-4.103952832  
-7.612480607  
-10.29951286  
-11.16542425  
-9.780531945  
-6.419459034  
-1.97005079  
2.352004069  
5.390255771  
6.412609774  
5.339645468  
2.766164215  
-0.2279530317  
-2.41584042  
-2.804192632  
-0.9393408197  
2.952125563  
8.026224259  
13.06358106  
16.81379304  
18.33863354  
17.25602178  
13.82100329  
8.830684201  
3.391220657  
-1.379187808  
-4.625551836  
-5.938040324  
-5.402004117  
-3.517914453  
-1.028059498  
1.292835554  
2.824566182  
3.222497103  
2.453909726  
0.7563468912  
-1.456677514  
-3.70948867  
-5.56770238  
-6.71209261  
-6.976532251  
-6.354117283  
-4.980643857  
-3.104475639  
-1.048270388  
0.8356313458  
2.215857583  
2.836522408  
2.569254781  
1.452076044  
-0.2972794237  
-2.303418823  
-4.093422258  
-5.187698154  
-5.20438996  
-3.953528439  
-1.496594481  
1.846739707  
5.551106778  
8.989007195  
11.56371077  
12.84089134  
12.64691433  
11.10824977  
8.620046715  
5.749117173  
3.093569791  
1.133422502  
0.1106466003  
-0.02875955082  
0.3872604672  
0.8561218796  
0.8531674841  
-0.002858346399  
-1.818221799  
-4.366964498  
-7.130150667  
-9.427333802  
-10.60858175  
-10.25490027  
-8.328065701  
-5.220975626  
-1.685272993  
1.352312051  
3.039431912  
2.844905582  
0.7303449459  
-2.808332606  
-6.849235398  
-10.27907793  
-12.09196082  
-11.66860587  
-8.954952434  
-4.48625691  
0.752786782  
5.593030345  
8.994562399  
10.31791026  
9.474539848  
6.915442584  
3.466352929  
0.06481924691  
-2.51664309  
-3.875169304  
-4.049375377  
-3.442482237  
-2.629902577  
-2.121667564  
-2.163396541  
-2.64449999  
-3.144325065  
-3.098783243  
-2.028066147  
0.2555282929  
3.534482865  
7.210704635  
10.46420884  
12.49631996  
12.77832482  
11.22347878  
8.224546316  
4.542781594  
1.082694836  
-1.376023194  
-2.404457572  
-2.037671374  
-0.7415642863  
0.7528369142  
1.691989474  
1.540620701  
0.1450099076  
-2.229707943  
-4.994887427  
-7.430718262  
-8.910910954  
-9.088106427  
-7.984683552  
-5.966669448  
-3.616517849  
-1.550969163  
-0.2436374398  
0.09466541332  
-0.4521500088  
-1.56094723  
-2.784924342  
-3.686764363  
-3.947581712  
-3.424180875  
-2.148599174  
-0.2839507439  
1.937736486  
4.269976573  
6.482838972  
8.369474985  
9.739887497  
10.41894975  
10.26177099  
9.188475655  
7.227516377  
4.547882941  
1.460376012  
-1.622913195  
-4.266571755  
-6.107586631  
-6.939861094  
-6.75959336  
-5.755251774  
-4.244210592  
-2.576647429  
-1.03881599  
0.2120023032  
1.160359777  
1.892221778  
2.520191408  
3.106254206  
3.614735448  
3.916181605  
3.84240573  
3.27160672  
2.208586117  
0.824362665  
-0.5670807846  
-1.594021489  
-1.948734343  
-1.503616802  
-0.3776110598  
1.076712759  
2.368512468  
3.019955785  
2.724865628  
1.460112707  
-0.4918010848  
-2.621931615  
-4.354128676  
-5.233591979  
-5.081384931  
-4.060322807  
-2.625800574  
-1.373718783  
-0.8337235023  
-1.276941761  
-2.605432634  
-4.365487152  
-5.886307342  
-6.502882714  
-5.791291366  
-3.737191868  
-0.7770691795  
2.308417368  
4.621462749  
5.426286857  
4.392358856  
1.722032617  
-1.882672035  
-5.409378372  
-7.826361473  
-8.387518335  
-6.857440065  
-3.586220446  
0.5904603629  
4.596563114  
7.431757062  
8.462034155  
7.596702105  
5.299110184  
2.429994213  
-0.02608569834  
-1.265592372  
-0.9081891956  
0.8967782682  
3.529294605  
6.10146059  
7.738438579  
7.849382327  
6.305316382  
3.471616394  
0.08883035829  
-2.957671517  
-4.905698441  
-5.338982375  
-4.298171692  
-2.249924015  
0.07164822877  
1.898288556  
2.661901324  
2.158354554  
0.5935921343  
-1.497448766  
-3.429408182  
-4.58429931  
-4.600650343  
-3.477550199  
-1.565267255  
0.5504178669  
2.231289289  
2.979753308  
2.584020816  
1.174459491  
-0.8216368736  
-2.80910095  
-4.196513478  
-4.559067991  
-3.746982422  
-1.912220728  
0.5486117767  
3.113490097  
5.278766399  
6.686114528  
7.199351285  
6.914597496  
6.107003269  
5.13424961  
4.326692408  
3.894657357  
3.87583262  
4.132994653  
4.398545876  
4.351138503  
3.703509968  
2.280151936  
0.0678442014  
-2.770572825  
-5.92045778  
-8.971441104  
-11.49355043  
-13.11847205  
-13.61049125  
-12.91345365  
-11.16417792  
-8.668617378  
-5.844192772  
-3.138801362  
-0.9426663273  
0.4881193981  
1.079075358  
0.9444166686  
0.3515745237  
-0.3485992615  
-0.8088378442  
-0.7680384036  
-0.1089322134  
1.122699433  
2.740166362  
4.470893565  
6.027265896  
7.173029678  
7.768017094  
7.782009899  
7.278932771  
6.381468506  
5.230942354  
3.956238146  
2.659642723  
1.419138856  
0.2994826055  
-0.6389019424  
-1.342014074  
-1.777613606  
-1.957779439  
-1.956466227  
-1.908659473  
-1.983023686  
-2.330074081  
-3.019499933  
-3.988561013  
-5.024508009  
-5.796188265  
-5.934878464  
-5.14663358  
-3.324072126  
-0.6203322282  
2.545100862  
5.560801653  
7.76568552  
8.623613748  
7.880820551  
5.657296931  
2.439432419  
-1.030985035  
-3.945280636  
-5.642905858  
-5.791658584  
-4.479727682  
-2.190776569  
0.3328132953  
2.300306866  
3.09622732  
2.45283457  
0.5222219996  
-2.171313733  
-4.882671447  
-6.855244838  
-7.526653684  
-6.672686583  
-4.451654272  
-1.342191851  
2.001066007  
4.927141845  
6.949977852  
7.847253206  
7.675057816  
6.703854823  
5.304382943  
3.824397107  
2.495506725  
1.395387921  
0.4699957395  
-0.399817914  
-1.316040927  
-2.296841615  
-3.248644845  
-3.984970971  
-4.283596532  
-3.961210636  
-2.940228268  
-1.286464925  
0.7931895829  
2.991037286  
4.963796348  
6.403958014  
7.098903719  
6.964974944  
6.051986492  
4.521551098  
2.607957543  
0.5721279013  
-1.341974006  
-2.94200595  
-4.109474365  
-4.808213435  
-5.079012622  
-5.021219207  
-4.763441685  
-4.427643608  
-4.093523957  
-3.772002996  
-3.396619641  
-2.838632975  
-1.945853635  
-0.5978805435  
1.236086928  
3.454069079  
5.808354521  
7.931654991  
9.400939687  
9.826489725  
8.945429616  
6.696071194  
3.253067581  
-0.9874082817  
-5.470889156  
-9.582925917  
-12.76103528  
-14.59636221  
-14.90456077  
-13.75311962  
-11.44200104  
-8.443447852  
-5.313417552  
-2.590577344  
-0.6995086101  
0.12644103  
-0.1102472121  
-1.16839673  
-2.610963853  
-3.890381102  
-4.464586976  
-3.923032286  
-2.095540455  
0.8843209547  
4.583339384  
8.348250216  
11.44960151  
13.25905944  
13.41567715  
11.93406857  
9.21895043  
5.974061888  
3.023563258  
1.091419598  
0.6003363887  
1.549992829  
3.513940045  
5.76044454  
7.464940184  
7.95236031  
6.896430478  
4.414568352  
1.028541021  
-2.49707359  
-5.387454689  
-7.086919928  
-7.411604133  
-6.57705809  
-5.093828466  
-3.568419057  
-2.479209876  
-2.005776985  
-1.972234276  
-1.926018486  
-1.326290543  
0.2233612969  
2.780902916  
5.982956289  
9.109408357  
11.28218198  
11.73807676  
10.08783425  
6.474611589  
1.575271342  
-3.562399672  
-7.800486476  
-10.22507376  
-10.39756881  
-8.466741411  
-5.109124883  
-1.319586629  
1.879956556  
3.722345301  
3.882807433  
2.521397201  
0.1779084106  
-2.435826059  
-4.671433999  
-6.128828115  
-6.734848585  
-6.700365009  
-6.383442717  
-6.116874288  
-6.066574736  
-6.171497505  
-6.182427935  
-5.77916835  
-4.717096134  
-2.944871544  
-0.6480798965  
1.79709191  
3.941422647  
5.406142266  
5.998191308  
5.754943934  
4.903956402  
3.75627297  
2.577417541  
1.488601778  
0.4386027524  
-0.7411975752  
-2.219615445  
-4.033441992  
-5.996093921  
-7.690525475  
-8.56008123  
-8.074681797  
-5.919747232  
-2.143117587  
2.794482709  
8.090062587  
12.77530805  
15.9498904  
17.00205635  
15.75133797  
12.47328669  
7.804159424  
2.560794695  
-2.464626731  
-6.671921705  
-9.737208059  
-11.60098926  
-12.38116862  
-12.25615743  
-11.36908439  
-9.790166103  
-7.546753174  
-4.700312514  
-1.428430145  
1.93384926  
4.923831976  
7.054081972  
7.959161254  
7.535234462  
6.018013357  
3.961320403  
2.110725998  
1.202942891  
1.749521131  
3.872461914  
7.245990976  
11.16680444  
14.73498808  
17.0929058  
17.65113414  
16.23506564  
13.11145942  
8.892098001  
