2.642422915  
2.962537767  
1.728307057  
-0.4388253809  
-2.643170185  
-4.014858916  
-3.992903871  
-2.500724693  
0.03957718878  
2.854372424  
5.075097066  
6.018344952  
5.398808654  
3.409459397  
0.6488252429  
-2.074512689  
-3.992005917  
-4.597784374  
-3.775686014  
-1.797962884  
0.7929682972  
3.371123186  
5.415091249  
6.636617862  
7.014801336  
6.737040827  
6.080564197  
5.28600418  
4.472135501  
3.62034565  
2.627772635  
1.400559732  
-0.05607667877  
-1.591540594  
-2.929151157  
-3.746072769  
-3.784353223  
-2.95079571  
-1.367005229  
0.6505968211  
2.674974826  
4.287448048  
5.189649875  
5.270157021  
4.605299762  
3.3987227  
1.887158313  
0.2516363588  
-1.430282858  
-3.173324339  
-5.021192274  
-6.960299287  
-8.850653915  
-10.40920506  
-11.26157359  
-11.05134205  
-9.571696476  
-6.871831168  
-3.295283484  
0.5718125399  
4.034210731  
6.465493106  
7.47576942  
7.015237992  
5.379053368  
3.110552548  
0.8332413799  
-0.9344244831  
-1.921675764  
-2.160002043  
-1.933893612  
-1.64704268  
-1.651910671  
-2.102967003  
-2.885842899  
-3.648715458  
-3.927164983  
-3.321177627  
-1.663932722  
0.8771021457  
3.805573437  
6.412999065  
7.975579592  
7.972935512  
6.261720238  
3.148994043  
-0.6606939902  
-4.233462782  
-6.644347121  
-7.219935899  
-5.71828554  
-2.39692528  
2.04871794  
6.658304127  
10.44325856  
12.62379029  
12.8052278  
11.0512331  
7.840512519  
3.924455881  
0.1278859442  
-2.853064268  
-4.604540489  
-5.064616346  
-4.497429085  
-3.385554063  
-2.274478222  
-1.613137102  
-1.632920236  
-2.295129388  
-3.317597163  
-4.26993868  
-4.709310294  
-4.318593748  
-3.009088425  
-0.9595707564  
1.419341923  
3.586771811  
5.012742209  
5.321591184  
4.399090599  
2.433515437  
-0.1221573408  
-2.659077052  
-4.565417336  
-5.384041713  
-4.93344693  
-3.359430006  
-1.102660206  
1.210525558  
2.926440603  
3.530587692  
2.779223078  
0.7620250414  
-2.119715761  
-5.252633387  
-7.961595806  
-9.671099402  
-10.03649174  
-9.012957903  
-6.847945165  
-4.003265408  
-1.031247224  
1.560188998  
3.418083974  
4.404157897  
4.592906363  
4.214649617  
3.564662071  
2.907000623  
2.400907607  
2.069080457  
1.813882023  
1.473343027  
0.8977722443  
0.0226024888  
-1.085240893  
-2.222158909  
-3.08703919  
-3.355592844  
-2.770910723  
-1.226452463  
1.181212881  
4.145827243  
7.196068332  
9.784085249  
11.39960605  
11.68420328  
10.51883578  
8.062777007  
4.732270746  
1.120892414  
-2.122523995  
-4.431770011  
-5.445486441  
-5.084738686  
-3.566768257  
-1.350636781  
0.9729611774  
2.821536801  
3.756331817  
3.580414979  
2.375529806  
0.4694550331  
-1.65656219  
-3.495444292  
-4.643455616  
-4.897705225  
-4.297810268  
-3.102932695  
-1.712610981  
-0.5542521843  
0.0320129052  
-0.1188229874  
-0.9574468367  
-2.237305103  
-3.580684463  
-4.574695414  
-4.872064196  
-4.272562287  
-2.767802959  
-0.5423655812  
2.065181302  
4.62965347  
6.719216976  
7.972058412  
8.157164811  
7.211126487  
5.247602877  
2.539787313  
-0.5210840144  
-3.485972588  
-5.91961739  
-7.473752347  
-7.950195706  
-7.341467345  
-5.838388591  
-3.799189869  
-1.682376381  
0.0455473657  
1.008754494  
1.004723703  
0.05032464217  
-1.621401185  
-3.614537107  
-5.461448412  
-6.729334014  
-7.115486176  
-6.50775297  
-4.996596622  
-2.838830738  
-0.3863828947  
1.997829548  
4.013147518  
5.465554934  
6.276228892  
6.459592459  
6.085579476  
5.244122096  
4.026075747  
2.525725438  
0.8591734892  
-0.8153088889  
-2.291213856  
-3.333381983  
-3.72428783  
-3.325938155  
-2.137146112  
-0.323586108  
1.795849332  
3.809992568  
5.311295961  
6.001263626  
5.774193154  
4.752280376  
3.25864215  
1.733305832  
0.6150754895  
0.2232136651  
0.67341598  
1.852174155  
3.455693703  
5.079720841  
6.3316608  
6.930851837  
6.76848602  
5.913281452  
4.567239121  
2.991482438  
1.429883332  
0.0556886334  
-1.044931842  
-1.854056856  
-2.383264284  
-2.637099091  
-2.598194282  
-2.242518366  
-1.578452865  
-0.6908368931  
0.2339351384  
0.9208055121  
1.062302375  
0.406111115  
-1.152772225  
-3.508030424  
-6.333208021  
-9.138765322  
-11.38415542  
-12.61452765  
-12.58123829  
-11.3084734  
-9.083952985  
-6.375676889  
-3.700253833  
-1.484053893  
0.0397254362  
0.867447457  
1.186979595  
1.282349913  
1.416996338  
-5.336650224  
-8.184636826  
-10.18031476  
-11.49448897  
-12.42959045  
-13.26309708  
-14.10979871  
-14.85708236  
-15.20029168  
-14.76777744  
-13.2908933  
-10.75535171  
-7.474012201  
-4.046520221  
-1.209853185  
0.3773774594  
0.3485861278  
-1.230657553  
-3.846768494  
-6.659005364  
-8.726188938  
-9.273915416  
-7.922723661  
-4.80822856  
-0.5563516113  
3.879898953  
7.474627948  
9.400796577  
9.24263945  
7.091477879  
3.503358118  
-0.6626654321  
-4.47404259  
-7.154855286  
-8.254363382  
-7.714437606  
-5.828622368  
-3.116876941  
-0.1612824001  
2.546442159  
4.704776296  
6.229768703  
7.214438375  
7.844524307  
8.304584281  
8.706240517  
9.058480932  
9.283147027  
9.263325034  
8.902793085  
8.173620538  
7.135674588  
5.923126486  
4.704902828  
3.634390552  
2.806122435  
2.233599694  
1.854280917  
1.558334927  
1.230017079  
0.7870497609  
0.2048185961  
-0.4818605104  
-1.198650135  
-1.864750699  
-2.425969972  
-2.874429892  
-3.246170262  
-3.595879481  
-3.956961732  
-4.302099336  
-4.521784037  
-4.434617636  
-3.833880456  
-2.562348843  
-0.5951829175  
1.896641577  
4.529361209  
6.753143768  
7.962407674  
7.649253066  
5.562038248  
1.82290368  
-3.03706424  
-8.147923023  
-12.47106501  
-15.03446889  
-15.17504053  
-12.7223393  
-8.06895218  
-2.101092968  
3.998964704  
9.030055729  
12.0559234  
12.61902057  
10.82666452  
7.288534734  
2.927697644  
-1.276147985  
-4.534421981  
-6.417702995  
-6.901601739  
-6.289066498  
-5.047751281  
-3.626619068  
-2.31842995  
-1.213447748  
-0.2525270581  
0.6518830541  
1.485607998  
2.056904104  
2.017799601  
0.9867408873  
-1.266451591  
-4.643487679  
-8.625147414  
-12.3177519  
-14.64756907  
-14.65862841  
-11.8265172  
-6.284671289  
1.121880651  
8.991211421  
15.69846891  
19.82002337  
20.52430889  
17.80974778  
12.51260956  
6.076379979  
0.1475180214  
-3.883144398  
-5.256683782  
-4.028705281  
-1.007399654  
2.527826994  
5.234975476  
6.116287994  
4.799194424  
1.611352547  
-2.562116284  
-6.581941192  
-9.413526948  
-10.42488576  
-9.534334495  
-7.17360603  
-4.095109212  
-1.101548673  
1.204141496  
2.565778664  
3.07821177  
3.063633663  
2.880351376  
2.745477688  
2.642609009  
2.348785875  
1.566288225  
0.1025732691  
-1.978329484  
-4.300037398  
-6.245192016  
-7.137263465  
-6.472865612  
-4.122546413  
-0.4253144729  
3.863474754  
7.761699558  
10.33119589  
10.94491428  
9.466150583  
6.284205813  
2.197738105  
-1.814150986  
-4.8589557  
-6.353506023  
-6.139267401  
-4.466047006  
-1.864314154  
1.039592945  
3.698466988  
5.754411495  
7.059573741  
7.619263119  
7.497885486  
6.738256066  
5.333794063  
3.265814466  
0.5863441909  
-2.496567575  
-5.579420053  
-8.102762987  
-9.472229547  
-9.229641511  
-7.218233718  
-3.681246261  
0.749285895  
5.182052571  
8.682905551  
10.51587329  
10.33547765  
8.270600919  
4.873897619  
0.9533525532  
-2.660192185  
-5.336591929  
-6.793096976  
-7.123473983  
-6.708523389  
-6.045614754  
-5.559312091  
-5.457944398  
-5.681745439  
-5.954451131  
-5.914100168  
-5.272579264  
-3.945704677  
-2.108187113  
-0.1553723332  
1.41381232  
2.152113634  
1.805522051  
0.3958049758  
-1.780166313  
-4.230719598  
-6.40100947  
-7.813947795  
-8.179205724  
-7.44288229  
-5.771247698  
-3.482373289  
-0.9527135251  
1.471549243  
3.53565544  
5.100123941  
6.130945938  
6.668892884  
6.793291642  
6.592187649  
6.144179442  
5.510932481  
4.736115306  
3.846967385  
2.857566368  
1.775653506  
0.6153407886  
-0.5847231159  
-1.742856298  
-2.724810134  
-3.353114999  
-3.440688205  
-2.84515322  
-1.529828914  
0.3900380522  
2.637661596  
4.815217557  
6.492352456  
7.322604379  
7.153782374  
6.094616841  
4.509186812  
2.931274551  
1.916788107  
1.875218979  
2.932248071  
4.870225433  
7.171551382  
9.15825982  
10.1892142  
9.855271267  
8.110131736  
5.29241161  
2.027836975  
-0.9610658285  
-3.079290788  
-4.046090655  
-3.982395774  
-3.367556466  
-2.87564217  
-3.141074982  
-4.527966067  
-6.978828037  
-9.995405599  
-12.76392201  
-14.3917723  
-14.18648873  
-11.89242423  
-7.810781917  
-2.761748752  
2.106644728  
5.613127711  
6.860567569  
5.487756829  
1.784757677  
-3.361662545  
-8.679576574  
-12.82537039  
-14.71752721  
-13.80487752  
-10.20196071  
-4.65947966  
1.619892909  
7.271890796  
11.09425906  
12.32493504  
10.80990704  
7.024460687  
1.947459309  
-3.177168404  
-7.13257044  
-9.005251039  
-8.382128806  
-5.425611485  
-0.8137127891  
4.435776642  
9.211398867  
12.56356078  
13.90831919  
13.13292414  
10.58239845  
6.936974814  
3.017606337  
-0.4261917748  
-2.889545049  
-4.203007755  
-4.522203801  
-4.226974327  
-3.766146479  
-3.498246068  
-3.577268186  
-3.916586967  
-4.238340218  
-4.188247505  
-3.475597237  
-1.991102747  
0.1361130311  
2.560329753  
4.811516304  
6.426904158  
7.078691702  
6.65739496  
5.286505894  
3.26790705  
0.9806742581  
-1.229542274  
-3.132331089  
-4.639634493  
-5.773695254  
-6.593578404  
-7.113397646  
-7.24813245  
-6.812210418  
-5.575751433  
-3.360845386  
-0.1437323667  
3.87572165  
8.266443881  
12.42969528  
15.71911606  
17.58360475  
17.69139176  
15.99969217  
12.75200248  
8.408114378  
3.532308769  
-1.324058313  
-5.711527464  
-9.322638677  
-11.98251028  
-13.60737217  
-14.15852921  
-13.61745239  
-11.99537883  
-9.372745951  
-5.947770226  
-2.065572839  
1.796506532  
5.096904041  
7.339952112  
8.198422421  
7.609514052  
5.809320737  
3.287710143  
0.6700247258  
-1.44395428  
-2.638088643  
-2.78810587  
-2.087028046  
-0.9794164896  
-0.02370956518  
0.2764157648  
-0.3782202819  
-1.994807238  
-4.287008017  
-6.756797338  
-8.832618955  
-10.02164199  
-10.0322346  
-8.834503925  
-6.64721734  
-3.861887869  
-0.93193766  
1.737967176  
3.871662846  
5.352689138  
6.206435561  
6.547743052  
6.516937999  
6.227229246  
5.738839454  
5.063577229  
4.192287199  
3.130333249  
1.925163748  
0.6746114968  
-0.4871929578  
-1.420911551  
-2.018649966  
-2.2332289  
-2.090013864  
-1.677405337  
-1.119145772  
-0.5373762386  
-0.01807196438  
0.4103434629  
0.7784389456  
1.156376933  
1.618883652  
2.204580335  
2.881972534  
3.533567896  
3.965731918  
3.945676751  
3.259597311  
1.779194231  
-0.4805425784  
-3.32982996  
-6.411995655  
-9.255092576  
-11.36006217  
-12.30707092  
-11.85414348  
-10.00118914  
-6.999350917  
-3.299179106  
0.5518793691  
4.036677134  
6.785364349  
8.648405737  
9.703584766  
10.19453721  
10.41977871  
10.60795838  
10.82099599  
10.91932771  
10.6043015  
9.527406876  
7.43267159  
4.285173636  
0.3401744708  
-3.87571653  
-7.672688745  
-10.36734967  
-11.46460786  
-10.79642848  
-8.573539708  
-5.332310363  
-1.791380925  
1.339090397  
3.537941837  
4.589285435  
4.601672601  
3.928733432  
3.021471029  
2.263564437  
1.844796314  
1.713197421  
1.618555185  
1.228476551  
0.2736993587  
-1.329788373  
-3.425287152  
-5.64627799  
-7.523171162  
-8.629397682  
-8.717069644  
-7.796574106  
-6.133888742  
-4.167455755  
-2.373094959  
-1.121880461  
-0.5767531486  
-0.6592128295  
-1.093233697  
-1.508072335  
-1.563709964  
-1.057667791  
0.01895721768  
1.489517839  
3.055402243  
4.389843975  
5.229874377  
5.439167789  
5.027757415  
4.130785039  
2.961145807  
1.755971414  
0.7335378515  
0.06794172492  
-0.1212773541  
0.2262532771  
1.103889802  
2.424253696  
4.005909174  
5.573417024  
6.784043854  
7.286792414  
6.806285216  
5.230215752  
2.670988968  
-0.5257097981  
-3.839337534  
-6.692629083  
-8.600269539  
-9.304425201  
-8.852610314  
-7.5881133  
-6.049639903  
-4.806786315  
-4.28100259  
-4.609467157  
-5.597914287  
-6.780991565  
-7.573526052  
-7.465221301  
-6.195323486  
-3.848734892  
-0.840059346  
2.21108058  
4.673467622  
6.102792411  
6.37900057  
5.736189228  
4.674647222  
3.784479147  
3.540332436  
4.136938864  
5.421549042  
6.946615728  
8.125192942  
8.436446397  
7.611431892  
5.735687952  
3.233189369  
0.7361764274  
-1.116175979  
-1.883414103  
-1.465592626  
-0.1344441138  
1.555908281  
2.948818447  
3.496344271  
2.933237279  
1.358523541  
-0.7994821212  
-2.920665797  
-4.386724977  
-4.768258855  
-3.947347315  
-2.140719779  
0.1782212758  
2.428410904  
4.090774453  
4.84537236  
4.637344372  
3.658616108  
2.260031089  
0.8288328992  
-0.3266193791  
-1.050462953  
-1.354785135  
-1.381527022  
-1.332282793  
-1.394523878  
-1.688957852  
-2.25063753  
-3.041799088  
-3.982874865  
-4.984065099  
-5.963666423  
-6.848832428  
-7.564630882  
-8.023701713  
-8.128578297  
-7.792015624  
-6.970682875  
-5.698660226  
-4.103865284  
-2.394613746  
-0.8139898821  
0.4271539347  
1.217385452  
1.587479798  
1.710076845  
1.850867561  
2.282754844  
3.188406701  
4.582793453  
6.282817441  
7.937298568  
9.111582032  
9.403409241  
8.55621577  
6.536376527  
3.551991562  
0.008639941909  
-3.583488036  
-6.723136056  
-9.020003751  
-10.25918513  
-10.41563526  
-9.622575765  
-8.110887804  
-6.142474417  
-3.958028112  
-1.750352873  
0.3373245748  
2.198182919  
3.747790431  
4.920432809  
5.679209876  
6.03433891  
6.05797325  
5.883317434  
5.681448991  
5.61858819  
5.806030013  
6.260189685  
6.888850065  
7.511751673  
7.911643278  
7.900466334  
7.378742564  
6.367361733  
4.99989498  
3.477199359  
1.99979926  
0.7020591546  
-0.3876779017  
-1.345556338  
-2.30854053  
-3.403499455  
-4.674824805  
-6.038394569  
-7.281866719  
-8.115897515  
-8.263202835  
-7.558199419  
-6.024579222  
-3.903338617  
-1.618203124  
0.3156230997  
1.415935664  
1.357388325  
0.06072530284  
-2.276721349  
-5.216733545  
-8.17164742  
-10.52714852  
-11.76605851  
-11.56548652  
-9.849459747  
-6.791953278  
-2.776797034  
1.671694757  
5.971774442  
9.567795275  
12.0054448  
12.99333157  
12.44680073  
10.5087863  
7.541115559  
4.080306079  
0.7564536453  
-1.817631568  
-3.16939463  
-3.075227163  
-1.62564139  
0.7765225904  
3.493898015  
5.797312974  
7.042438379  
6.835945357  
5.145146145  
2.31715611  
-1.003129647  
-4.03860353  
-6.086456519  
-6.709294014  
-5.856800634  
-3.88220938  
-1.447216443  
0.6590438845  
1.73657755  
1.365978466  
-0.4784003685  
-3.423743358  
-6.801317229  
-9.824677031  
-11.79173097  
-12.25446918  
-11.11227576  
-8.609083922  
-5.243165472  
-1.622238964  
1.690924019  
4.299300485  
6.030347958  
6.925808628  
7.176963161  
7.033833189  
6.720238572  
6.379307339  
6.059898324  
5.738859056  
5.362791823  
4.889336354  
4.312207605  
3.66376379  
2.999258061  
2.37404054  
1.826074129  
1.371559036  
1.013511018  
0.7558238713  
0.6119971294  
0.6001111638  
0.7227379792  
0.9393533996  
1.145240225  
1.171686015  
0.8161623776  
-0.100019692  
-1.661428988  
-3.798965064  
-6.265137034  
-8.65998316  
-10.50810628  
-11.37003612  
-10.9576478  
-9.219272012  
-6.367072965  
-2.835978391  
0.8157192722  
4.035652031  
6.398901569  
7.687182339  
7.905644727  
7.238275229  
5.962961874  
4.359448795  
2.643122289  
0.9451919325  
-0.6600534633  
-2.100103811  
-3.252421407  
-3.926527131  
-3.896830201  
-2.981224278  
-1.13860837  
1.454540871  
4.386670649  
7.07370767  
8.894985151  
9.367294444  
8.302836284  
5.895431548  
2.697590727  
-0.5156430166  
-2.962481814  
-4.086692298  
-3.732973861  
-2.205624581  
-0.1851392987  
1.477589789  
2.029010852  
1.059237306  
-1.35286298  
-4.645772255  
-7.935338695  
-10.28182344  
-10.98141635  
-9.790011776  
-7.007122314  
-3.39165357  
0.06524140221  
2.439239302  
3.149755927  
2.128026786  
-0.1750205186  
-2.940732132  
-5.243197282  
-6.33328867  
-5.856096691  
-3.935762249  
-1.106939016  
1.877247616  
4.291838877  
5.657736282  
5.860952067  
5.140950319  
3.962270211  
2.823333293  
2.075499344  
1.817796868  
1.901703876  
2.037647417  
1.956153246  
1.556079789  
0.9774834865  
0.5656259537  
0.7348411753  
1.781025348  
3.714426379  
6.181362678  
8.514782565  
9.908761474  
9.666745519  
7.443704587  
3.39934515  
-1.79494819  
-7.106641987  
-11.40989744  
-13.79119389  
-13.79933317  
-11.5628872  
-7.739842435  
-3.317037915  
0.6761824464  
3.450430179  
4.649412587  
4.399862214  
3.212393427  
1.775249968  
0.7148834992  
0.4032896296  
0.8710617559  
1.845597012  
2.889890795  
3.584481091  
3.684005645  
3.193500383  
2.342073411  
1.470478621  
0.8803554885  
0.7052478566  
0.8532926965  
1.042963863  
0.9173896295  
0.1929199954  
-1.215258827  
-3.139173271  
-5.197760719  
-6.917440528  
-7.890687119  
-7.915385092  
-7.064366268  
-5.65963701  
-4.160192459  
-3.003477731  
-2.457120596  
-2.533535585  
-2.996975003  
-3.458855079  
-3.525264309  
-2.941811835  
-1.682613991  
0.04873369011  
1.905187911  
3.535562672  
4.722835073  
5.466901631  
5.977484893  
6.576603551  
7.545123784  
8.971379077  
10.66265702  
12.16068225  
12.86631245  
12.23867245  
10.004143  
6.30180761  
1.708386952  
-2.877373459  
-6.465072041  
-8.252414614  
-7.869288283  
-5.50806544  
-1.89461608  
1.897601439  
4.739582857  
5.760796481  
4.593183227  
1.473562628  
-2.824988589  
-7.211424903  
-10.57961726  
-12.10746287  
-11.46743298  
-8.892629762  
-5.086657494  
-1.011502121  
2.379045346  
4.38145995  
4.693946494  
3.442992735  
1.09053451  
-1.737614415  
-4.44167317  
-6.59635754  
-8.017572607  
-8.737785998  
-8.91183779  
-8.696779828  
-8.154792002  
-7.216615061  
-5.718786484  
-3.499864757  
-0.5184158581  
3.053806067  
6.803346485  
10.13047832  
12.38019789  
13.01448987  
11.77573902  
8.790480635  
4.577770765  
-0.04731287362  
-4.154416132  
-6.917554891  
-7.815872292  
-6.761439733  
-4.118906365  
-0.6105831043  
2.868750281  
5.478919862  
6.643873091  
6.189309514  
4.37367766  
1.806405616  
-0.7228627344  
-2.457276365  
-2.871172566  
-1.802248632  
0.5152011806  
3.52166815  
6.486257309  
8.699821643  
9.655433878  
9.169625588  
7.415405103  
4.86262142  
2.145846756  
-0.1021393653  
-1.406348572  
-1.555790248  
-0.636335015  
1.012397175  
2.89873634  
4.508146226  
5.424620014  
5.414722371  
4.457789778  
2.721805755  
0.4987432854  
-1.878177644  
-4.111535367  
-5.992698742  
-7.422024506  
-8.398091086  
-8.985905216  
-9.277878238  
-9.360377481  
-9.294095651  
-9.11034844  
-8.819815458  
-8.426940761  
-7.942664097  
-7.390123425  
-6.801238532  
-6.205599638  
-5.61572073  
-5.013902301  
-4.345810648  
-3.524442825  
-2.445955582  
-1.016030934  
0.8174447984  
3.032335403  
5.509562266  
8.028606111  
10.28773473  
11.95052683  
12.71328933  
12.38045332  
10.92942615  
8.544902807  
5.607072847  
2.628365062  
0.1473616922  
-1.397383961  
-1.781403218  
-1.062814733  
0.4192001522  
2.122737066  
3.443100171  
3.879267521  
3.180643498  
1.429790265  
-0.9673515229  
-3.38654254  
-5.159824056  
-5.771399591  
-5.017631588  
-3.082133357  
-0.5005104008  
1.978331648  
3.596221199  
3.79652252  
2.380426011  
-0.4366942336  
-4.084251032  
-7.791570207  
-10.79157496  
-12.51231147  
-12.70155383  
-11.45274081  
-9.132559994  
-6.241107046  
-3.254633522  
-0.5025874546  
1.884989196  
3.950542607  
5.821966621  
7.604923741  
9.298915369  
10.76995538  
11.789382  
12.1221594  
11.6286241  
10.33830016  
8.464873905  
6.353821705  
4.380021955  
2.832248718  
1.82719782  
1.285426959  
0.9787023704  
0.6313539263  
0.03735156913  
-0.8520886013  
-1.905327883  
-2.862661807  
-3.446348287  
-3.487035323  
-3.016695593  
-2.287997145  
-1.705656507  
-1.687803357  
-2.503208534  
-4.14281539  
-6.276142139  
-8.316508367  
-9.582335031  
-9.507480863  
-7.833835455  
-4.721577586  
-0.7367495828  
3.285646023  
6.464461792  
8.114173677  
7.931661999  
6.071193605  
3.086321884  
-0.2404625205  
-3.124696156  
-4.991986236  
-5.611228568  
-5.113453817  
-3.899499916  
-2.475718608  
-1.277960885  
-0.5437756937  
-0.2718576093  
-0.2745205022  
-0.2954259602  
-0.1427677501  
0.215000138  
0.6274503588  
0.8218647796  
0.5204805732  
-0.4304093278  
-1.969824602  
-3.806458973  
-5.48734559  
-6.529659055  
-6.571612139  
-5.491224998  
-3.452546214  
-0.8635771538  
1.740087905  
3.847839633  
5.11401545  
5.442742805  
4.995081377  
4.122227247  
3.251670358  
2.765398936  
2.907199554  
3.741705821  
5.167483493  
6.968092976  
8.875458689  
10.62165902  
11.96646768  
12.70299961  
12.65549741  
11.68651827  
9.723995175  
6.805065451  
3.119362844  
-0.9733142684  
-4.972684998  
-8.322344751  
-10.53503137  
-11.32541073  
-10.70710148  
-9.015733963  
-6.839812495  
-4.870440506  
-3.709460931  
-3.693280481  
-4.788958014  
-6.599311364  
-8.480136666  
-9.736285793  
-9.83638493  
-8.578161261  
-6.151000545  
-3.075072727  
-0.03658476494  
2.327025558  
3.621561651  
3.806686544  
3.187314552  
2.290380443  
1.670008194  
1.707713371  
2.47544995  
3.707567877  
4.890736191  
5.441276433  
4.910461777  
3.149777766  
0.3822521056  
-2.842454618  
-5.793549901  
-7.758068665  
-8.231303618  
-7.042617152  
-4.38416312  
-0.7422638871  
3.239074691  
6.915866672  
9.776147896  
11.51457054  
12.04165465  
11.44234498  
9.912092027  
7.699052133  
5.069748568  
2.298726494  
-0.3315070363  
-2.539532601  
-4.076444576  
-4.778875911  
-4.626808529  
-3.779463114  
-2.564254978  
-1.407986789  
-0.721500266  
-0.7704378327  
-1.576424633  
-2.888758171  
-4.24632181  
-5.118771056  
-5.085987176  
-3.996419883  
-2.046599133  
0.253307204  
2.225819767  
3.242724992  
2.942533623  
1.374067784  
-0.9881309311  
-3.370309326  
-4.933940937  
-5.04556938  
-3.493794175  
-0.5788957732  
2.959899029  
6.161574066  
8.138318002  
8.353955726  
6.794492556  
3.973097079  
0.7654677638  
-1.87263839  
-3.21441863  
-2.996635693  
-1.502554591  
0.5346512717  
2.177101399  
2.596304349  
1.353911906  
-1.442074252  
-5.156096129  
-8.812444012  
-11.3907737  
-12.13551845  
-10.78226266  
-7.63256036  
-3.458214486  
0.7300899291  
3.974168843  
5.629212618  
5.518072471  
3.940566272  
1.546665194  
-0.8764398948  
-2.631630823  
-3.284624569  
-2.738144424  
-1.199874593  
0.9286615537  
3.19369725  
5.210579068  
6.730113804  
7.64138915  
7.928382257  
7.613179711  
6.718851981  
5.270879441  
3.334428239  
1.064937681  
-1.260049016  
-3.255044739  
-4.496526409  
-4.63478892  
-3.51389562  
-1.257121633  
1.717807308  
4.768859926  
7.172905128  
8.304801964  
7.801658551  
5.664148654  
2.264811044  
-1.739307059  
-5.564466546  
-8.483970816  
-9.988241105  
-9.881566232  
-8.296720645  
-5.632888733  
-2.442192171  
0.7000037743  
3.307690001  
5.057531608  
5.815812643  
5.625440545  
4.667031899  
3.208854272  
1.555957304  
0.002939646813  
-1.209006801  
-1.930041124  
-2.13047659  
-1.912298808  
-1.4941679  
-1.164647847  
-1.207489722  
-1.814138498  
-3.007638526  
-4.604243505  
-6.231953937  
-7.409698308  
-7.67145915  
-6.702926449  
-4.450320393  
-1.165854985  
2.628767784  
6.255378036  
9.039626387  
10.47407538  
10.33794716  
8.740350854  
6.076964638  
2.916137749  
-0.1496441538  
-2.642979995  
-4.293996285  
-5.066088984  
-5.117467407  
-4.719969908  
-4.166271169  
-3.694405727  
-3.446762277  
-3.464991262  
-3.709247851  
-4.084810741  
-4.462686239  
-4.690590391  
-4.601155199  
-4.029665216  
-2.85052063  
-1.030926782  
1.313660707  
3.887873096  
6.234300721  
7.81438145  
8.143872983  
6.950179651  
4.301981339  
0.6604603315  
-3.180906223  
-6.268134586  
-7.732170487  
-7.040009965  
-4.173369746  
0.3278903206  
5.482204669  
10.11757479  
13.18769235  
14.05846541  
12.67594472  
9.562031041  
5.63860535  
1.936518425  
-0.7161775436  
-1.925433358  
-1.807911973  
-0.8921988898  
0.1159895195  
0.6179614952  
0.3519747758  
-0.5149871618  
-1.46760702  
-1.865870432  
-1.229490809  
0.5241980252  
2.982601205  
5.326136885  
6.581850804  
5.960574195  
3.161755624  
-1.464076717  
-6.960341394  
-12.01281291  
-15.32757361  
-16.01852484  
-13.87855469  
-9.445298893  
-3.839776279  
1.568849891  
5.562401401  
7.407594754  
7.020517495  
4.917241732  
1.979760503  
-0.8721000545  
-2.984079315  
-4.142093589  
-4.565156828  
-4.732404675  
-5.120997784  
-5.962670394  
-7.116877309  
-8.111551903  
-8.336384065  
-7.312930832  
-4.933616884  
-1.570468061  
1.998671323  
4.830246351  
6.140691214  
5.600479691  
3.485198963  
0.6198329173  
-1.874879969  
-2.952967518  
-2.004335375  
0.92096817  
5.108394704  
9.402152314  
12.58403852  
13.77957912  
12.75139748  
9.976884349  
6.481157678  
3.481414297  
1.964937461  
2.347051971  
4.328096179  
6.999472496  
9.161973991  
9.745402644  
8.183138623  
4.611324826  
-0.1758750361  
-4.997816017  
-8.689048405  
-10.48936778  
-10.2856215  
-8.621993987  
-6.478209557  
-4.89759629  
-4.599929999  
-5.718780491  
-7.757768127  
-9.781252212  
-10.77031958  
-10.01502332  
-7.399900769  
-3.477077086  
0.7033397179  
3.949067773  
5.343711911  
4.579053505  
2.081710821  
-1.115047208  
-3.714842501  
-4.601946186  
-3.233892624  
0.1524466592  
4.594120925  
8.699700239  
11.09367903  
10.86089098  
7.844881719  
2.704032018  
-3.289328804  
-8.63670095  
-12.05847531  
-12.85198287  
-11.05226607  
-7.355014627  
-2.841602444  
1.390187627  
4.560638715  
6.398444449  
7.134045286  
7.315145028  
7.525359449  
8.117253332  
9.06008643  
9.956015263  
10.21383516  
9.31050159  
7.038511701  
3.642906573  
-0.2076761598  
-3.61086107  
-5.717656697  
-6.017404556  
-4.520639141  
-1.774470697  
1.297655208  
3.680254875  
4.580957688  
3.673673183  
1.192066181  
-2.15391413  
-5.407415876  
-7.662645524  
-8.334779265  
-7.318289717  
-4.989939116  
-2.064727684  
0.6403577248  
2.453982205  
3.030749278  
2.413005394  
0.9654543353  
-0.7839614956  
-2.335563295  
-3.375114424  
-3.847276395  
-3.928488317  
-3.918048209  
-4.092818749  
-4.580294551  
-5.294918919  
-5.958264476  
-6.194067032  
-5.664268627  
-4.199874541  
-1.883558112  
0.9426429048  
3.747727095  
5.940410176  
7.020630961  
6.713465583  
5.051177992  
2.383284438  
-0.6877628574  
-3.430906018  
-5.143921607  
-5.310736889  
-3.725350866  
-0.5551064453  
3.673110517  
8.165660523  
12.01960042  
14.41512284  
14.80219763  
13.03724781  
9.432677209  
4.699601355  
-0.2104122305  
-4.33144287  
-6.922273558  
-7.654906828  
-6.697813082  
-4.664995262  
-2.438656954  
-0.9108801035  
-0.7163868499  
-2.035186547  
-4.526853448  
-7.4211676  
-9.743134984  
-10.60836917  
-9.500686505  
-6.446440657  
-2.029281677  
2.762979814  
6.816080846  
9.208891226  
9.478079366  
7.747081994  
4.680151185  
1.276402651  
-1.431693331  
-2.681680122  
-2.193230452  
-0.225816086  
2.531507769  
5.198380877  
6.989884622  
7.458675886  
6.616061702  
4.896742916  
2.983689111  
1.555082182  
1.03974854  
1.463284599  
2.436074107  
3.287011934  
3.298639778  
1.966268226  
-0.8042568445  
-4.625721047  
-8.710765186  
-12.08223618  
-13.84943969  
-13.46697172  
-10.89875474  
-6.639351471  
-1.587844851  
3.187026777  
6.721370218  
8.392312022  
8.052273669  
6.029947388  
3.00607619  
-0.19306383  
-2.821451761  
-4.394714629  
-4.781111331  
-4.18562223  
-3.042412243  
-1.85572098  
-1.040261281  
-0.8075971502  
-1.127292006  
-1.767119424  
-2.392986658  
-2.69311706  
-2.486576798  
-1.783679872  
-0.7822391723  
0.1963749575  
0.8097355148  
0.8032916633  
0.09285328593  
-1.203502082  
-2.792941998  
-4.286271614  
-5.30407207  
-5.579832296  
-5.030336697  
-3.773226662  
-2.086817435  
-0.3239786814  
1.194756022  
2.277359507  
2.916985874  
3.291407578  
3.703966718  
4.481966501  
5.86145358  
7.892294824  
10.39262634  
12.96851635  
15.09638154  
16.24791725  
16.02482746  
14.26740758  
11.10776969  
6.953392691  
2.405284369  
-1.867954843  
-5.268254543  
-7.384895929  
-8.064021946  
-7.41858619  
-5.782213707  
-3.623461327  
-1.444049866  
0.3154545947  
1.345144357  
1.502196845  
0.8149029605  
-0.5391332599  
-2.272033183  
-4.034634521  
-5.470650959  
-6.272834407  
-6.237353237  
-5.309844867  
-3.613463481  
-1.44801925  
0.7478982272  
2.472487929  
3.264053059  
2.811427866  
1.044143249  
-1.824541452  
-5.319686368  
-8.793771519  
-11.56614785  
-13.08026358  
-13.03825  
-11.47601018  
-8.75636906  
-5.479658196  
-2.334050259  
0.07495150771  
1.370282494  
1.485616297  
0.6634356746  
-0.6281493342  
-1.83439953  
-2.468659951  
-2.239961959  
-1.120196242  
0.6639063772  
2.707110243  
4.545065992  
5.781552905  
6.188971881  
5.757733643  
4.686027137  
3.318043046  
2.051143288  
1.237878678  
1.106677271  
1.717169961  
2.955775787  
4.567430462  
6.212731917  
7.536986779  
8.238218961  
8.12363091  
7.14699663  
5.422041391  
3.209262655  
0.8762678786  
-1.164554733  
-2.532656233  
-2.957050406  
-2.338828802  
-0.7824081209  
1.415724346  
3.82288321  
5.961238682  
7.414004422  
7.920321747  
7.433176363  
6.123119088  
4.324890236  
2.44049547  
0.8256456069  
-0.3074130477  
-0.9414510258  
-1.243923558  
-1.497146873  
-1.990089614  
-2.905821279  
-4.241321795  
-5.787595062  
-7.179932442  
-8.006174791  
-7.941605191  
-6.868833242  
-4.943347397  
-2.580120942  
-0.3596206374  
1.123697875  
1.428672684  
0.4017880543  
-1.762626702  
-4.557521219  
-7.287515839  
-9.250345616  
-9.925399052  
-9.115999732  
-7.004153599  
-4.100951085  
-1.105581213  
1.287392441  
2.577601398  
2.590860801  
1.515862288  
-0.1642713897  
-1.824259297  
-2.886554356  
-2.991432967  
-2.096143397  
-0.4738468074  
1.385720848  
2.941144545  
3.77617284  
3.730883797  
2.943876016  
1.791004756  
0.7403771019  
0.1721533131  
0.2254638206  
0.7282578758  
1.240464664  
1.20375883  
0.1541518702  
-2.071179114  
-5.205188005  
-8.552920784  
-11.1381228  
-11.96276746  
-10.30884711  
-5.992744974  
0.5096693315  
8.115263101  
15.36078548  
20.75026036  
23.13004482  
21.98735955  
17.58739154  
10.9088014  
3.394906995  
-3.409595543  
-8.234574975  
-10.36959137  
-9.78371541  
-7.056062437  
-3.1491277  
0.8984473243  
4.263585841  
6.529773322  
7.728800007  
8.234740956  
8.558443963  
9.119572934  
10.07526421  
11.26037893  
12.25315163  
12.5361631  
11.69109339  
9.556680767  
6.295076004  
2.346053933  
-1.711157558  
