5.57066206  
6.567571664  
7.155350821  
7.230257667  
6.825229857  
6.102130514  
5.315219868  
4.755677551  
4.687341657  
5.283021018  
6.570678854  
8.399926145  
10.4402784  
12.22065101  
13.21303583  
12.95134308  
11.16260818  
7.876196964  
3.474068024  
-1.345957092  
-5.700541509  
-8.723297541  
-9.791291618  
-8.712059651  
-5.810783772  
-1.88032832  
2.00497282  
4.769000938  
5.63159271  
4.337676405  
1.246073603  
-2.755069571  
-6.488387901  
-8.817223542  
-8.970574641  
-6.767610299  
-2.675082726  
2.319355305  
6.979934363  
10.1604733  
11.10806481  
9.646596409  
6.192723122  
1.608586133  
-3.056375326  
-6.85274697  
-9.163346328  
-9.819556576  
-9.081285597  
-7.502922843  
-5.739141474  
-4.355284467  
-3.696149021  
-3.840265592  
-4.635195113  
-5.784725048  
-6.948606411  
-7.82143696  
-8.174542068  
-7.864611361  
-6.826557972  
-5.070205308  
-2.691154351  
0.1091081994  
3.011890303  
5.600591074  
7.423788001  
8.096786132  
7.415761971  
5.444976213  
2.538731539  
-0.7230268018  
-3.677493388  
-5.761854602  
-6.678204446  
-6.482076268  
-5.557733356  
-4.480532584  
-3.807276689  
-3.86433762  
-4.609337989  
-5.62078293  
-6.227748841  
-5.742157551  
-3.71704559  
-0.1403316882  
4.508730456  
9.368553432  
13.44084062  
15.89456075  
16.32611824  
14.88474148  
12.21610707  
9.239343164  
6.831610916  
5.529239843  
5.351684736  
5.813930994  
6.127693108  
5.523958332  
3.583298737  
0.4528610576  
-3.135795224  
-6.066931662  
-7.201441908  
-5.781460248  
-1.740953602  
4.189912783  
10.63374597  
15.93228076  
18.62069577  
17.8617167  
13.70109782  
7.061375885  
-0.5258654087  
-7.365790247  
-12.08445219  
-14.00132805  
-13.27860563  
-10.80916732  
-7.889356994  
-5.789184487  
-5.360290274  
-6.802732812  
-9.653957836  
-12.98746499  
-15.74136104  
-17.06001295  
-16.53659572  
-14.28633728  
-10.84359747  
-6.936629566  
-3.23165485  
-0.1402065971  
2.248064865  
4.096972051  
5.662180286  
7.111830849  
8.407363745  
9.294359202  
9.406540554  
8.439312495  
6.320197609  
3.303639103  
-0.05388478957  
-3.036357091  
-4.980603101  
-5.482825051  
-4.524194335  
-2.469280625  
0.06241508206  
2.405153993  
4.060210415  
4.837344774  
4.876005541  
4.543550748  
4.254191148  
4.28175374  
4.640710223  
5.082518523  
5.208777369  
4.656089716  
3.278126832  
1.24934415  
-0.9566484596  
-2.713509851  
-3.464051675  
-2.936641393  
-1.27352956  
0.982168606  
3.043593432  
4.131177237  
3.731337642  
1.771432994  
-1.352316486  
-4.905318787  
-8.058172377  
-10.15675978  
-10.92244694  
-10.51105885  
-9.410828774  
-8.218908229  
-7.381289795  
-6.995561653  
-6.753849294  
-6.052093539  
-4.230009584  
-0.8560090883  
4.048331371  
9.93115836  
15.81708882  
20.56928874  
23.22236734  
23.27437989  
20.83842594  
16.60136967  
11.60322765  
6.912154071  
3.305170072  
1.061427276  
-0.0657068104  
-0.6945893942  
-1.539519167  
-3.114578612  
-5.523282013  
-8.407382312  
-11.07010611  
-12.7267844  
-12.79144192  
-11.09683725  
-7.971180046  
-4.146686259  
-0.534881648  
2.051063399  
3.13099718  
2.672430112  
1.053481105  
-1.102834831  
-3.156199035  
-4.654340288  
-5.446014753  
-5.670631974  
-5.641682972  
-5.679988134  
-5.967800761  
-6.481294009  
-7.023039737  
-7.333117374  
-7.224516579  
-6.679080671  
-5.858090716  
-5.019258482  
-4.374368746  
-3.951104524  
-3.526223702  
-2.672211605  
-0.9147011131  
2.049916721  
6.158784149  
10.89248627  
15.34299729  
18.43760394  
19.25811768  
17.35353059  
12.93719977  
6.891022014  
0.5600302273  
-4.60896154  
-7.476003588  
-7.535032299  
-5.053342703  
-0.9766863527  
3.370802354  
6.695729228  
8.122186212  
7.433453136  
5.095323364  
2.061080607  
-0.5700317795  
-1.922840739  
-1.62151737  
0.1166188132  
2.590804569  
4.882324712  
6.17730924  
6.033589884  
4.503409272  
2.078216703  
-0.5143996184  
-2.581403587  
-3.703003741  
-3.856524107  
-3.388351496  
-2.853476524  
-2.789012138  
-3.508479904  
-4.99131734  
-6.903024422  
-8.731023424  
-9.978893272  
-10.34261713  
-9.803046029  
-8.603975536  
-7.130588297  
-5.741321957  
-4.622560483  
-3.724536801  
-2.803039529  
-1.548666954  
0.2499184999  
2.576302691  
5.145185253  
7.470470947  
9.020666655  
9.405012004  
8.520507165  
6.603346557  
4.163109381  
1.821478507  
0.112676116  
3.702195118  
0.5906471788  
-1.339535089  
-1.640344202  
-0.2622006925  
2.446332681  
5.838979039  
9.141063545  
11.64045654  
12.85056479  
12.60637803  
11.07394422  
8.6769615  
5.964568913  
3.457710646  
1.51487653  
0.2511468545  
-0.4703452525  
-0.9746109203  
-1.657474299  
-2.847567342  
-4.686154833  
-7.059162872  
-9.602433818  
-11.78190656  
-13.02957774  
-12.89981102  
-11.20300274  
-8.07794121  
-3.97968401  
0.4172344881  
4.376295156  
7.274902911  
8.749811378  
8.770941304  
7.622770437  
5.799834323  
3.84894609  
2.20725877  
1.086656828  
0.4402683119  
0.02018114835  
-0.4947856567  
-1.346440838  
-2.574347964  
-3.968663363  
-5.119857956  
-5.553259742  
-4.905867682  
-3.085158937  
-0.3518398233  
2.709560489  
5.332539733  
6.785347773  
6.597348208  
4.722179941  
1.581007005  
-2.035370307  
-5.182498418  
-7.034486895  
-7.130028935  
-5.514872003  
-2.733430586  
0.3317403905  
2.725974784  
3.713341683  
3.002151989  
0.8341101388  
-2.091979763  
-4.839373277  
-6.527591159  
-6.609773913  
-5.046126404  
-2.318803818  
0.7165464109  
3.095952701  
4.04573048  
3.221188435  
0.8114087951  
-2.521098324  
-5.845099031  
-8.243957834  
-9.08846042  
-8.21516515  
-5.957893622  
-3.027278534  
-0.2809619027  
1.540227337  
2.027196722  
1.204505826  
-0.5062222161  
-2.441902317  
-3.91656176  
-4.430109567  
-3.802298357  
-2.195233398  
-0.02642915587  
2.190121568  
4.016711635  
5.220521207  
5.8196594  
6.039475292  
6.203059265  
6.600262382  
7.382631342  
8.517775624  
9.811938622  
10.98397546  
11.75709505  
11.93244018  
11.42068697  
10.22865689  
8.418184566  
6.065869783  
3.249472737  
0.0714784616  
-3.291448103  
-6.542383701  
-9.256847098  
-10.93910758  
-11.14270165  
-9.626098705  
-6.491234188  
-2.246649551  
2.246939532  
5.955518622  
7.93833464  
7.628231685  
5.036169002  
0.8036787808  
-3.931604186  
-7.83445695  
-9.755951514  
-9.08932883  
-5.984185458  
-1.34229545  
3.417245947  
6.76347115  
7.512543546  
5.200922717  
0.2545828855  
-6.104253595  
-12.19135304  
-16.33877713  
-17.37418549  
-14.95611105  
-9.664174008  
-2.818913182  
3.910181939  
8.985288556  
11.42130495  
11.02179169  
8.36628485  
4.56645822  
0.8813956117  
-1.676710431  
-2.618859192  
-2.055927887  
-0.5659017885  
1.085889025  
2.262893119  
2.691508134  
2.529604169  
2.249612177  
2.386798823  
3.254579566  
4.742573161  
6.284200915  
7.018828607  
6.1005591  
3.047869373  
-1.993789119  
-8.181150645  
-14.13748526  
-18.31617103  
-19.45695403  
-16.9911625  
-11.26198492  
-3.48056885  
4.578857011  
11.05845524  
14.5276795  
14.37106719  
10.9363103  
5.400846703  
-0.5970394282  
-5.44485727  
-8.009102191  
-7.919255493  
-5.604802115  
-2.088287117  
1.3857449  
3.758168077  
4.466731906  
3.56807764  
1.644536835  
-0.4571960924  
-1.954675966  
-2.40775324  
-1.851809614  
-0.747093815  
0.2288152905  
0.4638101966  
-0.3362706722  
-2.017539554  
-4.016623864  
-5.5531785  
-5.90676652  
-4.67900091  
-1.947493292  
1.743500632  
5.553367612  
8.617682977  
10.32870877  
10.52668262  
9.535696539  
8.03165837  
6.788080634  
6.387929834  
7.00222544  
8.314100354  
9.617957533  
10.06383135  
8.966826512  
6.077677082  
1.720885416  
-3.251486071  
-7.683045933  
-10.44831059  
-10.79734237  
-8.602008997  
-4.424688995  
0.6159593178  
5.145904527  
7.916273492  
8.15246171  
5.770098015  
1.396047881  
-3.810008602  
-8.480104966  
-11.41438559  
-11.90274203  
-9.903590949  
-6.034963588  
-1.38725109  
2.783727846  
5.394284508  
5.808116978  
3.978548986  
0.4275812409  
-3.922110703  
-8.007454204  
-10.90193575  
-12.03510208  
-11.30201587  
-9.044209843  
-5.919526702  
-2.706187819  
-0.09906513566  
1.448170812  
1.799819523  
1.124565943  
-0.1923190329  
-1.677181819  
-2.896729165  
-3.553333131  
-3.527754894  
-2.868139261  
-1.739829603  
-0.3593763135  
1.063694595  
2.361324446  
3.413200697  
4.132159044  
4.443460667  
4.273739343  
3.559901691  
2.278540034  
0.4860427682  
-1.647594877  
-3.829419756  
-5.671129939  
-6.755134396  
-6.727514292  
-5.395495656  
-2.801840939  
0.7482684544  
4.721917552  
8.45285305  
11.27722789  
12.67971947  
12.41413642  
10.56726314  
7.547878329  
4.001425055  
0.6695213496  
-1.772310728  
-2.859872023  
-2.434177597  
-0.6630319488  
2.012245318  
4.988897722  
7.643913995  
9.469064467  
10.16847328  
9.699094777  
8.250297515  
6.174236104  
3.889594465  
1.785134042  
0.1457632002  
-0.8854318105  
-1.307271256  
-1.231083856  
-0.8361102645  
-0.3246615446  
0.1123062866  
0.3152642958  
0.1643828189  
-0.4176159314  
-1.461673041  
-2.944860075  
-4.781315499  
-6.81802072  
-8.843006321  
-10.61074162  
-11.8835561  
-12.48086475  
-12.32272586  
-11.45330336  
-10.03407288  
-8.30526245  
-6.524552584  
-4.900551326  
-3.541959463  
-2.439639485  
-1.488777947  
-0.5448395919  
0.5054219997  
1.683434263  
2.892487259  
3.938818639  
4.596979795  
4.699447075  
4.219229404  
3.312925109  
2.302205547  
1.591122286  
1.53945382  
2.330360846  
3.877620414  
5.809608265  
7.545562569  
8.45040211  
8.026694785  
6.085753428  
2.840926209  
-1.114021335  
-4.944769781  
-7.800354448  
-9.057593326  
-8.511453201  
-6.449090432  
-3.578172325  
-0.8243816755  
0.9449194267  
1.188013689  
-0.1366193401  
-2.546547955  
-5.175007215  
-7.035487772  
-7.331917407  
-5.718227244  
-2.424068005  
1.79656791  
5.882311843  
8.782812437  
9.780994039  
8.718177178  
6.049810751  
2.711412298  
-0.1663393547  
-1.606683128  
-1.09221551  
1.268528912  
4.766047971  
8.300090591  
10.71144685  
11.13436601  
9.262730083  
5.450080912  
0.614965994  
-4.017920688  
-7.261740173  
-8.294500809  
-6.87522257  
-3.392146041  
1.262380481  
5.944643094  
9.560332773  
11.32583485  
10.92180129  
8.508983164  
4.620118106  
-0.02324526168  
-4.704212164  
-8.856116777  
-12.12678615  
-14.36083095  
-15.52806428  
-15.6412616  
-14.70379333  
-12.70946657  
-9.691451423  
-5.79397932  
-1.328741276  
3.21848323  
7.247903549  
10.16459196  
11.52500776  
11.16682488  
9.27913616  
6.385826798  
3.239770526  
0.65156258  
-0.7042290132  
-0.4556241169  
1.369975647  
4.342944784  
7.722813195  
10.62148637  
12.19997054  
11.85441457  
9.351569377  
4.886104641  
-0.9508170085  
-7.284565495  
-13.12883468  
-17.58229909  
-20.01077745  
-20.17709299  
-18.28926759  
-14.9528297  
-11.03288649  
-7.452646686  
-4.97272157  
-4.004314914  
-4.505557409  
-5.992623835  
-7.668821448  
-8.64254991  
-8.177823388  
-5.908149744  
-1.951226027  
3.111993637  
8.391267801  
12.93098638  
15.97189887  
17.15102267  
16.57785695  
14.76360503  
12.42753544  
10.24557238  
8.626379435  
7.592024969  
6.805348701  
5.735427227  
3.903192465  
1.118475995  
-2.380806309  
-5.945303695  
-8.691416873  
-9.786047674  
-8.7442413  
-5.634741465  
-1.114682036  
3.730060901  
7.696143778  
9.828297105  
9.718581831  
7.636087787  
4.437657385  
1.2829718  
-0.7551202116  
-1.055422149  
0.3365915209  
2.72105355  
4.985131892  
5.996925013  
5.020595928  
2.010102432  
-2.324012777  
-6.706559648  
-9.693434033  
-10.14612343  
-7.630032289  
-2.603097395  
3.672864807  
9.476348968  
13.12115891  
13.44853863  
10.16358112  
3.913909204  
-3.908625611  
-11.57455337  
-17.49984353  
-20.65488846  
-20.77987772  
-18.3556765  
-14.36134705  
-9.916535322  
-5.936922373  
-2.915301118  
-0.8870057766  
0.4326231791  
1.413323584  
2.283063613  
3.004381402  
3.302323549  
2.827781525  
1.382802706  
-0.8936964525  
-3.469098311  
-5.529801907  
-6.237174647  
-5.040297566  
-1.928892707  
2.477398544  
7.05443197  
10.48963812  
11.6937892  
10.17264474  
6.228221726  
0.9110082779  
-4.273909557  
-7.819955415  
-8.687400332  
-6.633096347  
-2.290067481  
3.033525462  
7.773571315  
10.61120991  
10.89131522  
8.81967047  
5.373389844  
1.954561703  
-0.09701967773  
0.03103999682  
2.33671657  
5.990851602  
9.603675575  
11.68242755  
11.1290824  
7.614676557  
1.708869502  
-5.275123854  
-11.66649895  
-15.926173  
-17.08173146  
-14.97317201  
-10.24130465  
-4.07766623  
2.167996492  
7.384882548  
10.97228916  
12.90540545  
13.59325409  
13.60031898  
13.34890679  
12.92062527  
12.03323838  
10.19924956  
7.001093832  
2.370693246  
-3.244158893  
-8.905258196  
-13.41051886  
-15.65540581  
-15.00912875  
-11.57254223  
-6.218823458  
-0.3882707375  
4.308618896  
6.558743174  
5.736066402  
2.086588429  
-3.353160179  
-9.079654071  
-13.58443488  
-15.80612394  
-15.4281124  
-12.92962452  
-9.380257022  
-6.053018841  
-3.989733797  
-3.665696141  
-4.863825051  
-6.79473442  
-8.414025451  
-8.820560772  
-7.592833603  
-4.943759722  
-1.63910693  
1.291143003  
2.945243416  
2.904361216  
1.419388929  
-0.6432231927  
-2.085590688  
-1.799955978  
0.8161632806  
5.597446531  
11.59908342  
17.35106225  
21.30339595  
22.32024916  
20.06049282  
15.1157836  
8.854771049  
3.017618834  
-0.8122812894  
-1.691117583  
0.4030188665  
4.57868487  
9.326750333  
13.00605455  
14.36087511  
12.90275262  
9.035172503  
3.885119735  
-1.097755865  
-4.637824132  
-6.059452006  
-5.501063419  
-3.848129939  
-2.410056362  
-2.450885465  
-4.731515088  
-9.216015217  
-15.03928371  
-20.74655088  
-24.7262844  
-25.69646092  
-23.08953432  
-17.21766501  
-9.173639527  
-0.5087785501  
7.201708607  
12.76547467  
15.62909902  
15.91802539  
14.27099384  
11.54708416  
8.520070743  
5.668492789  
3.125210041  
0.784800461  
-1.494404412  
-3.691802613  
-5.52333481  
-6.490043611  
-6.065869326  
-3.953955476  
-0.306114707  
4.194595753  
8.443521505  
11.20256624  
11.48407025  
8.904065047  
3.877740429  
-2.425647601  
-8.374904428  
-12.33921289  
-13.18221324  
-10.63117173  
-5.397725228  
0.9982603148  
6.656832327  
9.851968475  
9.543035029  
5.686224936  
-0.7501949921  
-8.070913019  
-14.34969889  
-17.98299244  
-18.13186999  
-14.92175193  
-9.347763146  
-2.927017897  
2.783396704  
6.646563497  
8.24150691  
7.910754961  
6.559338077  
5.285081817  
4.971036974  
5.977418215  
8.031538146  
10.34473266  
11.90863048  
11.86524903  
9.823890895  
6.019260298  
1.260185662  
-3.311504161  
-6.571114303  
-7.755979559  
-6.695632519  
-3.857048505  
-0.195260147  
3.139308202  
5.143008306  
5.245398738  
3.456435471  
0.3371097481  
-3.188845262  
-6.118098364  
-7.657734362  
-7.43791583  
-5.591722351  
-2.689392644  
0.4429520938  
2.959737152  
4.217325163  
3.921448364  
2.168690685  
-0.6170063473  
-3.823166189  
-6.816536296  
-9.091788173  
-10.36514786  
-10.59705707  
-9.949507905  
-8.700134589  
-7.143282149  
-5.506570263  
-3.902769893  
-2.324141897  
-0.6740870053  
1.177955941  
3.336289461  
5.830018091  
8.586881809  
11.43414115  
14.12374803  
16.37365728  
17.91455132  
18.53159229  
18.09381177  
16.56802655  
14.01868252  
10.59792928  
6.531338107  
2.102916006  
-2.359803481  
-6.503241916  
-9.972130871  
-12.44406469  
-13.67367109  
-13.54004275  
-12.08572551  
-9.533322917  
-6.268144661  
-2.783147758  
0.4065282496  
2.86116792  
4.301126047  
4.654164942  
4.050307096  
2.764456907  
1.124208354  
-0.5872555589  
-2.200108094  
-3.67428855  
-5.057470315  
-6.400763277  
-7.666612206  
-8.669910877  
-9.084858174  
-8.527852778  
-6.69753435  
-3.527417436  
0.7058509553  
5.368269935  
9.571479049  
12.37781836  
13.05463562  
11.3015441  
7.374669897  
2.058226849  
-3.520751721  
-8.188159586  
-11.04383292  
-11.70959139  
-10.42462625  
-7.954484723  
-5.338700087  
-3.555153723  
-3.20786339  
-4.339251638  
-6.428377511  
-8.575949728  
-9.814881964  
-9.442821535  
-7.265128151  
-3.666298834  
0.5143792291  
4.261033374  
6.718771999  
7.475782321  
6.693788229  
5.042454537  
3.460338544  
2.824366758  
3.641011711  
5.864720302  
8.905278853  
11.82109334  
13.63215733  
13.64643829  
11.69044798  
8.16887778  
3.93747979  
0.03649069213  
-2.622901852  
-3.51465555  
-2.616668134  
-0.3634909734  
2.536994466  
5.34791134  
7.517945835  
8.793801327  
9.202342469  
8.927082315  
8.144374566  
6.898109498  
5.072641334  
2.480059557  
-0.9734682636  
-5.115967306  
-9.416029285  
-13.02682194  
-14.97720466  
-14.46144942  
-11.13460741  
-5.307723407  
2.037960488  
9.442718135  
15.32227685  
18.3832342  
17.97365239  
14.25859844  
8.163727277  
1.102990622  
-5.424864697  
-10.24566663  
-12.79984349  
-13.22917708  
-12.24383135  
-10.8243891  
-9.864319201  
-9.872612045  
-10.83032617  
-12.23903785  
-13.33346465  
-13.3774945  
-11.93956646  
-9.056150874  
-5.234652245  
-1.302860725  
1.838158374  
3.473998764  
3.268730909  
1.336955071  
-1.812575794  
-5.429786651  
-8.715966094  
-10.99754508  
-11.8400388  
-11.08918645  
-8.852271687  
-5.446481726  
-1.339578105  
2.905089586  
6.683343147  
9.41793663  
10.64912695  
10.14215284  
7.985805544  
4.642195811  
0.9097081919  
-2.218119535  
-3.780263061  
-3.10808064  
-0.03959812491  
4.988057261  
11.01400382  
16.79137206  
21.12594649  
23.21384741  
22.86806377  
20.55369979  
17.21232521  
13.92780905  
11.54406976  
10.36757991  
10.06385843  
9.793150886  
8.546583385  
5.569430092  
0.7198222111  
-5.374671979  
-11.43596317  
-15.90899058  
-17.47646099  
-15.54365286  
-10.52109163  
-3.792054812  
2.64655132  
6.770759839  
7.162044192  
3.480138248  
-3.385364746  
-11.54623485  
-18.66748282  
-22.67133181  
-22.37141081  
-17.83433776  
-10.35167765  
-2.030600857  
4.865274138  
8.612763867  
8.540721754  
5.195509144  
0.1139087259  
-4.714447657  
-7.513233715  
-7.293833856  
-4.152564601  
0.7992566793  
5.839047756  
9.227759903  
9.793452673  
7.31064952  
2.555698267  
-2.970530857  
-7.550441556  
-9.812399799  
-9.160240325  
-5.932304064  
-1.247718475  
3.396578649  
6.633707732  
7.666088311  
6.492323858  
3.855271521  
0.940981244  
-1.059333996  
-1.371030165  
0.09991943302  
2.74309233  
5.458910906  
7.032769065  
6.539201384  
3.644220012  
-1.285623885  
-7.290868017  
-13.09618617  
-17.45969802  
-19.48368789  
-18.79967846  
-15.59069725  
-10.46989358  
-4.277398121  
2.127240999  
8.013749493  
12.84268741  
16.25167938  
18.00717558  
17.96954104  
16.10325796  
12.53321712  
7.616666671  
1.982657525  
-3.504718631  
-7.877255048  
-10.2678164  
-10.13520525  
-7.436621114  
-2.683916085  
3.147628956  
8.8426212  
13.24143651  
15.52278263  
15.38909582  
13.10076531  
9.353529744  
5.043470686  
0.9988096125  
-2.234680682  
-4.489784913  
-5.934084903  
-6.914379477  
-7.755503091  
-8.593068601  
-9.304117173  
-9.561012716  
-8.986429502  
-7.348196791  
-4.716155908  
-1.515420982  
1.553271438  
3.70704077  
4.326766672  
3.172080474  
0.4892456158  
-3.030435183  
-6.43466758  
-8.781710913  
-9.414245461  
-8.148354796  
-5.31753013  
-1.658485342  
1.923052887  
4.630079978  
6.006153335  
6.048633394  
5.17089901  
4.031277289  
3.289846344  
3.376286994  
4.34614031  
5.871226277  
7.364045631  
8.19097187  
7.900237597  
6.387145698  
3.941432021  
1.162025429  
-1.231005262  
-2.623996972  
-2.701526  
-1.540740513  
0.4200169062  
2.524448196  
4.103399953  
4.673199441  
4.06361648  
2.437892297  
0.2050207413  
-2.139209008  
-4.183392587  
-5.72357005  
-6.797566481  
-7.623497507  
-8.470467375  
-9.513872781  
-10.73273757  
-11.89036835  
-12.60832378  
-12.5081292  
-11.36856687  
-9.238156755  
-6.456428499  
-3.569097371  
-1.160673129  
0.3402663647  
0.8145418808  
0.5066005614  
-0.04666818968  
-0.1957811771  
0.5889327384  
2.510437308  
5.337622809  
8.441564331  
10.97291919  
12.12942609  
11.42908787  
8.897811281  
5.104051375  
1.020399949  
-2.251705194  
-3.811379644  
-3.237985224  
-0.7297495755  
2.947111423  
6.687123976  
9.382437156  
10.26173576  
9.122400372  
6.380411554  
2.921142272  
-0.2006861238  
-2.113124822  
-2.414267387  
-1.297846211  
0.5265684382  
2.094164749  
2.540036464  
1.428840385  
-1.05543997  
-4.129916226  
-6.645111041  
-7.459832611  
-5.839617533  
-1.747864437  
4.070488953  
10.24875663  
15.16099603  
17.38109907  
16.10013727  
11.37455878  
4.129053925  
-4.087413477  
-11.51901035  
-16.66920306  
-18.67904768  
-17.51115273  
-13.89487808  
-9.061647553  
-4.36071471  
-0.8764150988  
0.8402696265  
0.8557276651  
-0.255092442  
-1.658471854  
-2.561505526  
-2.462797769  
-1.280415816  
0.6701661144  
2.823956548  
4.577124815  
5.483189144  
5.37079224  
4.353113942  
2.74032785  
0.8999890569  
-0.875536285  
-2.444349986  
-3.809885842  
-5.046529931  
-6.195352408  
-7.18072537  
-7.789428062  
-7.727804526  
-6.739777383  
-4.741527254  
-1.91783812  
1.26499877  
4.147387795  
6.047630868  
6.46669292  
5.261161969  
2.724664093  
-0.4559834106  
-3.365642816  
-5.104244212  
-5.040368363  
-3.00127152  
0.657526349  
5.126029249  
9.339160595  
12.24868364  
13.09476088  
11.60507802  
8.070075963  
3.276520977  
-1.681386976  
-5.663696412  
-7.753460728  
-7.467967278  
-4.86465067  
-0.5211319883  
4.60118402  
9.374568488  
12.7520968  
13.98921297  
12.79298603  
9.369869656  
4.36589472  
-1.283956119  
-6.56156141  
-10.58051604  
-12.76319022  
-12.94269901  
-11.37016872  
-8.629604096  
-5.484012098  
-2.69187859  
-0.8388814526  
-0.2240376419  
-0.8239688971  
-2.337431103  
-4.291087192  
-6.172406946  
-7.55106857  
-8.1574342  
-7.902875773  
-6.846619265  
-5.130707125  
-2.91291773  
-0.3246388929  
2.532169628  
5.552524554  
8.580247689  
11.37198983  
13.59831163  
14.89306571  
14.94291265  
13.59081809  
10.91764645  
7.268881545  
3.208741639  
-0.5930180763  
-3.513441659  
-5.12486483  
-5.295474342  
-4.211286175  
-2.312941492  
-0.1671391761  
1.68720044  
2.871106426  
3.237709523  
2.86728996  
1.994433811  
0.898853415  
-0.1981531159  
-1.19433251  
-2.105047506  
-3.005375519  
-3.94354873  
-4.865051096  
-5.583250184  
-5.815014487  
-5.274679813  
-3.795977888  
-1.437933961  
1.467410636  
4.350632168  
6.522089875  
7.341362528  
6.390909283  
3.602165696  
-0.7044833694  
-5.879132716  
-11.08487524  
-15.48311282  
-18.41044184  
-19.50093993  
-18.72660951  
-16.35451796  
-12.84321763  
-8.715842212  
-4.448689152  
-0.4028521536  
3.192108428  
6.212696948  
8.597166792  
10.30770233  
11.3167651  
11.62114067  
11.27283676  
10.40701855  
9.247021211  
8.075230427  
7.172435085  
6.742260264  
6.845287863  
7.36709892  
8.034994352  
8.482974716  
8.3489225  
7.377042327  
5.496067743  
2.850481199  
-0.2245062184  
-3.277395479  
-5.843837716  
-7.551543262  
-8.200002593  
-7.796496376  
-6.542330707  
-4.776123837  
-2.890877246  
-1.246258559  
-0.0965827937  
0.4506578321  
0.4390577723  
0.03248558471  
-0.5413147415  
-1.058090101  
-1.359045689  
-1.392230839  
-1.222605844  
-1.006995746  
-0.9386737756  
-1.174815117  
-1.766444495  
-2.612496104  
-3.455891907  
-3.929780858  
-3.64830604  
-2.321720233  
0.1348527534  
3.532483533  
7.405616824  
11.08514327  
13.83584445  
15.0263006  
14.2868001  
11.61069031  
7.368187821  
2.225447371  
-3.010834455  
-7.580868961  
-10.9388014  
-12.85294111  
-13.41350781  
-12.95089247  
-11.89528904  
-10.62606137  
-9.360776428  
-8.118578512  
-6.765887977  
-5.12314618  
-3.089790661  
-0.7381223972  
1.662027557  
3.701066929  
4.95294745  
5.122382043  
4.163863238  
2.328142584  
0.115233029  
-1.855388184  
-3.018462376  
-3.025794108  
-1.846302374  
0.2284168485  
2.674015737  
4.888796519  
6.364350601  
6.818048267  
6.248803192  
4.90480343  
3.181508999  
1.490011674  
0.1422446481  
-0.7110706879  
-1.076586545  
-1.061648899  
-0.7969399922  
-0.375771857  
0.1634114945  
0.8067437606  
1.506296164  
2.128438538  
2.445011785  
2.186880621  
1.151888757  
-0.6688660744  
-2.999599946  
-5.27370812  
-6.739458613  
-6.665175375  
-4.590870174  
-0.5457445921  
4.851328878  
10.46413557  
14.88967504  
16.83305667  
15.50459412  
10.91661651  
3.975311315  
-3.683737966  
-10.0926346  
-13.48299861  
-12.8049945  
-8.078191541  
-0.4586222007  
8.016231547  
14.94908203  
18.23372217  
16.65322196  
10.25129703  
0.3625961951  
-10.71666232  
-20.33248377  
-26.18495741  
-26.94801205  
-22.62122206  
-14.51377885  
-4.866325518  
3.779645293  
9.283266741  
10.47668094  
7.448550482  
1.46513016  
-5.438205773  
-11.0676051  
-13.70091845  
-12.55504012  
-7.96179017  
-1.213972918  
5.858160825  
11.44280857  
14.26454959  
13.91336508  
10.89781341  
6.422921789  
1.976553003  
-1.1384229  
-2.180100725  
-1.142466729  
1.31096978  
4.117366524  
6.189309409  
6.768034842  
5.643847799  
3.182246208  
0.1611030282  
-2.51446461  
-4.116961368  
-4.318576341  
-3.26223884  
-1.46877249  
0.3759758045  
1.671544811  
2.100205039  
1.704708467  
0.8265031058  
-0.06374437062  
-0.5730275267  
-0.5485346904  
-0.133029039  
0.3074725484  
0.3545845551  
-0.2609794505  
-1.508928323  
-3.024373282  
-4.210790887  
-4.451449036  
-3.356568347  
-0.9551971412  
2.245100384  
5.364926609  
7.403026113  
7.554509042  
5.493938512  
1.525869227  
-3.454982275  
-8.191269915  
-11.41389101  
-12.20981534  
-10.29250387  
-6.089753558  
-0.6210279887  
4.797340794  
8.926725191  
10.94467968  
10.64523593  
8.445589521  
5.206854973  
1.935289518  
-0.5345432554  
-1.772830995  
-1.835066725  
-1.175766187  
-0.4375855051  
-0.1974364128  
-0.7607147698  
-2.072254514  
-3.767338618  
-5.334725342  
-6.324434374  
-6.519918084  
-6.010463466  
-5.139187957  
-4.349496455  
-3.990984806  
-4.161012236  
-4.644723463  
-4.979839821  
-4.625924267  
-3.178398286  
-0.54927885  
2.953616521  
6.683008285  
9.831063181  
11.67480557  
11.80774998  
10.28025028  
7.600416694  
4.59241373  
2.155431479  
0.9978949343  
1.428804448  
3.268667681  
5.904140722  
8.466040629  
10.07425168  
10.07628914  
8.212894315  
4.670178293  
0.01374246024  
-4.966095317  
-9.447623191  
-12.75539771  
-14.48054544  
-14.52429147  
-13.06932195  
-10.50089674  
-7.306924858  
-3.982972377  
-0.9585734148  
1.449587278  
3.059949454  
3.828773951  
3.837197807  
3.264195455  
2.346476263  
1.328998625  
0.4144869293  
-0.2755360239  
-0.7156508863  
-0.9602692919  
-1.099645744  
-1.203088399  
-1.272085336  
-1.225538553  
-0.9290482678  
-0.2630833403  
0.7933116502  
2.098134037  
3.335089001  
4.073629712  
3.893212005  
2.537275899  
0.04444610094  
-3.196393722  
-6.501065842  
-9.053884297  
-10.13997083  
-9.375891244  
-6.860460699  
-3.186404846  
0.7049122308  
3.791658807  
5.284110795  
4.881991202  
2.888521893  
0.1352144658  
-2.268034212  
-3.284234505  
-2.291456229  
0.6962933173  
5.005747235  
9.49223737  
12.88325886  
14.16977299  
12.91971253  
9.412045531  
4.547726582  
-0.4330638247  
-4.334406925  
-6.363299184  
-6.347399401  
-4.744123016  
-2.444018713  
-0.4402515928  
0.5203868707  
0.1858264288  
-1.135674758  
-2.710261341  
-3.661806023  
-3.301756732  
-1.389476696  
1.766634537  
5.399963901  
8.534148322  
10.30109735  
10.21866741  
8.334749039  
5.19326627  
1.640148218  
-1.458342455  
-3.485411614  
-4.240763129  
-3.954231591  
-3.151694109  
-2.430699605  
-2.232280385  
-2.691693922  
-3.617475383  
-4.598049983  
-5.187594124  
-5.095093347  
-4.302615391  
-3.06877159  
-1.819289421  
-0.9708585125  
-0.7599171251  
-1.14564601  
-1.827007211  
-2.368926085  
-2.389439491  
-1.73479301  
-0.5721431748  
0.6407554586  
1.303820583  
0.8910941264  
-0.8414093532  
-3.732641773  
-7.225878957  
-10.51218229  
-12.76258241  
-13.37257929  
-12.13823779  
-9.307169563  
-5.490752524  
-1.470824106  
2.032022518  
4.55179068  
5.97263693  
6.503989175  
6.555055245  
6.561289194  
6.827222544  
7.438152954  
8.263314603  
9.037688599  
9.482117687  
9.411623028  
8.792300238  
7.732226655  
6.420434906  
5.048141076  
3.75041357  
2.592921722  
1.604383869  
0.8312310318  
0.378281483  
0.4036951777  
1.057368753  
2.380548798  
4.208508453  
6.126603027  
7.51697402  
7.701898141  
6.151082042  
2.68878031  
-2.3741337  
-8.241748337  
-13.78707792  
-17.8264669  
-19.43839969  
-18.22968603  
-14.46276677  
-8.998537694  
-3.066711807  
2.068829019  
5.448169757  
6.654407741  
5.884043607  
3.834510278  
1.453797105  
-0.3606241494  
-1.014935355  
-0.3479779096  
1.392391761  
3.699399925  
6.015545462  
7.915948318  
9.201137534  
9.875111012  
10.03343238  
9.72335059  
8.848800603  
7.173025283  
4.428604378  
0.495423415  
-4.428439236  
-9.744617021  
-14.51657841  
-17.67998432  
-18.34745866  
-16.11123472  
-11.2367084  
-4.667999152  
2.174990992  
7.758885909  
10.85279373  
10.86913326  
8.02032012  
3.239368991  
-2.11180829  
-6.653751873  
-9.389348768  
-9.966305274  
-8.723252955  
-6.513447518  
-4.37350411  
-3.154029573  
-3.237546349  
-4.434921823  
-6.087057246  
-7.3272124  
-7.405429822  
-5.959085873  
-3.136861566  
0.461234161  
3.998967034  
6.69148825  
8.060657169  
8.069275917  
7.092971305  
5.74885112  
4.651485198  
4.190006164  
4.408046121  
5.025899278  
5.588411924  
5.674290186  
5.080285086  
3.905715913  
2.503806859  
1.320443982  
0.6872951949  
0.6566687088  
0.9514029117  
1.059449747  
0.4454424614  
-1.197728333  
-3.75618928  
-6.645121221  
-8.937500044  
-9.642901734  
-8.049725128  
-4.014116404  
1.910771652  
8.562988161  
14.46383472  
18.23026416  
18.97991122  
16.59875951  
11.78255801  
5.834968352  
0.283826252  
-3.564115359  
-4.990010495  
-4.037799016  
-1.447080839  
1.62695127  
4.009102516  
4.882999808  
4.030481355  
1.858889744  
-0.7834495838  
-2.932516956  
-3.858723743  
-3.321317685  
-1.642932075  
0.416082793  
1.934801623  
2.160919159  
0.7771515668  
-1.986041565  
-5.427773642  
-8.61481689  
-10.6969453  
-11.19127205  
-10.13973372  
-8.088495711  
-5.898832683  
-4.455297541  
-4.370022473  
-5.781008867  
-8.30911597  
-11.18436668  
-13.49641271  
-14.48453095  
-13.77209825  
-11.4716635  
-8.131059761  
-4.543699672  
-1.489206465  
0.5093683802  
1.334123654  
1.282436807  
0.940638572  
0.9669289736  
1.856770086  
3.76686604  
6.452751469  
9.337481241  
11.6873282  
12.83831381  
12.40347799  
10.39910164  
7.254080966  
