-0.4134732525  
-0.0736519552  
0.7415390451  
1.840269214  
2.906557906  
3.627207442  
3.810268025  
3.453177471  
2.73860152  
1.962718566  
1.424643783  
1.318501098  
1.667192233  
2.320561042  
3.016572751  
3.481219491  
3.529323702  
3.128948954  
2.4064325  
1.591424298  
0.9238415614  
0.5587251275  
0.5056349588  
0.6261658384  
0.6912545106  
0.477167045  
-0.1360381228  
-1.101589791  
-2.204276558  
-3.123370226  
-3.539673837  
-3.249144612  
-2.241938663  
-0.7170248708  
0.9749427371  
2.442218695  
3.378092761  
3.658392245  
3.375669334  
2.797534031  
2.263580693  
2.057482417  
2.300152211  
2.902660155  
3.596530676  
4.031203697  
3.904166762  
3.076983706  
1.635114409  
-0.1308788671  
-1.817022901  
-3.038637386  
-3.557268542  
-3.356989224  
-2.643317483  
-1.76587088  
-1.093287972  
-0.8860482585  
-1.213123031  
-1.941858853  
-2.803095091  
-3.505285512  
-3.852998702  
-3.823461481  
-3.570769105  
-3.355155845  
-3.424164686  
-3.892374668  
-4.668830295  
-5.464939636  
-5.885863947  
-5.576096133  
-4.367087508  
-2.370395883  
0.02352531188  
2.248535108  
3.738623116  
4.118868996  
3.345215082  
1.741275024  
-0.08602983471  
-1.428856658  
-1.701092514  
-0.6278843546  
1.661745932  
4.6712053  
7.690119417  
10.01420027  
11.15730758  
10.98481165  
9.725139076  
7.859040213  
5.928946355  
4.33845692  
3.214607923  
2.38230434  
1.45912267  
0.03452797946  
-2.133854832  
-4.981474689  
-8.11025204  
-10.88876055  
-12.64777439  
-12.9042038  
-11.53439671  
-8.833705476  
-5.438138926  
-2.131844298  
0.3953222065  
1.757696939  
1.979246422  
1.458458076  
0.8054583869  
0.6086949186  
1.213266551  
2.589022609  
4.335235012  
5.82078513  
6.411292001  
5.703899535  
3.687368508  
0.7707929055  
-2.330493536  
-4.814053692  
-6.040795888  
-5.732650998  
-4.051986231  
-1.538138703  
1.074867529  
3.095674565  
4.087221858  
3.982877943  
3.071998862  
1.865757604  
0.8949682957  
0.5134820137  
0.7763579372  
1.433572363  
2.038128237  
2.12690764  
1.40775179  
-0.1147464804  
-2.119536759  
-4.062404489  
-5.349725619  
-5.532760509  
-4.456579961  
-2.314411321  
0.4087720284  
3.082199066  
5.114727154  
6.118935641  
6.003234605  
4.967945528  
3.41434192  
1.803472421  
0.5149765322  
-0.2485815872  
-0.4862294108  
-0.3533506073  
-0.07212138977  
0.1640788797  
0.2562601015  
0.2145631367  
0.1230369484  
0.07488513705  
0.1088477253  
0.1749712238  
0.1445596352  
-0.1396181911  
-0.793337892  
-1.829682965  
-3.1317908  
-4.47186232  
-5.571149793  
-6.180470719  
-6.153387601  
-5.487333389  
-4.319910876  
-2.883678171  
-1.436790793  
-0.1939246557  
0.7204470012  
1.284319156  
1.557551918  
1.641537849  
1.637729661  
1.621037974  
1.635249501  
1.706523813  
1.862561345  
2.142782852  
2.589777586  
3.222176397  
3.999751582  
4.798073018  
5.40942038  
5.578372576  
5.067467503  
3.73532563  
1.601978947  
-1.122989247  
-4.063881294  
-6.752508678  
-8.734035553  
-9.675798637  
-9.447669804  
-8.150508618  
-6.084860914  
-3.669912321  
-1.337275119  
0.5695734407  
1.862877612  
2.529678044  
2.702548841  
2.596493843  
2.43485299  
2.387261101  
2.535630932  
2.872762487  
3.327072047  
3.799667615  
4.198739134  
4.460404755  
4.552593246  
4.465798787  
4.199097847  
3.749974927  
3.113189558  
2.288659041  
1.293838461  
0.1740542672  
-0.9947057923  
-2.11267602  
-3.07113288  
-3.770717164  
-4.138395658  
-4.139701857  
-3.785439124  
-3.133718749  
-2.288399067  
-1.393377726  
-0.6201846049  
-0.1455193714  
-0.1172676019  
-0.6122689803  
-1.595333815  
-2.893913281  
-4.203554522  
-5.133737814  
-5.292551072  
-4.394357622  
-2.362445329  
0.6065489414  
4.044367341  
7.29088626  
9.640881696  
10.52380568  
9.667427168  
7.194965749  
3.620323295  
-0.2662027826  
-3.596484578  
-5.654533966  
-6.072004668  
-4.93008793  
-2.734344162  
-0.2661877641  
1.647569059  
2.379832429  
1.689831904  
-0.2051695885  
-2.695081257  
-4.959648172  
-6.2135466  
-5.940347999  
-4.046033366  
-0.8881088598  
2.825326986  
6.233259078  
8.555408323  
9.293171284  
8.342570989  
5.993151006  
2.822198749  
-0.4765183552  
-3.274753349  
-5.150332962  
-5.952436883  
-5.784435993  
-4.922969264  
-3.708314573  
-2.444198612  
-1.33520098  
-0.4721802767  
0.1422391476  
0.5484895662  
0.7883661336  
0.8833611768  
0.8374839345  
2.610919405  
1.616392906  
0.2392622217  
-1.34368772  
-2.832531339  
-3.858592432  
-4.087204074  
-3.338041598  
-1.679028036  
0.547159114  
2.784992865  
4.407294226  
4.896703174  
4.01026028  
1.871116491  
-1.047573574  
-4.046946902  
-6.399086056  
-7.555165374  
-7.299247238  
-5.799370803  
-3.54140853  
-1.169881957  
0.7100349903  
1.704071864  
1.720243626  
0.9559090814  
-0.2067805619  
-1.353627064  
-2.181822952  
-2.58390792  
-2.647190199  
-2.576714824  
-2.578487374  
-2.753085717  
-3.043481215  
-3.257664977  
-3.155841448  
-2.565534343  
-1.47627691  
-0.07302605038  
1.308719138  
2.292214459  
2.593221077  
2.127335901  
1.048622228  
-0.2975330137  
-1.492054999  
-2.187780759  
-2.228931077  
-1.699195145  
-0.879437099  
-0.1301166193  
0.2573903586  
0.1834575507  
-0.2117793769  
-0.5964258478  
-0.5760312064  
0.1426013199  
1.614838179  
3.603272474  
5.630735844  
7.128596287  
7.631806921  
6.952657235  
5.269498746  
3.094148956  
1.122908031  
0.0168949101  
0.1833899341  
1.631637454  
3.95318929  
6.436113575  
8.278127179  
8.83099548  
7.798293631  
5.324302712  
1.947644746  
-1.562962303  
-4.43651034  
-6.11857365  
-6.414764211  
-5.519328683  
-3.927761321  
-2.268499586  
-1.111302493  
-0.8121169921  
-1.437132018  
-2.779507013  
-4.451751821  
-6.015331342  
-7.102961791  
-7.498464113  
-7.158913956  
-6.185610565  
-4.766032506  
-3.1135513  
-1.425247268  
0.1352708473  
1.436543052  
2.373792483  
2.872555068  
2.906104306  
2.519753765  
1.846573666  
1.09817101  
0.5222402991  
0.3326895882  
0.6326325939  
1.358622988  
2.27205624  
3.010118966  
3.18823787  
2.525932786  
0.9560362092  
-1.321363209  
-3.863640438  
-6.087811467  
-7.423240391  
-7.470079046  
-6.115048727  
-3.568591883  
-0.3116997145  
3.030984625  
5.852766368  
7.712623103  
8.427081997  
8.083953754  
6.981412858  
5.518661797  
4.076716781  
2.926126408  
2.18455114  
1.827035108  
1.733366903  
1.746879234  
1.720399706  
1.53614916  
1.10170843  
0.3368338726  
-0.8298508498  
-2.441196357  
-4.469499882  
-6.768005529  
-9.041671005  
-10.86211065  
-11.73900633  
-11.2396075  
-9.126796872  
-5.47262357  
-0.7048773721  
4.440028544  
9.057350443  
12.27718576  
13.47770022  
12.44837623  
9.454669093  
5.182359931  
0.5742853879  
-3.397002908  
-5.959112347  
-6.711313458  
-5.695173829  
-3.351784652  
-0.3849706547  
2.426198801  
4.412800449  
5.153194842  
4.534738694  
2.736902179  
0.1537282244  
-2.714494759  
-5.36950392  
-7.400777611  
-8.538607949  
-8.675705487  
-7.864600372  
-6.298209276  
-4.277213516  
-2.164091314  
-0.3232583722  
0.9488523149  
1.492389046  
1.333174886  
0.6925117044  
-0.05552375895  
-0.478096571  
-0.2096924846  
0.9243809253  
2.827507693  
5.127040035  
7.257445431  
8.615377889  
8.744543142  
7.493330629  
5.091208238  
2.111629881  
-0.676149558  
-2.527212622  
-2.94744773  
-1.854346767  
0.3827181589  
3.041356238  
5.258420064  
6.292226976  
5.752792881  
3.726049567  
0.7504175897  
-2.348921374  
-4.716459063  
-5.731779335  
-5.198488865  
-3.395710515  
-0.97598718  
1.255895936  
2.609302096  
2.730373601  
1.706695404  
0.01944370546  
-1.639987374  
-2.625737672  
-2.577379351  
-1.560323198  
-0.05607999706  
1.197675088  
1.465977489  
0.2882599613  
-2.329633715  
-5.87125074  
-9.433698671  
-11.98560737  
-12.67968721  
-11.12128435  
-7.506790564  
-2.58607295  
2.541648633  
6.736638784  
9.137688357  
9.394259486  
7.742726498  
4.907187862  
1.86015936  
-0.4788934831  
-1.512167953  
-1.117655203  
0.3539723523  
2.231086489  
3.765818687  
4.388409701  
3.887923107  
2.463020484  
0.6310682997  
-0.9690191265  
-1.810495818  
-1.668837866  
-0.7039668734  
0.5924536674  
1.566461595  
1.630986443  
0.4782495613  
-1.795487168  
-4.694933557  
-7.460496362  
-9.290873547  
-9.583800885  
-8.119886949  
-5.133011249  
-1.246951315  
2.700379657  
5.88955888  
7.737869158  
8.038794192  
6.98530913  
5.076980252  
2.946697434  
1.165749609  
0.08897017031  
-0.2150517221  
0.06586154851  
0.5980441352  
1.049005983  
1.217253848  
1.100408711  
0.8808828519  
0.8382964839  
1.223305552  
2.140293719  
3.482290445  
4.942367711  
6.098726194  
6.544909696  
6.021074974  
4.502065424  
2.212823732  
-0.4336123921  
-2.954637084  
-4.93382807  
-6.130134524  
-6.526749145  
-6.307061999  
-5.769696134  
-5.214323573  
-4.838209757  
-4.677756025  
-4.612427313  
-4.426085703  
-3.90139163  
-2.912481197  
-1.483391168  
0.2071454979  
1.874553137  
3.212600703  
3.983544844  
4.084442148  
3.569796713  
2.626677608  
1.514562803  
0.4926143983  
-0.2414647264  
-0.584075384  
-0.525538892  
-0.125336232  
0.5213253883  
1.309534301  
2.134182615  
2.884339322  
3.433038587  
3.636621467  
3.353916089  
2.485631285  
1.022605635  
-0.916761207  
-3.080145073  
-5.117917364  
-6.65963593  
-7.411103476  
-7.241701516  
-6.230902796  
-4.653757938  
-2.904704104  
-1.3808104  
-0.3614782638  
0.07458982361  
0.06501541732  
-0.09587446167  
-0.07332316241  
0.3747939983  
1.295997838  
2.511278289  
3.668604767  
4.366832114  
4.308259237  
3.425167906  
1.93172065  
0.2766882048  
-0.9933173512  
-1.417608002  
-0.7902624539  
0.746481674  
2.721977744  
4.470535981  
5.339609068  
4.906328062  
3.129951472  
0.3862742973  
-2.632252717  
-5.122568333  
-6.418762586  
-6.201526932  
-4.60013279  
-2.151998425  
0.3687423453  
2.199004553  
2.830809443  
2.172452823  
0.5747630316  
-1.285377377  
-2.625457446  
-2.809552392  
-1.550920047  
0.998728195  
4.298670735  
7.587114929  
10.10972519  
11.33361994  
11.08006524  
9.539256176  
7.171575829  
4.537168647  
2.116696085  
0.1843833946  
-1.22865439  
-2.277903587  
-3.187251924  
-4.12135465  
-5.101257174  
-5.996287483  
-6.593329122  
-6.712725404  
-6.320285992  
-5.584838047  
-4.850629204  
-4.526575867  
-4.927741984  
-6.126171717  
-7.869646205  
-9.60692202  
-10.62275947  
-10.24769847  
-8.079183786  
-4.142768103  
1.062411096  
6.655029729  
11.57873169  
14.86744469  
15.89269637  
14.52187964  
11.14337378  
6.554438463  
1.747798042  
-2.339412089  
-5.043468982  
-6.102114392  
-5.666497561  
-4.206280461  
-2.346649046  
-0.690724069  
0.3222409746  
0.4906729044  
-0.1502991781  
-1.387701197  
-2.916500439  
-4.420166396  
-5.624237037  
-6.317320053  
-6.349131606  
-5.623076932  
-4.099240191  
-1.813812219  
1.092015242  
4.350742436  
7.574247553  
10.29884384  
12.06799698  
12.53510239  
11.5574601  
9.25069295  
5.982039412  
2.298563365  
-1.193366083  
-3.964871363  
-5.67918892  
-6.251912059  
-5.841451266  
-4.776063321  
-3.443095661  
-2.176807432  
-1.179371518  
-0.4966502761  
-0.05041112206  
0.2908091717  
0.6325395296  
0.9983849663  
1.318394661  
1.465004149  
1.320875281  
0.8499229735  
0.1406831657  
-0.5993331987  
-1.101390757  
-1.128362421  
-0.5705577104  
0.4916013586  
1.78525752  
2.910946702  
3.460849965  
3.153938654  
1.943695007  
0.05981932775  
-2.035563888  
-3.769766934  
-4.62612249  
-4.305332052  
-2.830524538  
-0.5601507934  
1.899785166  
3.861431703  
4.750971191  
4.276019382  
2.513213952  
-0.1116799223  
-2.9461565  
-5.298997729  
-6.63661239  
-6.727614597  
-5.691838183  
-3.940308847  
-2.027407261  
-0.464445246  
0.4439443213  
0.6870502029  
0.5308186528  
0.4028267298  
0.7191752849  
1.7130247  
3.324762839  
5.193965968  
6.759455156  
7.437232374  
6.81870865  
4.823159735  
1.751684444  
-1.778736388  
-5.00327766  
-7.227664382  
-8.027695924  
-7.366037821  
-5.588946393  
-3.30488948  
-1.185820894  
0.2427267005  
0.7534178389  
0.4617349439  
-0.2485646714  
-0.8900158392  
-1.065745214  
-0.6230399106  
0.2897566021  
1.284425697  
1.89080665  
1.754296242  
0.7994507738  
-0.7040393411  
-2.203758069  
-3.040834199  
-2.683523887  
-0.9378886946  
1.941221049  
5.28495273  
8.18912694  
9.785322861  
9.518921679  
7.342338677  
3.756067587  
-0.3219450058  
-3.822384992  
-5.844626315  
-5.929895314  
-4.200116723  
-1.317025516  
1.726364021  
3.916255637  
4.532184543  
3.365788707  
0.7765371121  
-2.430504933  
-5.262929583  
-6.85104987  
-6.711188597  
-4.881403024  
-1.891944096  
1.413462038  
4.142987601  
5.621785301  
5.574613493  
4.174809461  
1.95402824  
-0.388142205  
-2.206763515  
-3.093715797  
-2.966338005  
-2.044739259  
-0.7380693117  
0.5122490254  
1.375548988  
1.715943861  
1.597897429  
1.223598693  
0.8349217354  
0.6206549287  
0.6615994942  
0.9267113457  
1.311462754  
1.69392886  
1.98052535  
2.122369156  
2.099968006  
1.890673063  
1.442376141  
0.6741795084  
-0.4885955094  
-2.056080601  
-3.918089579  
-5.821386275  
-7.401405044  
-8.269782936  
-8.135515284  
-6.919743759  
-4.820151897  
-2.293649773  
0.04794697441  
1.603891012  
1.962696426  
1.034861838  
-0.9058533464  
-3.290232577  
-5.412376536  
-6.630650544  
-6.547371801  
-5.110647274  
-2.608038929  
0.4417451464  
3.458852649  
5.974296426  
7.746180175  
8.784628716  
9.284366641  
9.497638706  
9.600901364  
9.608988636  
9.370181347  
8.642972195  
7.222323086  
5.06298153  
2.347391977  
-0.5336321452  
-3.085708138  
-4.865601715  
-5.629205216  
-5.416215506  
-4.536747556  
-3.460886547  
-2.648861667  
-2.383195696  
-2.665579062  
-3.219192341  
-3.59916366  
-3.373555373  
-2.309609879  
-0.4953510363  
1.652363626  
3.502782445  
4.414466367  
3.959000143  
2.087665441  
-0.8190572927  
-4.040441778  
-6.717403969  
-8.103309864  
-7.783088431  
-5.79088004  
-2.590915237  
1.06801029  
4.373193024  
6.670415668  
7.618483457  
7.233647164  
5.821956262  
3.83582183  
1.713729457  
-0.2384217333  
-1.887923388  
-3.235534567  
-4.325865898  
-5.156524986  
-5.632029434  
-5.586252995  
-4.864992179  
-3.43133427  
-1.443056493  
0.7406203662  
2.638680012  
3.794347442  
3.937339872  
3.099998806  
1.636806218  
0.1295724655  
-0.7973338717  
-0.6915488526  
0.5585591919  
2.664677293  
5.016340711  
6.874938239  
7.620184425  
6.963672577  
5.052710564  
2.424335011  
-0.1780340215  
-2.063033205  
-2.833844207  
-2.526891282  
-1.594027944  
-0.7307255526  
-0.60866977  
-1.607775952  
-3.645910989  
-6.172801654  
-8.337753888  
-9.278844811  
-8.43584242  
-5.776954667  
-1.85565082  
2.329934299  
5.63522845  
7.129990566  
6.402699534  
3.705918112  
-0.108732331  
-3.848109534  
-6.3460266  
-6.824251728  
-5.130225735  
-1.776521212  
2.227935908  
5.697380896  
7.634830891  
7.527277101  
5.480379805  
2.157454298  
-1.448386604  
-4.328334917  
-5.754789419  
-5.469831757  
-3.715253591  
-1.108932247  
1.578530479  
3.665721074  
4.741884115  
4.737600714  
3.877310141  
2.547587049  
1.139887353  
-0.07227283983  
-0.9827186887  
-1.622926819  
-2.079615319  
-2.404583137  
-2.560530704  
-2.427240249  
-1.863962004  
-0.7979832656  
0.7030362562  
2.411489088  
3.987819401  
5.082315151  
5.453191671  
5.054295521  
4.055446118  
2.783457298  
1.602765375  
0.7793584103  
0.3802002526  
0.2489130946  
0.0706278426  
-0.4950173146  
-1.661066767  
-3.399009121  
-5.409784392  
-7.196986102  
-8.221901791  
-8.088685751  
-6.694513193  
-4.289180733  
-1.418745337  
1.232114535  
3.048439059  
3.674526167  
3.120361185  
1.748341974  
0.1444642295  
-1.082312051  
-1.504181012  
-1.012818478  
0.1544943292  
1.508581025  
2.488449616  
2.665072805  
1.898771632  
0.3967508425  
-1.348133475  
-2.715929552  
-3.161780117  
-2.394622007  
-0.4746386533  
2.200049657  
5.010059891  
7.294515941  
8.53554909  
8.491141371  
7.239868745  
5.131450881  
2.666669863  
0.3496887897  
-1.440672386  
-2.52576598  
-2.934646739  
-2.853504333  
-2.54243439  
-2.249967805  
-2.149800676  
-2.311375723  
-2.702252524  
-3.211378553  
-3.680546637  
-3.935835661  
-3.817522609  
-3.211462948  
-2.084097898  
-0.5172189407  
1.269342551  
2.923746151  
4.010887928  
4.106278633  
2.919758878  
0.4163339936  
-3.107918807  
-7.032298406  
-10.51761202  
-12.69852318  
-12.91666259  
-10.92749987  
-7.012327543  
-1.948274984  
3.170371407  
7.218960972  
9.358015462  
9.281818352  
7.318134032  
4.338865763  
1.499264917  
-0.120693062  
0.1361668981  
2.278767052  
5.641499172  
9.073800764  
11.29389346  
11.30047583  
8.71379717  
3.93560442  
-1.928634813  
-7.368520144  
-10.90203651  
-11.51322663  
-8.960524492  
-3.860599992  
2.479087445  
8.428754238  
12.49437784  
13.72773717  
11.96744937  
7.843962874  
2.555018094  
-2.512184806  
-6.191699778  
-7.85675908  
-7.553262111  
-5.918525352  
-3.923255415  
-2.528026412  
-2.367535417  
-3.560977241  
-5.701337775  
-8.016444099  
-9.63995712  
-9.898776469  
-8.523425692  
-5.718279088  
-2.077596081  
1.615951315  
4.637687486  
6.529846532  
7.208228734  
6.939749498  
6.208423619  
5.523073435  
5.235652309  
5.43084796  
5.919338181  
6.32980948  
6.261542904  
5.441039627  
3.828176409  
1.637784579  
-0.7266784683  
-2.800645994  
-4.201301066  
-4.737513805  
-4.452799595  
-3.591899938  
-2.507848863  
-1.544952194  
-0.9381597906  
-0.7601999037  
-0.9286458285  
-1.263369839  
-1.568400998  
-1.706507927  
-1.640968637  
-1.433818088  
-1.20733936  
-1.08866056  
-1.161724707  
-1.445234447  
-1.902400356  
-2.473916869  
-3.115462718  
-3.819430381  
-4.607948205  
-5.497854646  
-6.452422089  
-7.343212943  
-7.944879544  
-7.974980441  
-7.173893067  
-5.402415336  
-2.72370575  
0.5635476264  
3.961302117  
6.876853208  
8.771713273  
9.31283128  
8.479226809  
6.587155819  
4.219705732  
2.075682375  
0.778509313  
0.7003256305  
1.854274552  
3.889209257  
6.191016591  
8.062575617  
8.929924421  
8.513345679  
6.911820436  
4.574786593  
2.168943091  
0.3794844326  
-0.2949429321  
0.3077045337  
1.962620445  
4.122473947  
6.076799095  
7.158649476  
6.937033199  
5.338532223  
2.66331195  
-0.5074595867  
-3.483387101  
-5.663549504  
-6.702881555  
-6.597968954  
-5.669062297  
-4.446580801  
-3.498686344  
-3.253122104  
-3.866901803  
-5.181761927  
-6.776760487  
-8.100117925  
-8.639311396  
-8.078101657  
-6.394406255  
-3.87162648  
-1.022167211  
1.552455162  
3.323021623  
3.969039464  
3.452959223  
2.014494833  
0.09116239779  
-1.808200925  
-3.238581658  
-3.924513953  
-3.809776209  
-3.042771099  
-1.90866461  
-0.7336706052  
0.2076418629  
0.7556753319  
0.8853984729  
0.6832191459  
0.2953720102  
-0.1307386324  
-0.4914708818  
-0.7450799555  
-0.9013048915  
-0.9914516829  
-1.034451643  
-1.014412088  
-0.8792485926  
-0.5606484404  
-0.006544461446  
0.7879867211  
1.765027843  
2.810970653  
3.785025294  
4.558942561  
5.05290999  
5.253718625  
5.20789255  
4.992394873  
4.674795421  
4.279756004  
3.777118711  
3.098961517  
2.181305844  
1.015228565  
-0.3139616208  
-1.618936098  
-2.643697064  
-3.133049066  
-2.918497236  
-1.991674464  
-0.5368381405  
1.095309049  
2.47186495  
3.199184702  
3.045740404  
2.026212491  
0.4157377012  
-1.316586936  
-2.640176288  
-3.124102931  
-2.577589472  
-1.124029201  
0.8187178551  
2.650494395  
3.762715584  
3.722206175  
2.408165751  
0.05837380619  
-2.791839656  
-5.460837339  
-7.316398863  
-7.955638142  
-7.313475096  
-5.66666073  
-3.533800172  
-1.505186402  
-0.05854093839  
0.5794750888  
0.4822367363  
-0.03057291437  
-0.5276846988  
-0.6329916354  
-0.1650530302  
0.7998643123  
1.962993378  
2.923262346  
3.338424104  
3.067608644  
2.241171951  
1.228652082  
0.5117806029  
0.5043276196  
1.381845177  
2.984203029  
4.831393362  
6.255484831  
6.611271361  
5.498898574  
2.923899953  
-0.6626737797  
-4.464348153  
-7.554459232  
-9.142983947  
-8.812565375  
-6.6489329  
-3.222958992  
0.5719961542  
3.778052864  
5.64650539  
5.842888605  
4.521438682  
2.249075167  
-0.1929306886  
-2.063093942  
-2.886967976  
-2.585858358  
-1.469518921  
-0.1010296077  
0.9159810536  
1.15329967  
0.5039441949  
-0.7898762426  
-2.23309529  
-3.262356617  
-3.453134966  
-2.677013641  
-1.154708788  
0.6132131114  
2.013931385  
2.53082054  
1.921637624  
0.3059997594  
-1.867415887  
-3.9627765  
-5.360592335  
-5.655124369  
-4.780881039  
-3.027768247  
-0.9418540904  
0.8535478711  
1.856487442  
1.839803725  
0.9113330147  
-0.5349378886  
-1.956216163  
-2.837949501  
-2.850891331  
-1.938193154  
-0.308451117  
1.656175847  
3.539317579  
5.025487482  
5.983717382  
6.47349442  
6.676352363  
6.783966952  
6.88913809  
6.924346121  
6.674279063  
5.86058434  
4.269200185  
1.872965961  
-1.098650613  
-4.174461043  
-6.744405834  
-8.223011569  
-8.22364215  
-6.687411118  
-3.922809189  
-0.5392657981  
2.708914241  
5.123174009  
6.246190471  
5.976723026  
4.579926332  
2.591505893  
0.646568748  
-0.7133865543  
-1.196252813  
-0.8315974088  
0.05996214054  
0.9873836393  
1.45948346  
1.150238956  
0.007567824045  
-1.72698045  
-3.591777773  
-5.047064056  
-5.640189484  
-5.14307577  
-3.620860119  
-1.412815106  
0.9663146018  
2.972761018  
4.183154752  
4.403067909  
3.704905124  
2.38769896  
0.874715785  
-0.4177129264  
-1.200205619  
-1.384970495  
-1.096240125  
-0.6177713031  
-0.2969848508  
-0.4365643919  
-1.205708246  
-2.594939949  
-4.423719906  
-6.393992174  
-8.170107677  
-9.459971233  
-10.07470186  
-9.953181123  
-9.150124159  
-7.797571193  
-6.056554123  
-4.076299596  
-1.973116315  
0.1676465832  
2.272338621  
4.25440657  
5.997861011  
7.358613747  
8.186221055  
8.36055706  
7.831691572  
6.649242933  
4.969983095  
3.03896467  
1.147375297  
-0.4226248026  
-1.452092332  
-1.82497185  
-1.544185463  
-0.7218393421  
0.4518729019  
1.751565628  
2.960202213  
3.903872495  
4.472363768  
4.624915719  
4.384215596  
3.823461026  
3.050796906  
2.193633428  
1.383223617  
0.7388380347  
0.351332866  
0.2676478804  
0.4797324474  
0.9224076827  
1.483677269  
2.027871185  
2.42764237  
2.596738337  
2.513510768  
2.226410173  
1.837521296  
1.467084552  
1.208947759  
1.091226809  
1.056388968  
0.9699992887  
0.6585791173  
-0.03272081255  
-1.179538433  
-2.734312147  
-4.514735919  
-6.231446985  
-7.549869633  
-8.170369227  
-7.904610713  
-6.726600742  
-4.784131485  
-2.368053198  
0.1508892405  
2.399050967  
4.069406904  
4.966650539  
5.020313304  
4.26952324  
2.831672092  
0.8704111474  
-1.424826921  
-3.84391473  
-6.151359608  
-8.084533675  
-9.368306043  
-9.753670083  
-9.076973174  
-7.324408131  
-4.678461123  
-1.52300764  
1.607073056  
4.129506211  
5.550569608  
5.597993664  
4.310837003  
2.054144998  
-0.5544583271  
-2.793729613  
-4.026867312  
-3.877559009  
-2.34293278  
0.1922787535  
3.048905413  
5.431517934  
6.643893635  
6.281996351  
4.350041061  
1.266521356  
-2.24166727  
-5.327206947  
-7.239718257  
-7.512587953  
-6.069431442  
-3.224727452  
0.4162358493  
4.125068306  
7.235665693  
9.295886481  
10.14753063  
9.920159392  
8.950103564  
7.656141349  
6.41233183  
5.454437958  
4.84190337  
4.477909798  
4.172279842  
3.721273522  
2.977361039  
1.889679177  
0.5087823672  
-1.038032182  
-2.586145284  
-3.971593481  
-5.056311303  
-5.737721884  
-5.947888953  
-5.651667229  
-4.851995167  
-3.604500624  
-2.035695722  
-0.3530510817  
1.165729582  
2.21170292  
2.509300751  
1.892480795  
0.3700143481  
-1.843943703  
-4.350859471  
-6.643202198  
-8.219901944  
-8.713164445  
-7.990996634  
-6.203686618  
-3.756650235  
-1.212640063  
0.8525195718  
2.001730914  
2.05319562  
1.128015196  
-0.3855925814  
-1.941779014  
-2.989039802  
-3.121104303  
-2.183816818  
-0.3085781545  
2.134824257  
4.649179589  
6.749302759  
8.0875046  
8.528720505  
8.156228108  
7.211517036  
5.992757146  
4.748420124  
3.602455987  
2.535096179  
1.423216848  
0.1230604954  
-1.436877309  
-3.188735998  
-4.911093943  
-6.276429085  
-6.947086562  
-6.688801403  
-5.463152814  
-3.465677313  
-1.093246875  
1.152823805  
2.800022703  
3.533678192  
3.281619779  
2.22780579  
0.7507539685  
-0.6935662073  
-1.707167467  
-2.061302788  
-1.749704148  
-0.9695887991  
-0.04023489617  
0.7108802929  
1.054776386  
0.9250413958  
0.4201073077  
-0.2528399469  
-0.8681099634  
-1.270024495  
-1.425505105  
-1.421051323  
-1.406296111  
-1.507738204  
-1.749037958  
-2.013289523  
-2.067987211  
-1.649633885  
-0.5808028037  
1.123204898  
3.201723817  
5.178283236  
6.473517474  
6.572824637  
5.198049181  
2.42647287  
-1.286778733  
-5.198130841  
-8.456640188  
-10.3261762  
-10.38289995  
-8.627941508  
-5.480393195  
-1.652771879  
2.052281695  
4.960820508  
6.694887904  
7.23902015  
6.890407335  
6.115430938  
5.365272462  
4.915104628  
4.781167955  
4.741545643  
4.449622237  
3.596712814  
2.063341061  
0.002822204757  
-2.1753185  
-3.919481331  
-4.710771067  
-4.239872255  
-2.525872679  
0.06436124488  
2.904925452  
5.280983671  
6.587266102  
6.493560992  
5.02753708  
2.552744055  
-0.3468680633  
-3.036100884  
-4.997610715  
-5.951248363  
-5.893734117  
-5.056553354  
-3.805736981  
-2.522591517  
-1.504917018  
-0.9152047194  
-0.7817239761  
-1.038523783  
-1.578599628  
-2.294516515  
-3.091515609  
-3.874285239  
-4.52287677  
-4.879575897  
-4.764029555  
-4.020579406  
-2.585050408  
-0.5453353684  
1.832879811  
4.135238222  
5.884455222  
6.663333461  
6.239503797  
4.65145215  
2.224509824  
-0.4940559086  
-2.866408188  
-4.325991347  
-4.523569821  
-3.415506475  
-1.269991506  
1.408157213  
4.009692829  
5.9705369  
6.897280377  
6.637999739  
5.287029784  
3.13269354  
0.5717050433  
-1.981281506  
-4.1658122  
-5.718160116  
-6.485883403  
-6.424641531  
-5.589065869  
-4.124447803  
-2.257998023  
-0.2821194587  
1.478654935  
2.719676041  
3.219757836  
2.899349861  
1.852174846  
0.3337315908  
-1.297256734  
-2.671547452  
-3.508944768  
-3.691627695  
-3.284505005  
-2.493095921  
-1.572148  
-0.7177034943  
0.0159072896  
0.7394258691  
1.678284509  
3.062420954  
4.995224482  
7.352810219  
9.758482918  
11.65319721  
12.44871607  
11.71788488  
9.358207741  
5.668516072  
1.304020162  
-2.885067087  
-6.085662735  
-7.752152026  
-7.759595699  
-6.427701983  
-4.405730315  
-2.455453033  
-1.204519665  
-0.9533497513  
-1.60046701  
-2.709945538  
-3.694546911  
-4.046934203  
-3.534122604  
-2.283583167  
-0.7289809173  
0.5646098063  
1.130617386  
0.7984932625  
-0.2189921554  
-1.387274571  
-2.044157606  
-1.659448608  
-0.06491775944  
2.434613412  
5.11909455  
7.070715476  
7.482965431  
5.956276782  
2.674245697  
-1.608881112  
-5.77589398  
-8.688320432  
-9.55201253  
-8.184063871  
-5.087862097  
-1.305241196  
1.911012609  
3.499801996  
2.937997204  
0.4157092011  
-3.218569379  
-6.726388929  
-8.874385578  
-8.827492817  
-6.41321556  
-2.173277755  
2.810470747  
7.255342017  
10.06942473  
10.6690064  
9.123703495  
6.091126109  
2.57319627  
-0.41698071  
-2.164310014  
-2.438131965  
-1.504193768  
0.02753092482  
1.453934183  
2.234320218  
2.161256407  
1.393805253  
0.352936094  
-0.4714842808  
-0.723755397  
-0.3183202479  
0.539019912  
1.446656817  
1.977136857  
1.852484892  
1.056241991  
-0.1600957731  
-1.376763768  
-2.171063194  
-2.283042733  
-1.716754552  
-0.7376578161  
0.2330592586  
0.7865129687  
0.6915017597  
-0.007485820954  
-0.9994101237  
-1.822321927  
-2.044207285  
-1.441797486  
-0.1089079244  
1.550074349  
2.944794033  
3.501698368  
2.87526699  
1.092567466  
-1.422867313  
-3.961257506  
-5.738466651  
-6.141842741  
-4.92976075  
-2.319229414  
1.067614769  
4.381260813  
6.790142577  
7.716215878  
6.988545629  
4.870942164  
1.961094023  
-1.000839089  
-3.349943975  
-4.67207868  
-4.88675301  
-4.22007103  
-3.086818484  
-1.928493631  
-1.064243682  
-0.602624963  
-0.4378014472  
-0.3237028821  
0.006029154216  
0.7175895433  
1.798408542  
3.046168757  
4.127175739  
4.68285824  
4.448508476  
3.345889101  
1.520969107  
-0.6843035164  
-2.81739458  
-4.432954502  
-5.210028269  
-5.037152872  
-4.043080877  
-2.565371976  
-1.064517817  
-0.00434505984  
0.2725606783  
-0.3560143716  
-1.743763271  
-3.493672243  
-5.042278152  
-5.794991324  
-5.283178315  
-3.305121356  
-0.01284122378  
4.083677321  
8.204792281  
11.46843854  
13.09976299  
12.63136253  
10.03984928  
5.777464347  
0.6834052926  
-4.20773575  
-7.913128234  
-9.739139452  
-9.444091057  
-7.280999394  
-3.90886007  
-0.1991641682  
3.004863688  
5.105305491  
5.880227106  
5.493208945  
4.385521344  
3.091832584  
2.043587774  
1.426375035  
1.137673868  
0.8563879257  
0.1968973163  
-1.108683886  
-3.066318047  
-5.367525127  
-7.451311304  
-8.66455136  
-8.471115342  
-6.642616565  
-3.368055538  
0.7556605335  
4.853552491  
7.98720488  
9.393369164  
8.679497697  
5.923312219  
1.652423316  
-3.285650778  
-7.923800862  
-11.39124506  
-13.09144448  
-12.80398742  
-10.69597746  
-7.252221024  
-3.150656048  
0.8833287839  
4.212559049  
6.391335285  
7.22475138  
6.781566501  
5.364030181  
3.441338182  
1.555863251  
0.2146783002  
-0.2167722432  
0.4018257002  
1.945913417  
4.045454501  
6.166579694  
7.741984209  
8.32032886  
7.694857628  
5.97251402  
3.558394967  
1.053812972  
-0.9073732787  
-1.838597998  
-1.543268787  
-0.1757921972  
1.799733814  
3.742533726  
5.020209634  
5.189459916  
4.117378152  
2.007537975  
-0.6740435869  
-3.345905565  
-5.481436626  
-6.747554433  
-7.070254118  
-6.612457323  
-5.680391929  
-4.598301176  
-3.599347012  
-2.770933343  
-2.069204286  
-1.389542831  
-0.6581403035  
0.09763675906  
0.7326543929  
1.030849045  
0.7981048475  
-0.03666886821  
-1.355918994  
-2.855148423  
-4.118833663  
-4.748418566  
-4.498368912  
-3.37036423  
-1.62840294  
0.2749627455  
1.839018597  
2.674603101  
2.627541765  
1.822061729  
0.6085321387  
-0.5657752646  
-1.316204234  
-1.452705747  
-1.036365703  
-0.3404187062  
0.2688828173  
0.4859867904  
0.195276179  
-0.4747654579  
-1.195481062  
-1.566105362  
-1.279530966  
-0.2631367366  
1.261046237  
2.824922254  
3.860650679  
3.897350815  
2.740395998  
0.5687086636  
-2.088239748  
-4.49172463  
-5.910733012  
-5.845582237  
-4.185877543  
-1.251711189  
2.294726763  
5.638005635  
8.038001165  
9.02687051  
8.516278127  
6.788414661  
4.382864373  
1.923357159  
-0.05653677425  
-1.235751364  
-1.546315087  
-1.133427343  
-0.2631647275  
0.7804587421  
1.770969829  
2.567055207  
3.095460553  
3.311609995  
3.167705724  
