-4.982611643  
-7.037532227  
-8.202219639  
-8.112369711  
-6.703470541  
-4.262772731  
-1.377507046  
1.209559537  
2.797522168  
2.92154335  
1.488140944  
-1.187168625  
-4.450755694  
-7.47084896  
-9.443421094  
-9.789989056  
-8.297665025  
-5.168927235  
-0.9730794761  
3.484385592  
7.339961858  
9.855281029  
10.56521404  
9.362083192  
6.503142358  
2.544985192  
-1.777521329  
-5.701205929  
-8.583263451  
-10.02016424  
-9.914706067  
-8.478969234  
-6.173303251  
-3.594255006  
-1.335547666  
0.1469839442  
0.6352475366  
0.1895432019  
-0.8801147199  
-2.104662996  
-2.984748402  
-3.123120945  
-2.325014697  
-0.6400816714  
1.6632792  
4.18035686  
6.481913185  
8.220359808  
9.199317046  
9.389626171  
8.89421364  
7.881673808  
6.517993361  
4.923762252  
3.171544848  
1.319645829  
-0.5382396001  
-2.236356087  
-3.538055624  
-4.184345879  
-3.978400989  
-2.876104308  
-1.044827126  
1.140676193  
3.175981899  
4.561905694  
4.956073265  
4.289344695  
2.80224982  
0.9809854137  
-0.593190864  
-1.435205998  
-1.32398277  
-0.3864697516  
0.9367161553  
2.038651756  
2.360493414  
1.600220184  
-0.1591179073  
-2.452104673  
-4.571130825  
-5.802025908  
-5.676828005  
-4.155108602  
-1.665888771  
1.012123826  
2.998436342  
3.606754955  
2.588410426  
0.2364428726  
-2.691715277  
-5.213942736  
-6.449601267  
-5.923800813  
-3.745130994  
-0.5921878059  
2.492468244  
4.436926636  
4.494012498  
2.496900725  
-1.070621314  
-5.215195852  
-8.741762549  
-10.62785558  
-10.34153883  
-7.999165604  
-4.313064221  
-0.3494887241  
2.819885767  
4.45580606  
4.367642545  
2.940598636  
0.9720867436  
-0.62013722  
-1.11425552  
-0.2170092101  
1.862245567  
4.512854215  
6.9546389  
8.511568211  
8.828419409  
7.956995062  
6.289575384  
4.374648229  
2.692289113  
1.478544908  
0.6659400401  
-0.04041912551  
-0.9861704124  
-2.36615914  
-4.084749413  
-5.741649074  
-6.758060533  
-6.601634114  
-5.026353373  
-2.231746766  
1.129710244  
4.115222857  
5.779962594  
5.497126577  
3.198128221  
-0.556843114  
-4.712793687  
-8.023784906  
-9.432249349  
-8.400438735  
-5.08384054  
-0.287445547  
4.782053113  
8.886776807  
11.12866993  
11.19955953  
9.431016916  
6.633748498  
3.787964216  
1.695830657  
0.7175493151  
0.680700391  
0.9896686169  
0.8906427546  
-0.2070485789  
-2.471495662  
-5.545938362  
-8.642277906  
-10.79906941  
-11.2141203  
-9.535236256  
-6.006921722  
-1.420956958  
3.113612178  
6.503791248  
7.997784758  
7.395185661  
5.076610891  
1.84990441  
-1.328171844  
-3.656229265  
-4.715858495  
-4.551480719  
-3.586349922  
-2.416826384  
-1.567696811  
-1.300403483  
-1.541654473  
-1.951697208  
-2.098206157  
-1.66269907  
-0.5960057369  
0.8394483337  
2.158220816  
2.838113537  
2.532880619  
1.228974156  
-0.7161926664  
-2.673507999  
-3.947065693  
-4.01300713  
-2.707039219  
-0.2925504161  
2.616492163  
5.252063185  
6.939705116  
7.311076806  
6.408243958  
4.645744767  
2.647356636  
1.018915021  
0.1401197937  
0.04974012911  
0.463066315  
0.9111968446  
0.9468020904  
0.3368259353  
-0.8320141108  
-2.176127445  
-3.159179732  
-3.304241509  
-2.394095267  
-0.5824731567  
1.629641042  
3.549619369  
4.528812341  
4.195349692  
2.599660749  
0.2171855329  
-2.197783255  
-3.860432112  
-4.222015841  
-3.162397854  
-1.040233601  
1.419337036  
3.363732226  
4.098808273  
3.324662651  
1.240688247  
-1.51677566  
-4.084158429  
-5.657587874  
-5.760722695  
-4.403628557  
-2.07963255  
0.3983186288  
2.166705749  
2.596199103  
1.498175924  
-0.8136928046  
-3.624639485  
-6.046751356  
-7.297046652  
-6.934873399  
-4.984054255  
-1.905632016  
1.562849155  
4.642655535  
6.743586394  
7.614216628  
7.369622179  
6.397244362  
5.182876458  
4.123317921  
3.392755069  
2.906935489  
2.391830873  
1.525487584  
0.09636127682  
-1.882723514  
-4.148043014  
-6.256028889  
-7.72631544  
-8.205075549  
-7.589827071  
-6.070701443  
-4.072803388  
-2.119087531  
-0.660863214  
0.06595321378  
0.1098848359  
-0.2247174204  
-0.4934081169  
-0.2744504927  
0.6768147614  
2.333941213  
4.396672073  
6.379549369  
7.761622825  
8.147557807  
7.388051892  
5.622200311  
3.231082659  
0.7209041595  
-1.424179491  
-2.871760081  
-3.514011246  
-3.465199089  
-2.991179219  
-2.400014361  
-1.933473087  
-1.695819779  
-1.640705042  
-1.615300775  
-6.371876835  
-6.148022251  
-4.929380153  
-2.805059531  
-0.08550863168  
2.757897896  
5.195728239  
6.761638109  
7.162078291  
6.346764264  
4.52145995  
2.099245435  
-0.3974744142  
-2.458723894  
-3.700715914  
-3.942334466  
-3.225957545  
-1.780467749  
0.05913358059  
1.948946995  
3.620159812  
4.925532172  
5.837796567  
6.406018088  
6.690403069  
6.702989938  
6.379007398  
5.591940756  
4.208664108  
2.165075801  
-0.4667127026  
-3.447961777  
-6.396870248  
-8.865409791  
-10.44974745  
-10.90125338  
-10.20219442  
-8.579393343  
-6.447749448  
-4.29772555  
-2.559487273  
-1.484977803  
-1.08462982  
-1.138916278  
-1.281507225  
-1.128011248  
-0.4095895131  
0.9310785754  
2.712107217  
4.561928905  
6.030398074  
6.726316729  
6.438139282  
5.200339393  
3.285599237  
1.126640704  
-0.8065207518  
-2.134916424  
-2.665235097  
-2.423622008  
-1.622083998  
-0.57270885  
0.4191583404  
1.146697006  
1.549403916  
1.704524596  
1.769719751  
1.901050264  
2.178039952  
2.563770907  
2.914587459  
3.035629586  
2.761655287  
2.033126257  
0.9386857057  
-0.2936294855  
-1.356563467  
-1.957427984  
-1.915567824  
-1.231145355  
-0.1011843735  
1.124973939  
2.039542252  
2.29256871  
1.696192188  
0.2856508618  
-1.681517634  
-3.78839291  
-5.565842575  
-6.613460833  
-6.700329113  
-5.818211136  
-4.174033465  
-2.126109999  
-0.08423040096  
1.596976829  
2.701504679  
3.190375476  
3.18704179  
2.917341275  
2.624290286  
2.484293899  
2.549875036  
2.735395042  
2.849152523  
2.661551415  
1.988604383  
0.76555787  
-0.9117659695  
-2.791326394  
-4.515494065  
-5.705573153  
-6.058150114  
-5.427519868  
-3.871747376  
-1.649319699  
0.8336395575  
3.112585534  
4.767605068  
5.5143227  
5.26025049  
4.113799498  
2.346077598  
0.3180275308  
-1.606037152  
-3.13522849  
-4.100582074  
-4.466257558  
-4.306242168  
-3.759164474  
-2.979007041  
-2.098177669  
-1.212667427  
-0.3891806091  
0.3149171772  
0.8330193927  
1.085246879  
0.9954270498  
0.5255082381  
-0.2855360032  
-1.296277936  
-2.267004497  
-2.900830175  
-2.916140392  
-2.131860581  
-0.5391268466  
1.666568053  
4.109109613  
6.31133406  
7.812366227  
8.290803244  
7.657210987  
6.086328523  
3.976135118  
1.84287964  
0.181176225  
-0.6699791862  
-0.615235781  
0.1816415396  
1.359311156  
2.477936264  
3.158292059  
3.1970699  
2.622199158  
1.67126086  
0.7007541345  
0.05627403697  
-0.05374598081  
0.360861502  
1.063192858  
1.656841434  
1.709517653  
0.8946122118  
-0.8932166805  
-3.484393142  
-6.459701201  
-9.247734925  
-11.26656764  
-12.06948993  
-11.45479513  
-9.511359846  
-6.590994357  
-3.219180361  
0.02866443947  
2.651443639  
4.316736976  
4.906192948  
4.508029231  
3.366698583  
1.808846895  
0.1669445543  
-1.281820945  
-2.351512978  
-2.956778629  
-3.10071249  
-2.849813492  
-2.304813117  
-1.574314442  
-0.7554479539  
0.07656673086  
0.869823263  
1.589280651  
2.205059896  
2.679632819  
2.959378288  
2.976149906  
2.662604833  
1.980723786  
0.9571268195  
-0.2866475773  
-1.523494294  
-2.441957006  
-2.703876277  
-2.031180822  
-0.3021270206  
2.371355524  
5.614213143  
8.826825053  
11.29414314  
12.34658078  
11.53490576  
8.771632236  
4.395159367  
-0.8695332852  
-6.052507569  
-10.15240235  
-12.36909614  
-12.29459897  
-10.01056447  
-6.06553321  
-1.337887723  
3.177981436  
6.604421938  
8.370855875  
8.314872528  
6.674602759  
3.984498195  
0.9125191156  
-1.910705981  
-4.023871866  
-5.198909656  
-5.432163283  
-4.881146158  
-3.7789779  
-2.359479773  
-0.8150342161  
0.7081096378  
2.089069882  
3.207464172  
3.934841826  
4.152401203  
3.790103338  
2.86958506  
1.528240401  
0.007122456138  
-1.401012389  
-2.430443632  
-2.921964792  
-2.873592087  
-2.441031783  
-1.883675485  
-1.472159712  
-1.389084251  
-1.659103935  
-2.135881654  
-2.553822279  
-2.628967961  
-2.174384641  
-1.188202604  
0.1198129485  
1.376779841  
2.157703239  
2.12375154  
1.141686946  
-0.6565064206  
-2.895298641  
-5.052817474  
-6.602603848  
-7.154453328  
-6.550378895  
-4.888357543  
-2.472082315  
0.2898790641  
2.996745426  
5.340687315  
7.139563015  
8.315399655  
8.839487818  
8.678041721  
7.770664241  
6.057695481  
3.548391141  
0.3997116699  
-3.035391155  
-6.225134871  
-8.554482284  
-9.481493117  
-8.709081261  
-6.313085158  
-2.77444034  
1.109647373  
4.421575776  
6.374357713  
6.542546408  
4.998574288  
2.305823483  
-0.6365574548  
-2.854706851  
-3.589168366  
-2.523251903  
0.1206245809  
3.646933119  
7.094556567  
9.520611958  
10.27216506  
9.163008946  
6.50490909  
2.99034277  
-0.5291517573  
-3.294110828  
-4.837861116  
-5.078552951  
-4.283900858  
-2.933398154  
-1.534836426  
-0.4621104814  
0.1326918931  
0.3117768718  
0.2646700504  
0.1862555406  
0.174048938  
0.1869418479  
0.07961018673  
-0.3061357097  
-1.036252136  
-2.015380393  
-2.989384472  
-3.62576869  
-3.645055244  
-2.952415088  
-1.714102165  
-0.3404363492  
0.6295271151  
0.7089055221  
-0.3510748486  
-2.437748496  
-5.066499493  
-7.496755622  
-8.944625451  
-8.82720534  
-6.959434493  
-3.63690867  
0.4264141866  
4.289909543  
7.049366866  
8.090010521  
7.251438918  
4.855414128  
1.592067178  
-1.694783394  
-4.251959321  
-5.613578127  
-5.692294621  
-4.74516076  
-3.23665138  
-1.653856277  
-0.3408086082  
0.5929784478  
1.264894859  
1.924842651  
2.81693205  
4.053531804  
5.550151637  
7.044393236  
8.189461366  
8.684601446  
8.391675835  
7.393107668  
5.96901037  
4.501660348  
3.342395495  
2.689564831  
2.521880328  
2.611080885  
2.60914933  
2.178739085  
1.120597519  
-0.5465634609  
-2.580870332  
-4.587591949  
-6.139891592  
-6.908751492  
-6.759324794  
-5.784196597  
-4.266563475  
-2.589775305  
-1.126003302  
-0.1405983274  
0.2601009617  
0.1272929186  
-0.3765571006  
-1.046097427  
-1.696975168  
-2.204765689  
-2.511585682  
-2.607023219  
-2.49941659  
-2.194844756  
-1.694724556  
-1.011787608  
-0.1938723619  
0.6602493649  
1.406248166  
1.885050691  
1.971359152  
1.622681845  
0.9086366887  
0.005630119857  
-0.8460905169  
-1.411953008  
-1.537126006  
-1.199875039  
-0.5247600826  
0.2506617351  
0.8462234442  
1.024540068  
0.6641573924  
-0.2024006799  
-1.396703552  
-2.644269071  
-3.648849933  
-4.167366522  
-4.063774125  
-3.329328676  
-2.069068146  
-0.4650951657  
1.267502594  
2.917792078  
4.30177156  
5.271978236  
5.721428972  
5.590452692  
4.880600692  
3.67221579  
2.135399253  
0.5217805202  
-0.8711683056  
-1.76170981  
-1.957762177  
-1.420748644  
-0.2954485499  
1.110400485  
2.397780296  
3.182680831  
3.206490147  
2.415589647  
0.9828308907  
-0.7388023596  
-2.317949886  
-3.370818229  
-3.6712469  
-3.209629173  
-2.182463866  
-0.9178337172  
0.2361315711  
1.020585388  
1.335728949  
1.248938268  
0.9422537374  
0.6226431928  
0.4317788397  
0.3913260903  
0.4050813037  
0.316313291  
-0.004022474164  
-0.5758787874  
-1.271929131  
-1.842993832  
-2.002524542  
-1.541072808  
-0.4271384642  
1.147482947  
2.801615287  
4.073069843  
4.567960116  
4.099512903  
2.765052522  
0.929080166  
-0.8873990294  
-2.177030674  
-2.618030101  
-2.18640256  
-1.165366897  
-0.04387021821  
0.6642273447  
0.6183428653  
-0.2049638291  
-1.478613075  
-2.621895666  
-3.001991714  
-2.175469105  
-0.0867171848  
2.85039854  
5.826005655  
7.850843443  
8.055116164  
5.977692362  
1.75177451  
-3.878249475  
-9.723201357  
-14.45605401  
-16.97168304  
-16.69311794  
-13.73256651  
-8.858408502  
-3.277756115  
1.7006208  
5.023019927  
6.162920453  
5.23169446  
2.901210417  
0.1685928814  
-1.960498599  
-2.772212841  
-2.039469124  
-0.05804891295  
2.479413168  
4.725545566  
5.957297032  
5.804920564  
4.3627474  
2.152169566  
-0.04685561248  
-1.440478677  
-1.465695736  
0.03827827435  
2.781006393  
6.105459974  
9.177884958  
11.22484274  
11.74754417  
10.65244729  
8.263087301  
5.213047366  
2.253928459  
0.03536608215  
-1.079335697  
-1.10984272  
-0.4412468365  
0.3014391296  
0.4502743696  
-0.4935363776  
-2.693021456  
-5.902241784  
-9.508704473  
-12.68168314  
-14.58733396  
-14.61262869  
-12.53719197  
-8.605647574  
-3.480027075  
1.915697546  
6.617477802  
9.849979571  
11.2014164  
10.69906103  
8.768236329  
6.090191405  
3.402043992  
1.296869221  
0.07982486131  
-0.2820766951  
-0.1076987804  
0.1315079736  
-0.01861849828  
-0.8415870907  
-2.358967866  
-4.325664624  
-6.308742994  
-7.821581773  
-8.469826084  
-8.064486591  
-6.670279577  
-4.5788186  
-2.219758299  
-0.04047532936  
1.608265274  
2.548467061  
2.79527103  
2.522325698  
1.989020493  
1.455349164  
1.110103243  
1.030265397  
1.177595424  
1.426953975  
1.613428607  
1.583317526  
1.236756933  
0.5548940663  
-0.3905855806  
-1.444807718  
-2.392332715  
-2.993437782  
-3.031606463  
-2.366981276  
-0.9860893119  
0.9658229712  
3.184328319  
5.247188574  
6.697155386  
7.152052605  
6.415257474  
4.553237966  
1.910660154  
-0.9515865808  
-3.38756001  
-4.835232269  
-4.975711672  
-3.832841111  
-1.777543109  
0.5712641015  
2.524573746  
3.528277873  
3.331684672  
2.06456263  
0.1952916402  
-1.619401199  
-2.746467591  
-2.781951332  
-1.682098928  
0.2238935297  
2.344336959  
4.021881311  
4.750217159  
4.336943197  
2.957309417  
1.081345138  
-0.6987919547  
-1.879262197  
-2.21750668  
-1.805894326  
-1.020178647  
-0.3624850563  
-0.2573970872  
-0.8777548493  
-2.066681331  
-3.387676538  
-4.287230848  
-4.311690498  
-3.297805589  
-1.463282682  
0.6419399523  
2.312812962  
2.935976652  
2.219321081  
0.3199770502  
-2.180390715  
-4.451257304  
-5.684155624  
-5.367368038  
-3.468738707  
-0.4605474041  
2.825886197  
5.469027246  
6.758688525  
6.427032751  
4.729096622  
2.344731286  
0.1358616612  
-1.156369122  
-1.168827638  
-0.03814713946  
1.655258882  
3.100739425  
3.552822536  
2.604129872  
0.3395691507  
-2.68233665  
-5.61398783  
-7.603793101  
-8.081442317  
-6.943842079  
-4.578099306  
-1.716164088  
0.8247427122  
2.422202141  
2.849720968  
2.329332315  
1.420505762  
0.7893066773  
0.9443910965  
2.037069467  
3.79821477  
5.633971006  
6.844046384  
6.88181294  
5.560656924  
3.131217658  
0.2015800682  
-2.470055212  
-4.234551619  
-4.768765781  
-4.172331641  
-2.910804706  
-1.628175546  
-0.8994792522  
-1.01566678  
-1.880459912  
-3.057049762  
-3.946638897  
-4.031638422  
-3.091681461  
-1.309848802  
0.7737235527  
2.44767619  
3.089651654  
2.407068597  
0.5694406509  
-1.819558798  
-3.905867024  
-4.864754251  
-4.181742686  
-1.83818989  
1.663199957  
5.44315368  
8.513322748  
10.07769798  
9.768734406  
7.742551404  
4.606317781  
1.207657607  
-1.639139555  
-3.397266283  
-3.943234689  
-3.556149384  
-2.773836488  
-2.173884604  
-2.16007126  
-2.827907121  
-3.951104152  
-5.085733741  
-5.747513337  
-5.594295997  
-4.547889165  
-2.814843205  
-0.8044117384  
1.020947358  
2.304740934  
2.907168488  
2.930172519  
2.652808913  
2.406111215  
2.437250884  
2.814272001  
3.405141169  
3.935755516  
4.102084197  
3.69270289  
2.675911255  
1.22052878  
-0.3551194548  
-1.685376383  
-2.472722107  
-2.576063366  
-2.043654586  
-1.08389437  
0.01047970521  
0.9544754442  
1.546562169  
1.705215947  
1.460810056  
0.9148118437  
0.1889005246  
-0.613011704  
-1.416300006  
-2.161361457  
-2.777087913  
-3.16144823  
-3.18490428  
-2.721309303  
-1.697069213  
-0.1391331722  
1.799838935  
3.853594122  
5.692373521  
6.996945306  
7.532801754  
7.200243419  
6.045033463  
4.229204617  
1.976385761  
-0.485387394  
-2.961588707  
-5.298416526  
-7.36309842  
-9.014445082  
-10.08636189  
-10.4018837  
-9.820987808  
-8.307883251  
-5.990019653  
-3.178326779  
-0.3285862412  
2.055618735  
3.554275619  
3.955420478  
3.328065761  
2.012401537  
0.522434542  
-0.6128268028  
-1.019681716  
-0.6039141906  
0.4162771061  
1.584232063  
2.364663588  
2.337338751  
1.358561151  
-0.3669210283  
-2.331827921  
-3.878453014  
-4.408476219  
-3.581217796  
-1.43391972  
1.616558135  
4.891464474  
7.648038805  
9.29217591  
9.537098606  
8.45960404  
6.441935053  
4.026518325  
1.738913166  
-0.05862141284  
-1.236109559  
-1.872445082  
-2.160129657  
-2.284565335  
-2.330746652  
-2.255410955  
-1.933051563  
-1.25163704  
-0.2117916624  
1.019535878  
2.13170054  
2.768014351  
2.663956741  
1.770681857  
0.309364674  
-1.274775921  
-2.452188527  
-2.797720282  
-2.160138479  
-0.7455445862  
0.9250533351  
2.179391179  
2.428406911  
1.391066675  
-0.7731967186  
-3.479127748  
-5.882601361  
-7.150828557  
-6.747395032  
-4.633769296  
-1.313420773  
2.303950106  
5.179482984  
6.475171038  
5.827919675  
3.475015272  
0.1866088416  
-2.97509391  
-4.99224674  
-5.213671233  
-3.558211645  
-0.5344001535  
2.926919553  
5.768791311  
7.134184627  
6.616269419  
4.356339042  
0.9664511761  
-2.687141121  
-5.75964165  
-7.668074157  
-8.220891212  
-7.605335623  
-6.253183297  
-4.646708325  
-3.142604117  
-1.877829462  
-0.7842997648  
0.3057093843  
1.51727815  
2.820276322  
3.99863717  
4.718071776  
4.666549054  
3.709642399  
1.993511196  
-0.05402065613  
-1.835582593  
-2.776507296  
-2.530543785  
-1.122967243  
1.026186422  
3.214954754  
4.676124889  
4.827270964  
3.469679906  
0.8675918294  
-2.320701066  
-5.237924655  
-7.08452435  
-7.352530637  
-5.961784773  
-3.258935281  
0.1126349101  
3.420763334  
6.056036562  
7.676880348  
8.24715874  
7.967322177  
7.138911747  
6.023594871  
4.754210726  
3.329178008  
1.68404817  
-0.1997459887  
-2.204965909  
-4.055707093  
-5.38091524  
-5.845342007  
-5.296892574  
-3.866943238  
-1.973487848  
-0.2121576653  
0.8359014116  
0.8142032952  
-0.2591899122  
-1.964516932  
-3.59730873  
-4.398951932  
-3.826193032  
-1.765526906  
1.387725935  
4.822296548  
7.553397279  
8.738580761  
7.961730427  
5.386708224  
1.723661075  
-1.986352891  
-4.700412689  
-5.708087898  
-4.858952639  
-2.605716305  
0.1528921739  
2.377676041  
3.240654347  
2.404695579  
0.1372096743  
-2.779886247  
-5.312989383  
-6.523635293  
-5.883143672  
-3.451014218  
0.1402510178  
3.885897111  
6.726101954  
7.87373895  
7.046553695  
4.53246722  
1.074099124  
-2.381762817  
-4.982236575  
-6.215756187  
-6.033090882  
-4.812644265  
-3.193830867  
-1.843962682  
-1.24057868  
-1.538820269  
-2.5584534  
-3.881456879  
-5.014558448  
-5.554090113  
-5.297227385  
-4.269709515  
-2.67410155  
-0.7912621022  
1.119373377  
2.881448816  
4.407530887  
5.65817559  
6.583957373  
7.086453087  
7.023789711  
6.264151142  
4.766321786  
2.650384587  
0.2212938617  
-2.075864989  
-3.76372061  
-4.471616244  
-4.057940816  
-2.669674213  
-0.7126139385  
1.26337968  
2.728981767  
3.335540229  
3.016437994  
1.995046805  
0.6971570575  
-0.4005613267  
-0.9320601075  
-0.7564876233  
0.01332878088  
1.075618218  
2.070339317  
2.724453431  
2.955649657  
2.894783328  
2.81868403  
3.019804712  
3.664171628  
4.694815099  
5.821706293  
6.607114665  
6.61871577  
5.595626703  
3.56500458  
0.8623987209  
-1.957484255  
-4.293386428  
-5.695795354  
-6.021572296  
-5.488394445  
-4.605735962  
-4.001619935  
-4.2011057  
-5.430791342  
-7.516617443  
-9.912306539  
-11.85283408  
-12.58595569  
-11.60893315  
-8.835778225  
-4.642768499  
0.2210064081  
4.829109133  
8.318620946  
10.10456339  
10.00789411  
8.26694377  
5.439125554  
2.23166224  
-0.6832807295  
-2.815958396  
-3.934453524  
-4.060680129  
-3.404829514  
-2.271334317  
-0.9707118855  
0.2391790703  
1.176162843  
1.730389862  
1.852133141  
1.546279115  
0.8792728602  
-0.008112935488  
-0.8973013941  
-1.513168373  
-1.576636693  
-0.8809823167  
0.6296931906  
2.808306379  
5.30369292  
7.621038627  
9.23413869  
9.72069476  
8.881255319  
6.804625033  
3.857420798  
0.5984563957  
-2.358147017  
-4.491548723  
-5.492133237  
-5.317308117  
-4.174176297  
-2.440941061  
-0.5563274364  
1.087333728  
2.21768836  
2.708293187  
2.560760645  
1.86133759  
0.7353607857  
-0.6817307704  
-2.250142714  
-3.815166292  
-5.196226974  
-6.192124525  
-6.610959701  
-6.32014587  
-5.299474959  
-3.674406372  
-1.710487547  
0.2372953734  
1.809557542  
2.736519198  
2.909691335  
2.405644733  
1.45229624  
0.348858022  
-0.6319069858  
-1.323116789  
-1.695183512  
-1.827713805  
-1.834063876  
-1.77091298  
-1.573554105  
-1.050287684  
0.05236851702  
1.930266228  
4.589509278  
7.754451002  
10.86098218  
13.15472908  
13.87815459  
12.49669955  
8.894486551  
3.47244403  
-2.893007762  
-9.031517719  
-13.75734953  
-16.16906423  
-15.88430069  
-13.14017395  
-8.72813061  
-3.780691312  
0.5290051725  
3.289061146  
4.067756408  
2.991813461  
0.6693727641  
-2.011405092  
-4.143205738  
-5.042608202  
-4.409440973  
-2.366977136  
0.614535513  
3.875045747  
6.748047128  
8.7159774  
9.500535701  
9.076754722  
7.624694033  
5.448351319  
2.89389782  
0.2899837623  
-2.082859134  
-4.001173217  
-5.300733756  
-5.884709591  
-5.741087592  
-4.961173968  
-3.743591523  
-2.369331125  
-1.143400919  
-0.3137608188  
0.008076260339  
-0.105431921  
-0.4063487642  
-0.5427833951  
-0.1777408369  
0.8805520074  
2.581944724  
4.61012677  
6.448486364  
7.523893788  
7.387920977  
5.878265268  
3.204836828  
-0.07416682246  
-3.187013631  
-5.358583126  
-6.03415033  
-5.047804056  
-2.681443607  
0.4068592474  
3.365974514  
5.392215481  
5.955147084  
4.941249347  
2.673793346  
-0.1942145898  
-2.878543249  
-4.691566349  
-5.23095397  
-4.475694189  
-2.766791057  
-0.6859941108  
1.124461247  
2.14388626  
2.104296179  
1.038336129  
-0.7600218787  
-2.839705579  
-4.723107009  
-6.022509027  
-6.512947154  
-6.150851454  
-5.046449435  
-3.410302737  
-1.496730295  
0.4395327995  
2.168395473  
3.496495911  
4.276566664  
4.422179675  
3.928327695  
2.889623072  
1.502840343  
0.04245818729  
-1.193228731  
-1.955223716  
-2.114910411  
-1.707703383  
-0.9294962738  
-0.08059931647  
0.5294739479  
0.6870486827  
0.3530802802  
-0.3144269633  
-1.006877004  
-1.369092765  
-1.128024494  
-0.2019189245  
1.25046329  
2.862398885  
4.167763662  
4.752590069  
4.399429982  
3.173929344  
1.42026408  
-0.3380318456  
-1.562971358  
-1.879909716  
-1.208752698  
0.1975747314  
1.823886377  
3.053104719  
3.366060334  
2.516065285  
0.6204788778  
-1.862248666  
-4.264486734  
-5.909048295  
-6.313049054  
-5.33114215  
-3.193219753  
-0.4263155309  
2.311921488  
4.43262991  
5.583100751  
5.729457765  
5.13151684  
4.223151636  
3.44270892  
3.073361477  
3.14805213  
3.450037075  
3.606183256  
3.238163437  
2.116965929  
0.2656255727  
-2.026639239  
-4.28490531  
-5.997091565  
-6.780667594  
-6.511242345  
-5.369363168  
-3.788932414  
-2.323152644  
-1.470799608  
-1.518478981  
-2.449040963  
-3.944880963  
-5.484570086  
-6.50200168  
-6.558416837  
-5.474740167  
-3.385133538  
-0.6977573498  
2.022939354  
4.215129837  
5.47190001  
5.643243391  
4.861096766  
3.484563369  
1.985635285  
0.8115359627  
0.263910577  
0.4274622468  
1.16428044  
2.170446751  
3.074567907  
3.547961248  
3.395656404  
2.605064608  
1.342485127  
-0.09789187072  
-1.375875485  
-2.195025284  
-2.377096742  
-1.903707884  
-0.9170145099  
0.3184619301  
1.481757061  
2.272400101  
2.480076222  
2.031388775  
1.003941572  
-0.3943051064  
-1.874623139  
-3.133915867  
-3.922367408  
-4.0968743  
-3.648478942  
-2.698410267  
-1.464841547  
-0.2094055584  
0.8230621895  
1.457056356  
1.619388977  
1.346367045  
0.7656722554  
0.05958740524  
-0.5798837467  
-0.9927409498  
-1.080557266  
-0.8192242597  
-0.2549913443  
0.5122056439  
1.352213857  
2.129127137  
2.722605634  
3.04400319  
3.046954311  
2.732709003  
2.150237246  
1.390556511  
0.5745738129  
-0.165414292  
-0.7086292197  
-0.9691166326  
-0.9139403587  
-0.5709623788  
-0.02300606757  
0.6111006483  
1.204012261  
1.648288316  
1.87752325  
1.874207166  
1.662771189  
1.291478187  
0.8107897425  
0.2569636316  
-0.3526337886  
-1.01098622  
-1.703966811  
-2.392583152  
-3.004509891  
-3.441389353  
-3.602184764  
-3.415923138  
-2.872032399  
-2.035849318  
-1.040996936  
-0.05840218379  
0.7492648501  
1.27253523  
1.483069962  
1.43340871  
1.227350046  
0.9712849811  
0.7252107597  
0.4740528527  
0.1337970451  
-0.4057344893  
-1.21445949  
-2.256624629  
-3.354608036  
-4.203249025  
-4.440138231  
-3.757065495  
-2.020380409  
0.6402670978  
3.810383583  
6.854057371  
9.054313815  
9.796623302  
8.744639471  
5.955167013  
1.893837302  
-2.659398606  
-6.79352199  
-9.68983662  
-10.82368599  
-10.08803462  
-7.804843458  
-4.622944283  
-1.334097658  
1.338182067  
2.916490763  
3.266041108  
2.588270425  
1.321783312  
-0.01228322041  
-0.9696637145  
-1.299321467  
-0.986676151  
-0.2193744352  
0.70379284  
1.484449083  
1.917917899  
1.940387878  
1.621338594  
1.112742694  
0.5804175445  
0.1460740727  
-0.1392322663  
-0.2845246098  
-0.3214341135  
-0.2607320159  
-0.06520578507  
0.346688602  
1.065818932  
2.139591032  
3.52363106  
5.060020631  
6.495100256  
7.535267235  
7.924764487  
7.520454419  
6.338612547  
4.55765954  
2.475414578  
0.4343105341  
-1.261971578  
-2.415538285  
-2.966949695  
-2.988104514  
-2.643146827  
-2.13427687  
-1.651316483  
-1.338640923  
-1.283572463  
-1.52078849  
-2.041988948  
-2.800980234  
-3.710691473  
-4.637118795  
-5.401323292  
-5.800756998  
-5.654378063  
-4.864356147  
-3.475486465  
-1.707200781  
0.06361723969  
1.377505846  
1.813612407  
1.126161186  
-0.646628104  
-3.142330891  
-5.72735437  
-7.640339673  
-8.192983537  
-6.972952463  
-3.987112987  
0.3034524806  
5.075242367  
9.341527684  
12.20549948  
13.09509176  
11.9105257  
9.040479352  
5.24220821  
1.42221601  
-1.615823997  
-3.380085151  
-3.795512099  
-3.177601441  
-2.089799309  
-1.13551425  
-0.7545464737  
-1.08939726  
-1.961364048  
-2.958495577  
-3.600279747  
-3.519636672  
-2.599254755  
-1.016953135  
0.8128293931  
2.378742785  
3.243814584  
3.189625003  
2.285503224  
0.8616490564  
-0.6021545587  
-1.632882166  
-1.912987017  
-1.373680159  
-0.2054618202  
1.212831203  
2.438802782  
3.101848367  
3.005746627  
2.169492291  
0.8001715169  
-0.7855496157  
-2.2598553  
-3.36822925  
-3.975601512  
-4.066991154  
-3.712869506  
-3.02076339  
-2.095890291  
-1.025402803  
0.1127737863  
1.228370319  
2.202754879  
2.894205059  
3.169608572  
2.953858497  
2.277026819  
1.296103837  
0.2749311526  
-0.4792731524  
-0.7068380569  
-0.2847931957  
0.7183531708  
2.046117515  
3.321078435  
4.158443224  
4.291148759  
3.664562023  
2.466414376  
1.07755902  
-0.04455029158  
-0.5142236232  
-0.1497386961  
0.955536383  
2.449396701  
3.822793518  
4.567382616  
4.33915745  
3.075166332  
1.024131212  
-1.321319789  
-3.371667262  
-4.621919096  
-4.810807913  
-4.007386883  
-2.596706123  
-1.167389502  
-0.334174524  
-0.5484333739  
-1.953417743  
-4.32738686  
-7.131583907  
-9.649180092  
-11.17536476  
-11.2050224  
-9.566613811  
-6.467483749  
-2.441442597  
1.78368364  
5.460451135  
7.991310384  
9.050854186  
8.633890886  
7.023626386  
4.695237157  
2.185021824  
-0.03883749091  
-1.671968659  
-2.615820959  
-2.961637648  
-2.927297054  
-2.769017029  
-2.694377209  
-2.800413264  
-3.052021803  
-3.303959363  
-3.357585601  
-3.034154048  
-2.242269153  
-1.019002228  
0.4682646291  
1.960978134  
3.179196953  
3.902282993  
4.036653289  
3.649496911  
2.956512484  
2.264930319  
1.886618132  
2.045871587  
2.809217149  
4.059075851  
5.520662987  
6.835515074  
7.660672717  
7.764089682  
7.087573535  
5.75827122  
4.045678594  
2.278260011  
0.7464439226  
-0.3771498123  
-1.075501283  
-1.472394155  
-1.772079579  
-2.175465618  
-2.802357916  
-3.646362444  
-4.577171049  
-5.387924221  
-5.869518754  
-5.884488238  
-5.413872415  
-4.560855446  
-3.511131034  
-2.466042803  
-1.574459762  
-0.8895448731  
-0.3667615439  
0.0967108714  
0.5973841913  
1.162466214  
1.715538359  
2.087774078  
2.074236201  
1.516831011  
0.3835645451  
-1.187207453  
-2.898083572  
-4.360894027  
-5.202746361  
-5.175860799  
-4.234185454  
-2.549855972  
-0.4626600193  
1.621161433  
3.34660307  
4.503870877  
5.066832805  
5.164128135  
4.995824546  
4.728798448  
4.412564834  
3.95019343  
3.138851672  
1.767852474  
-0.2611103326  
-2.838077602  
-5.614354163  
-8.05752399  
-9.582459858  
-9.720746846  
-8.274672982  
-5.403462264  
-1.609137271  
2.378968965  
5.789008612  
8.005398553  
8.721029038  
7.997017058  
6.214031871  
3.934332874  
1.722046349  
-0.01868097751  
-1.136191864  
-1.728468515  
-2.052634204  
-2.384780951  
-2.884368719  
-3.514241731  
-4.045940485  
-4.148238595  
-3.525976999  
-2.057368867  
0.122375172  
2.624814784  
4.902565451  
6.405191339  
6.745696976  
5.822130312  
3.853529853  
1.318155158  
-1.185422106  
-3.108598883  
-4.099380668  
-4.080080861  
-3.235618052  
-1.922870652  
-0.5376292975  
0.6121132832  
1.383368056  
1.803443503  
2.008882104  
2.14831184  
2.291994932  
2.386537062  
2.274174708  
1.769400515  
0.7616792677  
-0.6990983255  
-2.373254741  
-3.876900936  
-4.793103737  
-4.813053551  
-3.857459081  
-2.131749322  
-0.08928455879  
1.692254593  
2.685365335  
2.582580332  
1.404964355  
-0.4893002759  
-2.50295916  
-3.976128052  
-4.386672866  
-3.51142932  
-1.497218474  
1.180538601  
3.857852384  
5.875856755  
6.767004826  
6.376594264  
4.884988763  
2.728870078  
0.4523994634  
-1.459817303  
-2.713145034  
-3.257332065  
-3.253590896  
-2.97355955  
-2.6718974  
-2.481252552  
-2.367760868  
-2.16152947  
-1.648150362  
-0.6844865395  
0.7071641528  
2.304990126  
3.730621932  
4.558315254  
4.455124142  
3.304369279  
1.268626559  
-1.232639139  
-3.627843353  
-5.3503308  
-5.999851171  
-5.458337425  
-3.9237013  
-1.850699181  
0.1833030884  
1.646978383  
2.207331385  
1.820655791  
0.7364517646  
-0.5847906528  
-1.613581888  
-1.910064025  
-1.252792199  
0.2983365277  
2.420660946  
4.620458987  
6.369227455  
7.244894435  
7.039123557  
5.803333924  
3.8243199  
1.539810213  
-0.5804124915  
-2.154734392  
-2.979966348  
-3.069995605  
-2.635621372  
-2.01367892  
-1.565781378  
-1.573685889  
-2.158048518  
-3.240881997  
-4.560923443  
-5.738166774  
