0.324449178  
-1.065417604  
-2.331961484  
-3.268097335  
-3.722521807  
-3.638872681  
-3.070101375  
-2.163297963  
-1.119741605  
-0.1427531838  
0.6108672138  
1.062297067  
1.21812535  
1.155250456  
0.9916093494  
0.8541811966  
0.8540735939  
1.073319671  
1.561791151  
2.338196978  
3.38849735  
4.65838434  
6.042267903  
7.376535353  
8.44689411  
9.016702717  
8.875788787  
7.899846943  
6.102871974  
3.662838023  
0.9059056818  
-1.753972199  
-3.908386706  
-5.256160499  
-5.682834613  
-5.291201314  
-4.369624942  
-3.304163351  
-2.459516136  
-2.065820056  
-2.148726566  
-2.527894706  
-2.887425251  
-2.897533848  
-2.348085922  
-1.248065686  
0.1462126352  
1.389642877  
1.980776042  
1.529550074  
-0.09268231834  
-2.67172963  
-5.669649875  
-8.34600628  
-9.950734757  
-9.93401326  
-8.110857773  
-4.729589674  
-0.420980212  
3.95985103  
7.554310682  
9.7204277  
10.18874043  
9.109850547  
6.982313703  
4.485393972  
2.269400288  
0.7679326746  
0.08832524294  
0.01125971506  
0.09625678621  
-0.1430662964  
-1.051230745  
-2.691154939  
-4.797514537  
-6.839216646  
-8.173194954  
-8.24357451  
-6.766072749  
-3.841405814  
0.03801866765  
4.092882235  
7.445829219  
9.342977089  
9.347386843  
7.451784851  
4.08037465  
-0.01984701962  
-3.968047009  
-6.967502009  
-8.494724694  
-8.411099897  
-6.970428658  
-4.724320387  
-2.354619064  
-0.4805783096  
0.5062580793  
0.5357137678  
-0.1417824902  
-1.04699618  
-1.626395375  
-1.424565593  
-0.2256652401  
1.875408231  
4.491396147  
7.044670464  
8.923851984  
9.651177246  
9.014310813  
7.126604565  
4.400030867  
1.439193227  
-1.113713411  
-2.740425044  
-3.171455889  
-2.442464911  
-0.8701395471  
1.042104927  
2.739918825  
3.757149146  
3.821937389  
2.905187053  
1.204590035  
-0.924554985  
-3.067297949  
-4.846705638  
-5.996415078  
-6.394230473  
-6.056376266  
-5.103358875  
-3.714284441  
-2.085625123  
-0.4042555289  
1.163882312  
2.475326677  
3.409806031  
3.877216834  
3.832543002  
3.293818376  
2.353912282  
1.176798873  
-0.02647587435  
-1.039448999  
-1.689234892  
-1.88825202  
-1.654837867  
-1.104940477  
-0.416440232  
0.2231541216  
0.6691268142  
0.8556091573  
0.8046130356  
0.6068904144  
0.3832065072  
0.240886501  
0.2410481921  
0.3867119237  
0.6331043017  
0.912666504  
1.161957098  
1.338149401  
1.418752865  
1.386987793  
1.213149358  
0.8454076524  
0.2202041716  
-0.7065231859  
-1.91717623  
-3.297742293  
-4.63046937  
-5.627019148  
-6.001027956  
-5.562546257  
-4.304214237  
-2.4459161  
-0.4136368261  
1.252363781  
2.04095747  
1.625581908  
-0.01700422679  
-2.566759701  
-5.419781237  
-7.837265834  
-9.144575004  
-8.922259093  
-7.130108356  
-4.123773414  
-0.5558690778  
2.810137254  
5.316813409  
6.593397524  
6.644371992  
5.819607179  
4.678163333  
3.792395106  
3.558005447  
4.072844744  
5.123198821  
6.279288664  
7.064248829  
7.135881007  
6.416478373  
5.124532396  
3.696724734  
2.627378469  
2.282025331  
2.751634674  
3.800763763  
4.930885512  
5.540349217  
5.128537824  
3.475515688  
0.7354895731  
-2.58944298  
-5.789139805  
-8.154857308  
-9.191070408  
-8.761501964  
-7.122978883  
-4.837360656  
-2.591456538  
-0.9839311629  
-0.3475756009  
-0.6622567542  
-1.583211272  
-2.571689731  
-3.082754456  
-2.748625219  
-1.499921518  
0.4106968101  
2.485715675  
4.132584937  
4.837374818  
4.309555934  
2.557901775  
-0.1186561113  
-3.214852485  
-6.146951687  
-8.385421134  
-9.557730105  
-9.500861683  
-8.260971854  
-6.052679876  
-3.198078049  
-0.06473119234  
2.985064612  
5.630519197  
7.617452852  
8.777458397  
9.043329389  
8.457930574  
7.169839646  
5.409619009  
3.445856969  
1.52847447  
-0.1655288016  
-1.5657866  
-2.707724247  
-3.693911404  
-4.628356838  
-5.546419498  
-6.367813532  
-6.894904567  
-6.863995845  
-6.037954285  
-4.311265949  
-1.789974039  
1.186832549  
4.100600926  
6.374182802  
7.528216153  
7.325996396  
5.859381342  
3.543717134  
1.016887824  
-1.032145344  
-2.056341861  
-1.80743569  
-0.4082346198  
1.683020064  
3.806882796  
5.295837532  
5.668641387  
4.768045602  
2.801831297  
0.2769870972  
-2.150831323  
-3.865687351  
-4.461138856  
-3.842967322  
-2.238726203  
-0.1169776014  
1.954461794  
3.466147944  
4.094423352  
3.765405925  
2.644184174  
1.060891836  
-0.5974833406  
-1.994353236  
0.7175854075  
0.4291129179  
-0.1020013863  
-0.8051548646  
-1.513792151  
-1.995517691  
-2.012984377  
-1.400990192  
-0.1373562699  
1.616128541  
3.520172229  
5.1167413  
5.929660225  
5.583109881  
3.906780811  
0.9979375525  
-2.779017752  
-6.858507756  
-10.59047026  
-13.37894244  
-14.80759046  
-14.72085051  
-13.24161088  
-10.72367941  
-7.654545296  
-4.536305705  
-1.77669423  
0.3829266291  
1.887811426  
2.839076945  
3.426709633  
3.849803284  
4.248772191  
4.668110618  
5.057435014  
5.306147997  
5.297350603  
4.961881114  
4.314879434  
3.463784952  
2.586119739  
1.884535529  
1.532934522  
1.629406096  
2.169039857  
3.043609541  
4.067634152  
5.023473298  
5.713647675  
6.007409033  
5.870539526  
5.37172573  
4.664430055  
3.948583505  
3.420746264  
3.223710229  
3.40676686  
3.90587291  
4.549158261  
5.088130361  
5.249525523  
4.797802908  
3.595127226  
1.644982575  
-0.8919672237  
-3.715799322  
-6.437739913  
-8.653896676  
-10.02693143  
-10.35720737  
-9.626415111  
-8.00241142  
-5.803136472  
-3.427525182  
-1.269874371  
0.3613978218  
1.300566041  
1.543275721  
1.223550169  
0.5569345439  
-0.2331040095  
-0.9837633712  
-1.636227202  
-2.24089597  
-2.923006335  
-3.819201322  
-5.004923742  
-6.436217435  
-7.926367227  
-9.16836351  
-9.800948659  
-9.50269407  
-8.089007999  
-5.584202268  
-2.245804266  
1.469727612  
4.995065924  
7.77390292  
9.386366948  
9.645442458  
8.638481012  
6.701961149  
4.335447698  
2.077119338  
0.3738652957  
-0.5196706831  
-0.5869002825  
-0.02943230609  
0.810344326  
1.559956382  
1.927623603  
1.780917062  
1.171758331  
0.3031972922  
-0.548459037  
-1.129028011  
-1.287543636  
-1.016851664  
-0.4417336034  
0.239386085  
0.8370041329  
1.246816531  
1.491053389  
1.708368924  
2.093960901  
2.809977383  
3.898264567  
5.228847885  
6.507141839  
7.343800779  
7.369526478  
6.360128067  
4.330925962  
1.566727148  
-1.4276707  
-4.046714705  
-5.740596345  
-6.163311874  
-5.267578195  
-3.3171387  
-0.8120765953  
1.650497601  
3.538022326  
4.51746032  
4.523887549  
3.744708543  
2.52887586  
1.254330904  
0.1994242243  
-0.5389049192  
-1.05467515  
-1.570224496  
-2.326673517  
-3.468845109  
-4.967431554  
-6.607634306  
-8.049549696  
-8.93968577  
-9.034271965  
-8.29002478  
-6.888741279  
-5.184873811  
-3.592245389  
-2.44785887  
-1.899701222  
-1.858088866  
-2.028885755  
-2.018965658  
-1.479150747  
-0.2363242543  
1.630756619  
3.798989631  
5.791078549  
7.119696928  
7.438861006  
6.65305741  
4.948753909  
2.73869282  
0.5381738306  
-1.185534405  
-2.14168571  
-2.282277479  
-1.787867905  
-0.982450324  
-0.21017502  
0.2818299941  
0.4147440978  
0.2817309311  
0.0874206664  
0.04965240208  
0.3026517343  
0.8389236008  
1.511417929  
2.094152264  
2.376926516  
2.256506948  
1.787617931  
1.171948316  
0.686801672  
0.5783913487  
0.9593515272  
1.750257801  
2.690253473  
3.41729974  
3.59280334  
3.027720988  
1.764521212  
0.08295109112  
-1.576756091  
-2.75061944  
-3.102872182  
-2.541258908  
-1.254550733  
0.3432969353  
1.74610589  
2.522132386  
2.458032129  
1.629923366  
0.3751146449  
-0.82828227  
-1.534427626  
-1.496425988  
-0.7675449297  
0.3016675795  
1.174587602  
1.315094788  
0.3890454239  
-1.588037776  
-4.211119404  
-6.774512998  
-8.468697001  
-8.627830642  
-6.951378236  
-3.627829669  
0.6835264673  
5.014112758  
8.347504791  
9.905186629  
9.371331521  
6.98774327  
3.488001652  
-0.1123093758  
-2.808979181  
-3.90034105  
-3.190486175  
-1.0445813  
1.72000744  
4.074629822  
5.081573676  
4.169428597  
1.302264716  
-3.004772987  
-7.825498433  
-12.07531193  
-14.80198735  
-15.4312421  
-13.89940481  
-10.64040619  
-6.437657001  
-2.189971624  
1.336611485  
3.698692191  
4.855495423  
5.122729264  
5.022691504  
5.083164477  
5.650740438  
6.776654619  
8.208280185  
9.485131404  
10.10539988  
9.70765506  
8.208679262  
5.852981815  
3.157665138  
0.7688739235  
-0.7267649287  
-0.978754959  
0.01571554768  
1.898727224  
4.04121428  
5.709384014  
6.260450459  
5.312879153  
2.845033167  
-0.8022276711  
-5.015733491  
-9.064365288  
-12.27301203  
-14.16932862  
-14.56758128  
-13.57422017  
-11.52280833  
-8.864536347  
-6.049729239  
-3.433533795  
-1.227260142  
0.4999519435  
1.780464314  
2.690153768  
3.29664661  
3.631155498  
3.689874083  
3.458744444  
2.94691459  
2.211963533  
1.364448345  
0.5484067232  
-0.09549915068  
-0.4702262357  
-0.5502325181  
-0.3855003377  
-0.07892512057  
0.2557356949  
0.5405449703  
0.7674859651  
1.006449092  
1.382258287  
2.026643066  
3.02023337  
4.344139856  
5.858780392  
7.319860072  
8.430051279  
8.913597972  
8.593204708  
7.446720605  
5.625992949  
3.430367027  
1.239988713  
-0.5745860191  
-1.742910611  
-2.161118827  
-1.916219431  
-1.261020309  
-0.5455402225  
-0.1224135743  
-0.2509194733  
-1.025009843  
-2.344778474  
-3.939715756  
-5.43846335  
-6.46733275  
-6.751686545  
-6.192770353  
-4.898468266  
-3.158322252  
-1.368318782  
0.07488907095  
0.8811207396  
0.9444405803  
0.3679750035  
-0.5733194727  
-1.522910619  
-2.16040703  
-2.311205452  
-2.012763314  
-1.513310398  
-1.198324058  
-1.462577267  
-2.56437715  
-4.507434701  
-6.991160078  
-9.452373393  
-11.19489189  
-11.57597422  
-10.19847879  
-7.051693106  
-2.555044708  
2.515326958  
7.203531486  
10.6096066  
12.11968015  
11.56538354  
9.265794473  
5.938089123  
2.501054276  
-0.1729534713  
-1.486785776  
-1.262954299  
0.235921987  
2.413133526  
4.535050257  
5.957497799  
6.312034024  
5.59695251  
4.14876296  
2.507864321  
1.22500583  
0.6727148644  
0.9227778115  
1.728316715  
2.61463936  
3.047739106  
2.624578099  
1.222679669  
-0.940023223  
-3.355270383  
-5.369693401  
-6.380499561  
-6.021297781  
-4.28111669  
-1.52036763  
1.621032006  
4.395989167  
6.152418088  
6.507170724  
5.443308284  
3.305696051  
0.6994798246  
-1.677214886  
-3.218468095  
-3.563433538  
-2.678355985  
-0.8504625296  
1.399282801  
3.457069975  
4.771751979  
4.985380723  
4.00866958  
2.027289084  
-0.5572237743  
-3.232979271  
-5.50143153  
-6.98908326  
-7.522077404  
-7.14880745  
-6.10847238  
-4.75607202  
-3.464036417  
-2.525597332  
-2.084075732  
-2.105624274  
-2.401838437  
-2.695655069  
-2.712065917  
-2.267822395  
-1.333728534  
-0.05014472666  
1.310538432  
2.424876463  
3.01932302  
2.960204964  
2.303606235  
1.287209776  
0.263785384  
-0.4053082395  
-0.4643891852  
0.1507069471  
1.283856776  
2.598277047  
3.674205655  
4.135249909  
3.763997303  
2.570229135  
0.7898665949  
-1.184982386  
-2.922263462  
-4.075098975  
-4.476072079  
-4.171927996  
-3.390420658  
-2.453710244  
-1.669850912  
-1.23954079  
-1.207703241  
-1.471776161  
-1.837528035  
-2.096744982  
-2.095255797  
-1.766562324  
-1.122700864  
-0.2132329956  
0.9226926494  
2.283356129  
3.892610733  
5.750262013  
7.766069964  
9.711606363  
11.22293038  
11.87064675  
11.28711316  
9.313516685  
6.112926635  
2.197771366  
-1.656831549  
-4.604979455  
-5.978276546  
-5.513970765  
-3.482628833  
-0.6592168961  
1.871829041  
3.0319407  
2.09352392  
-1.054321067  
-5.812101838  
-10.99214407  
-15.1337438  
-16.92449811  
-15.60176631  
-11.20792879  
-4.613666177  
2.706266742  
9.082638609  
13.1243221  
14.1090791  
12.17151967  
8.230229758  
3.678622722  
-0.06075563571  
-1.975480164  
-1.75637136  
0.1463821767  
2.716546206  
4.745033601  
5.255023588  
3.835763785  
0.7744902663  
-3.054537959  
-6.502197647  
-8.548143404  
-8.656099583  
-6.958452749  
-4.207111211  
-1.507960568  
0.06943546836  
-0.1273640343  
-2.093450318  
-5.150018323  
-8.158525246  
-9.894511492  
-9.456162916  
-6.571587135  
-1.703412786  
4.082300623  
9.4373248  
13.13521834  
14.42572985  
13.22751147  
10.10413207  
6.042227921  
2.115709632  
-0.8459888888  
-2.475115202  
-2.903099946  
-2.619465929  
-2.216463086  
-2.12182721  
-2.421989632  
-2.840776087  
-2.878323169  
-2.053695538  
-0.154875299  
2.604239074  
5.58695673  
7.90567311  
8.70835616  
7.481134142  
4.258694136  
-0.337033907  
-5.251743551  
-9.302439088  
-11.5328166  
-11.50359408  
-9.421109107  
-6.060732878  
-2.509964028  
0.1839703097  
1.345649814  
0.8736942842  
-0.7507764475  
-2.648641945  
-3.855338284  
-3.65517269  
-1.82590336  
1.285697261  
4.878613131  
7.960260073  
9.66676151  
9.534051593  
7.632778438  
4.528027578  
1.084305916  
-1.813586198  
-3.528599782  
-3.841758967  
-2.975405627  
-1.472146894  
0.01925161436  
0.971415993  
1.140430855  
0.6115508629  
-0.277970227  
-1.101129954  
-1.522268059  
-1.427529323  
-0.957540993  
-0.4338777014  
-0.2114924751  
-0.5168127186  
-1.335901781  
-2.397567322  
-3.260263308  
-3.472256068  
-2.746501767  
-1.085045828  
1.194959345  
3.546785877  
5.364354472  
6.179688614  
5.819582663  
4.466806087  
2.603781858  
0.8568883222  
-0.2065203016  
-0.2604396967  
0.6784898471  
2.263088069  
3.934909484  
5.108743498  
5.359777978  
4.551886012  
2.867388454  
0.7331269703  
-1.327392926  
-2.862717194  
-3.625876649  
-3.628994765  
-3.107811041  
-2.41561104  
-1.889292939  
-1.736950845  
-1.984955965  
-2.498005538  
-3.057532526  
-3.462806716  
-3.612494169  
-3.534550006  
-3.354556659  
-3.218393669  
-3.204128498  
-3.263110158  
-3.219028586  
-2.830627686  
-1.897350849  
-0.3678071228  
1.593649969  
3.614460318  
5.20190916  
5.888290023  
5.38666238  
3.703241039  
1.164079133  
-1.658950891  
-4.104000966  
-5.609229152  
-5.87602536  
-4.951798888  
-3.204569048  
-1.19735643  
0.4958987169  
1.471435405  
1.613368074  
1.109377043  
0.3608764081  
-0.1793948012  
-0.1843681039  
0.4187601421  
1.414384154  
2.371676606  
2.800261267  
2.334117135  
0.8789107949  
-1.330062263  
-3.7816868  
-5.838405498  
-6.931823964  
-6.738975889  
-5.28000244  
-2.904835149  
-0.1744627299  
2.321658489  
4.149043435  
5.149992556  
5.463662803  
5.44043344  
5.484069284  
5.880530187  
6.676712772  
7.654226505  
8.408832151  
8.507699944  
7.667624973  
5.888324432  
3.489471368  
1.033088626  
-0.8465991783  
-1.650300368  
-1.187394345  
0.344774254  
2.406342873  
4.273776606  
5.262163732  
4.939002853  
3.259491791  
0.5789501238  
-2.461505698  
-5.138071246  
-6.869306751  
-7.389844404  
-6.817628288  
-5.595663162  
-4.331130457  
-3.587968074  
-3.702676255  
-4.682961801  
-6.21904621  
-7.798575427  
-8.881786239  
-9.075352823  
-8.247034433  
-6.546590778  
-4.33275278  
-2.038658062  
-0.02772050062  
1.50811155  
2.574569025  
3.322798984  
3.945547463  
4.56740018  
5.175269966  
5.617980465  
5.675304118  
5.168185692  
4.064167816  
2.53207056  
0.9183149947  
-0.3529813901  
-0.9236754771  
-0.6373641983  
0.3850075934  
1.762762446  
2.967027708  
3.492587139  
3.032797579  
1.596265528  
-0.4782443447  
-2.61837389  
-4.197377282  
-4.737651627  
-4.070258052  
-2.395621271  
-0.2234433854  
1.789296113  
3.048380479  
3.209887221  
2.282174818  
0.608563118  
-1.261986166  
-2.770364009  
-3.540432035  
-3.502511466  
-2.904536315  
-2.207803096  
-1.904833327  
-2.324365132  
-3.493223306  
-5.105124355  
-6.609122539  
-7.388612345  
-6.970000414  
-5.189461021  
-2.260413914  
1.281663291  
4.738509285  
7.45856765  
9.0263244  
9.369094662  
8.748197499  
7.641723707  
6.563131949  
5.880830131  
5.701614173  
5.856435887  
5.989479434  
5.714421528  
4.778147645  
3.170527297  
1.139485754  
-0.8940676609  
-2.489607401  
-3.351109724  
-3.439654064  
-2.99034963  
-2.424032494  
-2.183124405  
-2.550138665  
-3.51618817  
-4.751528005  
-5.695847258  
-5.744025013  
-4.468078193  
-1.800331766  
1.887765813  
5.844753019  
9.125533775  
10.85252583  
10.47325431  
7.935262945  
3.723368049  
-1.253935461  
-5.896554364  
-9.195771115  
-10.48681605  
-9.601128593  
-6.880567994  
-3.057914704  
0.9535517777  
4.295553584  
6.3581543  
6.88284837  
5.959425151  
3.934421854  
1.273375166  
-1.572965474  
-4.257908206  
-6.56514077  
-8.379541284  
-9.629868014  
-10.23816915  
-10.10372809  
-9.131564662  
-7.294150582  
-4.698461958  
-1.625269149  
1.484619267  
4.104065299  
5.738053258  
6.05379695  
4.982142211  
2.756224921  
-0.1288017314  
-3.027425145  
-5.297499142  
-6.453847826  
-6.279621891  
-4.866034196  
-2.572243722  
0.08003284371  
2.545160779  
4.38629124  
5.367575141  
5.485513439  
4.937841691  
4.04570393  
3.15584166  
2.551529882  
2.394539656  
2.708384287  
3.399933409  
4.306225743  
5.248557032  
6.077390919  
6.697594762  
7.07158524  
7.205060934  
7.124216818  
6.853954655  
6.40403223  
5.766094875  
4.920443552  
3.848704344  
2.547614978  
1.039715024  
-0.6217214946  
-2.354563039  
-4.056142593  
-5.616604028  
-6.935066083  
-7.935637036  
-8.579829259  
-8.871909459  
-8.854747005  
-8.59582646  
-8.166162338  
-7.61781921  
-6.967618483  
-6.194009168  
-5.250793403  
-4.095750856  
-2.72605353  
-1.207772451  
0.3138899326  
1.632785022  
2.528942617  
2.834542912  
2.499487634  
1.633457123  
0.5049337887  
-0.5110649782  
-1.028723736  
-0.7667304513  
0.3512279075  
2.145517405  
4.202656352  
5.973282597  
6.924541413  
6.70518392  
5.2726777  
2.938204623  
0.3069870102  
-1.877520565  
-2.945664948  
-2.508532211  
-0.5948173466  
2.330477175  
5.479964328  
7.96408883  
9.055801864  
8.419673088  
6.231425243  
3.143893698  
0.1013779364  
-1.947562157  
-2.353769047  
-0.9924969286  
1.66556744  
4.668008823  
6.853029975  
7.203059949  
5.172979402  
0.8893244396  
-4.847205383  
-10.76491518  
-15.47508178  
-17.87291274  
-17.46372365  
-14.51227438  
-9.965584093  
-5.168903565  
-1.459487189  
0.2374992654  
-0.3147879154  
-2.603895345  
-5.543097002  
-7.828844183  
-8.368586127  
-6.643200223  
-2.887493764  
1.97111788  
6.599117282  
9.679716597  
10.33848954  
8.435613752  
4.629488822  
0.1881043484  
-3.395536908  
-4.864990346  
-3.594714485  
0.2067594346  
5.549158857  
10.95262724  
14.88909509  
16.23604398  
14.60313504  
10.43318322  
4.850676198  
-0.6900972804  
-4.843893372  
-6.762690577  
-6.315210854  
-4.07621376  
-1.098406395  
1.452089623  
2.675556251  
2.212450125  
0.3284187059  
-2.208291189  
-4.408395837  
-5.404159145  
-4.739388926  
-2.51494771  
0.6515084964  
3.831079144  
6.081536579  
6.738488874  
5.607907735  
3.004788437  
-0.3646837433  
-3.629935418  
-6.012843901  
-7.03233009  
-6.598507863  
-4.979546728  
-2.667953739  
-0.203486943  
1.982175175  
3.649670962  
4.74778507  
5.338992351  
5.498337106  
5.235715161  
4.47766365  
3.116445382  
1.103411118  
-1.457631351  
-4.264362466  
-6.847900601  
-8.683320568  
-9.346997928  
-8.667010289  
-6.80988929  
-4.265269499  
-1.723495188  
0.1214334375  
0.7832833306  
0.1408830619  
-1.512347054  
-3.546701224  
-5.181303189  
-5.720064118  
-4.765487606  
-2.343982483  
1.095667225  
4.808951245  
7.966856523  
9.886072124  
10.20903201  
8.982975301  
6.620640585  
3.76223237  
1.086822645  
-0.8672428698  
-1.821644399  
-1.789481621  
-1.021329761  
0.1053878056  
1.211227832  
2.013164284  
2.371213918  
2.27958516  
1.818623296  
1.094839576  
0.1956014649  
-0.8259630289  
-1.936007542  
-3.088923461  
-4.200521533  
-5.142506938  
-5.764498793  
-5.936357685  
-5.593348109  
-4.764078705  
-3.567472609  
-2.177512704  
-0.7681855739  
0.5399777498  
1.709905659  
2.78131222  
3.828755925  
4.900640879  
5.964525073  
6.883536303  
7.438128972  
7.390435642  
6.571321334  
4.959426828  
2.72152736  
0.194929842  
-2.188157839  
-4.01399497  
-5.003785148  
-5.095632067  
-4.464080528  
-3.468745497  
-2.546214283  
-2.077723246  
-2.273016136  
-3.105715442  
-4.319279765  
-5.500828023  
-6.199713848  
-6.055431984  
-4.898385659  
-2.797097574  
-0.04243138655  
2.922397027  
5.603616656  
7.562492137  
8.499755224  
8.303214903  
7.054391195  
4.999832307  
2.49835701  
-0.04349043343  
-2.237538674  
-3.774054413  
-4.46977066  
-4.297866434  
-3.393362904  
-2.028549897  
-0.5572661522  
0.6654119365  
1.372479142  
1.460562889  
1.027648343  
0.3556885239  
-0.1648201524  
-0.1527829028  
0.634944261  
2.204432899  
4.290608915  
6.406671835  
7.969899701  
8.470726596  
7.634555848  
5.523731375  
2.542659158  
-0.6617993401  
-3.378731902  
-5.037150417  
-5.371378206  
-4.49371541  
-2.848892001  
-1.063250929  
0.2629309912  
0.7513556173  
0.3637095801  
-0.5991705974  
-1.617950186  
-2.154810849  
-1.863813595  
-0.7371362092  
0.8669951641  
2.329115222  
2.974492339  
2.312215756  
0.2253173879  
-2.956194433  
-6.529656755  
-9.622164758  
-11.45755691  
-11.60059051  
-10.09619483  
-7.455077819  
-4.487473042  
-2.037910549  
-0.7079841688  
-0.6595974015  
-1.565547271  
-2.725976718  
-3.313913323  
-2.669537398  
-0.5454758206  
2.779561897  
6.558966061  
9.792316367  
11.52841129  
11.16102928  
8.623357534  
4.419718409  
-0.5145546967  
-5.079662644  
-8.319774382  
-9.677586898  
-9.118975305  
-7.095085312  
-4.361759688  
-1.720314977  
0.2343613635  
1.279111452  
1.593817029  
1.656964633  
2.047618889  
3.223921726  
5.351849587  
8.237452531  
11.37921684  
14.11744135  
15.82791477  
16.09677841  
14.82422566  
12.23172359  
8.780134708  
5.033458859  
1.515924318  
-1.394131981  
-3.508479198  
-4.810838559  
-5.397322825  
-5.407308454  
-4.973842985  
-4.208846638  
-3.219857759  
-2.139798071  
-1.145324204  
-0.4450847958  
-0.2339001921  
-0.6262967404  
-1.595616672  
-2.947353567  
-4.345833869  
-5.39487567  
-5.752289338  
-5.242911258  
-3.931400457  
-2.126287516  
-0.3078296223  
1.002670036  
1.39418616  
0.6914207224  
-0.9854535872  
-3.246804301  
-5.538589778  
-7.294982858  
-8.09236421  
-7.758610166  
-6.406429193  
-4.383846521  
-2.160906007  
-0.1905250684  
1.2124825  
1.938527089  
2.080242975  
1.866705842  
1.562078864  
1.365640124  
1.346994837  
1.436028324  
1.467089288  
1.258151021  
0.6944856905  
-0.2137659917  
-1.320430792  
-2.382001511  
-3.132302221  
-3.367315514  
-3.011600032  
-2.144634621  
-0.9791628921  
0.2006637401  
1.121206295  
1.596000677  
1.574938884  
1.153548763  
0.5426948692  
0.01027890506  
-0.1869764028  
0.1365562528  
1.056818001  
2.527778557  
4.392761167  
6.412003092  
8.298182885  
9.754019999  
10.5094626  
10.35831438  
9.193907366  
7.040558552  
4.073687271  
0.6189758242  
-2.87804045  
-5.914917063  
-8.021598861  
-8.859728261  
-8.308258716  
-6.510353283  
-3.862971566  
-0.9438959017  
1.612070196  
3.260272745  
3.6800269  
2.858788127  
1.101505266  
-1.04101142  
-2.908991872  
-3.901697449  
-3.632926151  
-2.032879511  
0.6306234542  
3.817019276  
6.846214691  
9.0643639  
9.998580549  
9.461291166  
7.579846084  
4.748060596  
1.517095329  
-1.542024516  
-3.967083671  
-5.492976042  
-6.081863124  
-5.89484967  
-5.220343677  
-4.383846017  
-3.665162697  
-3.242822584  
-3.174478629  
-3.410443394  
-3.828846701  
-4.277595939  
-4.610427244  
-4.710200418  
-4.499321922  
-3.942050799  
-3.044680486  
-1.857311888  
-0.476543221  
0.9555274159  
2.2620402  
3.25564402  
3.774807415  
3.724351463  
3.107894994  
2.039457765  
0.7261140458  
-0.5777145188  
-1.633742972  
-2.282926821  
-2.487821917  
-2.338710863  
-2.018848592  
-1.737770053  
-1.653411079  
-1.809405323  
-2.110828539  
-2.350074065  
-2.277987317  
-1.698932403  
-0.5581853141  
1.010235192  
2.696396445  
4.090095092  
4.800170404  
4.581791642  
3.430231299  
1.60730432  
-0.4138579232  
-2.074330965  
-2.890270201  
-2.600439272  
-1.253164596  
0.7976993129  
2.990559788  
4.720610417  
5.521554849  
5.207718436  
3.930444651  
2.128789323  
0.387982372  
-0.7506215915  
-0.9674592917  
-0.2721697339  
0.9964147833  
2.280459075  
2.99013387  
2.707816099  
1.34231317  
-0.819792538  
-3.186474838  
-5.037233432  
-5.750683688  
-5.010372742  
-2.92105651  
0.005559075235  
2.995674601  
5.246772766  
6.177660956  
5.615776314  
3.860156991  
1.59634733  
-0.3139790235  
-1.105695936  
-0.3608666934  
1.841957729  
4.92917472  
7.987680116  
10.03014055  
10.29101604  
8.463725002  
4.806356743  
0.0825978929  
-4.645782704  
-8.313944153  
-10.14951373  
-9.882177294  
-7.807341862  
-4.688014397  
-1.527101414  
0.7203601376  
1.40998716  
0.3711316191  
-2.072204587  
-5.221426113  
-8.221772539  
-10.30984034  
-11.01642282  
-10.26881536  
-8.370541452  
-5.874777971  
-3.398679484  
-1.44005275  
-0.2520310058  
0.1913230046  
0.1371152027  
-0.06834301931  
-0.1188659751  
0.1435230844  
0.6862063103  
1.318969067  
1.785544245  
1.877381919  
1.527102583  
0.8476385305  
0.1029559516  
-0.3795580066  
-0.3246397029  
0.3874380257  
1.665812265  
3.222558505  
4.652424577  
5.554593826  
5.658317814  
4.912518601  
3.510431613  
1.840346691  
0.376311382  
-0.4588917459  
-0.4176468056  
0.49868969  
2.038131123  
3.769216794  
5.204199141  
5.938387466  
5.765229397  
4.733872768  
3.13279856  
1.404356387  
0.01490541181  
-0.6820475868  
-0.5502366272  
0.2878320858  
1.484935302  
2.57012442  
3.088822502  
2.742529954  
1.487846898  
-0.4351087942  
-2.555758874  
-4.295791092  
-5.129680519  
-4.739126939  
-3.117417653  
-0.5918124963  
2.246246171  
4.687899175  
6.092973817  
6.065020564  
4.565778121  
1.934571216  
-1.196268781  
-4.069577144  
-6.009965877  
-6.611014959  
-5.848694635  
-4.086292048  
-1.966773689  
-0.2215383644  
0.549717384  
0.06291734105  
-1.558995914  
-3.817401804  
-5.986090496  
-7.334311373  
-7.358784316  
-5.953545341  
-3.463116343  
-0.598281124  
1.76495153  
2.846206862  
2.2043808  
-0.1102201455  
-3.543951152  
-7.175866708  
-9.965277559  
-11.04037142  
-9.944217061  
-6.766347924  
-2.121652418  
3.016579761  
7.579646445  
10.6850862  
11.85565262  
11.1149398  
8.937688482  
6.076993955  
3.326847735  
1.295197688  
0.2555617232  
0.1169686206  
0.5123444493  
0.9674652942  
1.088593831  
0.7041784466  
-0.08521275623  
-0.9610766306  
-1.521213782  
-1.44286232  
-0.6148232275  
0.8091261367  
2.45465734  
3.853338576  
4.606204558  
4.526237702  
3.708643775  
2.502693671  
1.393108563  
0.8306053441  
1.069428131  
2.068207222  
3.48963994  
4.801370519  
5.446255224  
5.026442369  
3.440578474  
0.9284571234  
-1.992090341  
-4.676001262  
-6.540726108  
-7.233930935  
-6.726043436  
-5.300014688  
-3.444729001  
-1.689983332  
-0.439166013  
0.1450080142  
0.1657360788  
-0.07666393492  
-0.22035059  
0.00512012439  
0.6633266097  
1.574105818  
2.368988744  
2.620584619  
2.001903251  
0.4207475608  
-1.917981259  
-4.545814828  
-6.852430896  
-8.258914816  
-8.388936733  
-7.184393353  
-4.929380384  
-2.174815896  
0.4134530905  
2.237465864  
2.926974833  
2.430873258  
1.016547715  
-0.8185196579  
-2.493373076  
-3.503858123  
-3.551103005  
-2.605193587  
-0.8921968866  
1.184704972  
3.161837566  
4.633946875  
5.343699499  
5.222380187  
4.378690469  
3.047206198  
1.516970751  
0.06222032767  
-1.108056506  
-1.873922687  
-2.203150352  
-2.132587142  
-1.742397049  
-1.131636744  
-0.3998032835  
0.3650048859  
1.09308112  
1.737344689  
2.275575142  
2.709824126  
3.061454399  
3.361109503  
3.635069659  
3.891725881  
4.113073183  
4.255252333  
4.259241015  
4.06885676  
3.64990462  
3.003154943  
2.165699165  
1.199577165  
0.1719614369  
-0.8647833493  
-1.883952425  
-2.880093573  
-3.849489383  
-4.762770401  
-5.542158157  
-6.056444673  
-6.142058816  
-5.64931789  
-4.502356229  
-2.753074167  
-0.6074748041  
1.591633841  
3.428989689  
4.516058422  
4.599017204  
3.642767254  
1.861662572  
-0.3187746515  
-2.364649765  
-3.775680332  
-4.226516928  
-3.664537015  
-2.331575544  
-0.6985222468  
0.6720375381  
1.296786419  
0.9254578894  
-0.370570101  
-2.205069543  
-3.981300474  
-5.066138816  
-4.983723358  
-3.570414069  
-1.042475869  
2.047267289  
4.954826032  
6.952534395  
7.538948275  
6.589286668  
4.400726997  
1.617003041  
-0.9481062338  
-2.538977477  
-2.67303872  
-1.280651085  
1.270432177  
4.273483095  
6.87645559  
8.316286975  
8.128117268  
6.271412028  
3.138944695  
-0.5521373832  
-3.955212963  
-6.320069373  
-7.187653676  
-6.501936088  
-4.611379861  
-2.163477936  
0.07552892414  
1.424909093  
1.462891163  
0.1255684264  
-2.290358103  
-5.216082934  
-7.962053749  
-9.889665138  
-10.55882509  
-9.816941679  
-7.812840424  
-4.939657979  
-1.727945579  
1.279981895  
3.642888494  
5.096580301  
5.581456455  
5.223438422  
4.280597604  
3.073142166  
1.914240947  
1.054732169  
0.6484516349  
0.7389779143  
1.264804343  
2.078566797  
2.976420713  
3.734523429  
4.149703214  
4.08016622  
3.479988367  
2.419434225  
1.083259427  
-0.2576894186  
-1.300264817  
-1.779296708  
-1.53856871  
-0.5832734575  
0.9034536721  
2.589663172  
4.067260048  
4.953026166  
4.992625325  
4.1384986  
2.577088249  
0.6932897523  
-1.022772393  
-2.10434773  
-2.237864538  
-1.357037491  
0.3275008268  
2.374793883  
4.226673049  
5.357951318  
5.422319875  
4.352193134  
2.382656222  
-0.009350390132  
-2.235177644  
-3.758162041  
-4.244600783  
-3.658571409  
-2.27276097  
-0.5913078896  
0.7938854886  
1.372540346  
0.8625156545  
-0.708742121  
-3.011365596  
-5.506860119  
-7.601497057  
-8.815113186  
-8.916717961  
-7.987969148  
-6.396452939  
-4.686685374  
-3.420290628  
-3.011241713  
-3.603241908  
-5.024036459  
-6.829494971  
-8.424768327  
-9.228299093  
-8.832712595  
-7.117961871  
-4.285855682  
-0.8073468004  
2.701846729  
5.642153433  
7.582981523  
8.365832856  
8.130561593  
7.259205338  
6.254719946  
5.5895626  
5.566846266  
6.232762062  
7.364270679  
8.535078154  
9.241264337  
9.051627665  
7.741110938  
5.370389159  
2.28932229  
-0.9375252217  
-3.66421516  
-5.321025478  
-5.555514981  
-4.320975126  
-1.89029058  
1.207166019  
4.3082706  
6.76660179  
8.0928941  
8.052058245  
6.696087667  
4.329557007  
1.421578134  
-1.509639421  
-4.009044236  
-5.767342047  
-6.658148729  
-6.727742776  
-6.148150076  
-5.152287306  
-3.971500857  
-2.791187247  
-1.731687857  
-0.8522969324  
-0.1694231793  
0.3226053919  
0.6373669454  
0.7926268318  
0.8147462074  
0.744594293  
0.6376137969  
0.5538379147  
0.5391447758  
0.6045452877  
0.7133377506  
0.7847660464  
