-6.331961312  
-3.689099907  
-0.9490452097  
0.9645560688  
1.470846213  
0.5117267533  
-1.458796438  
-3.66567801  
-5.310015467  
-5.862083331  
-5.244186703  
-3.839710349  
-2.329449147  
-1.419566256  
-1.564347528  
-2.787556956  
-4.668593493  
-6.497958063  
-7.54348408  
-7.327471006  
-5.810603698  
-3.412837216  
-0.8618863234  
1.075718155  
1.881438298  
1.481641945  
0.2787354864  
-0.9990960239  
-1.577588498  
-0.9440364847  
0.9320554186  
3.551588969  
6.03706375  
7.435536481  
7.069502486  
4.810397172  
1.172657571  
-2.813466599  
-5.915228242  
-7.095102181  
-5.858675517  
-2.432208822  
2.294583391  
7.045580708  
10.56450507  
12.01447211  
11.23592982  
8.775522429  
5.676541292  
3.103280547  
1.929041486  
2.430328423  
4.193557582  
6.267424124  
7.509095461  
7.004814341  
4.418744124  
0.1473261141  
-4.777746854  
-9.009092918  
-11.32036076  
-11.01380709  
-8.160967555  
-3.59401187  
1.351357524  
5.257475645  
7.071913758  
6.433283727  
3.769544443  
0.1388196507  
-3.131899338  
-4.888615713  
-4.526363011  
-2.176917458  
1.349951725  
4.847555707  
7.118646621  
7.370813842  
5.47137874  
1.981575768  
-2.035667617  
-5.365687745  
-7.03155143  
-6.595828142  
-4.280520224  
-0.8738391542  
2.536924801  
4.912576733  
5.57416934  
4.382829174  
1.738835438  
-1.586401353  
-4.718012937  
-6.949894911  
-7.93247583  
-7.723011097  
-6.696673399  
-5.364868083  
-4.175223871  
-3.367087716  
-2.929099099  
-2.663025623  
-2.316988059  
-1.72680739  
-0.9048415227  
-0.04021144091  
0.5875432849  
0.7428125072  
0.3570434874  
-0.4151258609  
-1.23615577  
-1.712638608  
-1.562498021  
-0.7558679676  
0.4314054109  
1.482933309  
1.812870461  
0.9882538996  
-1.076375104  
-4.027330658  
-7.126757581  
-9.448346786  
-10.157453  
-8.785990703  
-5.408883143  
-0.6575629867  
4.441835325  
8.75960951  
11.39231639  
11.92555362  
10.54419222  
7.953940275  
5.140292888  
3.044957038  
2.267150515  
2.888263205  
4.476122071  
6.263751687  
7.43807231  
7.436867479  
6.150373632  
3.957718263  
1.586479944  
-0.1542484031  
-0.6723554695  
0.1835745938  
2.055878803  
4.191083488  
5.697252077  
5.856703261  
4.384789889  
1.542924954  
-1.936160346  
-5.088005337  
-7.040223026  
-7.309669629  
-5.969975622  
-3.630103278  
-1.229135542  
0.2842293217  
0.2787723639  
-1.337317997  
-4.076268964  
-7.027188663  
-9.157151059  
-9.655534081  
-8.20544954  
-5.090888744  
-1.104116687  
2.714449698  
5.415051501  
6.441379923  
5.795788035  
4.013140364  
1.955071261  
0.4974282224  
0.2192940583  
1.200219316  
2.99427496  
4.788484173  
5.690200509  
5.044637271  
2.674332965  
-1.040197543  
-5.265133302  
-8.967440437  
-11.23321215  
-11.54536933  
-9.931505423  
-6.937608353  
-3.441812119  
-0.3740457066  
1.56452291  
2.09256235  
1.394302905  
0.01472844206  
-1.351126744  
-2.098063206  
-1.898552471  
-0.7806062812  
0.9208676548  
2.711373107  
4.123133832  
4.871863669  
4.931076269  
4.504373887  
3.914255514  
3.455068627  
3.26792594  
3.28406445  
3.255625087  
2.859736716  
1.835486961  
0.1028720908  
-2.179062496  
-4.634694124  
-6.76620899  
-8.087390244  
-8.253481653  
-7.148525543  
-4.908881404  
-1.884013747  
1.445585867  
4.564555576  
7.007054724  
8.415172152  
8.571192466  
7.413239369  
5.045030793  
1.74339742  
-2.043758827  
-5.724596531  
-8.630850285  
-10.12998583  
-9.767695044  
-7.406937138  
-3.318790025  
1.815864925  
7.014248948  
11.19724652  
13.44674802  
13.24543024  
10.62670413  
6.183279726  
0.922673196  
-3.995026556  
-7.563224395  
-9.188021291  
-8.821841032  
-6.931015029  
-4.30938234  
-1.799831143  
-0.01603844139  
0.8433598442  
1.026934551  
1.099824218  
1.697007789  
3.247879609  
5.770785971  
8.813666022  
11.5676916  
13.12135065  
12.77253757  
10.29343627  
6.055313066  
0.9642699514  
-3.779571025  
-7.028452957  
-8.031639599  
-6.669225629  
-3.499506876  
0.397679836  
3.735360825  
5.396216188  
4.757554909  
1.867357632  
-2.578832662  
-7.449009244  
-11.50638363  
-13.76043609  
-13.73441638  
-11.5757226  
-7.985771928  
-3.999951684  
-0.6899193081  
1.122556002  
1.061526471  
-0.743124723  
-3.734222214  
-7.107618944  
-10.03341589  
-11.85386638  
-12.20958224  
-11.07323851  
-8.699180701  
-5.518919901  
-2.021065739  
1.350536196  
4.26058941  
6.504869073  
1.391437122  
2.376490822  
2.250635332  
0.9475019476  
-1.235702272  
-3.772543536  
-6.104118875  
-7.820388005  
-8.760937532  
-9.006638268  
-8.778889695  
-8.299045996  
-7.673313668  
-6.85371148  
-5.6902078  
-4.04780323  
-1.932278737  
0.4378081275  
2.654553512  
4.241385196  
4.829844775  
4.322757017  
2.972591175  
1.331611237  
0.07817725859  
-0.2264021929  
0.6366489552  
2.424417239  
4.475461134  
5.914998468  
5.961124424  
4.228738962  
0.9204915426  
-3.173442092  
-6.882129857  
-9.010508061  
-8.733041428  
-5.892204234  
-1.09535287  
4.432835489  
9.204122598  
11.9177839  
11.86417627  
9.148058952  
4.655946764  
-0.2247971754  
-4.045528307  
-5.752105265  
-5.008818817  
-2.285978907  
1.315049566  
4.438904568  
5.928867758  
5.205164803  
2.445684287  
-1.486923195  
-5.342917024  
-7.905248264  
-8.390290757  
-6.697578443  
-3.429300918  
0.3218692635  
3.341624384  
4.694842405  
4.026336164  
1.665911704  
-1.491335885  
-4.284527331  
-5.664594757  
-5.02664257  
-2.392924743  
1.60571177  
5.935627577  
9.480615235  
11.37143775  
11.22267091  
9.210036185  
5.975652274  
2.403034563  
-0.6589981798  
-2.634799831  
-3.353181175  
-3.041301078  
-2.196440518  
-1.38743486  
-1.054566397  
-1.37060922  
-2.200779556  
-3.165329036  
-3.776877334  
-3.604780446  
-2.415534836  
-0.2502095434  
2.578229285  
5.560907713  
8.116704262  
9.728471279  
10.0576951  
9.012646715  
6.758668467  
3.673195002  
0.2592841806  
-2.961564421  
-5.554235981  
-7.251145929  
-7.993727148  
-7.926290115  
-7.344156815  
-6.608169936  
-6.046129409  
-5.866157869  
-6.10518458  
-6.627584295  
-7.175331478  
-7.455891847  
-7.241663167  
-6.449779283  
-5.175895658  
-3.669288022  
-2.25568509  
-1.232119791  
-0.7686519458  
-0.8509240017  
-1.284550484  
-1.761488124  
-1.966687636  
-1.688279117  
-0.8921441374  
0.2667420738  
1.501720207  
2.501362296  
3.047793791  
3.102838939  
2.828590342  
2.531924729  
2.550155154  
3.117484419  
4.260921933  
5.76585859  
7.228120436  
8.178965299  
8.242664321  
7.273047132  
5.420529265  
3.103602968  
0.8908658682  
-0.6696387178  
-1.218425938  
-0.6948296147  
0.6465535093  
2.318009433  
3.751611153  
4.472275879  
4.23524656  
3.086080192  
1.328728153  
-0.5815700508  
-2.180114165  
-3.120485536  
-3.248734083  
-2.607187713  
-1.377968294  
0.2026723121  
1.920889455  
3.62282404  
5.203701705  
6.562394773  
7.552134003  
7.961043268  
7.543862408  
6.103139939  
3.593527547  
0.2070081563  
-3.603134673  
-7.184337977  
-9.828145121  
-10.95921898  
-10.31301569  
-8.042412461  
-4.711669035  
-1.169798819  
1.666009991  
3.055905281  
2.639366867  
0.5327530692  
-2.70709959  
-6.24179952  
-9.184297058  
-10.83583763  
-10.85820083  
-9.335021649  
-6.711997234  
-3.642993574  
-0.7954380655  
1.323975262  
2.474556315  
2.695788723  
2.239391649  
1.452958515  
0.6595843305  
0.07243107815  
-0.2347643246  
-0.3029756473  
-0.2294854443  
-0.1049397935  
0.0286030647  
0.1858696962  
0.4159883012  
0.7649898542  
1.242860671  
1.809893793  
2.386408863  
2.878566396  
3.206289163  
3.3200593  
3.200683469  
2.846334555  
2.258807717  
1.44208587  
0.4196557741  
-0.7344192522  
-1.866957117  
-2.740721973  
-3.06916508  
-2.592343813  
-1.176457532  
1.096490136  
3.887707691  
6.638222951  
8.6887215  
9.458176636  
8.630864912  
6.289772317  
2.943726861  
-0.5752358183  
-3.326642724  
-4.53136384  
-3.815327412  
-1.347427707  
2.179823614  
5.73089663  
8.221176666  
8.83738215  
7.285127492  
3.884046335  
-0.5228752536  
-4.820454501  
-7.955893907  
-9.252167523  
-8.601553863  
-6.479058187  
-3.773411  
-1.492220931  
-0.4378740944  
-0.9588769906  
-2.854922096  
-5.462127591  
-7.885265821  
-9.296264838  
-9.19871384  
-7.57240548  
-4.854785746  
-1.77221639  
0.9158607524  
2.669553964  
3.331973198  
3.151142361  
2.658512304  
2.451894223  
2.962246694  
4.286965573  
6.146822634  
7.979125242  
9.131966004  
9.090379607  
7.656083858  
5.020617237  
1.710078517  
-1.57598912  
-4.174143043  
-5.643977147  
-5.872962235  
-5.071030885  
-3.666169119  
-2.145193157  
-0.899153737  
-0.1258259631  
0.1836774847  
0.1807314943  
0.05268629429  
-0.07724858131  
-0.2015064732  
-0.4117167365  
-0.825113063  
-1.489524328  
-2.312899345  
-3.054278586  
-3.388408003  
-3.025325155  
-1.841131088  
0.03282052245  
2.203794937  
4.107894624  
5.174524688  
5.013591263  
3.561393872  
1.131231148  
-1.65545674  
-4.041728084  
-5.359641083  
-5.235076225  
-3.705448156  
-1.210072188  
1.545682919  
3.809594193  
5.014437689  
4.947257163  
3.801497017  
2.096197709  
0.4905336917  
-0.4436607654  
-0.4153357291  
0.49031865  
1.845168538  
3.027870832  
3.43935439  
2.71213779  
0.844593029  
-1.783289881  
-4.516790289  
-6.620502691  
-7.496924316  
-6.860908337  
-4.817600947  
-1.823895261  
1.449303108  
4.306852078  
6.211047167  
6.902045996  
6.427496872  
5.082860661  
3.291879225  
1.472153975  
-0.07013070005  
-1.188065818  
-1.879915565  
-2.231052094  
-2.343405047  
-2.283845061  
-2.070705443  
-1.698649807  
-1.184316301  
-0.6057681308  
-0.1113088006  
0.1133431921  
-0.08832228073  
-0.7676367911  
-1.817435695  
-2.968297276  
-3.844801167  
-4.070180203  
-3.388226425  
-1.761655807  
0.5891843105  
3.225484698  
5.599754867  
7.20456037  
7.714019324  
7.072536196  
5.501457517  
3.421062001  
1.313407647  
-0.4284286597  
-1.61431016  
-2.296204251  
-2.720045322  
-3.207974401  
-4.013105697  
-5.199188612  
-6.589787274  
-7.808099762  
-8.397231723  
-7.982110295  
-6.418228002  
-3.874701495  
-0.8194622033  
2.093933506  
4.205651593  
5.040094126  
4.447543868  
2.651437144  
0.1852864241  
-2.261712466  
-4.042479102  
-4.731842767  
-4.233288524  
-2.781606744  
-0.844046615  
1.045148767  
2.461511724  
3.221012821  
3.423686461  
3.398688667  
3.571647909  
4.299979449  
5.731194934  
7.730548574  
9.90101525  
11.68865505  
12.53967511  
12.06056775  
10.13351587  
6.95504396  
2.99046226  
-1.138212086  
-4.795487667  
-7.466134003  
-8.846321158  
-8.875683772  
-7.712967285  
-5.673079494  
-3.149994299  
-0.5472978038  
1.771385307  
3.511148997  
4.461154502  
4.506142183  
3.639499934  
1.975616587  
-0.2477164675  
-2.688267611  
-4.94669148  
-6.639315973  
-7.481852658  
-7.361188672  
-6.371424317  
-4.798297286  
-3.051064372  
-1.557951509  
-0.6543736356  
-0.49718571  
-1.031226217  
-2.018262329  
-3.118381443  
-3.99694479  
-4.42228648  
-4.3233839  
-3.791290383  
-3.02805793  
-2.264909569  
-1.681126405  
-1.352841929  
-1.247971478  
-1.264602732  
-1.292881147  
-1.271440042  
-1.212322499  
-1.18227336  
-1.247704325  
-1.407959727  
-1.549267426  
-1.446416239  
-0.8216198585  
0.5533163298  
2.745833088  
5.585834927  
8.659665157  
11.38931993  
13.18153568  
13.60395249  
12.53103343  
10.2069785  
7.196835117  
4.232763983  
1.998737838  
0.9206255921  
1.031004476  
1.95679875  
3.039261876  
3.552007695  
2.948752752  
1.0597865  
-1.829617825  
-5.048782485  
-7.741033276  
-9.131496688  
-8.777719464  
-6.721351024  
-3.489792922  
0.05515788073  
2.9751049  
4.537797373  
4.434918347  
2.86581655  
0.4613645588  
-1.926339854  
-3.499813866  
-3.768727467  
-2.699026424  
-0.7130404028  
1.456446177  
3.008467128  
3.333285913  
2.206341171  
-0.1426441278  
-3.103301616  
-5.8733041  
-7.699429961  
-8.094836215  
-6.967713304  
-4.627601828  
-1.675611336  
1.180029734  
3.322038494  
4.375991505  
4.276299638  
3.23722808  
1.650344437  
-0.05009255347  
-1.507990012  
-2.518036252  
-3.036872925  
-3.142342795  
-2.966406097  
-2.631726664  
-2.214649773  
-1.742559599  
-1.21777184  
-0.6499530228  
-0.07783648683  
0.431537493  
0.8055067449  
0.9984398531  
1.016940675  
0.9230261854  
0.8106763292  
0.763738602  
0.8130805539  
0.9132799711  
0.95266097  
0.7972991217  
0.3546333891  
-0.3680033065  
-1.235951283  
-2.007553603  
-2.401997562  
-2.195637493  
-1.314451575  
0.1121530933  
1.760689616  
3.190383106  
3.968273605  
3.805000696  
2.657017658  
0.7592317942  
-1.426856087  
-3.337280845  
-4.465497995  
-4.50854673  
-3.453058947  
-1.573285726  
0.6585755177  
2.720906616  
4.201843996  
4.91731415  
4.949708919  
4.595408451  
4.239894369  
4.203677636  
4.612544261  
5.337928662  
6.030150473  
6.236059498  
5.563751736  
3.839947171  
1.206095195  
-1.882422579  
-4.759304546  
-6.725136141  
-7.247789059  
-6.124548112  
-3.555323911  
-0.1025683763  
3.452490058  
6.316221874  
7.891545762  
7.928678613  
6.574562386  
4.308556255  
1.786076854  
-0.3609395592  
-1.705896616  
-2.137604995  
-1.867618388  
-1.336102476  
-1.048919362  
-1.399242429  
-2.530916502  
-4.286627788  
-6.256460414  
-7.910349108  
-8.771182332  
-8.57254626  
-7.350116342  
-5.436985916  
-3.364030153  
-1.696878112  
-0.8614857977  
-1.014106525  
-1.99729356  
-3.395908314  
-4.674767684  
-5.353121965  
-5.159072811  
-4.113609301  
-2.51706376  
-0.8430236467  
0.4243841047  
0.954878647  
0.6822481538  
-0.1773688077  
-1.205783705  
-1.934433143  
-2.014928013  
-1.348354246  
-0.1261236761  
1.235122285  
2.245239717  
2.528244886  
1.980201465  
0.8388283177  
-0.3658708378  
-0.9709456901  
-0.4023152225  
1.612633854  
4.914273852  
8.910970568  
12.71854175  
15.40174782  
16.24571716  
14.9728024  
11.83505444  
7.550390107  
3.09940367  
-0.5557858998  
-2.744150043  
-3.265688344  
-2.424019969  
-0.9038616908  
0.4650459254  
0.9806103066  
0.2903802826  
-1.506292058  
-3.904917352  
-6.171575885  
-7.586748431  
-7.676110488  
-6.354125788  
-3.937495381  
-1.029821678  
1.678684213  
3.62645045  
4.538942128  
4.480865706  
3.791217643  
2.930681104  
2.299691862  
2.092919177  
2.240175844  
2.45112485  
2.343379764  
1.604286551  
0.125779143  
-1.937262851  
-4.206348375  
-6.202081469  
-7.50607141  
-7.904214276  
-7.460295606  
-6.493707617  
-5.468652793  
-4.832914375  
-4.861345288  
-5.557171428  
-6.644027722  
-7.650874192  
-8.061104922  
-7.476869417  
-5.746171184  
-3.014166353  
0.3141731084  
3.684448964  
6.53909372  
8.454213064  
9.228707409  
8.905763414  
7.729522069  
6.058726141  
4.268528329  
2.669421646  
1.461121331  
0.7240574548  
0.4385953523  
0.5160267392  
0.8273113962  
1.223076063  
1.54701211  
1.650316753  
1.414208963  
0.7813672679  
-0.2115315315  
-1.414640239  
-2.574111353  
-3.37767263  
-3.531863517  
-2.852375513  
-1.339519393  
0.7893570435  
3.128438343  
5.172588901  
6.446259379  
6.635728771  
5.683774344  
3.814631471  
1.477385139  
-0.7788094031  
-2.461904412  
-3.279135821  
-3.219979245  
-2.55304243  
-1.736474244  
-1.268357909  
-1.522634985  
-2.620964024  
-4.380458054  
-6.354207185  
-7.953852551  
-8.61884893  
-7.983605298  
-5.994380961  
-2.942632464  
0.5949537696  
3.893650528  
6.258678056  
7.197645452  
6.543602584  
4.498614403  
1.588149597  
-1.46150988  
-3.892753578  
-5.092698685  
-4.734880309  
-2.854041593  
0.1630665452  
3.668935132  
6.907998967  
9.195592115  
10.08099964  
9.454777805  
7.572544962  
4.987053458  
2.403405133  
0.4931301061  
-0.2843680471  
0.1959690582  
1.694544467  
3.679781525  
5.485424093  
6.508286686  
6.388230587  
5.115286791  
3.029140495  
0.7087318021  
-1.215643651  
-2.269403303  
-2.293487918  
-1.503612191  
-0.4270346832  
0.265593857  
-0.01945554854  
-1.59784795  
-4.391738572  
-7.939260944  
-11.52706257  
-14.40264474  
-15.99616108  
-16.07797244  
-14.80038187  
-12.61243683  
-10.08121165  
-7.686111701  
-5.662150632  
-3.949946236  
-2.270522603  
-0.2956160547  
2.153440956  
4.958910242  
7.676311995  
9.643571777  
10.20022147  
8.942834082  
5.923259833  
1.709931533  
-2.723552107  
-6.258668348  
-7.962402421  
-7.37944274  
-4.684737974  
-0.6383038114  
3.650154717  
7.073310075  
8.878614558  
8.900872212  
7.592914555  
5.840455423  
4.62236615  
4.633765779  
6.005986129  
8.22741581  
10.30153802  
11.0955983  
9.763808241  
6.097624496  
0.6746848893  
-5.257460223  
-10.13749241  
-12.5772796  
-11.82121359  
-8.022532486  
-2.237199314  
3.87294991  
8.539581373  
10.43236282  
9.072902035  
4.982314212  
-0.4879551236  
-5.589382576  
-8.734326851  
-8.99819743  
-6.403370968  
-1.894072364  
2.987204561  
6.61349967  
7.807640788  
6.221962453  
2.440818034  
-2.224471495  
-6.177403141  
-8.067188117  
-7.233901703  
-3.923602363  
0.7936363112  
5.371846412  
8.286790692  
8.520376139  
5.877211486  
1.036712732  
-4.668315736  
-9.66801238  
-12.62894293  
-12.83468698  
-10.35986525  
-5.995525595  
-0.9649160938  
3.466992682  
6.36021499  
7.329818484  
6.579550232  
4.748116669  
2.638060496  
0.9298490308  
-0.02078547818  
-0.2421399528  
-0.05810794968  
0.09927697947  
-0.1042069475  
-0.7614570149  
-1.694751437  
-2.545694351  
-2.943010111  
-2.67790415  
-1.81520666  
-0.6943193874  
0.1832403972  
0.3391823186  
-0.4921609726  
-2.24204115  
-4.501037883  
-6.634932725  
-7.985167099  
-8.085566693  
-6.820311241  
-4.46809367  
-1.616571659  
1.023930749  
2.84422243  
3.521972546  
3.107914316  
1.98609202  
0.7253977465  
-0.1235168106  
-0.2144665478  
0.4886059543  
1.720365138  
3.029999417  
3.959459155  
4.217964703  
3.789443664  
2.934637991  
2.088198213  
1.689181636  
2.007531721  
3.030894249  
4.454738826  
5.781890173  
6.498172349  
6.262755511  
5.045099635  
3.157566393  
1.168118812  
-0.280958621  
-0.6891154949  
0.124397869  
1.942152733  
4.199225741  
6.149701543  
7.096843834  
6.612962677  
4.677471717  
1.687879286  
-1.660352167  
-4.586520838  
-6.461541652  
-6.993113084  
-6.300850855  
-4.859390033  
-3.330437915  
-2.340434721  
-2.27677841  
-3.167938488  
-4.683786533  
-6.252335313  
-7.251282843  
-7.209689199  
-5.954200315  
-3.654939228  
-0.7611842031  
2.14622392  
4.532435687  
6.05570747  
6.63750762  
6.438330819  
5.755996815  
4.889844876  
4.024238518  
3.17494488  
2.216312726  
0.9753045168  
-0.6478885741  
-2.583841096  
-4.565258751  
-6.183511938  
-7.015607692  
-6.778766711  
-5.456515465  
-3.346930306  
-1.008856989  
0.8834112186  
1.733994581  
1.206471888  
-0.6670538805  
-3.485347445  
-6.587108642  
-9.234909713  
-10.81518077  
-10.99140534  
-9.76519123  
-7.432451821  
-4.457906932  
-1.317829804  
1.631171726  
4.212913161  
6.406969798  
8.258020915  
9.76492734  
10.80340422  
11.12273926  
10.42673287  
8.513214715  
5.418636644  
1.505844284  
-2.551799854  
-5.902248232  
-7.732721541  
-7.509291711  
-5.15954413  
-1.132645837  
3.692231491  
8.229378699  
11.47775035  
12.79121873  
12.04367534  
9.637462938  
6.35406663  
3.097228881  
0.6132859147  
-0.7202394651  
-0.9713532627  
-0.5759842609  
-0.1392649641  
-0.1897847569  
-0.9753655315  
-2.372341032  
-3.938724269  
-5.089703037  
-5.330139903  
-4.45845422  
-2.666691273  
-0.4987538879  
1.320596047  
2.12711551  
1.544858556  
-0.3791347039  
-3.180117957  
-6.118891157  
-8.413254984  
-9.47814616  
-9.093555065  
-7.446270388  
-5.036994121  
-2.491491302  
-0.3467091562  
1.111516544  
1.90454001  
2.297457294  
2.647844382  
3.230241156  
4.107195781  
5.097797419  
5.855366086  
6.02243794  
5.39994134  
4.060587453  
2.356814962  
0.8138593351  
-0.05647145968  
0.04698841074  
1.082477567  
2.652802773  
4.124690462  
4.843130919  
4.366661707  
2.638510257  
0.02835437077  
-2.775953473  
-4.993846861  
-6.018363499  
-5.629981314  
-4.08055665  
-2.014186337  
-0.2489082155  
0.5068967611  
-0.09502940547  
-1.914223087  
-4.362042371  
-6.599911945  
-7.828240091  
-7.566361067  
-5.825781183  
-3.11532109  
-0.2748440415  
1.806214996  
2.488970707  
1.600695816  
-0.5080060585  
-3.083484904  
-5.224354376  
-6.183043971  
-5.609661529  
-3.655306872  
-0.9018409759  
1.854128735  
3.88482694  
4.781799353  
4.585732131  
3.75178246  
2.965179023  
2.874614438  
3.839410732  
5.780707987  
8.189641024  
10.28982823  
11.29734237  
10.68774735  
8.377958796  
4.761119185  
0.5841415671  
-3.288191816  
-6.140597423  
-7.615070652  
-7.790667988  
-7.11262894  
-6.20066108  
-5.607106002  
-5.611066729  
-6.119767898  
-6.709297232  
-6.787711596  
-5.821461977  
-3.545531737  
-0.08505572935  
4.052106765  
8.107838075  
11.28571621  
12.97237488  
12.89812849  
11.19016005  
8.309070488  
4.897856117  
1.598105435  
-1.106298141  
-2.973113677  
-3.997641736  
-4.336826102  
-4.200658037  
-3.756583115  
-3.081729698  
-2.174676135  
-1.012971976  
0.3758005909  
1.865825291  
3.233607447  
4.211956473  
4.579232611  
4.249698455  
3.32809492  
2.10298716  
0.9748901576  
0.338734355  
0.4574074496  
1.367642329  
2.850084899  
4.474965513  
5.710928696  
6.064941631  
5.212320826  
3.080262671  
-0.1363601956  
-4.027157184  
-8.067048454  
-11.73442785  
-14.61385768  
-16.45891824  
-17.20538713  
-16.94053426  
-15.84560521  
-14.1330694  
-11.99730618  
-9.589442886  
-7.017226624  
-4.3628978  
-1.70771042  
0.8479879194  
3.176913623  
5.131924038  
6.566162451  
7.361106818  
7.455845027  
6.870676097  
5.718923957  
4.202352478  
2.58783779  
1.166452768  
0.2004048601  
-0.1321636183  
0.2186870808  
1.155062363  
2.445591519  
3.775328514  
4.822322822  
5.342470849  
5.238870124  
4.593518358  
3.648313956  
2.736930284  
2.184972732  
2.207495241  
2.836086022  
3.900346604  
5.072386308  
5.9627449  
6.238692247  
5.727245743  
4.469110218  
2.705162028  
0.7994560421  
-0.8756202092  
-2.053089806  
-2.644957879  
-2.750247688  
-2.595172782  
-2.427552421  
-2.404756202  
-2.517932415  
-2.58325337  
-2.307336013  
-1.406654333  
0.2603949344  
2.597428772  
5.248884786  
7.668495884  
9.261723258  
9.559937577  
8.370954815  
5.855626543  
2.502283598  
-0.9970590488  
-3.933299133  
-5.773815909  
-6.304601366  
-5.678691021  
-4.358064522  
-2.969129989  
-2.117620616  
-2.219150623  
-3.393900671  
-5.451461768  
-7.962617793  
-10.38883063  
-12.22566  
-13.11716435  
-12.91294966  
-11.66168376  
-9.556293822  
-6.859315912  
-3.837946529  
-0.7284456794  
2.266703114  
4.960813594  
7.164603954  
8.686130577  
9.357438737  
9.081642335  
7.881953585  
5.929464012  
3.531900964  
1.079070184  
-1.042690527  
-2.541637332  
-3.287656114  
-3.332251326  
-2.874022588  
-2.181081336  
-1.497026926  
-0.963069616  
-0.5830021443  
-0.242312353  
0.2270321904  
0.9611324192  
1.990611129  
3.207122953  
4.383383018  
5.240627538  
5.5400554  
5.165986792  
4.171413388  
2.769945698  
1.277098924  
0.02126594266  
-0.7455040354  
-0.9081540835  
-0.5034452201  
0.3112566969  
1.319255244  
2.310829956  
3.130540431  
3.691831217  
3.960353215  
3.921017261  
3.550233918  
2.811312877  
1.67904204  
0.1838779054  
-1.546149263  
-3.271402808  
-4.672248485  
-5.427204282  
-5.31835432  
-4.329230228  
-2.696256919  
-0.8852056687  
0.5133784898  
0.9479444025  
0.0835134794  
-2.062883314  
-5.077420174  
-8.219563811  
-10.59693857  
-11.40117054  
-10.1390596  
-6.790927168  
-1.846584659  
3.796118196  
9.045173742  
12.88251773  
14.61208336  
14.01974292  
11.40328897  
7.468920427  
3.128877649  
-0.7383005646  
-3.496210544  
-4.872338948  
-4.967051903  
-4.158946699  
-2.945781939  
-1.776124475  
-0.9244497352  
-0.4438361957  
-0.2022294384  
0.01956957668  
0.4087739728  
1.025004753  
1.761933057  
2.378200244  
2.585028198  
2.15852063  
1.036522647  
-0.6345607025  
-2.520890837  
-4.185773241  
-5.212544802  
-5.328162033  
-4.489127034  
-2.90257835  
-0.9746219074  
0.8004041452  
1.978574905  
2.293403907  
1.734674414  
0.555844474  
-0.7933613462  
-1.791699197  
-1.994884144  
-1.167058137  
0.6416149388  
3.094130575  
5.645170795  
7.679891782  
8.676906571  
8.351524954  
6.739134926  
4.193609248  
1.298035448  
-1.290571597  
-3.021529196  
-3.605731391  
-3.100718988  
-1.898243131  
-0.6137893384  
0.09418822655  
-0.2742918621  
-1.896788992  
-4.552038948  
-7.657985948  
-10.41868805  
-12.04229202  
-11.96959205  
-10.04705424  
-6.591916839  
-2.326820696  
1.801109032  
4.867666096  
6.215990789  
5.628548577  
3.377707131  
0.1413902889  
-3.190303768  
-5.759959874  
-6.967641845  
-6.611782013  
-4.909334682  
-2.395925776  
0.2570480962  
2.447826901  
3.807973513  
4.27690737  
4.071151151  
3.567326617  
3.145312001  
3.048550144  
3.30950053  
3.762887951  
4.137165997  
4.186520482  
3.811744626  
3.122895852  
2.418290295  
2.085125898  
2.456082273  
3.673275204  
5.609801891  
7.880058695  
9.939548084  
11.24361601  
11.41328571  
10.35283649  
8.279131521  
5.652160434  
3.02945368  
0.8928263738  
-0.4948363206  
-1.15537452  
-1.362939634  
-1.526283619  
-2.027808377  
-3.07613395  
-4.623968268  
-6.380197491  
-7.912145492  
-8.802378604  
-8.80490315  
-7.945339637  
-6.52831757  
-5.047082645  
-4.023974946  
-3.83466439  
-4.575425433  
-6.019080642  
-7.676122094  
-8.942642647  
-9.287923515  
-8.421413009  
-6.385589274  
-3.545669958  
-0.4806195773  
2.188358404  
3.976555143  
4.66566985  
4.346422155  
3.364864698  
2.194742757  
1.280879512  
0.9055563661  
1.11922652  
1.753254838  
2.504117277  
3.055347419  
3.193159425  
2.876868417  
2.243277237  
1.548332817  
1.070627817  
1.012707621  
1.434114343  
2.236374766  
3.200302889  
4.057694397  
4.569222174  
4.581451084  
4.046981862  
3.00798384  
1.557941233  
-0.1964561216  
-2.154330181  
-4.213040971  
-6.241480571  
-8.053397426  
-9.403066159  
-10.01812336  
-9.668748507  
-8.254393483  
-5.876671985  
-2.865419266  
0.2632596132  
2.916307873  
4.574929416  
4.943531802  
4.047389796  
2.242028074  
0.1234831165  
-1.639092415  
-2.49961611  
-2.198470689  
-0.8388877154  
1.151644624  
3.165903131  
4.622525237  
5.165516533  
4.790045153  
3.849219925  
2.935203539  
2.670385057  
3.476366874  
5.398940436  
8.0516831  
10.70379109  
12.49064035  
12.68405933  
10.93695232  
7.422011742  
2.815543459  
-1.874463546  
-5.58748645  
-7.51333149  
-7.326303916  
-5.278506147  
-2.123136886  
1.109001707  
3.411581764  
4.091813106  
2.96006573  
0.3656680655  
-2.927450168  
-5.982597542  
-7.972654903  
-8.416429465  
-7.300090765  
-5.05295411  
-2.392784726  
-0.09491251743  
1.240290523  
1.35091759  
0.3629656347  
-1.281363846  
-2.985822749  
-4.196426325  
-4.569238309  
-4.060595299  
-2.918439277  
-1.585446704  
-0.5506259817  
-0.1982380347  
-0.6988766287  
-1.970346912  
-3.712207714  
-5.495992952  
-6.879637299  
-7.512594753  
-7.206499307  
-5.960350078  
-3.943657629  
-1.450769004  
1.15754058  
3.512187397  
5.286787663  
6.240227239  
6.25139657  
5.344829147  
3.701739325  
1.647956189  
-0.388959324  
-1.954648091  
-2.665696161  
-2.309667446  
-0.919779107  
1.202599772  
3.53401806  
5.441903579  
6.341987911  
5.861001933  
3.958831143  
0.9710675803  
-2.44756011  
-5.471260068  
-7.308089543  
-7.408469478  
-5.620026965  
-2.243933888  
2.026147617  
6.269301872  
9.56437648  
11.21872144  
10.93764276  
8.889581267  
5.650655663  
2.045013557  
-1.074591433  
-3.046297997  
-3.560388708  
-2.721075668  
-0.9955698507  
0.9321858836  
2.360788477  
2.768387491  
1.954629859  
0.0910112969  
-2.33133784  
-4.639963646  
-6.166607001  
-6.429703081  
-5.265578678  
-2.874603583  
0.2285624026  
3.346332465  
5.775996822  
6.987288619  
6.753803634  
5.205000904  
2.786350354  
0.1392582302  
-2.067077559  
-3.307515172  
-3.331840635  
-2.221150187  
-0.3563302248  
1.691529589  
3.318391542  
4.049652392  
3.664426376  
2.249592696  
0.170816228  
-2.029599117  
-3.778852583  
-4.623704583  
-4.344666549  
-3.00573156  
-0.9295616054  
1.391542759  
3.422025209  
4.711761851  
4.993954804  
4.229951731  
2.594963942  
0.414806124  
-1.924132125  
-4.06513475  
-5.748536387  
-6.842785345  
-7.337881795  
-7.31080791  
-6.87893784  
-6.158171704  
-5.23797697  
-4.177916355  
-3.022291134  
-1.823686937  
-0.664081706  
0.3362680576  
1.027410317  
1.255400813  
0.8995064079  
-0.08820283724  
-1.651209692  
-3.614088916  
-5.691492326  
-7.522423293  
-8.726529571  
-8.973999124  
-8.056279326  
-5.942498829  
-2.806895318  
0.9832152083  
4.921816994  
8.453861578  
11.08329553  
12.47549375  
12.52871247  
11.39465419  
9.439978009  
7.156080213  
5.039129976  
3.471766277  
2.638543033  
2.49820916  
2.819522178  
3.268205527  
3.517058191  
3.34422259  
2.689017467  
1.649267429  
0.4242756705  
-0.7735578662  
-1.804371621  
-2.650613088  
-3.410921453  
-4.238978753  
-5.249659932  
-6.429076896  
-7.586525806  
-8.373680209  
-8.373451195  
-7.23524473  
-4.814087013  
-1.265295592  
2.942901358  
7.112126011  
10.47489865  
12.39045329  
12.51826333  
10.91661464  
8.034757892  
4.598781604  
1.423183588  
-0.7979454989  
-1.661126177  
-1.139052881  
0.4380495619  
2.493620948  
4.371081884  
5.505216131  
5.551989039  
4.447360001  
2.389715461  
-0.2371347562  
-2.969716296  
-5.367119698  
-7.086357763  
-7.922051075  
-7.815249823  
-6.843509779  
-5.203764353  
-3.192506624  
-1.179557746  
0.4328353312  
1.271280768  
1.06906573  
-0.2556481652  
-2.546644713  
-5.407352203  
-8.264464602  
-10.49261621  
-11.57260321  
-11.23882428  
-9.568188754  
-6.97583883  
-4.110065563  
-1.67141325  
-0.2081261328  
0.04846944738  
-0.745494879  
-2.095657613  
-3.325482459  
-3.790401506  
-3.080964404  
-1.148625958  
1.686558076  
4.847055386  
7.687929562  
9.699132572  
10.65002282  
10.62776961  
9.960472125  
9.058106832  
8.234704896  
7.581629627  
6.942105771  
5.997888024  
4.43473783  
2.120778461  
-0.7763381818  
-3.78721266  
-6.265065896  
-7.599364469  
-7.443959119  
-5.873689599  
-3.403950491  
-0.8539822022  
0.9090894431  
1.262454898  
0.05469189012  
-2.31638279  
-5.010784369  
-7.010623717  
-7.457408554  
-5.949165935  
-2.693829908  
1.538367522  
5.653039944  
8.58379484  
9.640751895  
8.736551529  
6.410884173  
3.642709152  
1.512082842  
0.826150879  
1.837347672  
4.151399222  
6.858291782  
8.843025117  
9.171085923  
7.417523148  
3.827414245  
-0.7472153622  
-5.112987881  
-8.113850481  
-8.996017893  
-7.638402474  
-4.574766424  
-0.8050355676  
2.536204507  
4.540148547  
4.793302268  
3.471154768  
1.233618422  
-1.032328559  
-2.527883915  
-2.80591744  
-1.896778027  
-0.262750956  
