7.122174457  
1.600071366  
-4.723208208  
-10.42458707  
-14.06585405  
-14.62460143  
-11.82794887  
-6.273206095  
0.7139069033  
7.446234817  
12.35368311  
14.4205107  
13.44158434  
10.0190836  
5.309552106  
0.615816226  
-3.031186541  
-5.156838445  
-5.902222633  
-5.851602133  
-5.706538869  
-5.940152005  
-6.569541334  
-7.136604258  
-6.905408414  
-5.198729165  
-1.739510961  
3.14300027  
8.534674044  
13.1928064  
15.95391195  
16.14739242  
13.85985324  
9.94315028  
5.749527091  
2.676976094  
1.681077552  
2.92810282  
5.719676019  
8.72592953  
10.4545086  
9.795613347  
6.450804788  
1.08844254  
-4.839507559  
-9.567015012  
-11.61552573  
-10.32262963  
-6.11263915  
-0.4081947225  
4.797356809  
7.571451143  
6.671167805  
1.961188997  
-5.518793682  
-13.86152261  
-20.87503419  
-24.75164637  
-24.60748055  
-20.72188787  
-14.40691537  
-7.558532336  
-2.042947882  
0.8798633329  
0.9122120119  
-1.250715357  
-4.211321933  
-6.373005377  
-6.48436738  
-4.046855958  
0.5387894458  
6.121928612  
11.18523892  
14.32888281  
14.69854942  
12.22764835  
7.630329065  
2.163359966  
-2.755941266  
-5.952300339  
-6.797014103  
-5.336132143  
-2.223244606  
1.504358507  
4.728474459  
6.542750451  
6.462029443  
4.507613924  
1.165353726  
-2.756107627  
-6.32265183  
-8.680440957  
-9.230485098  
-7.744274574  
-4.405058646  
0.2299056645  
5.340582425  
10.01206404  
13.43006618  
15.06406364  
14.79345136  
12.93850633  
10.17753834  
7.361605687  
5.270780964  
4.37996853  
4.70747729  
5.801018841  
6.876263593  
7.074019449  
5.759345759  
2.765587372  
-1.502590493  
-6.151330417  
-10.04928706  
-12.1747984  
-11.94794988  
-9.436557042  
-5.362667259  
-0.9004623436  
2.673796478  
4.36816757  
3.771989808  
1.166328754  
-2.587022182  
-6.338291305  
-9.02355677  
-9.993012713  
-9.185146488  
-7.094175006  
-4.551651598  
-2.40775779  
-1.230789767  
-1.132647199  
-1.778372554  
-2.56756509  
-2.910967543  
-2.490742852  
-1.400685047  
-0.1101618685  
0.7353239691  
0.5993097158  
-0.6879435778  
-2.804943811  
-5.004852287  
-6.357261997  
-6.083071195  
-3.86065425  
0.01276302538  
4.671437481  
8.934612622  
11.68059093  
12.21301875  
10.49128929  
7.14334688  
3.25554658  
0.01277347643  
-1.685514143  
-1.500532038  
0.2715220558  
2.845083804  
5.25075255  
6.684994169  
6.77598384  
5.672633282  
3.93279682  
2.262921396  
1.216588788  
0.9724958317  
1.278786651  
1.583614136  
1.296957767  
0.0753434842  
-1.99007636  
-4.365381767  
-6.25890186  
-6.934983757  
-6.037034085  
-3.789986513  
-0.991979603  
1.218693749  
1.749974696  
-0.03764805687  
-4.053450634  
-9.436292815  
-14.77986762  
-18.55713722  
-19.60454051  
-17.50141781  
-12.71313072  
-6.446471326  
-0.2651840533  
4.403679211  
6.704798335  
6.585537003  
4.750476318  
2.365265117  
0.622456136  
0.3273809116  
1.649571237  
4.12047478  
6.865624241  
8.97354734  
9.855919426  
9.461365262  
8.26486694  
7.043196221  
6.530156024  
7.092268912  
8.557323537  
10.26852475  
11.34765356  
11.06641196  
9.1781531  
6.072086307  
2.675935624  
0.1288291312  
-0.6623685322  
0.582538103  
3.329645061  
6.340069681  
8.059708274  
7.168350988  
3.100239425  
-3.653794231  
-11.58659131  
-18.56821888  
-22.48187325  
-21.90298412  
-16.59906376  
-7.679567519  
2.665166678  
11.76431909  
17.2247512  
17.61381285  
12.8580531  
4.240499438  
-5.993466792  
-15.2905531  
-21.4979095  
-23.41224272  
-21.01784166  
-15.36768026  
-8.175367119  
-1.269509358  
3.909928932  
6.62623035  
6.902165876  
5.341162417  
2.811364555  
0.1228909172  
-2.188690658  
-3.91569662  
-5.082284616  
-5.770423411  
-5.963045236  
-5.482638613  
-4.055297349  
-1.471569474  
2.229730635  
6.642395379  
11.00326895  
14.34752035  
15.76664548  
14.68476471  
11.05759123  
5.422753259  
-1.219447276  
-7.65765725  
-12.77242558  
-15.79492972  
-16.44547385  
-14.9208906  
-11.75316658  
-7.603231278  
-3.068966347  
1.428555335  
5.654686255  
9.485445166  
12.79886683  
15.3955145  
16.99297568  
17.30287195  
16.15900284  
13.63867526  
10.11688072  
6.216744782  
2.660225215  
0.06433595161  
-1.246094141  
-1.339138946  
-0.6482431809  
0.1797880397  
0.511655505  
-0.04939218666  
-1.523550047  
-3.548203443  
-5.50865951  
-6.759738693  
-6.859190168  
-9.976317786  
-12.28130984  
-12.1358433  
-9.712800422  
-5.74923163  
-1.308862546  
2.541383281  
5.038519956  
5.919484504  
5.448851645  
4.276498978  
3.178351442  
2.769818222  
3.288162765  
4.514875403  
5.861227192  
6.585348915  
6.065830051  
4.038886057  
0.7190759322  
-3.23729535  
-6.91511123  
-9.411171721  
-10.10652239  
-8.854731649  
-6.028606038  
-2.413313392  
1.018134784  
3.37624851  
4.091375548  
3.047870629  
0.5840470444  
-2.631674872  
-5.801778411  
-8.212441677  
-9.396133647  
-9.204610753  
-7.785516479  
-5.486688144  
-2.731324154  
0.0909412441  
2.686041014  
4.862846121  
6.501003585  
7.508380012  
7.797331216  
7.296439703  
5.994644959  
3.996338156  
1.556876679  
-0.9280724009  
-2.989709456  
-4.197754401  
-4.284374911  
-3.238455125  
-1.333288296  
0.9300964429  
2.954462494  
4.217047398  
4.427697775  
3.623081067  
2.163118833  
0.6252807199  
-0.375124291  
-0.3855421272  
0.7244480424  
2.696960185  
4.937963482  
6.677473256  
7.194096912  
6.039376154  
3.195313962  
-0.8836084133  
-5.360163227  
-9.214454559  
-11.50117415  
-11.59425777  
-9.352446177  
-5.161203583  
0.1592481263  
5.553488983  
9.983294094  
12.66545598  
13.23418958  
11.79018725  
8.831063096  
5.090350357  
1.335419018  
-1.817700278  
-4.023952606  
-5.237687594  
-5.653107415  
-5.586055061  
-5.341787606  
-5.113763529  
-4.944291729  
-4.754286815  
-4.424437811  
-3.89186975  
-3.221256309  
-2.61895029  
-2.379710661  
-2.781141401  
-3.961960855  
-5.829334887  
-8.033791138  
-10.02948702  
-11.20908229  
-11.07574566  
-9.399212366  
-6.304254191  
-2.258912297  
2.03921106  
5.847050046  
8.575036887  
9.938665185  
10.01439387  
9.18222575  
7.974611254  
6.883164038  
6.189636355  
5.880112588  
5.673174947  
5.152984956  
3.960295513  
1.971716418  
-0.6012263317  
-3.235959009  
-5.246183189  
-6.008445914  
-5.192378313  
-2.912549653  
0.2581426964  
3.429222384  
5.650979525  
6.211283354  
4.87410611  
1.977404216  
-1.648841646  
-4.925494466  
-6.854856919  
-6.834074547  
-4.848817166  
-1.481086499  
2.275252461  
5.334466647  
6.871795481  
6.593713558  
4.835362803  
2.450494487  
0.5270153506  
0.01907375766  
1.415227835  
4.55185984  
8.634846397  
12.4656543  
14.80220393  
14.74149988  
12.00436032  
7.03389277  
0.8786430092  
-5.101439703  
-9.614372854  
-11.78557153  
-11.37544665  
-8.807637553  
-5.010393893  
-1.129366729  
1.795619925  
3.093994583  
2.598576705  
0.6263256509  
-2.170275993  
-5.021706461  
-7.257645648  
-8.460292789  
-8.522936624  
-7.616244691  
-6.092112464  
-4.367372977  
-2.825092755  
-1.754652018  
-1.331725788  
-1.624258584  
-2.606148858  
-4.166155782  
-6.111352099  
-8.174833385  
-10.04064288  
-11.39274409  
-11.98204622  
-11.69213166  
-10.57784861  
-8.855599611  
-6.839873357  
-4.841915341  
-3.064644607  
-1.534516675  
-0.1016746544  
1.483966009  
3.442944914  
5.829859274  
8.44628496  
10.84681381  
12.45097151  
12.7340861  
11.43629598  
8.713986441  
5.17000648  
1.735530684  
-0.5735845125  
-0.9568716159  
0.9088301454  
4.734563157  
9.66370315  
14.49121585  
17.99548087  
19.28168299  
18.02979949  
14.57003713  
9.76459371  
4.73767317  
0.5443322274  
-2.114049635  
-3.039735433  
-2.515631923  
-1.132246538  
0.4614803653  
1.787116094  
2.662680387  
3.187013997  
3.601245143  
4.094995558  
4.646350743  
4.970340004  
4.605963471  
3.113572704  
0.3054370577  
-3.587654046  
-7.893143014  
-11.64544607  
-13.87011255  
-13.91117421  
-11.68530162  
-7.764456222  
-3.244281951  
0.5699989233  
2.561963659  
2.154198023  
-0.5101039783  
-4.61929978  
-8.964441761  
-12.33812214  
-13.92423746  
-13.54446435  
-11.6774611  
-9.247637381  
-7.262729178  
-6.43347676  
-6.914812718  
-8.263002165  
-9.623390192  
-10.07747831  
-9.017767272  
-6.406785836  
-2.818210963  
0.7613573679  
3.300872273  
4.127427693  
3.2091048  
1.203524808  
-0.758612744  
-1.487258806  
-0.1989557116  
3.136959352  
7.708761474  
12.07931819  
14.65092222  
14.22688962  
10.47655428  
4.134955485  
-3.146610945  
-9.265860391  
-12.30815378  
-11.15271501  
-5.846393522  
2.381570119  
11.47297441  
19.1503506  
23.58693235  
23.92274462  
20.46613268  
14.52632076  
7.945250679  
2.493761365  
-0.6641368168  
-1.266521557  
0.0750845217  
2.197344338  
3.869449805  
4.259500593  
3.217192769  
1.279889389  
-0.5872988525  
-1.410468223  
-0.6228422082  
1.679476436  
4.737332402  
7.383926237  
8.462222601  
7.252051191  
3.751845666  
-1.287221809  
-6.588065215  
-10.75644209  
-12.72966871  
-12.11156527  
-9.282455861  
-5.253500754  
-1.32344824  
1.338487739  
2.040099955  
0.7318016148  
-2.052435553  
-5.440529234  
-8.552580164  
-10.79119832  
-11.99051816  
-12.38195  
-12.40677348  
-12.46269704  
-12.69280361  
-12.90386772  
-12.64622507  
-11.42119265  
-8.929945529  
-5.260002709  
-0.9284843609  
3.243826857  
6.387834983  
7.879689315  
7.563908304  
5.82077954  
3.448502524  
1.397944449  
0.4521867806  
0.9638361148  
2.742948798  
5.134524162  
7.256846077  
8.314936464  
7.877912103  
6.023624678  
3.303100053  
0.5422206112  
-1.44461369  
-2.125330364  
-1.41128008  
0.3426668248  
2.490454521  
4.336407385  
5.373974798  
5.435626807  
4.705841467  
3.603294667  
2.587936119  
1.974495884  
1.827087487  
1.973395952  
2.126105737  
2.054475851  
1.727708736  
1.36301075  
1.350426805  
2.078590139  
3.729606222  
6.129682832  
8.726210454  
10.71683735  
11.29782362  
9.949671752  
6.656867887  
1.975102289  
-3.091174239  
-7.371944326  
-9.888122372  
-10.16371343  
-8.386415157  
-5.35761664  
-2.24273438  
-0.200520197  
-0.01173397965  
-1.82894709  
-5.129238186  
-8.884331411  
-11.89082681  
-13.15164395  
-12.1851548  
-9.165388705  
-4.854599891  
-0.358118043  
3.212731467  
5.059121216  
4.897081574  
2.990580682  
0.020907626  
-3.149797164  
-5.734726876  
-7.215662564  
-7.421974153  
-6.489836545  
-4.738444446  
-2.523980749  
-0.1304175665  
2.267934431  
4.572546367  
6.687377377  
8.453189817  
9.630168459  
9.945085582  
9.187989021  
7.318351421  
4.532814429  
1.259063769  
-1.931439329  
-4.466925993  
-5.926804308  
-6.148031845  
-5.249315313  
-3.566625201  
-1.526803076  
0.4912541921  
2.255267638  
3.703431046  
4.890545093  
5.886373604  
6.676676744  
7.116644713  
6.964477684  
5.987582096  
4.099759438  
1.468942396  
-1.459565104  
-4.050394947  
-5.659221526  
-5.850720564  
-4.574780184  
-2.229441434  
0.425779775  
2.490418368  
3.211252572  
2.242100274  
-0.2176556716  
-3.461666888  
-6.488740673  
-8.323587383  
-8.339958219  
-6.474504032  
-3.253572412  
0.3819429376  
3.398222042  
5.027655428  
5.039835384  
3.825688219  
2.258773009  
1.375155384  
1.978738408  
4.309079937  
7.892198248  
11.63585938  
14.14896219  
14.18712838  
11.08051095  
5.001129031  
-3.023641453  
-11.36352412  
-18.22938443  
-22.17185214  
-22.47955147  
-19.35451979  
-13.8146565  
-7.360784722  
-1.519835002  
2.588192491  
4.524851614  
4.571521225  
3.533992794  
2.392887876  
1.927182367  
2.441416121  
3.686124891  
4.991143236  
5.556618474  
4.793043816  
2.58650134  
-0.6066609541  
-3.871288377  
-6.114964521  
-6.425381023  
-4.383700873  
-0.2292578954  
5.179295285  
10.59414673  
14.72586179  
16.5984648  
15.80293674  
12.57612263  
7.690173631  
2.198014609  
-2.877009764  
-6.807428016  
-9.305267501  
-10.51027068  
-10.84355819  
-10.79069559  
-10.69694206  
-10.64670731  
-10.46433179  
-9.827321588  
-8.442453692  
-6.21376116  
-3.335972051  
-0.2751293947  
2.360466461  
4.015941354  
4.384366329  
3.531231941  
1.902463296  
0.2080470673  
-0.7853692007  
-0.4891076942  
1.319237168  
4.413340645  
8.168116537  
11.72769582  
14.24098006  
15.0945212  
14.07478838  
11.4146687  
7.715025308  
3.769197727  
0.3456744338  
-2.00665729  
-3.076771573  
-3.005565807  
-2.200708829  
-1.186253039  
-0.4374683482  
-0.251046676  
-0.6852476628  
-1.579447245  
-2.636998404  
-3.537187902  
-4.036916268  
-4.031040568  
-3.558205357  
-2.759525966  
-1.813404701  
-0.8755061431  
-0.04725920798  
0.6182326821  
1.081285873  
1.273464731  
1.073974491  
0.3233386723  
-1.122454602  
-3.312756197  
-6.127436211  
-9.239866297  
-12.14228187  
-14.23877433  
-14.98744712  
-14.05317317  
-11.42386944  
-7.44949591  
-2.783941998  
1.761071123  
5.412650267  
7.628746962  
8.228966577  
7.424461405  
5.736992509  
3.831306482  
2.31204086  
1.547724551  
1.576139592  
2.119482638  
2.702766233  
2.835793275  
2.198588877  
0.7691041382  
-1.149221056  
-3.010048954  
-4.191148859  
-4.192731187  
-2.80381512  
-0.1834309937  
3.169534371  
6.549014865  
9.236375535  
10.69784892  
10.72606399  
9.485309508  
7.450432618  
5.261158528  
3.537577891  
2.711196943  
2.917995308  
3.978753206  
5.465219846  
6.826814708  
7.538738889  
7.231202756  
5.769846048  
3.27442992  
0.08026203802  
-3.340454414  
-6.475034966  
-8.863907676  
-10.1768914  
-10.26435438  
-9.180184484  
-7.175558001  
-4.662972849  
-2.151415229  
-0.1574363535  
0.8963757104  
0.7766177287  
-0.4956444653  
-2.631495056  
-5.12507299  
-7.364723093  
-8.781641843  
-8.99838116  
-7.934748171  
-5.83683212  
-3.215373611  
-0.7065548357  
1.106562743  
1.859339988  
1.506717881  
0.3277846183  
-1.168840041  
-2.409643854  
-2.938820788  
-2.560369098  
-1.394339149  
0.1700045506  
1.607344154  
2.430731669  
2.349377638  
1.358721702  
-0.2642203658  
-2.054537714  
-3.506699146  
-4.223601596  
-4.01795059  
-2.936428885  
-1.206643176  
0.8651966471  
3.001820551  
5.025407208  
6.867217861  
8.520047355  
9.962601054  
11.09777816  
11.7414935  
11.67661082  
10.75641656  
9.015771002  
6.737329945  
4.43070716  
2.712172834  
2.111485338  
2.86622855  
4.778814677  
7.199486629  
9.161724813  
9.645586268  
7.896750991  
3.70183782  
-2.474835935  
-9.550540978  
-16.07733766  
-20.62410247  
-22.17693644  
-20.4358774  
-15.91334212  
-9.798709602  
-3.625731278  
1.158474025  
3.592493114  
3.447027591  
1.246152813  
-1.937882942  
-4.846518325  
-6.435681654  
-6.188458994  
-4.244332816  
-1.311568973  
1.599646982  
3.528915212  
3.883671002  
2.62077561  
0.2378723864  
-2.414082015  
-4.426802687  
-5.135690063  
-4.32523999  
-2.274857541  
0.3621122975  
2.796493219  
4.371350383  
4.766818257  
4.074848596  
2.725496068  
1.299243972  
0.2986429796  
-0.03590520382  
0.1996924873  
0.6332191038  
0.7851913986  
0.2824104261  
-0.9640180204  
-2.68321736  
-4.301938961  
-5.118194128  
-4.533547537  
-2.26584623  
1.529521827  
6.271366026  
11.09484393  
15.07931837  
17.49062939  
17.96412059  
16.57607449  
13.78859188  
10.29291545  
6.805871856  
3.884116527  
1.80950217  
0.5711901579  
-0.06326389624  
-0.4233451886  
-0.805976855  
-1.384822026  
-2.18309025  
-3.108863807  
-4.029252934  
-4.847932727  
-5.553058106  
-6.217216866  
-6.95171522  
-7.836008767  
-8.852913537  
-9.858002845  
-10.59868392  
-10.78007708  
-10.15760311  
-8.626340006  
-6.277763791  
-3.404840709  
-0.4526076406  
2.072389048  
3.709238554  
4.138920803  
3.247592719  
1.145689329  
-1.856087202  
-5.303149853  
-8.670546933  
-11.43905284  
-13.1635391  
-13.52823605  
-12.38689236  
-9.786363318  
-5.970755083  
-1.361747646  
3.48881356  
7.973898985  
11.52678444  
13.72179739  
14.35923755  
13.51242095  
11.52061781  
8.923351883  
6.346518125  
4.364437314  
3.370287431  
3.487151178  
4.542755492  
6.115208692  
7.63882275  
8.543698782  
8.394399301  
6.993912335  
4.428892546  
1.04760714  
-2.621015349  
-5.985195925  
-8.515742673  
-9.850581902  
-9.857214801  
-8.643641312  
-6.52047079  
-3.92696839  
-1.339312683  
0.8197556257  
2.253816398  
2.837424124  
2.627807517  
1.844235414  
0.819894586  
-0.06568260491  
-0.4633588209  
-0.1283002727  
1.021577276  
2.874488784  
5.129774936  
7.34240228  
9.002707405  
9.638970605  
8.923359746  
6.758194526  
3.320986713  
-0.946261631  
-5.406487492  
-9.344965794  
-12.11150785  
-13.25645785  
-12.62875952  
-10.41154848  
-7.08452345  
-3.319617119  
0.1670254771  
2.772298273  
4.13510477  
4.205780999  
3.239079441  
1.712843455  
0.1933331152  
-0.8183357871  
-1.019028891  
-0.3817156011  
0.8412213472  
2.189938554  
3.125285639  
3.179523103  
2.090129809  
-0.1181771471  
-3.124584844  
-6.378901596  
-9.227034796  
-11.06370835  
-11.47461391  
-10.33352896  
-7.831711599  
-4.4339475  
-0.7733077901  
2.489348597  
4.807912229  
5.863417001  
5.622559268  
4.331758586  
2.451029674  
0.5447605486  
-0.8452363895  
-1.316458354  
-0.6879564079  
0.9679935179  
3.349598031  
5.997736819  
8.399622425  
10.10054914  
10.798773  
10.40250908  
9.036650799  
6.99853097  
4.674535127  
2.439199671  
0.5634380926  
-0.8435041411  
-1.842480526  
-2.621121222  
-3.411612372  
-4.394485928  
-5.618456888  
-6.962628706  
-8.155190559  
-8.845494688  
-8.709297851  
-7.555279103  
-5.399129959  
-2.480423324  
0.7853008413  
3.906317984  
6.436664117  
8.08301124  
8.763754636  
8.60321455  
7.865123024  
6.849827068  
5.791394994  
4.790131528  
3.802788398  
2.691562796  
1.311216517  
-0.4005825822  
-2.366232267  
-4.368751382  
-6.112517178  
-7.323330692  
-7.850475397  
-7.730559246  
-7.185169554  
-6.548002197  
-6.143727573  
-6.160682899  
-6.564701168  
-7.089359095  
-7.312071696  
-6.794823472  
-5.243575392  
-2.631212271  
0.7609579788  
4.401440211  
7.650518019  
9.94031395  
10.93315632  
10.60520809  
9.228212336  
7.258152295  
5.172678011  
3.317248492  
1.815834407  
0.5772528148  
-0.6088766607  
-1.927711049  
-3.407571164  
-4.859015614  
-5.916068646  
-6.170870223  
-5.353834387  
-3.48851537  
-0.9537335083  
1.584623935  
3.362843929  
3.773027861  
2.594594442  
0.1169128614  
-2.901902746  
-5.440884156  
-6.529165648  
-5.566617421  
-2.54346925  
1.921362526  
6.745573054  
10.70612099  
12.81745516  
12.64078797  
10.41946788  
6.991586675  
3.50568142  
1.032909266  
0.2062067716  
1.009645664  
2.791541138  
4.498729996  
5.053218765  
3.742226297  
0.4865556651  
-4.107277188  
-8.931904135  
-12.73994765  
-14.55851333  
-14.01535309  
-11.46418913  
-7.865158303  
-4.460319072  
-2.354712666  
-2.145894143  
-3.72812589  
-6.337181851  
-8.818894211  
-10.02814642  
-9.221053163  
-6.306840153  
-1.875750969  
3.002918169  
7.139478386  
9.613747748  
10.06250199  
8.769078144  
6.530231298  
4.353068691  
3.092323569  
3.156054632  
4.380410955  
6.112189474  
7.464090194  
7.647978856  
6.266834524  
3.463938589  
-0.119072448  
-3.555328787  
-5.938055277  
-6.670009362  
-5.63898061  
-3.225507147  
-0.150157231  
2.776675464  
4.909274617  
5.937228305  
5.920595943  
5.191468866  
4.173192288  
3.195629185  
2.380258438  
1.635754421  
0.7567546117  
-0.424617553  
-1.906344856  
-3.466309137  
-4.722053168  
-5.280571005  
-4.917503765  
-3.708113546  
-2.046969214  
-0.5348340491  
0.2355336551  
-0.08121728986  
-1.411740352  
-3.236069594  
-4.729868262  
-5.041172194  
-3.612180752  
-0.4322323084  
3.876436856  
8.186451188  
11.1809909  
11.76469162  
9.438506893  
4.511873312  
-1.926694088  
-8.283419828  
-12.90101359  
-14.5357446  
-12.72323816  
-7.919599483  
-1.374239404  
5.225926468  
10.23122041  
12.47893588  
11.58579892  
8.003633445  
2.833972995  
-2.529171361  
-6.811264173  
-9.197870843  
-9.508790177  
-8.168736451  
-6.00276562  
-3.935662832  
-2.696149077  
-2.615083819  
-3.568278673  
-5.064592776  
-6.43535654  
-7.055821564  
-6.528751996  
-4.781539027  
-2.061136359  
1.156296303  
4.302645838  
6.857896337  
8.457541978  
8.949064363  
8.396854986  
7.04702374  
5.267638575  
3.477643697  
2.073130819  
1.356867111  
1.478038123  
2.392704139  
3.858220309  
5.472410083  
6.759251563  
7.287999043  
6.797645287  
5.289657535  
3.054500403  
0.6133930952  
-1.417623134  
-2.507185513  
-2.378500163  
-1.113975324  
0.8446628585  
2.808512762  
4.037099957  
3.959535947  
2.352304974  
-0.5833294383  
-4.269857045  
-7.912874739  
-10.72015816  
-12.11089153  
-11.85074443  
-10.07593563  
-7.208491155  
-3.801970521  
-0.3778500788  
2.689220594  
5.203230808  
7.097716977  
8.341731096  
8.854873756  
8.480053209  
7.035802037  
4.43198689  
0.799346455  
-3.431387271  
-7.553205433  
-10.72603828  
-12.20886358  
-11.60906566  
-9.059427241  
-5.247483172  
-1.266159409  
1.685070384  
2.663676172  
1.297056282  
-2.062525643  
-6.403186932  
-10.33138  
-12.48417976  
-11.9495335  
-8.560532245  
-2.966446666  
3.546804926  
9.433687418  
13.3463875  
14.52903839  
13.02588718  
9.641080346  
5.667962238  
2.478868557  
1.108236029  
1.959265188  
4.719359753  
8.498619035  
12.13336476  
14.54747395  
15.05350217  
13.50491577  
10.26776766  
6.043336992  
1.620047513  
-2.35196703  
-5.490449558  
-7.686635139  
-9.010427378  
-9.576203731  
-9.440141452  
-8.578957819  
-6.958040663  
-4.651861913  
-1.950356769  
0.6152729926  
2.364181227  
2.6626097  
1.16436787  
-1.995427685  
-6.139309763  
-10.16601397  
-12.83407871  
-13.13354832  
-10.62876198  
-5.653665852  
0.7186154459  
6.939889161  
11.41513753  
12.96742861  
11.19390328  
6.597315369  
0.4463479928  
-5.596002154  
-9.962124075  
-11.63531059  
-10.42963767  
-7.0094593  
-2.647424014  
1.19673015  
3.338959246  
3.227626324  
1.084600898  
-2.206356084  
-5.418480662  
-7.397556518  
-7.436363824  
-5.488776469  
-2.160681178  
1.510508895  
4.408357937  
5.70351983  
5.115963011  
2.994321049  
0.195116632  
-2.191673283  
-3.179055202  
-2.176287523  
0.8459918068  
5.358841845  
10.43312756  
14.99513467  
18.09983959  
19.14608045  
17.98384411  
14.90084834  
10.51040081  
5.58495625  
0.8848332523  
-2.978494521  
-5.623859624  
-6.925136918  
-6.990672725  
-6.113279574  
-4.703910996  
-3.217013854  
-2.072225614  
-1.578206323  
-1.869034001  
-2.868186483  
-4.295333943  
-5.724036073  
-6.684792203  
-6.791468929  
-5.856740668  
-3.959640505  
-1.438725699  
1.194110696  
3.397947408  
4.762337517  
5.130266194  
4.641580574  
3.678298594  
2.726189249  
2.196875886  
2.27100784  
2.81888915  
3.430761615  
3.552078766  
2.682130625  
0.5700969829  
-2.659843531  
-6.501557857  
-10.18716276  
-12.90055947  
-14.01797054  
-13.29780381  
-10.95713561  
-7.608097979  
-4.073136542  
-1.13800185  
0.6780277915  
1.260950881  
0.9062763248  
0.189729913  
-0.2504707041  
0.05409424696  
1.233019061  
3.027145373  
4.873382869  
6.094846473  
6.132332784  
4.740188775  
2.082257393  
-1.302792832  
-4.65456285  
-7.212102427  
-8.432235946  
-8.13684049  
-6.545611607  
-4.188688322  
-1.731499247  
0.2297344328  
1.337285023  
1.556302221  
1.154309326  
0.5901627939  
0.3541719311  
0.813137064  
2.10795587  
4.130368355  
6.577601852  
9.058603305  
11.21168013  
12.79398618  
13.71753815  
14.02778207  
13.84155083  
13.27409062  
12.38579156  
11.16869808  
9.575418592  
7.575482787  
5.212939788  
2.63818738  
0.09671988611  
-2.125904222  
-3.786333871  
-4.764451621  
-5.113000697  
-5.054509317  
-4.921250758  
-5.053410841  
-5.685815104  
-6.859555182  
-8.389068436  
-9.899398445  
-10.92694392  
-11.05691957  
-10.05793043  
-7.972846681  
-5.136269576  
-2.109078679  
0.4556510046  
1.980765973  
2.121667835  
0.8676587472  
-1.441711127  
-4.192331943  
-6.645371854  
-8.123058799  
-8.182131932  
-6.729629169  
-4.05071893  
-0.7414357064  
2.436204931  
4.73948564  
5.623884231  
4.871715707  
2.640732577  
-0.5760543558  
-4.065827032  
-7.055842456  
-8.878464461  
-9.10419694  
-7.616553639  
-4.618760277  
-0.5786550979  
3.869510675  
8.041842372  
11.31671935  
13.22453091  
13.50602004  
12.13730736  
9.324272758  
5.470545738  
1.123150404  
-3.10011466  
-6.596213881  
-8.86647386  
-9.597345618  
-8.716665119  
-6.410664579  
-3.092911152  
0.6733897417  
4.286014528  
7.223217127  
9.143387754  
9.939594613  
9.735103256  
8.822247203  
7.563661449  
6.285784089  
5.196656085  
4.351584797  
3.674124681  
3.021162932  
2.265975486  
1.367341599  
0.3981937855  
-0.4776165694  
-1.072337492  
-1.260021296  
-1.047406656  
-0.6002312196  
-0.2100564144  
-0.2078212055  
-0.8503354277  
-2.217619948  
-4.157907468  
-6.303078959  
-8.154811281  
-9.218313895  
-9.14401193  
-7.834055544  
-5.480879623  
-2.526194975  
0.4465909609  
2.853774865  
4.245216868  
4.394465644  
3.32531441  
1.27640709  
-1.375865556  
-4.20649313  
-6.815557704  
-8.871316892  
-10.12359227  
-10.40166634  
-9.615249344  
-7.771083593  
-5.003907471  
-1.605385376  
1.974208178  
5.173907187  
7.4266045  
8.303958506  
7.662652786  
5.740906893  
3.159257716  
0.8033539415  
-0.3969836431  
0.259658622  
3.000041886  
7.437394135  
12.5975468  
17.12241804  
19.60918344  
18.99739762  
14.89412473  
7.737452401  
-1.259134412  
-10.37717936  
-17.81037447  
-22.114937  
-22.56747264  
-19.32964258  
-13.37498083  
-6.202515446  
0.5761875764  
5.65500242  
8.33693923  
8.642791074  
7.205857133  
4.999607239  
2.993394577  
1.84813351  
1.744273921  
2.386490589  
3.169605986  
3.438371968  
2.74645774  
1.025418297  
-1.390588735  
-3.886829101  
-5.788695172  
-6.60063059  
-6.179038018  
-4.779991802  
-2.96719907  
-1.414060296  
-0.6693998095  
-0.9674666568  
-2.146386542  
-3.701336655  
-4.952947522  
-5.273316173  
-4.29428186  
-2.030429517  
1.120589559  
4.496474436  
7.365051355  
9.130258627  
9.48420558  
8.461715404  
6.388721511  
3.751613375  
1.038839412  
-1.3888638  
-3.358335936  
-4.861484232  
-5.969709653  
-6.727647548  
-7.075112272  
-6.833649397  
-5.767999387  
-3.7021425  
-0.6461133365  
3.118279188  
7.033767455  
10.36068707  
12.34857563  
12.43953319  
10.44237212  
6.621639335  
1.66870543  
-3.443730189  
-7.687824841  
-10.22743733  
-10.61900822  
-8.912756345  
-5.6285824  
-1.61577487  
2.163416647  
4.867749973  
5.968431215  
5.352865709  
3.321458416  
0.4871441591  
-2.389197596  
-4.581841658  
-5.557086021  
-5.071369485  
-3.196572382  
-0.2775167098  
3.159028772  
6.517774762  
9.245468057  
10.9196335  
11.30506527  
10.37542206  
8.302547843  
5.418730019  
2.158188327  
-1.01510514  
-3.68442405  
-5.55092939  
-6.485025619  
-6.546123992  
-5.962883666  
-5.074144821  
-4.241192666  
-3.75158887  
-3.740212058  
-4.151434093  
-4.757045591  
-5.229164323  
-5.250323802  
-4.629335823  
-3.386429576  
-1.77709023  
-0.2402851991  
0.7205873076  
0.6936001208  
-0.494187257  
-2.684687675  
-5.386687848  
-7.873711798  
-9.362317322  
-9.225376191  
-7.180945067  
-3.400344886  
1.500917468  
6.593632769  
10.85616887  
13.42854162  
13.82986501  
12.07838271  
8.679896849  
4.487433866  
0.4717536297  
-2.532413861  
-4.033067356  
-3.983896093  
-2.758048506  
-1.005464123  
0.5596517974  
1.37560792  
1.189870653  
0.1119580852  
-1.447693972  
-2.927756901  
-3.803485185  
-3.751008606  
-2.738086021  
-1.016627116  
0.974957024  
2.763134634  
3.992212182  
4.528932478  
4.487071457  
4.168375308  
3.943985352  
4.118987295  
4.826105378  
5.982170967  
7.318110028  
8.467712521  
9.081617305  
8.92687326  
7.94051532  
6.224440509  
3.990998909  
1.485768556  
-1.079880098  
-3.560936408  
-5.867066366  
-7.918534544  
-9.596141773  
-10.71549886  
-11.04673061  
-10.38161575  
-8.628415297  
-5.898821877  
-2.548254342  
0.8573401553  
3.651396984  
5.228959785  
5.215107256  
3.586072789  
0.6999776855  
-2.77979375  
-6.05204139  
-8.389535499  
-9.332491509  
-8.804807543  
-7.117141452  
-4.856065085  
-2.694515984  
-1.183641475  
-0.5917072341  
-0.8398325966  
-1.552409662  
-2.2024357  
-2.301500998  
-1.570469327  
-0.03482623776  
1.985165956  
3.983531999  
5.437930223  
5.981190991  
5.517580297  
4.246547296  
2.5887771  
1.042466242  
0.0202900863  
-0.2776164833  
0.08642655455  
0.8281354809  
1.554110901  
1.904984131  
1.678199837  
0.8891588876  
-0.2471495464  
-1.403150412  
-2.259584039  
-2.61508415  
-2.445209767  
-1.891777432  
-1.189627514  
-0.5609752908  
-0.1189198294  
0.1825180029  
0.5322306356  
1.185038509  
2.351895441  
4.097628682  
6.284224896  
8.581653686  
10.5444743  
11.72965369  
11.8172193  
10.69531081  
8.484537258  
5.497886824  
2.15425197  
-1.122540561  
-3.985648733  
-6.205430989  
-7.663811869  
-8.317378612  
-8.155368627  
-7.178458354  
-5.412472401  
-2.952666787  
-0.01656462452  
3.025872499  
5.672177803  
7.368542985  
7.639856542  
6.234037836  
3.23397417  
-0.9062587779  
-5.425001766  
-9.41088191  
-12.01877657  
-12.68631735  
-11.28889617  
-8.185942941  
-4.141062768  
-0.134829352  
2.879970884  
4.21437865  
3.607457095  
1.276976987  
-2.152231865  
-5.817247916  
-8.833515479  
-10.50000242  
-10.44282388  
-8.668645464  
-5.526507997  
-1.600504856  
2.430429966  
5.928158587  
8.398791178  
9.55155063  
9.3153766  
7.824501061  
5.385603192  
2.434581171  
-0.5156560204  
-2.938954117  
-4.372529716  
-4.500904113  
-3.232507623  
-0.7475294978  
2.504359287  
5.868883312  
8.61075075  
10.07313138  
9.835243624  
7.825379612  
4.354811728  
0.05791214064  
-4.250024827  
-7.761480333  
-9.861721698  
-10.26021819  
-9.034148114  
-6.575666039  
-3.462951046  
-0.2966237344  
2.448751168  
4.516177527  
5.879368303  
6.682618102  
7.135718363  
7.404913354  
7.53906023  
7.455245186  
6.985615587  
5.965166685  
4.3262047  
2.163572457  
-0.2543765618  
-2.534950856  
-4.255850299  
-5.075981855  
-4.82828728  
-3.567201003  
-1.558359209  
0.7840327843  
2.992124608  
4.644521946  
5.446368994  
5.273198424  
4.174497822  
2.343761927  
0.06803590504  
-2.329329574  
-4.542335733  
-6.326843237  
-7.53363828  
-8.128565382  
-8.196609532  
-7.925483959  
-7.565250133  
-7.365576366  
-7.500511777  
-7.999272567  
-8.706407946  
-9.291969766  
-9.320914342  
-8.372804717  
-6.183461635  
-2.766591452  
1.528102949  
6.050553088  
9.983916791  
12.54881648  
13.22405306  
11.91723282  
9.026810993  
5.36524197  
1.953860667  
-0.2585294148  
-0.6732225574  
0.7694592761  
3.55271344  
6.716701448  
9.130362956  
9.824742181  
8.288927013  
4.637859981  
-0.4017820736  
-5.686680837  
