-1.130524544  
-2.784644451  
-4.278562799  
-5.326484747  
-5.753627008  
-5.53051768  
-4.761715631  
-3.638284023  
-2.374684114  
-1.153412234  
-0.09430739017  
0.7466920178  
1.357096104  
1.741345992  
1.903960042  
1.851027678  
1.60773828  
1.240068703  
0.8647325875  
0.6353525083  
0.7030285499  
1.161937027  
1.999858045  
3.075351456  
4.136044991  
4.87843765  
5.033687816  
4.452311631  
3.158409438  
1.35241104  
-0.641828041  
-2.47040081  
-3.8530994  
-4.662546739  
-4.951258038  
-4.916731639  
-4.81631236  
-4.861803402  
-5.131673854  
-5.533482493  
-5.832033613  
-5.735738427  
-5.012605324  
-3.595575526  
-1.639028515  
0.4965802565  
2.331434513  
3.400118223  
3.391867229  
2.253491806  
0.2220686595  
-2.224371552  
-4.485084403  
-5.990418574  
-6.348010851  
-5.441584346  
-3.457320129  
-0.8338215645  
1.847698356  
4.002128456  
5.172727712  
5.126937372  
3.897874164  
1.768343402  
-0.7932150991  
-3.227483937  
-4.989868129  
-5.648830992  
-4.962666989  
-2.924599619  
0.2301957744  
4.058364465  
7.980973133  
11.38660281  
13.74912124  
14.73753027  
14.29224269  
12.64530171  
10.27264846  
7.782874089  
5.765287273  
4.634517808  
4.514426031  
5.197069256  
6.194057783  
6.871719581  
6.636077495  
5.116388207  
2.293228974  
-1.469428371  
-5.502031702  
-8.999056886  
-11.23436883  
-11.76140225  
-10.54038502  
-7.955166301  
-4.714260304  
-1.664227797  
0.4311902198  
1.083818086  
0.192793194  
-1.952509711  
-4.773817602  
-7.575193596  
-9.731646386  
-10.84091673  
-10.79904542  
-9.785673998  
-8.173036649  
-6.393885362  
-4.812418545  
-3.636527991  
-2.892527671  
-2.461276496  
-2.154928658  
-1.802688275  
-1.314677731  
-0.7041685519  
-0.06532746553  
0.4800429823  
0.843014276  
1.010737205  
1.055788029  
1.10895089  
1.306755316  
1.734551682  
2.387457664  
3.16468834  
3.900542069  
4.421681589  
4.610605073  
4.452322505  
4.046595573  
3.579564828  
3.262484542  
3.25684875  
3.610614134  
4.22765035  
4.882711563  
5.28012701  
5.140567855  
4.290785688  
2.729285773  
0.6469849997  
-1.605552406  
-3.597416099  
-4.922740593  
-5.303754793  
-4.663107356  
-3.145124494  
-1.079650304  
1.102109104  
2.976802653  
4.233339734  
4.743788713  
4.581578581  
3.982727659  
3.262179866  
2.710335925  
2.500741619  
2.636733371  
2.953414639  
3.174744907  
3.008635353  
2.2508884  
0.8652725213  
-0.9864773  
-2.976167132  
-4.694684471  
-5.766990063  
-5.961819412  
-5.261863505  
-3.871499745  
-2.158043137  
-0.5434254879  
0.6206730622  
1.155018651  
1.099446496  
0.6881143437  
0.2604171652  
0.1358786176  
0.4941243738  
1.300639019  
2.305288162  
3.117284531  
3.334814697  
2.688242936  
1.149217036  
-1.033073276  
-3.385109098  
-5.339731829  
-6.406276102  
-6.327304092  
-5.170796073  
-3.324996295  
-1.39277722  
-0.01426327495  
0.3295873037  
-0.5282340882  
-2.377444764  
-4.681335366  
-6.729706605  
-7.849672745  
-7.611098168  
-5.963697536  
-3.262623848  
-0.1728710659  
2.520320453  
4.138884114  
4.309172845  
3.069855518  
0.8583307024  
-1.619741004  
-3.597910427  
-4.470771727  
-3.963899739  
-2.202361683  
0.34026795  
2.993988561  
5.09707962  
6.190258894  
6.142169653  
5.170710482  
3.75760168  
2.486327935  
1.855936703  
2.128745144  
3.257256926  
4.909473649  
6.580521656  
7.752325053  
8.049817879  
7.345642355  
5.7836798  
3.71872851  
1.596182392  
-0.1866716334  
-1.392526797  
-1.99514016  
-2.15727216  
-2.147924653  
-2.230719009  
-2.563347957  
-3.142255905  
-3.809708121  
-4.318110885  
-4.426649397  
-3.994718087  
-3.038559166  
-1.731211003  
-0.3462638499  
0.8340718021  
1.613479108  
1.944617024  
1.937954089  
1.812779289  
1.807488115  
2.081094488  
2.641629725  
3.328262178  
3.855580466  
3.906711687  
3.244439876  
1.802326982  
-0.2761917463  
-2.665670379  
-4.945745829  
-6.719455824  
-7.72374789  
-7.895520086  
-7.371546748  
-6.423305993  
-5.350344691  
-4.370361652  
-3.545521623  
-2.771963555  
-1.837029132  
-0.5243077031  
1.271510854  
3.462963445  
5.754278331  
7.702764092  
8.841187469  
8.822852127  
7.541383539  
5.183440358  
2.193545576  
-0.8412708865  
-3.352459264  
-4.946153874  
-5.504912986  
-5.202514859  
-4.427693177  
-3.642542527  
-3.222866845  
-3.333401459  
-3.878936613  
-4.54658742  
-4.92374134  
-4.650735576  
2.424322745  
-0.7221969422  
-3.581468009  
-5.543420091  
-6.219255408  
-5.530261242  
-3.712322709  
-1.241045465  
1.296828051  
3.348453803  
4.518764611  
4.645276961  
3.811560583  
2.303568476  
0.5259802991  
-1.097759247  
-2.218081428  
-2.6264004  
-2.286490973  
-1.328391832  
-0.009941496511  
1.344168087  
2.413306273  
2.948468841  
2.823865829  
2.062371595  
0.8289011886  
-0.6080416185  
-1.939360422  
-2.888984449  
-3.280166329  
-3.076807688  
-2.387566204  
-1.430166337  
-0.4648644483  
0.2841747747  
0.6960257172  
0.78744974  
0.7028040119  
0.6613368164  
0.8777291658  
1.481177284  
2.459732971  
3.649285344  
4.772405691  
5.515996968  
5.623621509  
4.97314372  
3.614889821  
1.758445871  
-0.2867618766  
-2.196818234  
-3.716181854  
-4.711571403  
-5.18149391  
-5.222460295  
-4.968550807  
-4.53016964  
-3.956973229  
-3.239424654  
-2.347081622  
-1.285690045  
-0.1459584596  
0.8818250841  
1.541004957  
1.584526072  
0.8700133927  
-0.5609219598  
-2.452814615  
-4.37553431  
-5.829156075  
-6.387020857  
-5.832949523  
-4.245988764  
-1.999669492  
0.3312569252  
2.133312314  
2.938183921  
2.570310657  
1.209141842  
-0.6574882843  
-2.378131734  
-3.337745219  
-3.150888637  
-1.786455411  
0.4170566888  
2.852411098  
4.830089365  
5.791946192  
5.484434735  
4.036269645  
1.915868761  
-0.2176309895  
-1.721920112  
-2.171304541  
-1.485368878  
0.05348657628  
1.897623774  
3.414129128  
4.088729118  
3.688835675  
2.335343952  
0.4629666595  
-1.315429347  
-2.395524874  
-2.360255418  
-1.096831268  
1.179656597  
3.996932114  
6.762435717  
8.920400916  
10.08134176  
10.09003903  
9.021610645  
7.119616085  
4.706819402  
2.103119799  
-0.4241011527  
-2.66956362  
-4.47061354  
-5.681638142  
-6.166231435  
-5.820487842  
-4.623619158  
-2.695317802  
-0.3303466467  
2.016034834  
3.803056133  
4.528964522  
3.873029146  
1.810997918  
-1.337603648  
-4.954531883  
-8.257104234  
-10.48988234  
-11.12162592  
-9.990572304  
-7.354164025  
-3.82655054  
-0.2202542842  
2.663122405  
4.233561769  
4.24862572  
2.849416894  
0.4920137324  
-2.198922603  
-4.606151967  
-6.271899887  
-6.984116708  
-6.77954888  
-5.874366302  
-4.555689658  
-3.076837382  
-1.59304582  
-0.155674144  
1.241233092  
2.588805192  
3.801932844  
4.700112781  
5.044672233  
4.623092142  
3.350328307  
1.346863371  
-1.042254946  
-3.304672721  
-4.885319855  
-5.344249731  
-4.498549127  
-2.499983843  
0.1826665891  
2.878847161  
4.900046428  
5.739664449  
5.228533244  
3.596671804  
1.418739717  
-0.544566377  
-1.564916011  
-1.161244248  
0.7523603844  
3.830140051  
7.381261932  
10.55491512  
12.5704136  
12.92597191  
11.52686291  
8.698228819  
5.082143889  
1.452309265  
-1.497392393  
-3.328730145  
-3.950703828  
-3.605316586  
-2.758487286  
-1.934774644  
-1.549355716  
-1.788495255  
-2.571865111  
-3.602864914  
-4.485235911  
-4.86467918  
-4.548489201  
-3.565797846  
-2.151993354  
-0.6662373142  
0.527684089  
1.176405914  
1.210284697  
0.7527127221  
0.06526157082  
-0.5502234198  
-0.8579737206  
-0.7669981322  
-0.3566671316  
0.1574858903  
0.5040233072  
0.4531120162  
-0.1023467406  
-1.108776488  
-2.368308405  
-3.601661269  
-4.534106152  
-4.974401385  
-4.860567219  
-4.259680039  
-3.326164529  
-2.238084837  
-1.138144959  
-0.1027482608  
0.8499963306  
1.719387611  
2.469221785  
2.990431448  
3.102346087  
2.6011101  
1.344043749  
-0.6587262919  
-3.182304252  
-5.786617019  
-7.891485591  
-8.915657666  
-8.443711759  
-6.369999743  
-2.970024181  
1.132177671  
5.10152165  
8.10169259  
9.519291192  
9.135759639  
7.192870894  
4.327791883  
1.392979056  
-0.7877726012  
-1.654761534  
-1.068071453  
0.6640656808  
2.892751804  
4.838004501  
5.834633774  
5.537320942  
4.020945461  
1.745818191  
-0.5992498313  
-2.324133127  
-2.960826215  
-2.411049753  
-0.9711848678  
0.7720898746  
2.140084817  
2.588805283  
1.890096167  
0.2088260134  
-1.947878771  
-3.891727031  
-4.971806537  
-4.780221015  
-3.280018859  
-0.81690485  
1.985896997  
4.413399848  
5.86506662  
6.017666737  
4.897833415  
2.848416766  
0.4070210995  
-1.858737077  
-3.504836562  
-4.307608781  
-4.280985985  
-3.620184045  
-2.601746587  
-1.481139606  
-0.424670606  
0.5049262167  
1.313060791  
2.011713679  
2.5645817  
2.867230272  
2.774317899  
2.164761469  
1.017893592  
-0.5335621668  
-2.201500523  
-3.601270504  
-4.357991165  
-4.227407006  
-3.189573005  
-1.47969528  
0.4603878307  
2.100448027  
2.976062621  
2.831195377  
1.70323233  
-0.07859839543  
-1.983684548  
-3.4336539  
-3.973222441  
-3.406671675  
-1.858717467  
0.2582369388  
2.360146864  
3.855662414  
4.310341332  
3.563867232  
1.768775234  
-0.6569259349  
-3.146075333  
-5.132221128  
-6.190796982  
-6.134986345  
-5.044983789  
-3.229002447  
-1.132363024  
0.7775286898  
2.1197802  
2.677151311  
2.427619392  
1.528873495  
0.2650429326  
-1.028188132  
-2.04178858  
-2.558405562  
-2.492229246  
-1.89754368  
-0.9459319095  
0.1220266183  
1.059805022  
1.678464836  
1.895385561  
1.755147543  
1.41529611  
1.098491632  
1.022291776  
1.325767995  
2.015386696  
2.9492713  
3.86889911  
4.473039343  
4.514332224  
3.889233185  
2.691060183  
1.204776312  
-0.160887256  
-0.9882760238  
-0.980209774  
-0.06401718308  
1.564703835  
3.476791821  
5.117182962  
5.956688167  
5.64393839  
4.111699097  
1.604557946  
-1.381525992  
-4.230318565  
-6.367983747  
-7.408912528  
-7.242460935  
-6.037783769  
-4.170265261  
-2.097347607  
-0.2259565598  
1.18640348  
2.068986292  
2.508477934  
2.671268983  
2.711253266  
2.699753891  
2.603372512  
2.315545486  
1.726056916  
0.7976518345  
-0.3840160876  
-1.610704288  
-2.606148322  
-3.11731606  
-3.009287686  
-2.327387105  
-1.300504931  
-0.279971524  
0.3682126027  
0.382365937  
-0.3055584388  
-1.542191544  
-2.997608382  
-4.268945753  
-5.008263856  
-5.031413287  
-4.371063226  
-3.256361217  
-2.027300143  
-1.014548847  
-0.427399767  
-0.2892253621  
-0.4425649207  
-0.6209575196  
-0.5605940899  
-0.1105669826  
0.6991142942  
1.657437819  
2.441613755  
2.731937185  
2.331966181  
1.251149463  
-0.2802391599  
-1.870657933  
-3.082359253  
-3.563745088  
-3.155026135  
-1.932563281  
-0.1786241369  
1.711217788  
3.350045727  
4.469071812  
4.978876256  
4.965093427  
4.625244803  
4.174289637  
3.756661278  
3.398514545  
3.017363158  
2.483390216  
1.706029199  
0.7087414701  
-0.34165988  
-1.168199185  
-1.472655822  
-1.050959861  
0.1069550155  
1.772747322  
3.513826116  
4.802903569  
5.17303346  
4.370161462  
2.452622953  
-0.1987280821  
-2.969015461  
-5.174406264  
-6.256394965  
-5.946880216  
-4.3528915  
-1.933201922  
0.6283606402  
2.616699275  
3.489585065  
3.03202266  
1.415709733  
-0.8532603806  
-3.082137038  
-4.590707293  
-4.903792815  
-3.88224678  
-1.756896293  
0.9410533073  
3.529933418  
5.362760577  
5.994727378  
5.28794652  
3.428558846  
0.8573776461  
-1.860659096  
-4.187866088  
-5.743076761  
-6.375737223  
-6.170287001  
-5.387253054  
-4.364792097  
-3.413125053  
-2.732865235  
-2.377751117  
-2.266930247  
-2.23653714  
-2.109638088  
-1.760371747  
-1.152645593  
-0.3439795579  
0.5427672536  
1.366824611  
2.018097483  
2.450106405  
2.68721573  
2.805673244  
2.897092053  
3.028676396  
3.214821608  
3.410033467  
3.524990827  
3.459148586  
3.13743184  
2.537328327  
1.69657317  
0.699100461  
-0.3546297802  
-1.380609252  
-2.333615219  
-3.208851059  
-4.020897949  
-4.767614546  
-5.394081218  
-5.773994545  
-5.721621277  
-5.037422964  
-3.577795759  
-1.32829774  
1.545392137  
4.691309963  
7.620854835  
9.808410838  
10.81807495  
10.42308654  
8.681840922  
5.943940717  
2.778555357  
-0.1599632695  
-2.294510215  
-3.270799236  
-3.043988536  
-1.880225822  
-0.2714439208  
1.212400811  
2.090296645  
2.106645898  
1.296373262  
-0.0405919236  
-1.446878235  
-2.463197527  
-2.782630464  
-2.354636526  
-1.405339931  
-0.3668475706  
0.2629055674  
0.08608868613  
-1.055631999  
-3.012866064  
-5.354363021  
-7.480910553  
-8.794029674  
-8.869217101  
-7.581890965  
-5.148453831  
-2.070402515  
1.001623619  
3.443533137  
4.821923669  
4.999913138  
4.156258857  
2.715556852  
1.213295105  
0.1375692754  
-0.2057696897  
0.2332131775  
1.25406034  
2.484572834  
3.505367308  
3.981126836  
3.759406287  
2.909515133  
1.693026577  
0.4780049377  
-0.3751107561  
-0.6211301093  
-0.2000560518  
0.7493848605  
1.934122646  
2.993814697  
3.603888432  
3.564581318  
2.851444278  
1.614902576  
0.1314803132  
-1.277188775  
-2.333160729  
-2.873466947  
-2.884815186  
-2.494108357  
-1.920230655  
-1.403528101  
-1.135024424  
-1.206392471  
-1.594335199  
-2.181827056  
-2.806970373  
-3.321763393  
-3.640343821  
-3.76033836  
-3.750365069  
-3.708692899  
-3.708508161  
-3.750766697  
-3.743930171  
-3.521434497  
-2.894734036  
-1.726704676  
-0.00116534887  
2.136866994  
4.388248626  
6.357879593  
7.651028176  
7.980965183  
7.255135409  
5.611397615  
3.389961463  
1.046338933  
-0.9702882622  
-2.336654312  
-2.935572596  
-2.87077134  
-2.411099639  
-1.881985529  
-1.540324543  
-1.475773715  
-1.574087351  
-1.55828415  
-1.097208643  
0.05302375166  
1.922920238  
4.265278867  
6.581479037  
8.238999813  
8.650436586  
7.461977266  
4.692359676  
0.7749653112  
-3.517213061  
-7.249336916  
-9.559236598  
-9.884091455  
-8.115007139  
-4.6347346  
-0.2266689839  
4.120308184  
7.457491992  
9.105758138  
8.808184887  
6.768812188  
3.573375181  
0.02029728178  
-3.087150161  
-5.130093685  
-5.797352446  
-5.118117584  
-3.406730788  
-1.146063772  
1.150760333  
3.06031312  
4.322086449  
4.854750484  
4.723629395  
4.080344483  
3.099592967  
1.933241343  
0.6913254589  
-0.5522208392  
-1.740129555  
-2.812710525  
-3.700215323  
-4.330824549  
-4.650578643  
-4.646055106  
-4.359237718  
-3.887058663  
-3.363873109  
-2.931420838  
-2.705085808  
-2.746305564  
-3.048606435  
-3.540296325  
-4.101928062  
-4.593104158  
-4.881746586  
-4.869684512  
-4.510439258  
-3.817335711  
-2.86172735  
-1.762022655  
-0.664588354  
0.2817457301  
0.9546323343  
1.28589996  
1.281787724  
1.029245869  
0.6837664135  
0.4383336207  
0.4786516362  
0.9349630057  
1.84362634  
3.130517039  
4.623126884  
6.090031221  
7.297777557  
8.069115093  
8.325184536  
8.098653721  
7.513798497  
6.740094832  
5.934759452  
5.193429656  
4.52545997  
3.861910613  
3.092973914  
2.121267252  
0.9118431126  
-0.479160396  
-1.907827976  
-3.177073614  
-4.090955886  
-4.51032072  
-4.3912079  
-3.793877895  
-2.860920959  
-1.773739038  
-0.7037870702  
0.2242947095  
0.9462049065  
1.446613006  
1.731412147  
1.798587771  
1.622664358  
1.16155896  
0.3843593984  
-0.6914341427  
-1.970458529  
-3.273952044  
-4.366300266  
-5.009756436  
-5.031783126  
-4.38271473  
-3.162643504  
-1.60551713  
-0.02249507317  
1.279163543  
2.076418022  
2.284220204  
1.965556441  
1.295363325  
0.4917604036  
-0.2607936723  
-0.86925152  
-1.350716535  
-1.806613756  
-2.363132451  
-3.101317147  
-4.004091448  
-4.941500126  
-5.701465961  
-6.056505221  
-5.843282074  
-5.026472204  
-3.723311318  
-2.178647101  
-0.6975208966  
0.4428581071  
1.072750703  
1.175166711  
0.882877769  
0.4298778733  
0.07520382484  
0.02550243842  
0.3814929308  
1.1235289  
2.136559461  
3.260729263  
4.34585763  
5.288717678  
6.041022945  
6.589280919  
6.919945359  
6.989614672  
6.71769658  
6.009113382  
4.800827887  
3.114202703  
1.090032936  
-1.012707277  
-2.861202707  
-4.126950786  
-4.574777121  
-4.133606848  
-2.924166773  
-1.232234665  
0.5657804083  
2.101865169  
3.108493502  
3.474767652  
3.250442657  
2.600155513  
1.727643406  
0.7997059122  
-0.1015418832  
-0.9815819933  
-1.89329503  
-2.872997045  
-3.882223532  
-4.783326152  
-5.364165692  
-5.407462883  
-4.78125207  
-3.515622788  
-1.832465692  
-0.1093788064  
1.218298301  
1.790116416  
1.445419569  
0.2968959501  
-1.276748428  
-2.723450763  
-3.472056301  
-3.103080056  
-1.48333894  
1.178497408  
4.374616223  
7.427824998  
9.67015795  
10.61719219  
10.08707149  
8.231343532  
5.47274478  
2.373689047  
-0.520943564  
-2.818049534  
-4.349755725  
-5.170524139  
-5.488178763  
-5.559580847  
-5.590278106  
-5.671942267  
-5.774600613  
-5.789258447  
-5.598163168  
-5.141419138  
-4.452225661  
-3.647018593  
-2.875585264  
-2.252498568  
-1.79907516  
-1.421448668  
-0.9368056735  
-0.141339726  
1.103106797  
2.795252355  
4.762164668  
6.684075785  
8.172343674  
8.878104879  
8.597725009  
7.340911025  
5.338386425  
2.985030485  
0.7345983822  
-1.022435158  
-2.061236783  
-2.374819559  
-2.161443766  
-1.752519849  
-1.5041364  
-1.685542206  
-2.397732822  
-3.54507464  
-4.866298372  
-6.013513216  
-6.65438528  
-6.567230224  
-5.702343265  
-4.194009423  
-2.322393329  
-0.4384078282  
1.126050656  
2.137880031  
2.512471371  
2.32293297  
1.76984578  
1.122676321  
0.6499696979  
0.5564511016  
0.9413155265  
1.784955964  
2.96354391  
4.284129884  
5.529193823  
6.499174048  
7.044219987  
7.080899984  
6.594455302  
5.630720469  
4.283339947  
2.680995203  
0.9767686575  
-0.6613388001  
-2.061907073  
-3.067088626  
-3.556435266  
-3.475059423  
-2.859377187  
-1.850838825  
-0.6882847672  
0.3264815331  
0.8879792686  
0.760702965  
-0.1506755192  
-1.755368809  
-3.772533993  
-5.777751891  
-7.29471604  
-7.912751826  
-7.400450622  
-5.783079993  
-3.358184396  
-0.6390715646  
1.76437109  
3.299178524  
3.616950001  
2.674380976  
0.7565504181  
-1.586779826  
-3.677432576  
-4.882430502  
-4.778466402  
-3.262736234  
-0.5802727844  
2.738836978  
6.014109366  
8.583699073  
9.962209855  
9.94669475  
8.646462203  
6.434348667  
3.838270925  
1.405965004  
-0.4204387807  
-1.390381734  
-1.475873906  
-0.8484981991  
0.183189433  
1.254578944  
2.023375194  
2.230676178  
1.738364409  
0.543463261  
-1.226237561  
-3.331222989  
-5.452157787  
-7.234671892  
-8.346315081  
-8.540935314  
-7.719827064  
-5.974134652  
-3.592142022  
-1.020511817  
1.220292567  
2.651970206  
2.958732636  
2.079085002  
0.2398165471  
-2.083440474  
-4.274527827  
-5.728735389  
-6.008556528  
-4.960064852  
-2.756370167  
0.1451331271  
3.120332596  
5.537696942  
6.91466173  
7.028236178  
5.951816422  
4.012763473  
1.688684171  
-0.523254439  
-2.224775604  
-3.191223821  
-3.38797673  
-2.933748916  
-2.031914376  
-0.897918705  
0.2927367007  
1.423310293  
2.423806337  
3.242658632  
3.821620801  
4.089496136  
3.979892202  
3.465650506  
2.593363205  
1.499352922  
0.3946659314  
-0.4813863523  
-0.9264445963  
-0.8374729223  
-0.2476446802  
0.6772191182  
1.68388129  
2.505080632  
2.937247063  
2.896905377  
2.437476252  
1.722133241  
0.9638068225  
0.3545301881  
0.009122692827  
-0.05825259992  
0.08065895914  
0.3117953918  
0.531263442  
0.6844404031  
0.7761515518  
0.849360373  
0.9439231549  
1.056133466  
1.120328015  
1.024904131  
0.6601931637  
-0.01954992977  
-0.9468201212  
-1.929501687  
-2.690706503  
-2.953782663  
-2.547339628  
-1.493344954  
-0.04231310224  
1.365819199  
2.212501007  
2.054713511  
0.6759238853  
-1.816400061  
-4.983827973  
-8.150925123  
-10.57861204  
-11.66850045  
-11.13730954  
-9.106916382  
-6.079739051  
-2.803523424  
-0.0635483489  
1.537036086  
1.743961942  
0.7166541839  
-1.027188205  
-2.769601313  
-3.80525912  
-3.646531417  
-2.162031823  
0.3886726837  
3.43021301  
6.230920676  
8.09889145  
8.559765017  
7.470344992  
5.043330992  
1.784282157  
-1.635284806  
-4.531368722  
-6.348579722  
-6.758822547  
-5.702571863  
-3.373706015  
-0.1609612049  
3.434949021  
6.889678596  
9.734470587  
11.6172621  
12.34138683  
11.88053337  
10.3701267  
8.07660778  
5.348384418  
2.555461215  
0.02820628487  
-1.992509338  
-3.382865441  
-4.1354501  
-4.332243128  
-4.101066961  
-3.570618787  
-2.839475438  
-1.969035757  
-1.000820536  
0.01173280802  
0.97379225  
1.739338279  
2.131735201  
1.993214177  
1.248740273  
-0.03934625103  
-1.650428045  
-3.234365618  
-4.389894711  
-4.774476554  
-4.213553834  
-2.773026167  
-0.7668558419  
1.309711463  
2.907349259  
3.575659583  
3.096667309  
1.557035629  
-0.6655566014  
-3.000555027  
-4.839637162  
-5.703185302  
-5.36871408  
-3.923672896  
-1.728743265  
0.6944249537  
2.814257991  
4.231787467  
4.77237023  
4.50273617  
3.674796722  
2.621089656  
1.640560481  
0.9132208079  
0.4688819456  
0.2139539605  
-0.0009829886814  
-0.3035995451  
-0.7442838394  
-1.283588219  
-1.824813452  
-2.274732309  
-2.603463168  
-2.874356249  
-3.226701353  
-3.813736131  
-4.71816368  
-5.879620216  
-7.067764954  
-7.920521324  
-8.043810991  
-7.144968316  
-5.155875366  
-2.300151711  
0.9266863639  
3.868315083  
5.883418224  
6.535505361  
5.736985818  
3.797865585  
1.356608028  
-0.7931940231  
-1.932873713  
-1.637495556  
0.08450107743  
2.777346899  
5.659387293  
7.848321787  
8.625680562  
7.661685928  
5.131087477  
1.681328374  
-1.742264395  
-4.166600312  
-4.878843322  
-3.647633809  
-0.8104025018  
2.802594462  
6.089960388  
7.986444608  
7.769979671  
5.281260947  
0.9921881772  
-4.098745256  
-8.717854076  
-11.64734545  
-12.04678284  
-9.678331269  
-4.975698894  
1.060587622  
7.112090725  
11.86806711  
14.34146387  
14.09399816  
11.31578229  
6.745528714  
1.460049114  
-3.405240425  
-6.928373646  
-8.595889754  
-8.376685363  
-6.666302046  
-4.128973639  
-1.490236413  
0.6583499282  
1.990178515  
2.481480298  
2.35701218  
1.971095581  
1.667650078  
1.66427245  
1.993189234  
2.510691764  
2.964120059  
3.0884822  
2.698506773  
1.747152991  
0.3357077968  
-1.322059634  
-2.964568915  
-4.351720967  
-5.316583111  
-5.786696856  
-5.775014189  
-5.351397374  
-4.610848951  
-3.652529483  
-2.575750509  
-1.489134971  
-0.52149966  
0.1787985056  
0.4644448682  
0.2282891531  
-0.5508979039  
-1.774634217  
-3.220975485  
-4.58041256  
-5.527295563  
-5.808360736  
-5.320753194  
-4.15190857  
-2.563760569  
-0.9212504816  
0.415713145  
1.203540032  
1.39264867  
1.143619506  
0.7731229774  
0.6443378352  
1.036316383  
2.03580302  
3.489701699  
5.037787702  
6.219220379  
6.621255399  
6.022936456  
4.486035199  
2.36065938  
0.1994160649  
-1.396787622  
-1.955683267  
-1.279277775  
0.4872093642  
2.885489858  
5.265681771  
6.963654438  
7.482257562  
6.624069606  
4.538872933  
1.675250178  
-1.345932598  
-3.896650618  
-5.497304415  
-5.920750869  
-5.221031368  
-3.68676528  
-1.740641472  
0.1806609823  
1.730731409  
2.716055992  
3.107327772  
3.006291851  
2.586734364  
2.032047317  
1.487799843  
1.038665455  
0.7089363657  
0.4785739713  
0.304322216  
0.1376804681  
-0.06359212034  
-0.3290917836  
-0.6710042364  
-1.078601836  
-1.512988282  
-1.906370151  
-2.171162169  
-2.221576981  
-2.00480372  
-1.532544422  
-0.8997784712  
-0.2785852331  
0.1184550518  
0.1000630873  
-0.4330631194  
-1.432112353  
-2.681530063  
-3.831820976  
-4.482130249  
-4.293666289  
-3.101930442  
-0.9920036677  
1.690996026  
4.406334395  
6.54426663  
7.581887894  
7.2241608  
5.488373219  
2.70577401  
-0.5616517325  
-3.66592412  
-6.037500041  
-7.321946817  
-7.450560233  
-6.627510711  
-5.241964449  
-3.736192107  
-2.472673798  
-1.641125323  
-1.231258223  
-1.074302269  
-0.9336730751  
-0.6099932245  
-0.02294862637  
0.7575976596  
1.539877636  
2.085361211  
2.202218112  
1.82281456  
1.037306889  
0.07121290778  
-0.7854804684  
-1.273354378  
-1.250268489  
-0.7402204758  
0.07233363879  
0.9011442539  
1.450845799  
1.513759887  
1.039880728  
0.1580331503  
-0.858190924  
-1.668851277  
-1.966313663  
-1.564590122  
-0.4535744321  
1.196349753  
3.078899895  
4.831339329  
6.125525943  
6.745718162  
6.633695963  
5.892076633  
4.748495291  
3.49309132  
2.40714767  
1.700820382  
1.473373609  
1.70213591  
2.258797176  
2.945673369  
3.541400855  
3.845422009  
3.712965397  
3.075801666  
1.947905156  
0.4180357345  
-1.366999704  
-3.22433823  
-4.958753584  
-6.385619027  
-7.351641512  
-7.752466343  
-7.54620781  
-6.761567675  
-5.498664362  
-3.920638454  
-2.234789244  
-0.6638242521  
0.5896706256  
1.379630887  
1.645861882  
1.428206226  
0.8595685594  
0.1364732867  
-0.5280885396  
-0.9588261377  
-1.064905374  
-0.865005715  
-0.4811131781  
-0.0999996373  
0.08858188942  
-0.04060207296  
-0.4965198578  
-1.154626845  
-1.783641244  
-2.112278144  
-1.918267599  
-1.112580134  
0.2094635806  
1.77064254  
3.172754318  
4.002479738  
3.952937687  
2.924336288  
1.070989742  
-1.223240852  
-3.437678145  
-5.050921956  
-5.681062566  
-5.188341958  
-3.709347013  
-1.612652621  
0.6098121727  
2.481514645  
3.667138144  
4.047599492  
3.723884003  
2.953267039  
2.0436617  
1.244777532  
0.6739830635  
0.3007705845  
-0.00851854037  
-0.4063778953  
-0.9753993807  
-1.671521154  
-2.323220841  
-2.688961287  
-2.552230363  
-1.817874739  
-0.5711252555  
0.9269688343  
2.31112592  
3.228627771  
3.461204062  
3.007498308  
2.093470105  
1.102529866  
0.4458511793  
0.4160369936  
1.075531215  
2.221453231  
3.443450303  
4.259018804  
4.282709124  
3.371609973  
1.695020919  
-0.2998975812  
-2.020237714  
-2.917188808  
-2.672402778  
-1.318350569  
0.7500841326  
2.880982435  
4.357827179  
4.620002879  
3.442053432  
1.014462522  
-2.100735474  
-5.126978861  
-7.295196731  
-8.063329781  
-7.267523475  
-5.161217468  
-2.333585576  
0.4647008892  
2.533675292  
3.410935764  
2.980931653  
1.480644319  
-0.5919784517  
-2.632660614  
-4.099056223  
-4.644392407  
-4.183658367  
-2.883104199  
-1.086998759  
0.7886492521  
2.361450393  
3.359950959  
3.659606564  
3.279162325  
2.349993304  
1.074687926  
-0.3120409614  
-1.574220232  
-2.498448334  
-2.915552694  
-2.723698393  
-1.911711294  
-0.575796177  
1.08015218  
2.768462096  
4.166928559  
4.985208643  
5.032183736  
4.264912662  
2.803327386  
0.9044212066  
-1.097863652  
-2.869895757  
-4.150245786  
-4.796123908  
-4.793402164  
-4.232084577  
-3.260469858  
-2.037207558  
-0.698700129  
0.6491962108  
1.917844462  
3.013630888  
3.823672575  
4.222583387  
4.103321393  
3.422732538  
2.242855597  
0.7469767959  
-0.7837856672  
-2.033647543  
-2.739362175  
-2.77387308  
-2.196259986  
-1.246404099  
-0.2803729292  
0.3367604231  
0.3475237998  
-0.3108029719  
-1.479667528  
-2.825207571  
-3.944024093  
-4.494660064  
-4.310428952  
-3.454033262  
-2.19343272  
-0.9054559122  
0.06073266001  
0.5128099553  
0.4905566758  
0.2579779107  
0.2113210341  
0.7317055366  
2.031786152  
4.050268567  
6.433983838  
8.619106877  
9.990092519  
10.06813115  
8.669472876  
5.982010501  
2.533485863  
-0.941408085  
-3.696073444  
-5.171018889  
-5.138041089  
-3.748628107  
-1.475812268  
1.028793909  
3.116744324  
4.308406109  
4.396478957  
3.463798506  
1.819990925  
-0.1142888656  
-1.934039204  
-3.3479819  
-4.223121466  
-4.572093204  
-4.499433099  
-4.134553327  
-3.579431602  
-2.888769607  
-2.084576685  
-1.192174123  
-0.2763416822  
0.5426135806  
1.103453985  
1.246104264  
0.8657211229  
-0.0427008656  
-1.36781125  
-2.901812189  
-4.391395823  
-5.602560695  
-6.376973083  
-6.660843283  
-6.497856992  
-5.991306282  
-5.252012011  
-4.353486689  
-3.312206297  
-2.10020828  
-0.6837973655  
0.9289795129  
2.653661649  
4.324799057  
5.727311709  
6.655388095  
6.978844531  
6.692477648  
5.928536975  
4.924920225  
3.957345679  
3.25712238  
2.942085355  
2.984510803  
3.227450368  
3.444214557  
3.420637857  
3.031611972  
2.285279232  
1.319540507  
0.3522992058  
-0.3967753813  
-0.7850768829  
-0.7982659856  
-0.5553297587  
-0.2652131219  
-0.149956761  
-0.3612401866  
-0.9199864887  
-1.700948629  
-2.468924461  
-2.955469494  
-2.950900201  
-2.380844866  
-1.341347705  
-0.08002786805  
1.07164575  
1.794066238  
1.873432401  
1.265025253  
0.1069477807  
-1.318817605  
-2.665044295  
-3.613180375  
-3.954850819  
-3.63865638  
-2.771826851  
-1.580381861  
-0.3431416108  
0.6792030852  
1.30005239  
1.435317507  
1.101893379  
0.393297151  
-0.5548715547  
-1.596595249  
-2.595590852  
-3.432077582  
-4.000762751  
-4.208081468  
-3.976130848  
-3.256520843  
-2.051332404  
-0.4332533594  
1.445244815  
3.361885147  
5.056341323  
6.279072341  
6.845842829  
6.683123382  
5.850510208  
4.531901266  
2.995609036  
1.532539784  
0.3881855389  
-0.2933973267  
-0.4984030861  
-0.3368748458  
-0.002839841727  
0.2878454277  
0.3642705062  
0.1527010674  
-0.3011539948  
-0.846879192  
-1.277634875  
-1.398622272  
-1.095926106  
-0.3848927681  
0.5778943443  
1.525258476  
2.146846123  
2.176349119  
1.474664208  
0.08456772421  
-1.761043104  
-3.683284672  
-5.245245752  
-6.062263062  
-5.905366812  
-4.769092436  
-2.883274679  
-0.6632397348  
1.390261571  
2.815605079  
3.306045861  
2.785197246  
1.421572945  
-0.4214330015  
-2.285612327  
-3.739467913  
-4.4868811  
-4.433063601  
-3.69105816  
-2.529996812  
-1.283476798  
-0.2475817998  
0.4001598145  
0.6375067019  
0.5815515685  
0.4288326402  
0.3740041171  
0.5355464518  
0.9135819396  
1.393244255  
1.791310983  
1.929186812  
1.706583959  
1.15013169  
0.4196013986  
-0.2315884986  
-0.5299934958  
-0.2672818908  
0.6293826368  
2.063380943  
3.781674933  
5.431429716  
6.644517983  
7.126962967  
6.730211501  
5.487188477  
3.606206081  
1.426546026  
-0.6520772427  
-2.249748197  
-3.080014558  
-3.004168939  
-2.058224498  
-0.449568072  
1.475775398  
3.291119683  
4.565175768  
4.945749183  
4.237293068  
2.45630788  
-0.1508928346  
-3.138652194  
-5.94190551  
-7.994207408  
-8.859916801  
-8.348344536  
-6.577174189  
-3.96191441  
-1.126018856  
1.251409286  
2.613349176  
2.679702478  
1.533111564  
-0.3939992221  
-2.433869048  
-3.871992839  
-4.158463373  
-3.080684158  
-0.8441372692  
1.96721741  
4.544567792  
6.081035512  
6.007234013  
4.166385131  
0.8758310685  
-3.145744369  
-6.966509099  
-9.691760957  
-10.70412783  
-9.824327142  
-7.346658639  
-3.940911763  
-0.4518406109  
2.342754228  
3.943383974  
4.248623614  
3.551351796  
2.417602255  
1.489214498  
1.273070682  
1.981424228  
3.47005919  
5.289611193  
6.830663767  
7.515702108  
6.978860714  
5.180379019  
