-3.081689481  
-3.851331362  
-5.161446504  
-7.014905752  
-9.105974448  
-10.88004178  
-11.69826634  
-11.05498974  
-8.77332616  
-5.107961485  
-0.7137568075  
3.516126385  
6.693520699  
8.182015771  
7.767117203  
5.695571549  
2.574410118  
-0.8319859415  
-3.834711085  
-6.003319914  
-7.24003803  
-7.728006433  
-7.783061962  
-7.6734874  
-7.481988442  
-7.065638587  
-6.129710638  
-4.385144244  
-1.724823826  
1.656193972  
5.252104733  
8.363655205  
10.30695455  
10.64213624  
9.338553872  
6.812310952  
3.815763295  
1.211419803  
-0.2946368031  
-0.3682302655  
0.8637914053  
2.882110656  
4.976459311  
6.507418979  
7.133537485  
6.920794224  
6.293932887  
5.847084861  
6.083712562  
7.183760735  
8.888494651  
10.55258034  
11.35284457  
10.58499733  
7.94452009  
3.689003395  
-1.382933039  
-6.139151182  
-9.446194657  
-10.51954215  
-9.176166585  
-5.903910245  
-1.72199843  
2.124101464  
4.535537926  
4.880909379  
3.163457813  
-0.01513383727  
-3.676592022  
-6.795492288  
-8.625285282  
-8.914844714  
-7.949567634  
-6.411956268  
-5.117066792  
-4.717719938  
-5.480590898  
-7.205960968  
-9.312183924  
-11.04914423  
-11.76267811  
-11.11783717  
-9.206684856  
-6.508428743  
-3.720862901  
-1.524652928  
-0.361649169  
-0.3001292118  
-1.027650944  
-1.968126188  
-2.479460249  
-2.064529615  
-0.5280686675  
1.966200672  
4.949382158  
7.788119136  
9.863853148  
10.73553448  
10.24181158  
8.521684346  
5.958907549  
3.075716795  
0.4107187542  
-1.58719259  
-2.628553136  
-2.610718739  
-1.608699695  
0.1590233425  
2.378209972  
4.692164855  
6.756075013  
8.288799953  
9.116571022  
9.200195272  
8.636624837  
7.629223709  
6.429438996  
5.263009173  
4.262329769  
3.428588897  
2.640429386  
1.711206305  
0.4788471649  
-1.102349673  
-2.903615047  
-4.625011813  
-5.868271886  
-6.262225466  
-5.602109705  
-3.954106665  
-1.683267765  
0.6145515028  
2.264488424  
2.706051013  
1.668396723  
-0.7303450971  
-3.99581062  
-7.383274982  
-10.1008681  
-11.52824037  
-11.38292222  
-9.782937544  
-7.188244095  
-4.243007887  
-1.57281473  
0.3957695239  
1.535568575  
2.010559313  
2.168713392  
2.379457136  
2.876914957  
3.665620467  
4.520969643  
5.081304229  
4.995279523  
4.068820925  
2.357284337  
0.1693306882  
-2.018307398  
-3.704131717  
-4.512170568  
-4.297526684  
-3.173392698  
-1.45535144  
0.4514299173  
2.177576504  
3.481712099  
4.279898339  
4.609712407  
4.552958881  
4.157036639  
3.393824719  
2.177394281  
0.4348895114  
-1.800437246  
-4.318319445  
-6.722111377  
-8.498560627  
-9.153357499  
-8.370770956  
-6.141331046  
-2.807554047  
0.9970859976  
4.504604335  
7.019009785  
8.107866339  
7.716658122  
6.168115668  
4.04686751  
2.008264167  
0.5754016834  
-0.00870959394  
0.1727446055  
0.7762593462  
1.347076922  
1.49471455  
1.031428805  
0.02635698198  
-1.238877017  
-2.390205392  
-3.10652019  
-3.232693613  
-2.817449566  
-2.06463009  
-1.221902713  
-0.4565760769  
0.2261959214  
0.9844454898  
2.054542644  
3.612094575  
5.635959788  
7.836630793  
9.689613687  
10.57593024  
9.989338466  
7.739448951  
4.074066296  
-0.3336657546  
-4.543432616  
-7.610443231  
-8.871829885  
-8.162345771  
-5.883445884  
-2.895644566  
-0.2621841533  
1.077315377  
0.5989940382  
-1.642502194  
-5.034606978  
-8.604692997  
-11.33064622  
-12.46233185  
-11.74901783  
-9.499780355  
-6.460287682  
-3.550636406  
-1.554699284  
-0.8659167194  
-1.373395138  
-2.523054622  
-3.528617231  
-3.656985439  
-2.489096699  
-0.06799238331  
3.113736412  
6.279148888  
8.625355869  
9.58577205  
9.008300628  
7.192834398  
4.780893757  
2.54018926  
1.120318782  
0.8616708046  
1.71728255  
3.305558132  
5.066281189  
6.458819105  
7.131474306  
7.00645979  
6.259325943  
5.21142781  
4.184322195  
3.375398985  
2.80152523  
2.327700048  
1.762860669  
0.9782290628  
-0.004593062201  
-0.9956573702  
-1.699706149  
-1.837522947  
-1.27779672  
-0.1249304254  
1.277227533  
2.434999563  
2.861566445  
2.247266247  
0.5819224288  
-1.818129853  
-4.393340006  
-6.510798501  
-7.665259488  
-7.643163199  
-6.592515913  
-4.97277047  
-3.399775767  
-2.437225068  
-2.404937517  
-3.269237498  
-4.653095126  
-5.963152388  
-6.5910907  
-6.121684249  
-4.47788484  
-1.954718106  
0.8685594212  
3.307982064  
4.786049635  
5.00525255  
4.2035055  
5.003478842  
6.052362029  
7.336459185  
8.716046173  
9.911738392  
10.54197193  
10.21294287  
8.641404813  
5.773537243  
1.857113223  
-2.566615318  
-6.762086135  
-9.970618324  
-11.60801567  
-11.42917929  
-9.605689317  
-6.686386868  
-3.446936424  
-0.6706995493  
1.07257704  
1.580533347  
1.054713435  
0.007492228675  
-0.9302238709  
-1.236384327  
-0.6833445216  
0.5823156373  
2.094315804  
3.23821227  
3.481503067  
2.581975952  
0.699338659  
-1.633192815  
-3.673090073  
-4.716637984  
-4.34792646  
-2.602193189  
0.0168714848  
2.678542489  
4.484255312  
4.76232304  
3.301034025  
0.4403523447  
-3.013047221  
-6.02539494  
-7.656688872  
-7.361221622  
-5.170601956  
-1.698376056  
2.038330176  
4.926288782  
6.097405395  
5.197123082  
2.496033928  
-1.190107606  
-4.746927533  
-7.097966852  
-7.527630405  
-5.892370672  
-2.657719131  
1.247236446  
4.710916224  
6.769335747  
6.886451009  
5.103792123  
2.01957216  
-1.39137307  
-4.059967132  
-5.124063888  
-4.163632469  
-1.308041735  
2.807614  
7.217730307  
10.87948143  
12.93384244  
12.90724046  
10.80722209  
7.096112267  
2.558172075  
-1.899628201  
-5.46082175  
-7.575610535  
-8.061951809  
-7.113874034  
-5.221706482  
-3.028475459  
-1.159661997  
-0.06793058096  
0.07045745282  
-0.6164263467  
-1.749516645  
-2.818981177  
-3.339604306  
-2.999431905  
-1.759915567  
0.1227526031  
2.164634906  
3.79375569  
4.524377004  
4.11471707  
2.658485569  
0.5775704404  
-1.488425243  
-2.868138776  
-3.066670565  
-1.9322831  
0.2732458884  
2.928382954  
5.220043148  
6.37994962  
5.919141679  
3.788038369  
0.409854465  
-3.427045491  
-6.788583602  
-8.861246586  
-9.18439484  
-7.777213057  
-5.121237606  
-2.00450234  
0.7231634223  
2.406356411  
2.771505563  
1.987878891  
0.585844956  
-0.7379407055  
-1.362757996  
-0.9536229379  
0.4291079636  
2.354165021  
4.167233391  
5.211491768  
5.047229107  
3.598766767  
1.181983337  
-1.594284354  
-4.018676696  
-5.496377046  
-5.726087568  
-4.779812827  
-3.063254778  
-1.173623308  
0.2963179372  
0.9438982975  
0.6738284282  
-0.286774674  
-1.475756252  
-2.353721249  
-2.480023268  
-1.65191006  
0.03373393995  
2.21060414  
4.351117991  
5.916299063  
6.501821422  
5.939515607  
4.330095685  
2.004437659  
-0.5692937771  
-2.902951559  
-4.597876881  
-5.420918896  
-5.333750054  
-4.475828528  
-3.112167275  
-1.562901984  
-0.1321204363  
0.9499953959  
1.563028998  
1.706949123  
1.488720197  
1.089444233  
0.7190247089  
0.5670642601  
0.7595914306  
1.330724636  
2.215858578  
3.268440188  
4.296521161  
5.109758248  
5.56410876  
5.591853622  
5.208906176  
4.498668126  
3.579447502  
2.567852488  
1.551536299  
0.5804654856  
-0.3219210812  
-1.134929936  
-1.817185495  
-2.297166848  
-2.485772606  
-2.309543536  
-1.753113917  
-0.8932005954  
0.09319633512  
0.956027792  
1.431898626  
1.32020895  
0.5512484478  
-0.7783174966  
-2.418104033  
-4.024809003  
-5.254424542  
-5.85734752  
-5.745608079  
-5.010001455  
-3.881735545  
-2.652301063  
-1.579855451  
-0.814895534  
-0.3705783771  
-0.1461751528  
0.007929801941  
0.2110779285  
0.4917400466  
0.7708066244  
0.8965058829  
0.7175069031  
0.1641795522  
-0.6971502838  
-1.663286597  
-2.452854216  
-2.806746525  
-2.593801754  
-1.879430916  
-0.9254277998  
-0.1130060967  
0.1899453121  
-0.2270120649  
-1.314355149  
-2.74423018  
-3.991642845  
-4.495835014  
-3.852092991  
-1.969562959  
0.8620924072  
4.026659211  
6.74582392  
8.306063681  
8.276692299  
6.648062243  
3.843114373  
0.596119612  
-2.264134063  
-4.057909163  
-4.447238606  
-3.517232966  
-1.722585195  
0.2795707419  
1.852380861  
2.582787129  
2.399792224  
1.572205451  
0.5922753335  
-0.0101709506  
0.1430081423  
1.149845042  
2.801041116  
4.657654853  
6.201321093  
7.00166109  
6.84325365  
5.772686829  
4.057122443  
2.077773378  
0.2027867103  
-1.312806781  
-2.36739254  
-2.9871013  
-3.255032442  
-3.233250307  
-2.915954271  
-2.23646953  
-1.125319886  
0.4077080964  
2.207914082  
3.963142289  
5.261323914  
5.706652672  
5.056906758  
3.331344231  
0.8443874477  
-1.856240281  
-4.134952892  
-5.45438861  
-5.54191065  
-4.479823548  
-2.686176863  
-0.7890029252  
0.5672336047  
0.921042759  
0.1348622767  
-1.567344  
-3.676369921  
-5.56110099  
-6.664469462  
-6.668990166  
-5.581443708  
-3.714969078  
-1.581031801  
0.2684709087  
1.396427088  
1.586725627  
0.8760667657  
-0.486993516  
-2.131459744  
-3.666477921  
-4.765283289  
-5.213016702  
-4.918868494  
-3.906286281  
-2.298314507  
-0.3081677647  
1.767586152  
3.566848513  
4.70685581  
4.863029665  
3.870975905  
1.821709555  
-0.8905430165  
-3.603682415  
-5.519880446  
-5.91451529  
-4.368336976  
-0.9491129351  
3.727375797  
8.597466463  
12.40262638  
14.03456663  
12.87353261  
9.012184187  
3.284276489  
-2.926507049  
-8.053404043  
-10.78590943  
-10.44968291  
-7.207935282  
-2.017395053  
3.652277187  
8.251674725  
10.60400185  
10.23622169  
7.487262614  
3.363518198  
-0.806585098  
-3.80295931  
-4.887910416  
-4.004446587  
-1.740695338  
0.918069882  
2.957451697  
3.691682799  
2.98811008  
1.284841027  
-0.5982035578  
-1.782357065  
-1.669303915  
-0.174556258  
2.227183104  
4.659835493  
6.1502455  
5.971360549  
3.904175518  
0.3279083994  
-3.891574158  
-7.674997292  
-10.06988431  
-10.54226477  
-9.12402334  
-6.372114568  
-3.161319136  
-0.3878122948  
1.312504086  
1.737398413  
1.132379801  
0.05246600865  
-0.8687519734  
-1.154620093  
-0.6418727085  
0.4914589478  
1.826019954  
2.881677736  
3.3048129  
2.991307105  
2.103479594  
0.9828426465  
0.001001521472  
-0.5871458377  
-0.7284081215  
-0.5633669077  
-0.3345643202  
-0.2551947352  
-0.3990981712  
-0.663327893  
-0.8230605891  
-0.6577729836  
-0.09409555415  
0.7011644666  
1.328689795  
1.277622067  
0.1256472299  
-2.253000513  
-5.554703056  
-9.05225446  
-11.75688991  
-12.69780106  
-11.23380921  
-7.293124495  
-1.454299229  
5.169445423  
11.21569704  
15.44326848  
17.07182018  
15.9828514  
12.71889825  
8.284349633  
3.816822343  
0.2399845995  
-1.987601354  
-2.948755566  
-3.152587601  
-3.278515009  
-3.877882728  
-5.143812417  
-6.832423657  
-8.361496106  
-9.04695354  
-8.386779424  
-6.284565902  
-3.126895041  
0.3178028186  
3.14589153  
4.623919252  
4.443444578  
2.832916755  
0.484486138  
-1.680644713  
-2.827091236  
-2.490351408  
-0.7323396975  
1.886643588  
4.508716628  
6.280428876  
6.64925156  
5.550621161  
3.421178866  
1.035867642  
-0.7712180973  
-1.401947968  
-0.7005678954  
1.00045666  
3.009074015  
4.528559567  
4.946260707  
4.052985436  
2.115987462  
-0.2183857947  
-2.155407795  
-3.032204993  
-2.547582947  
-0.8611186938  
1.47075748  
3.695289123  
5.126039559  
5.372663608  
4.456853341  
2.776465195  
0.9357032649  
-0.4924534911  
-1.181903183  
-1.167273148  
-0.8149006046  
-0.6635116116  
-1.195695856  
-2.627131105  
-4.794213674  
-7.184794763  
-9.104134968  
-9.91818965  
-9.287042052  
-7.303330545  
-4.483370678  
-1.610416232  
0.5180140928  
1.352561458  
0.7739033196  
-0.8686614793  
-2.875247419  
-4.429602401  
-4.869640777  
-3.902989224  
-1.696447157  
1.18757047  
3.981940527  
5.965028943  
6.684249418  
6.079390898  
4.46945787  
2.415391549  
0.5135131372  
-0.8039011333  
-1.390796079  
-1.393230781  
-1.144031587  
-0.9920439186  
-1.134802155  
-1.520584632  
-1.858714436  
-1.735645685  
-0.7942385406  
1.09112451  
3.711075829  
6.532812846  
8.829911224  
9.892039803  
9.247404137  
6.824861494  
3.001567406  
-1.481086565  
-5.708097222  
-8.829494366  
-10.27481616  
-9.881183303  
-7.902289209  
-4.903984715  
-1.586408445  
1.408075652  
3.643142147  
4.954589223  
5.426174523  
5.296975787  
4.841486037  
4.26709897  
3.66135185  
2.999260425  
2.197880397  
1.189465733  
-0.01891382461  
-1.322451121  
-2.538789832  
-3.460135399  
-3.9146492  
-3.812964579  
-3.163982977  
-2.0580578  
-0.6292549309  
0.9841254845  
2.662906386  
4.30581277  
5.808211178  
7.036302994  
7.816175436  
7.951897961  
7.27434302  
5.707501413  
3.327973175  
0.3910495901  
-2.694883131  
-5.447160974  
-7.4231613  
-8.33758556  
-8.145514742  
-7.062195351  
-5.509125474  
-3.999232525  
-2.993960595  
-2.775014445  
-3.369602485  
-4.551584544  
-5.917097271  
-7.010070218  
-7.457971655  
-7.076212817  
-5.910899981  
-4.210352711  
-2.338486223  
-0.6606156181  
0.5612596874  
1.23239834  
1.432759516  
1.371530936  
1.30878711  
1.472571495  
1.997632995  
2.901363807  
4.097833124  
5.437703573  
6.755010613  
7.902990985  
8.769157095  
9.270742085  
9.340682033  
8.917894902  
7.952384238  
6.427267562  
4.390101454  
1.978900585  
-0.5724219062  
-2.95853469  
-4.855759398  
-5.991122317  
-6.207441632  
-5.504027548  
-4.039590313  
-2.095894098  
-0.0133940225  
1.881245043  
3.334396224  
4.196242265  
4.419148343  
4.031701867  
3.104556257  
1.725091089  
-0.00843211875  
-1.973615785  
-4.002810799  
-5.871484801  
-7.311491461  
-8.055210571  
-7.902760806  
-6.791823092  
-4.843808419  
-2.363901427  
0.2139531863  
2.427410152  
3.904239776  
4.462345121  
4.157472019  
3.259762948  
2.163281565  
1.255566625  
0.7893473661  
0.7997051798  
1.096194718  
1.334699097  
1.146415299  
0.2806678195  
-1.288033212  
-3.327624997  
-5.405049997  
-7.015573586  
-7.74292826  
-7.39634609  
-6.076992045  
-4.149331315  
-2.125092458  
-0.4976949554  
0.417188042  
0.5803945773  
0.232814883  
-0.198550658  
-0.2605688225  
0.3547768878  
1.68748092  
3.478874272  
5.246104879  
6.438629687  
6.625088513  
5.647614177  
3.690787465  
1.240368777  
-1.056313323  
-2.583730661  
-2.942850863  
-2.067847396  
-0.2383534835  
2.014504027  
4.075415529  
5.429646597  
5.805642929  
5.23216016  
3.996802254  
2.526418774  
1.234836496  
0.3918868352  
0.05696763576  
0.09505312567  
0.2625751362  
0.3258424601  
0.1645914414  
-0.1791998406  
-0.5248190185  
-0.637937131  
-0.3427011388  
0.3845445527  
1.37879239  
2.324783827  
2.859740598  
2.704925286  
1.778187472  
0.2445162214  
-1.517732845  
-3.02797635  
-3.85723446  
-3.773680652  
-2.829920018  
-1.360127411  
0.1154877227  
1.050768295  
1.048434008  
-0.00575841563  
-1.89261737  
-4.109900928  
-6.009396804  
-6.980310032  
-6.625276304  
-4.878668819  
-2.035050864  
1.317731497  
4.439711273  
6.614340941  
7.312550729  
6.306366117  
3.709628667  
-0.05656874502  
-4.358540284  
-8.478724936  
-11.74957514  
-13.66783999  
-13.97225557  
-12.67626644  
-10.05460519  
-6.588028932  
-2.874735831  
0.4788695204  
2.971127647  
4.301595798  
4.430319443  
3.583532359  
2.199417304  
0.8217253058  
-0.03595196867  
-0.02170400055  
0.9632536638  
2.740564417  
4.907652756  
6.954524215  
8.411312125  
8.982621228  
8.62759375  
7.56095711  
6.175333988  
4.910764935  
4.114737016  
3.939016656  
4.306718054  
4.958456928  
5.55870701  
5.822318394  
5.614392093  
4.986967844  
4.139825018  
3.321565015  
2.710420469  
2.322980322  
1.989621961  
1.41072746  
0.2766091124  
-1.592040378  
-4.137234719  
-7.035311022  
-9.76531549  
-11.75727068  
-12.57252196  
-12.05330895  
-10.38611561  
-8.05128822  
-5.671006172  
-3.804681059  
-2.761993752  
-2.500424854  
-2.646658947  
-2.63839846  
-1.939862446  
-0.25605947  
2.331567956  
5.360308662  
8.11964161  
9.881399352  
10.14909481  
8.839163623  
6.327808755  
3.342152692  
0.7283970398  
-0.8262879617  
-1.023022666  
-0.05105486156  
1.479277326  
2.750641448  
3.028358771  
1.926215384  
-0.4446898521  
-3.49839215  
-6.363630582  
-8.178190062  
-8.388099798  
-6.948159138  
-4.352431839  
-1.480657374  
0.6905249695  
1.41555008  
0.4364728191  
-1.919688711  
-4.837563907  
-7.273642786  
-8.29467491  
-7.382522908  
-4.605170066  
-0.5985415371  
3.632848528  
7.028642297  
8.794625489  
8.629126652  
6.783438341  
3.943216995  
0.9780508509  
-1.351008449  
-2.625358807  
-2.867500309  
-2.477216514  
-2.035459655  
-2.051396222  
-2.74585342  
-3.949234265  
-5.149828125  
-5.67471079  
-4.938878296  
-2.674907943  
0.9372073051  
5.28559087  
9.483375729  
12.61585548  
13.99815138  
13.36243021  
10.91925642  
7.280155282  
3.272845167  
-0.2880433518  
-2.803261263  
-4.007935878  
-3.983086064  
-3.072009153  
-1.742127456  
-0.4437353337  
0.4911846809  
0.8891036581  
0.7192861439  
0.04717475999  
-1.012229945  
-2.318525496  
-3.703063456  
-4.953050096  
-5.80698698  
-5.982809031  
-5.244886007  
-3.494626983  
-0.8516402378  
2.313307528  
5.421674757  
7.81041372  
8.908342384  
8.414290361  
6.416961666  
3.408768717  
0.1765988044  
-2.40771483  
-3.639022216  
-3.19610601  
-1.254171357  
1.547904862  
4.281588393  
5.995025276  
5.992518398  
4.042419758  
0.4503101144  
-4.024042367  
-8.379111246  
-11.64747864  
-13.15159611  
-12.66521801  
-10.43856075  
-7.089341698  
-3.402826573  
-0.1087836519  
2.295555125  
3.628591515  
4.000751658  
3.707640465  
3.088269193  
2.402513315  
1.768083223  
1.170267407  
0.5283766485  
-0.217928352  
-1.04384894  
-1.825562933  
-2.38310448  
-2.560712344  
-2.308545344  
-1.727887311  
-1.0557649  
-0.5891077198  
-0.5736227078  
-1.098694212  
-2.040326799  
-3.078569469  
-3.789502913  
-3.784161079  
-2.847932961  
-1.031327363  
1.342210655  
3.758322735  
5.65975333  
6.613553373  
6.443147114  
5.282050725  
3.531594211  
1.736585982  
0.4194516219  
-0.0738296233  
0.332128581  
1.435123411  
2.833485673  
4.059893044  
4.725041973  
4.625015009  
3.781230414  
2.406530268  
0.8160506718  
-0.6814223364  
-1.872502369  
-2.680101907  
-3.147628136  
-3.379441505  
-3.466108576  
-3.426689989  
-3.191869416  
-2.634425541  
-1.634423197  
-0.1525969058  
1.718128924  
3.745201227  
5.599091962  
6.933825264  
7.479330336  
7.115314823  
5.902877728  
4.064677196  
1.921914895  
-0.1898528965  
-1.998531837  
-3.343790782  
-4.184801863  
-4.571503928  
-4.595845508  
-4.344720519  
-3.872929543  
-3.204250938  
-2.355884816  
-1.371391188  
-0.3436433404  
0.5863151666  
1.258142418  
1.540077093  
1.377797181  
0.8238938602  
0.03331447265  
-0.7778531135  
-1.399060962  
-1.695707427  
-1.658393317  
-1.411978458  
-1.178337836  
-1.202593475  
-1.665717806  
-2.612288921  
-3.918409073  
-5.312549806  
-6.445223746  
-6.987489654  
-6.728556168  
-5.642414092  
-3.90259053  
-1.839808054  
0.145427965  
1.689880002  
2.563313279  
2.725799203  
2.331183775  
1.677071472  
1.116799529  
0.9588236267  
1.381342294  
2.384578883  
3.791910001  
5.297611684  
6.547039114  
7.227541622  
7.146984139  
6.280983663  
4.778474726  
2.925522828  
1.076971373  
-0.427469097  
-1.342959538  
-1.576535272  
-1.207868265  
-0.468301806  
0.3179833778  
0.8178583802  
0.778708156  
0.1013915321  
-1.122922213  
-2.624172156  
-4.01383009  
-4.882351197  
-4.910806815  
-3.967989902  
-2.165587971  
0.1469839533  
2.451723539  
4.181710844  
4.863201671  
4.244093086  
2.374165182  
-0.3864712794  
-3.436311975  
-6.064255509  
-7.612913175  
-7.63338647  
-5.99333212  
-2.912115387  
1.084534914  
5.277763339  
8.907961547  
11.32951401  
12.13302873  
11.21063762  
8.75563236  
5.203745254  
1.13567162  
-2.834004972  
-6.157814577  
-8.429626889  
-9.424886572  
-9.108392578  
-7.61680033  
-5.224846609  
-2.302733525  
0.7307207596  
3.457058826  
5.507802794  
6.611807171  
6.634928579  
5.604553266  
3.711499534  
1.284600852  
-1.261287374  
-3.496661898  
-5.055140411  
-5.701723652  
-5.376548788  
-4.203999918  
-2.464650714  
-0.5359191592  
1.185672493  
2.363812453  
2.786509788  
2.402018857  
1.320061328  
-0.2205746701  
-1.909934146  
-3.437077979  
-4.557010927  
-5.139712991  
-5.190388678  
-4.836314265  
-4.283002481  
-3.749866218  
-3.40118935  
-3.290730567  
-3.336414089  
-3.335158611  
-3.01790207  
-2.133390527  
-0.5394745451  
1.724439793  
4.408219637  
7.080043887  
9.213363607  
10.31429744  
10.05785934  
8.395078545  
5.597320199  
2.218942033  
-1.018838096  
-3.397074691  
-4.378383546  
-3.747922799  
-1.675784487  
1.319002143  
4.495550607  
7.076136476  
8.439188603  
8.267888718  
6.614948181  
3.868585659  
0.6333873383  
-2.436373061  
-4.801359556  
-6.15363593  
-6.456243092  
-5.902641711  
-4.817664221  
-3.538104342  
-2.313960551  
-1.2602257  
-0.3686286476  
0.4338048105  
1.208910492  
1.948373448  
2.557096088  
2.886238052  
2.802185199  
2.262047007  
1.361897848  
0.3330299654  
-0.5192663877  
-0.9172176027  
-0.7176362044  
0.01573417725  
1.005714225  
1.830742104  
2.052714306  
1.364441579  
-0.2924001383  
-2.681342937  
-5.31797486  
-7.600181678  
-8.983872578  
-9.149231574  
-8.103152177  
-6.182234906  
-3.952070925  
-2.032099289  
-0.9004933151  
-0.7413192507  
-1.384089388  
-2.357074765  
-3.039603187  
-2.866636053  
-1.521465407  
0.9447913123  
4.105956226  
7.270201834  
9.674319752  
10.70483537  
10.07970535  
7.936417065  
4.80071806  
1.445820101  
-1.316117696  
-2.849831436  
-2.859400314  
-1.454045555  
0.8968621492  
3.502032359  
5.637338116  
6.732088904  
6.503404214  
5.007365839  
2.600524472  
-0.1704547966  
-2.716215979  
-4.548510038  
-5.385230648  
-5.195391414  
-4.180180375  
-2.70210202  
-1.184810188  
-0.009774659329  
0.5670259813  
0.4627032015  
-0.2268908295  
-1.260613239  
-2.314647542  
-3.059885134  
-3.238024757  
-2.721206704  
-1.543257883  
0.1040724494  
1.909791513  
3.509793724  
4.566597927  
4.844955741  
4.265654455  
2.924274407  
1.069908485  
-0.9511887458  
-2.773013884  
-4.088857572  
-4.712491531  
-4.607412639  
-3.879335348  
-2.737276821  
-1.436668526  
-0.221185928  
0.7219011432  
1.28448992  
1.438116382  
1.21862203  
0.7047433148  
-0.000758402828  
-0.7832689867  
-1.523113365  
-2.102133606  
-2.415481093  
-2.390685404  
-2.010392257  
-1.330122547  
-0.480687076  
0.3520728465  
0.9700317009  
1.218555314  
1.038469564  
0.4952230527  
-0.2286639264  
-0.8806732488  
-1.213770665  
-1.067623288  
-0.4281342809  
0.5573228841  
1.618185572  
2.44373797  
2.785687364  
2.546365257  
1.82123149  
0.8782556086  
0.07765471524  
-0.2436704342  
0.1147365477  
1.144720701  
2.624136064  
4.181805537  
5.412155859  
6.001138807  
5.82051195  
4.9581096  
3.674062049  
2.299345452  
1.11398203  
0.2499639063  
-0.3446504296  
-0.8663881842  
-1.555887802  
-2.574262524  
-3.9047154  
-5.320496911  
-6.437191307  
-6.836342891  
-6.219645509  
-4.538808705  
-2.051454314  
0.7229381573  
3.138741543  
4.610411152  
4.788389177  
3.665130452  
1.57398949  
-0.9200290833  
-3.201148643  
-4.79330748  
-5.494347454  
-5.407624363  
-4.86143328  
-4.247695484  
-3.841777585  
-3.673836267  
-3.504777169  
-2.922052415  
-1.525187786  
0.8656161593  
4.058541445  
7.462813664  
10.21100885  
11.40491956  
10.41228304  
7.117211811  
2.03468655  
-3.762048937  
-8.894285872  
-12.04498637  
-12.33404171  
-9.587644249  
-4.416069824  
1.929586015  
7.884594925  
11.98852893  
13.27311315  
11.50867469  
7.24109201  
1.614526592  
-3.961591536  
-8.199279005  
-10.25927638  
-9.929403447  
-7.613934571  
-4.152694346  
-0.537704742  
2.379773633  
4.104401263  
4.57871549  
4.122758197  
3.267229201  
2.545295425  
2.313901273  
2.657848159  
3.397145358  
4.182242874  
4.634962155  
4.483126002  
3.645322202  
2.244179919  
0.5528294633  
-1.099463443  
-2.426834811  
-3.259557933  
-3.571917506  
-3.464833342  
-3.117491723  
-2.72904228  
-2.469382515  
-2.449580293  
-2.712370536  
-3.235922502  
-3.942373504  
-4.706197461  
-5.363391566  
-5.726995908  
-5.614539714  
-4.887969994  
-3.498702727  
-1.5234615  
0.8255036295  
3.226985414  
5.314035052  
6.759825433  
7.361451672  
7.094161644  
6.115875895  
4.717519677  
3.233617386  
1.942522706  
0.9907348466  
0.3681640222  
-0.0569907955  
-0.4575020262  
-0.9526427531  
-1.538944043  
-2.077038203  
-2.344577726  
-2.138676352  
-1.389225833  
-0.2355349531  
0.972192984  
1.759918252  
1.685779832  
0.5162698824  
-1.640447715  
-4.299520191  
-6.689827349  
-7.955994049  
-7.41812463  
-4.810221677  
-0.417802367  
4.93871719  
10.08285388  
13.78025371  
15.07358528  
13.55622019  
9.501633729  
3.8068003  
-2.237299524  
-7.283318574  
-10.27674609  
-10.71766395  
-8.763551926  
-5.150126229  
-0.9610079923  
2.68060225  
4.906588132  
5.303407246  
3.968906616  
1.424621096  
-1.575675198  
-4.274212361  
-6.104170024  
-6.800116511  
-6.405342544  
-5.191934624  
-3.534167498  
-1.783790817  
-0.186488958  
1.142533418  
2.190064747  
2.987747949  
3.556679785  
3.877546508  
3.895059957  
3.548962558  
2.812808229  
1.720231307  
0.3662685601  
-1.115749059  
-2.589174294  
-3.942844776  
-5.099175067  
-5.997954128  
-6.565685661  
-6.690008345  
-6.219618822  
-5.000974439  
-2.94686484  
-0.1147852923  
3.237262573  
6.648547138  
9.523400539  
11.26202581  
11.42272494  
9.867427103  
6.840937258  
2.949950521  
-0.9633019742  
-4.024740176  
-5.554838215  
-5.25247668  
-3.28057509  
-0.2253385495  
3.061742972  
5.694875317  
6.991668647  
6.649620626  
4.81247151  
2.011076044  
-0.9992713895  
-3.453732387  
-4.781158299  
-4.739242645  
-3.449099799  
-1.32895971  
1.043742729  
3.094608145  
4.389917882  
4.714472624  
4.077581391  
2.65913276  
0.7245720643  
-1.457630581  
-3.669842589  
-5.759789098  
-7.622190322  
-9.165955612  
-10.2884588  
-10.87219899  
-10.80689566  
-10.02741494  
-8.549956486  
-6.488808845  
-4.043650866  
-1.459336604  
1.028469645  
3.242261952  
5.088446141  
6.550927752  
7.656310992  
8.425996309  
8.836191616  
8.804475521  
8.211618505  
6.953611468  
5.006202843  
2.477607836  
-0.3729600972  
-3.163100485  
-5.458503672  
-6.870027415  
-7.149453418  
-6.255872034  
-4.372661582  
-1.869208281  
0.7825844513  
3.114468518  
4.762705373  
5.538506277  
5.452691543  
4.692407821  
3.560203705  
2.393998797  
1.488732223  
1.037041117  
1.099167022  
1.604145853  
2.377460447  
3.186309981  
3.79229728  
4.002057812  
3.707856929  
2.911827698  
1.729240544  
0.3684107848  
-0.9116359785  
-1.859913235  
-2.29753611  
-2.172002674  
-1.585695977  
-0.7864001126  
-0.1161677344  
0.07362813364  
-0.4782281087  
-1.855474979  
-3.916175451  
-6.302541188  
-8.512697853  
-10.0203297  
-10.41255784  
-9.508268119  
-7.421867186  
-4.55075676  
-1.48570814  
1.1344533  
2.785435162  
3.192552249  
2.400147249  
0.7552076  
-1.190666636  
-2.833478173  
-3.680183211  
-3.477270662  
-2.269045918  
-0.370949146  
1.732042902  
3.53037664  
4.634968491  
4.880270785  
4.356893794  
3.36697183  
2.318573271  
1.593068878  
1.426448047  
1.840239899  
2.641815055  
3.49246187  
4.021113472  
3.948149518  
3.180982987  
1.85203919  
0.287101563  
-1.086992229  
-1.868235407  
-1.801667209  
-0.8615001085  
0.7317956455  
2.565644449  
4.146248948  
5.035128055  
4.97247996  
3.951972853  
2.225137583  
0.2335510803  
-1.512385355  
-2.573904513  
-2.703776793  
-1.911723453  
-0.457074071  
1.228592775  
2.665825849  
3.46225342  
3.418862017  
2.577259408  
1.195446993  
-0.3389255655  
-1.630191225  
-2.393489494  
-2.534666262  
-2.167769539  
-1.566533562  
-1.066941982  
-0.9531245329  
-1.363519146  
-2.247161947  
-3.383275017  
-4.456670256  
-5.163352223  
-5.311199414  
-4.882586456  
-4.03870863  
-3.064767126  
-2.274649494  
-1.906899473  
-2.046258571  
-2.596214989  
-3.310942291  
-3.875404353  
-4.007005285  
-3.545771174  
-2.504737447  
-1.066049109  
0.4737717051  
1.789859421  
2.618102547  
2.820180779  
2.407483811  
1.521857019  
0.3853752168  
-0.7600395597  
-1.70222146  
-2.284390647  
-2.405644438  
-2.00637559  
-1.054492085  
0.4537636945  
2.47363256  
4.879717066  
7.439357579  
9.812011275  
11.58907594  
12.37470386  
11.89112343  
10.07823876  
7.152626933  
3.598451938  
0.08123639471  
-2.700705528  
-4.190471929  
-4.123660386  
-2.610344448  
-0.1193609642  
2.63581379  
4.880909023  
5.983833668  
5.619095897  
3.846480665  
1.081830328  
-2.030135707  
-4.801984292  
-6.692768823  
-7.444610185  
-7.12852101  
-6.090098304  
-4.816747148  
-3.771475335  
-3.246922806  
-3.284733092  
-3.682986583  
-4.08549252  
-4.120807782  
-3.543929831  
-2.334064665  
-0.7170504123  
0.8943821181  
2.023347387  
2.276163945  
1.46911755  
-0.303414355  
-2.67924363  
-5.113441477  
-7.013389031  
-7.88597374  
-7.457564072  
-5.736870038  
-3.007630635  
0.2429001856  
3.438113181  
6.038735218  
7.651954317  
8.100171902  
7.438407243  
5.921998858  
3.936721041  
1.909621894  
0.2205091665  
-0.8684582108  
-1.25297827  
-0.9910676304  
-0.273312415  
0.6333897114  
1.455863169  
1.982958992  
2.116477158  
1.892223075  
1.465041835  
1.060146291  
0.9021022182  
1.139907881  
1.789383932  
2.711243254  
3.6346533  
4.223698399  
4.171301149  
3.295536486  
1.610319689  
-0.6523972941  
-3.07946481  
-5.166531167  
-6.439655246  
-6.576677747  
-5.495131939  
-3.381632526  
-0.6533913915  
2.138695623  
4.439670663  
5.818148587  
6.05833622  
5.19352575  
3.475301477  
1.290973655  
-0.944250599  
-2.888340871  
-4.339006681  
-5.2504496  
-5.701417165  
-5.830781055  
-5.765855482  
-5.56904048  
-5.220203247  
-4.638609229  
-3.733868992  
-2.46505391  
-0.8844779034  
0.8518234184  
2.512799095  
3.851996489  
4.678258146  
4.912918209  
4.612724119  
3.948939723  
3.148156254  
2.414096121  
1.857362212  
1.458691121  
1.080915771  
0.5285107452  
-0.3634064876  
-1.640678025  
-3.174817481  
-4.66489732  
-5.703275805  
-5.890792947  
-4.968919329  
-2.927404081  
-0.04975432825  
3.124823364  
5.920082664  
7.693637635  
8.013525469  
6.788673008  
4.311999516  
1.198516611  
-1.768979932  
-3.846198302  
-4.528360945  
-3.688393321  
-1.611584687  
1.084539256  
3.623129092  
5.284449145  
5.603781138  
4.494310304  
2.260853507  
-0.4973094916  
-3.063786636  
-4.80907005  
-5.361436924  
-4.696720329  
-3.124842811  
-1.182417328  
0.5319222528  
1.527964766  
1.550259351  
0.6272421753  
-0.9642105418  
-2.800033356  
-4.439206568  
-5.541182579  
-5.937548531  
-5.643410093  
-4.81499925  
-3.676322435  
-2.44401054  
-1.274899731  
-0.2480476659  
0.6223006306  
1.357744988  
1.989132239  
2.545444927  
3.060262888  
3.586468033  
