8.221714313  
8.176668365  
7.048241406  
5.233200936  
3.29850682  
1.782783324  
1.015457541  
1.013899036  
1.490917992  
1.966908272  
1.946006802  
1.095430168  
-0.6318815295  
-2.970207309  
-5.415529136  
-7.374045488  
-8.334761445  
-8.011555553  
-6.413889934  
-3.831268428  
-0.7451962086  
2.296681403  
4.802703387  
6.422244237  
6.978952374  
6.458265045  
4.969951684  
2.709726718  
-0.06417214156  
-3.038487469  
-5.849625386  
-8.104772909  
-9.433416876  
-9.568024362  
-8.434111344  
-6.216252098  
-3.365462607  
-0.5272681809  
1.604552304  
2.474737756  
1.839031719  
-0.1362852783  
-2.889617395  
-5.601983957  
-7.425245662  
-7.73497507  
-6.32894404  
-3.504326568  
0.01741102872  
3.300724683  
5.479006945  
6.021854329  
4.900239439  
2.594395337  
-0.06042443805  
-2.141969763  
-2.936374906  
-2.164691955  
-0.06658337321  
2.685606823  
5.212862281  
6.719433639  
6.749759224  
5.327375986  
2.931514202  
0.322583398  
-1.721105271  
-2.663695516  
-2.38008073  
-1.176229324  
0.3421151024  
1.503061062  
1.820084338  
1.171678985  
-0.1542873614  
-1.566642339  
-2.389090869  
-2.112683738  
-0.5927052444  
1.880198397  
4.660615569  
6.95352924  
8.073571653  
7.669371477  
5.836645252  
3.0827444  
0.1567587552  
-2.194762534  
-3.462186857  
-3.5183331  
-2.628881715  
-1.329322133  
-0.2163594743  
0.2700539805  
-0.00294540222  
-0.8291537304  
-1.756971805  
-2.271110002  
-1.994454357  
-0.8367837456  
0.9621209845  
2.908414897  
4.419882024  
5.020934082  
4.497730092  
2.960530872  
0.7950939894  
-1.474977399  
-3.362138481  
-4.561556297  
-5.019865876  
-4.906361973  
-4.504241091  
-4.069079781  
-3.712754785  
-3.359601508  
-2.792390638  
-1.769769648  
-0.1677885735  
1.912989799  
4.122195898  
5.934105172  
6.802606705  
6.346182865  
4.498538301  
1.569360947  
-1.811473371  
-4.854153474  
-6.826156662  
-7.25923447  
-6.08165292  
-3.635120151  
-0.5727530157  
2.328268043  
4.380488396  
5.162129077  
4.60624624  
2.984110418  
0.7974958264  
-1.379155639  
-3.055046479  
-3.933142296  
-3.949914458  
-3.2461118  
-2.091330729  
-0.7952543021  
0.3646732973  
1.182697644  
1.531755031  
1.351566799  
0.6357368609  
-0.5695522393  
-2.154178278  
-3.930719833  
-5.635800338  
-6.959695813  
-7.606387523  
-7.371235692  
-6.211441923  
-4.281349328  
-1.912904072  
0.4607978072  
2.420143505  
3.677004218  
4.156587034  
4.013163393  
3.570879182  
3.206677178  
3.213637159  
3.691681382  
4.504989395  
5.323537065  
5.737292621  
5.405800753  
4.192331268  
2.235543004  
-0.06817674859  
-2.168859153  
-3.521545419  
-3.748910811  
-2.755938588  
-0.7606065129  
1.767847461  
4.241709014  
6.115513577  
7.024873274  
6.863653979  
5.782135515  
4.115448679  
2.272669839  
0.625968221  
-0.5665019098  
-1.186903295  
-1.23706293  
-0.7912760332  
0.05057560241  
1.188296288  
2.517978885  
3.909233011  
5.183520026  
6.115038223  
6.465744812  
6.049578475  
4.804567039  
2.842976534  
0.4531258672  
-1.958119634  
-3.971170741  
-5.276523979  
-5.772808983  
-5.602964007  
-5.110267684  
-4.723479887  
-4.806417717  
-5.522572021  
-6.763256773  
-8.168307063  
-9.237374241  
-9.498118303  
-8.676089541  
-6.808120692  
-4.258002518  
-1.625043382  
0.4280322884  
1.373704625  
0.9809156183  
-0.613243957  
-2.944280012  
-5.359376703  
-7.208743607  
-8.027030105  
-7.647751029  
-6.217834448  
-4.114068513  
-1.796150657  
0.3492687965  
2.118998223  
3.522711923  
4.726847052  
5.939891022  
7.286696533  
8.722068453  
10.01805348  
10.83091878  
10.82361472  
9.798375697  
7.789827878  
5.082876763  
2.146554853  
-0.4948796185  
-2.409991982  
-3.377175678  
-3.431757216  
-2.829425938  
-1.941692376  
-1.122499668  
-0.5939358531  
-0.390522344  
-0.3789048666  
-0.3416366079  
-0.09026324393  
0.4373142817  
1.133634504  
1.750297457  
1.988804744  
1.620295642  
0.5893745187  
-0.9378750994  
-2.602099929  
-3.948423591  
-4.562185126  
-4.197316147  
-2.854147042  
-0.780675901  
1.602500117  
3.827661867  
5.513492702  
6.462858971  
6.694730442  
6.403715485  
5.865835651  
5.326811913  
4.913508841  
4.598995793  
4.231117566  
3.611086136  
2.590787321  
1.15151473  
-0.5656227654  
-2.289310431  
-3.697448261  
-4.518483336  
-4.619225518  
-4.048911939  
-3.024918318  
-1.865830227  
-0.8952695283  
-0.3488909172  
-0.3145248229  
-0.7227896363  
-3.60342018  
-3.759676967  
-3.996754971  
-4.192742348  
-4.261093199  
-4.220655167  
-4.208021006  
-4.421142234  
-5.014618273  
-5.990956722  
-7.138304974  
-8.050118442  
-8.231405034  
-7.261109115  
-4.954954127  
-1.467787855  
2.707394368  
6.851453057  
10.21012166  
12.20267298  
12.57909883  
11.47377945  
9.339731555  
6.789306725  
4.399481508  
2.550414454  
1.351159513  
0.6718478396  
0.2606000157  
-0.1083941415  
-0.5195883317  
-0.88242452  
-0.9933241125  
-0.6663365166  
0.1254675159  
1.164029788  
2.003325924  
2.097609872  
1.003615692  
-1.41487021  
-4.860711046  
-8.614921029  
-11.70018104  
-13.15649976  
-12.34554607  
-9.18339597  
-4.218679672  
1.479999557  
6.602342672  
9.960050472  
10.82560327  
9.141165162  
5.532282868  
1.122012865  
-2.796830982  
-5.130482083  
-5.282943265  
-3.298398118  
0.1877952311  
4.164766941  
7.554590906  
9.516468886  
9.658045664  
8.100532532  
5.393026401  
2.317063824  
-0.3495722264  
-2.037109063  
-2.502895798  
-1.84522664  
-0.4260636234  
1.259190633  
2.719081946  
3.573491293  
3.612164729  
2.805185249  
1.279480426  
-0.7212119781  
-2.880632023  
-4.854959551  
-6.321054611  
-7.030413686  
-6.864630459  
-5.878951657  
-4.314678675  
-2.563709832  
-1.081019828  
-0.2598350751  
-0.3029777559  
-1.133440569  
-2.382288161  
-3.471394957  
-3.777838902  
-2.83633175  
-0.5170331613  
2.882950863  
6.673615258  
9.93270264  
11.75237192  
11.50044797  
9.015922677  
4.675802222  
-0.6909051529  
-6.018497561  
-10.28470169  
-12.77094596  
-13.2254146  
-11.88404548  
-9.350998836  
-6.384824392  
-3.664300475  
-1.609849578  
-0.3128220868  
0.415371517  
0.9043744905  
1.455528567  
2.207756965  
3.086672764  
3.850634999  
4.209626861  
3.965772003  
3.117491207  
1.884868813  
0.6452340599  
-0.1969959611  
-0.3566697903  
0.225328699  
1.355838116  
2.654299077  
3.685325069  
4.110487115  
3.804136689  
2.891886003  
1.699425496  
0.632359337  
0.03252415693  
0.06357860254  
0.6662262104  
1.596225069  
2.52699811  
3.175032303  
3.399196606  
3.236959607  
2.866277722  
2.511609221  
2.334380222  
2.353938641  
2.432390609  
2.330748576  
1.814656419  
0.7670696186  
-0.7390324102  
-2.440606847  
-3.962204934  
-4.945907505  
-5.186223226  
-4.718343437  
-3.82321155  
-2.942316231  
-2.528278578  
-2.881870478  
-4.032911103  
-5.708766626  
-7.404433279  
-8.533205568  
-8.608913074  
-7.399849018  
-5.004309924  
-1.82474108  
1.548321885  
4.501862147  
6.560589879  
7.492009605  
7.328802483  
6.311346645  
4.780447472  
3.064632306  
1.403141619  
-0.07287920057  
-1.30464609  
-2.242165429  
-2.790461208  
-2.797813211  
-2.098686107  
-0.5984369701  
1.634657656  
4.312774631  
6.941277483  
8.911362821  
9.653450282  
8.807033199  
6.351798558  
2.6528623  
-1.602003071  
-5.561461424  
-8.42300396  
-9.637508739  
-9.046164078  
-6.910295522  
-3.827322254  
-0.5602381003  
2.167239548  
3.850054887  
4.306884949  
3.687319322  
2.388128537  
0.9115934863  
-0.28753181  
-0.9216941791  
-0.9272815699  
-0.4509869113  
0.2202686507  
0.757976149  
0.8879760717  
0.4589476719  
-0.5288764656  
-1.93389026  
-3.511891192  
-4.969391677  
-6.018973256  
-6.428406162  
-6.05929525  
-4.892867772  
-3.040160284  
-0.732830004  
1.708647899  
3.928975465  
5.607205886  
6.526819582  
6.627730681  
6.022380477  
4.966063625  
3.785091326  
2.781051494  
2.13990577  
1.876346668  
1.834832611  
1.75100993  
1.356348844  
0.4919946265  
-0.808364137  
-2.299288065  
-3.580927678  
-4.219920767  
-3.897566796  
-2.536684077  
-0.362268002  
2.129685718  
4.291680156  
5.499753381  
5.331556055  
3.692103122  
0.8470682704  
-2.647793606  
-6.099590337  
-8.866117546  
-10.520413  
-10.94243235  
-10.31279299  
-9.015916417  
-7.489203215  
-6.071211297  
-4.900065306  
-3.894230588  
-2.818384796  
-1.407415221  
0.498217387  
2.855760015  
5.398117794  
7.696141076  
9.28558109  
9.816485477  
9.174767901  
7.534521269  
5.322294274  
3.103149327  
1.423594737  
0.6599955883  
0.9189407178  
2.019140591  
3.55866885  
5.044929952  
6.046141322  
6.317605388  
5.865137662  
4.928077605  
3.889195052  
3.140640281  
2.947721126  
3.352301363  
4.145487375  
4.918904352  
5.181096676  
4.506893649  
2.677778707  
-0.2271872047  
-3.817831587  
-7.464795177  
-10.44239725  
-12.10850852  
-12.0761399  
-10.33115241  
-7.261961605  
-3.587927951  
-0.1986343837  
2.059773059  
2.598854996  
1.247098036  
-1.690500597  
-5.493175554  
-9.195223152  
-11.82653185  
-12.66161983  
-11.41098717  
-8.301742234  
-4.023082711  
0.4510898865  
4.115697562  
6.195283881  
6.340426017  
4.705826837  
1.889899647  
-1.24459164  
-3.815293253  
-5.158911509  
-4.995809111  
-3.476510341  
-1.102711817  
1.446685766  
3.52675303  
4.708751377  
4.879963511  
4.23673577  
3.181790551  
2.167008219  
1.537896175  
1.431609995  
1.758747918  
2.268374948  
2.666662782  
2.742112273  
2.45033457  
1.928087708  
1.433415446  
1.236253359  
1.502034804  
2.213136625  
3.159030236  
4.000782062  
4.388354269  
4.089651531  
3.085327558  
1.594723419  
0.02183795307  
-1.162380596  
-1.563480318  
-0.9860670002  
0.5037937303  
2.595397204  
4.822307569  
6.693313285  
7.823206466  
8.023543732  
7.328856797  
5.956335921  
4.218634771  
2.422922472  
0.7905024584  
-0.5794081479  
-1.696029485  
-2.626335026  
-3.432340931  
-4.123563664  
-4.643629855  
-4.895245184  
-4.79200216  
-4.314945762  
-3.549833433  
-2.688290921  
-1.989343367  
-1.712243228  
-2.041822119  
-3.030256846  
-4.573646219  
-6.43035542  
-8.275029477  
-9.771905253  
-10.64674409  
-10.73927689  
-10.02562455  
-8.609867914  
-6.692021099  
-4.523926813  
-2.364373722  
-0.4411849246  
1.076438404  
2.095442562  
2.60738805  
2.687818164  
2.484798379  
2.194409493  
2.023044989  
2.140799617  
2.635508092  
3.480519347  
4.528957252  
5.541669723  
6.246536912  
6.415899661  
5.940539126  
4.876397115  
3.445739296  
1.987034256  
0.8637556994  
0.3567622373  
0.5726507784  
1.398428985  
2.520784377  
3.50925747  
3.942494514  
3.541734365  
2.270912367  
0.3702989326  
-1.69126307  
-3.336797621  
-4.04329285  
-3.500467595  
-1.719760499  
0.940748847  
3.847336093  
6.24273274  
7.441241343  
7.015396977  
4.923219535  
1.539617105  
-2.419821223  
-6.065986603  
-8.553200535  
-9.290758847  
-8.094230884  
-5.236375906  
-1.38319919  
2.569639904  
5.718597579  
7.375047077  
7.231202183  
5.425905945  
2.493410793  
-0.7902304254  
-3.620775242  
-5.380383028  
-5.793845332  
-4.983438235  
-3.408283431  
-1.707444461  
-0.4942546004  
-0.1639815489  
-0.7732436074  
-2.028072143  
-3.384433883  
-4.229984005  
-4.089934621  
-2.791404674  
-0.5326606956  
2.166869014  
4.622040451  
6.194790239  
6.496508322  
5.514036939  
3.616813495  
1.440362228  
-0.3182710128  
-1.128095197  
-0.800708674  
0.4429411797  
2.039663687  
3.265659894  
3.475691087  
2.323072553  
-0.1110559279  
-3.322265618  
-6.521458864  
-8.864908581  
-9.703790012  
-8.775360768  
-6.277200414  
-2.803718464  
0.8320955939  
3.833338521  
5.636386221  
6.045448807  
5.24871562  
3.719804678  
2.044366476  
0.732701967  
0.07876176354  
0.105496572  
0.6042902834  
1.243959791  
1.703828499  
1.782023216  
1.444491572  
0.8055674225  
0.05721242837  
-0.6186091077  
-1.11749814  
-1.435454601  
-1.643512673  
-1.831713274  
-2.05211307  
-2.289209298  
-2.472044167  
-2.521902848  
-2.411540011  
-2.204536743  
-2.050226708  
-2.128420623  
-2.561583777  
-3.33004885  
-4.230345826  
-4.904366281  
-4.94131466  
-4.024630671  
-2.073684589  
0.6751666443  
3.687836143  
6.259248197  
7.716082712  
7.633322273  
5.991458497  
3.215708175  
0.07492118184  
-2.535528701  
-3.861541488  
-3.523004885  
-1.633727374  
1.23399494  
4.231819016  
6.506839697  
7.473180746  
6.993362028  
5.408707687  
3.408703795  
1.783869648  
1.146622341  
1.715643414  
3.237642621  
5.073344507  
6.418064922  
6.581195596  
5.228860824  
2.507035301  
-0.9962505476  
-4.435709766  
-6.976856643  
-8.056197781  
-7.546746732  
-5.776173362  
-3.396357378  
-1.153839586  
0.3570595232  
0.8736216388  
0.5183335674  
-0.2854783068  
-0.9992870223  
-1.185250245  
-0.6732342617  
0.3797035744  
1.555292121  
2.337410913  
2.310245387  
1.317614796  
-0.4740444635  
-2.630129129  
-4.597503752  
-5.892943539  
-6.261168209  
-5.746035043  
-4.651640832  
-3.411083623  
-2.414379816  
-1.861187935  
-1.693641259  
-1.633973486  
-1.312052792  
-0.4341987743  
1.071085363  
2.986845727  
4.848716517  
6.082324432  
6.191266561  
4.931279957  
2.410366407  
-0.9201726384  
-4.381889803  
-7.254864457  
-8.973149461  
-9.268889753  
-8.223182332  
-6.213943478  
-3.784626399  
-1.481096382  
0.2901660466  
1.341715015  
1.706891061  
1.575697634  
1.197488272  
0.7896959991  
0.4836208836  
0.3194027192  
0.2812788091  
0.3491564164  
0.5388020402  
0.9112661123  
1.547941116  
2.504081019  
3.763560048  
5.217232796  
6.676975043  
7.921927961  
8.759469035  
9.076894845  
8.863718322  
8.196903936  
7.197437749  
5.978916807  
4.612326678  
3.123769079  
1.526486765  
-0.1284720862  
-1.709816248  
-2.998542041  
-3.729897697  
-3.678563727  
-2.760029218  
-1.10857689  
0.9056618713  
2.74061342  
3.819381673  
3.704253904  
2.25262433  
-0.3007975557  
-3.372086795  
-6.169296528  
-7.91187309  
-8.06463446  
-6.513355489  
-3.623318442  
-0.1564949063  
2.933212962  
4.768323809  
4.800048829  
2.968373253  
-0.278431219  
-4.110409611  
-7.549725826  
-9.741030881  
-10.17856851  
-8.825827572  
-6.098406899  
-2.723002894  
0.4785545326  
2.812393245  
3.878374958  
3.636771658  
2.36782006  
0.5489476112  
-1.30373577  
-2.778373935  
-3.655328232  
-3.92360386  
-3.734030989  
-3.315804215  
-2.889575599  
-2.604597346  
-2.51337987  
-2.581425286  
-2.718055359  
-2.810776781  
-2.750154746  
-2.441329698  
-1.80720341  
-0.7926984674  
0.6225459593  
2.402864246  
4.434845369  
6.518622232  
8.384405687  
9.738460164  
10.33079454  
10.02575304  
8.851542388  
7.008443501  
4.827605318  
2.689046329  
0.9226109034  
-0.2765944364  
-0.8900003398  
-1.059914845  
-1.021335994  
-1.004805253  
-1.144762118  
-1.426610413  
-1.692490107  
-1.704912906  
-1.246431591  
-0.2197986699  
1.288054785  
3.003049884  
4.525869897  
5.440112892  
5.431912368  
4.382192369  
2.402258706  
-0.1971043331  
-2.99047725  
-5.546692841  
-7.525776109  
-8.73489241  
-9.131239595  
-8.780270914  
-7.793618869  
-6.276693295  
-4.30908594  
-1.964600918  
0.6414498838  
3.304395103  
5.711719131  
7.47438887  
8.20912502  
7.650879265  
5.758778987  
2.775297523  
-0.7901951321  
-4.259134408  
-6.941188769  
-8.307892178  
-8.130568966  
-6.539183894  
-3.982115351  
-1.097596948  
1.464500526  
3.21621822  
3.947940637  
3.754359703  
2.966239744  
2.014839199  
1.276816231  
0.9521667833  
1.014668858  
1.248298754  
1.353098696  
1.08027403  
0.3469081501  
-0.7115421927  
-1.770708016  
-2.419837036  
-2.303158868  
-1.252328117  
0.6351532888  
2.99896969  
5.301341323  
6.969152274  
7.54957187  
6.83247321  
4.904378705  
2.120686371  
-0.9919439401  
-3.871158689  
-6.051585622  
-7.258107299  
-7.438374997  
-6.733557361  
-5.404964044  
-3.745240277  
-2.003488461  
-0.3448235828  
1.149680794  
2.451389702  
3.539613623  
4.365243193  
4.838218129  
4.844105545  
4.283543443  
3.119851504  
1.417131191  
-0.6456455922  
-2.791461812  
-4.690584285  
-6.024000937  
-6.550040534  
-6.159003657  
-4.903923591  
-3.001032769  
-0.7994561636  
1.275194587  
2.794671164  
3.408090591  
2.915160428  
1.319220363  
-1.152105111  
-4.067366614  
-6.85526035  
-8.905796407  
-9.692708282  
-8.89302835  
-6.476133316  
-2.737418029  
1.738018334  
6.180580105  
9.791476712  
11.91458964  
12.18421325  
10.6113042  
7.584646872  
3.784327494  
0.02760822521  
-2.914813633  
-4.486391634  
-4.455056777  
-2.941246075  
-0.3612515655  
2.693781205  
5.606928229  
7.871459444  
9.179969538  
9.449684688  
8.787473004  
7.415636426  
5.588794093  
3.530420094  
1.406308499  
-0.6642270182  
-2.574109043  
-4.194695232  
-5.364942322  
-5.915647352  
-5.724924262  
-4.785566721  
-3.255962564  
-1.467625041  
0.125407895  
1.050665231  
0.9500329708  
-0.297636085  
-2.505107996  
-5.186420067  
-7.655154988  
-9.192162351  
-9.240403724  
-7.572800273  
-4.38278554  
-0.2665452906  
3.904588538  
7.191713964  
8.82222206  
8.387181815  
5.948248734  
2.024560562  
-2.537045073  
-6.772877517  
-9.836873241  
-11.19583249  
-10.73499393  
-8.749936244  
-5.83328863  
-2.693565114  
0.03945944522  
1.967798809  
2.997017323  
3.313054164  
3.279157262  
3.290539396  
3.634370423  
4.397790496  
5.44896157  
6.491918427  
7.172852061  
7.20059728  
6.4418164  
4.961587459  
2.999262032  
0.890825053  
-1.034121468  
-2.545656836  
-3.566626664  
-4.169639406  
-4.521348292  
-4.795298921  
-5.085016796  
-5.349010713  
-5.408652842  
-5.002363469  
-3.880495118  
-1.911029423  
0.8388570907  
4.074391003  
7.311814238  
9.977924473  
11.54564237  
11.6688327  
10.27809534  
7.608974635  
4.152155777  
0.536861187  
-2.622409662  
-4.874809495  
-6.037105982  
-6.223823425  
-5.794710641  
-5.23359296  
-4.992141669  
-5.342650404  
-6.282429558  
-7.518996944  
-8.543202819  
-8.772740341  
-7.727792893  
-5.190014611  
-1.298609231  
3.446835041  
8.282257558  
12.35182385  
14.91321776  
15.52076007  
14.13609037  
11.13508098  
7.207910019  
3.179134694  
-0.2025963989  
-2.446620751  
-3.423532444  
-3.361892741  
-2.74202245  
-2.120987926  
-1.943487065  
-2.39737614  
-3.358584019  
-4.44229256  
-5.143628241  
-5.022454753  
-3.872038558  
-1.815567847  
0.703539007  
3.038066279  
4.526498528  
4.697541092  
3.425273345  
0.9844920884  
-2.014053518  
-4.791609093  
-6.623328674  
-7.047485937  
-5.998574517  
-3.823931996  
-1.178994866  
1.166683282  
2.553752436  
2.620502541  
1.39857453  
-0.7088028424  
-3.055720066  
-4.947434121  
-5.839225218  
-5.481710749  
-3.97326874  
-1.710494203  
0.7412624372  
2.812951355  
4.08126519  
4.360848098  
3.719289009  
2.420763251  
0.8253317186  
-0.7189900332  
-1.957633127  
-2.764600904  
-3.130398029  
-3.118242987  
-2.812337029  
-2.280222306  
-1.561111177  
-0.6786673578  
0.3343819506  
1.416563648  
2.475781444  
3.408182264  
4.129555188  
4.603708699  
4.852338581  
4.938500982  
4.928073761  
4.845039767  
4.642034941  
4.204020514  
3.390883991  
2.108405562  
0.3826304043  
-1.593400945  
-3.465978736  
-4.789109311  
-5.141735496  
-4.260587199  
-2.145313227  
0.9030508186  
4.33049145  
7.458134507  
9.655779895  
10.50937454  
9.930143112  
8.169832331  
5.735861443  
3.232466591  
1.178325031  
-0.1409776522  
-0.7387895779  
-0.8921742266  
-1.020250469  
-1.519724822  
-2.615220133  
-4.275994994  
-6.226782492  
-8.047071982  
-9.321925378  
-9.789423806  
-9.431474738  
-8.475323574  
-7.305557653  
-6.318854661  
-5.774797103  
-5.69784517  
-5.867474324  
-5.901718375  
-5.405274587  
-4.129251484  
-2.084244239  
0.436024098  
2.932061969  
4.852750026  
5.774252262  
5.542037003  
4.32626755  
2.57053833  
0.8506724461  
-0.3084615458  
-0.595830541  
-0.002034459319  
1.196163177  
2.546356869  
3.584842871  
3.995513038  
3.707407245  
2.898426271  
1.907590762  
1.091744217  
0.6826375618  
0.6994389329  
0.9501867836  
1.121511276  
0.9216628267  
0.2203778002  
-0.8712765441  
-2.016637384  
-2.764662175  
-2.719493917  
-1.706628238  
0.128632247  
2.333358846  
4.274272545  
5.342398132  
5.166675226  
3.760521595  
1.544696584  
-0.7696253806  
-2.405402821  
-2.780396068  
-1.716305527  
0.4777583194  
3.081961586  
5.184115382  
5.972648326  
5.009598724  
2.39269751  
-1.250265066  
-4.93750837  
-7.626555664  
-8.532175266  
-7.367218409  
-4.428870546  
-0.5028027963  
3.383085316  
6.274890723  
7.576347838  
7.209137405  
5.600929461  
3.509665157  
1.746768927  
0.8943778101  
1.112024051  
2.096391436  
3.204928269  
3.698281057  
3.016475777  
0.9929921091  
-2.067262198  
-5.473284655  
-8.368040372  
-10.00893283  
-10.01392256  
-8.490214273  
-6.001977858  
-3.387502367  
-1.486364898  
-0.866720722  
-1.642275305  
-3.438266174  
-5.516356103  
-7.016402496  
-7.235755439  
-5.856016123  
-3.046043788  
0.5886047634  
4.189762054  
6.902591051  
8.121374661  
7.650105203  
5.733519916  
2.957360035  
0.05786748525  
-2.294014844  
-3.665618324  
-3.944286591  
-3.313432206  
-2.144128831  
-0.8487825569  
0.249576  
0.9910456996  
1.379789179  
1.524911741  
1.555002303  
1.546203622  
1.493687517  
1.335111894  
1.011012024  
0.5306379272  
0.009002961107  
-0.3472207978  
-0.3054382213  
0.2980032253  
1.471260379  
3.026756203  
4.610466987  
5.798923063  
6.23586599  
5.762923078  
4.496800826  
2.820898727  
1.286910593  
0.4529391042  
0.7076290032  
2.136921614  
4.478058014  
7.178265336  
9.542014818  
10.92224487  
10.89689705  
9.377377481  
6.6180215  
3.127658359  
-0.4848288082  
-3.679848544  
-6.118453518  
-7.718395096  
-8.624595497  
-9.112469933  
-9.463118095  
-9.855363317  
-10.30973902  
-10.69828277  
-10.80963418  
-10.440325  
-9.476561794  
-7.937806034  
-5.970416103  
-3.799577179  
-1.662685793  
0.2479754517  
1.812599574  
2.975593938  
3.712797062  
3.99621936  
3.779014737  
3.013277132  
1.696570786  
-0.07314559217  
-2.062995374  
-3.91628663  
-5.219020646  
-5.609580933  
-4.899105903  
-3.159841749  
-0.7437630087  
1.786346968  
3.802242669  
4.792860454  
4.527995816  
3.147791305  
1.142700146  
-0.7779217367  
-1.894291642  
-1.700401782  
-0.07432701917  
2.661015107  
5.810058961  
8.492383135  
9.892650187  
9.499221123  
7.260676026  
3.613812247  
-0.6249072476  
-4.472295379  
-7.034047018  
-7.730962081  
-6.435102595  
-3.483679321  
0.4255828398  
4.421552618  
7.674082678  
9.578677665  
9.868902998  
8.638231769  
6.278829582  
3.364240585  
0.5115818538  
-1.743772974  
-3.038457524  
-3.226997772  
-2.385036271  
-0.7780151699  
1.195052496  
3.074054416  
4.418692783  
4.888980954  
4.313620429  
2.732083842  
0.3969797897  
-2.270693551  
-4.769718757  
-6.633147634  
-7.541067244  
-7.399953221  
-6.363344576  
-4.784506662  
-3.112631934  
-1.763088854  
-1.002224764  
-0.8838395576  
-1.257942148  
-1.847748175  
-2.366642185  
-2.631842779  
-2.631827639  
-2.520836689  
-2.540765593  
-2.898974996  
-3.649368359  
-4.625968508  
-5.46149377  
-5.693115502  
-4.924379693  
-2.988199146  
-0.05050593325  
3.389425352  
6.612347354  
8.877060415  
9.642428081  
8.740814108  
6.443146242  
3.389799605  
0.4055706552  
-1.743828065  
-2.57592716  
-2.024193081  
-0.4373508674  
1.55192093  
3.242681557  
4.092124354  
3.877168555  
2.739992056  
1.107781717  
-0.4790744439  
-1.565396353  
-1.934374717  
-1.662882026  
-1.063949924  
-0.5436273812  
-0.4304961082  
-0.8445919939  
-1.655766028  
-2.545848245  
-3.148213739  
-3.207966854  
-2.697595315  
-1.839993044  
-1.026807633  
-0.6615376361  
-0.9876783508  
-1.970322839  
-3.281321677  
-4.399589151  
-4.793856991  
-4.121682822  
-2.369280382  
0.1239652609  
2.770963277  
4.938190447  
6.170733379  
6.356927956  
5.767591795  
4.949508364  
4.50710325  
4.850512183  
6.005115366  
7.559981274  
8.785044113  
8.885662829  
7.310102205  
4.000266908  
-0.5107814643  
-5.202405191  
-8.850584004  
-10.40755949  
-9.353682784  
-5.90107294  
-0.9731151275  
4.044300344  
7.707968361  
8.953308177  
7.421939432  
3.57424098  
-1.451608177  
-6.191182135  
-9.305027558  
-9.986710754  
-8.199336821  
-4.668070591  
-0.6348709533  
2.542917576  
3.820699072  
2.786790818  
-0.2222076101  
-4.240225078  
-7.979812748  
-10.22756256  
-10.20258575  
-7.771609408  
-3.464280418  
1.703270446  
6.531201989  
9.966934934  
11.36654373  
10.61916555  
8.114887775  
4.585018074  
0.8771321097  
-2.262932982  
-4.343854698  
-5.187723726  
-4.899593857  
-3.777423574  
-2.202306087  
-0.5435674215  
0.9021911543  
1.936698841  
2.461049812  
2.466073743  
2.020849904  
1.259654699  
0.3613667386  
-0.484381053  
-1.123207468  
-1.482992797  
-1.603415576  
-1.62999279  
-1.764733573  
-2.182566142  
-2.9400821  
-3.912941196  
-4.794507487  
-5.170156739  
-4.654171741  
-3.04887423  
-0.4696700039  
2.617171439  
5.473495811  
7.276488771  
7.365802929  
5.474872323  
1.867026333  
-2.679310272  
-7.047055272  
-10.07669714  
-10.89797448  
-9.195458748  
-5.321688605  
-0.2159380593  
4.853332673  
8.648011459  
10.31357931  
9.617945762  
7.002661147  
3.431812572  
0.08743796442  
-1.992001282  
-2.217106952  
-0.6038328467  
2.263198317  
5.441867528  
7.944946431  
9.050797092  
8.513969184  
6.6133413  
4.030368234  
1.604905476  
0.05344218594  
-0.257529547  
0.5872342257  
2.1018601  
3.576522135  
4.317627085  
3.870518542  
2.15479046  
-0.5250151713  
-3.588040623  
-6.361991992  
-8.28032575  
-9.029261086  
-8.603955646  
-7.266238175  
-5.428916167  
-3.512847144  
-1.826772604  
-0.5065943372  
0.4736555321  
1.233010489  
1.889752718  
2.481181975  
2.927512519  
3.052328346  
2.65091786  
1.580909402  
-0.1576528509  
-2.381773534  
-4.740466895  
-6.783728118  
-8.067828958  
-8.268792311  
-7.273749531  
-5.225764046  
-2.509425646  
0.3211608974  
2.657037433  
3.967053351  
3.91945176  
2.464996907  
-0.1385167346  
-3.368701284  
-6.541926981  
-8.957407741  
-10.05091042  
-9.522471024  
-7.406310347  
-4.063554671  
-0.09699486485  
3.792390691  
6.970908861  
9.016020008  
9.799961641  
9.491044028  
8.474418782  
7.218173453  
6.127014161  
5.42905961  
5.129740832  
5.044038584  
4.891718251  
4.419040805  
3.502020486  
2.194020169  
0.7016251189  
-0.7000571187  
-1.778283654  
-2.43494456  
-2.74199647  
-2.903650918  
-3.157994153  
-3.656239815  
-4.36955892  
-5.066178911  
-5.376642858  
-4.931267371  
-3.523376059  
-1.236615154  
1.518348847  
4.08409606  
5.739319351  
5.930871881  
4.478589561  
1.67907115  
-1.73651191  
-4.788848129  
-6.53038254  
-6.333503836  
-4.09452793  
-0.2847037229  
4.172999134  
8.166485372  
10.71579068  
11.25250893  
9.770009546  
6.799247392  
3.222008444  
-0.01388383201  
-2.182277431  
-2.975968092  
-2.553345198  
-1.427076162  
-0.2415836924  
0.4772686599  
0.5101146954  
0.004383745923  
-0.6107828132  
-0.819897028  
-0.2520102988  
1.140020077  
3.020155915  
4.754724268  
5.615726681  
5.032274285  
2.802480376  
-0.8090629589  
-5.124265384  
-9.239742972  
-12.2892093  
-13.69436608  
-13.32333243  
-11.50752687  
-8.915589884  
-6.329902406  
-4.401507436  
-3.463222698  
-3.457945132  
-3.998386918  
-4.530197643  
-4.537822087  
-3.721836319  
-2.090481647  
0.05941162759  
2.258134471  
4.02967876  
5.049248629  
5.238851429  
4.77264848  
3.996339024  
3.293789018  
2.949825926  
3.056182097  
3.48995702  
3.96770439  
4.152948725  
3.77875452  
2.744685873  
1.158385548  
-0.6885034424  
-2.39961009  
-3.582237285  
-3.952696258  
-3.41022858  
-2.062284373  
-0.1980893641  
1.779865059  
3.44837526  
4.458998693  
4.616721857  
3.926498606  
2.598377558  
1.008680948  
-0.3777021748  
-1.111164754  
-0.867332219  
0.4615885542  
2.718667061  
5.495266557  
8.209773428  
10.23915101  
11.07342193  
10.45243818  
8.444614847  
5.440259578  
2.055476925  
-1.03041667  
-3.258676028  
-4.341374732  
-4.331050395  
-3.586186464  
-2.641636927  
-2.024365034  
-2.074076231  
-2.828319336  
-4.01157167  
-5.133750992  
-5.666637644  
-5.239474873  
-3.787091141  
-1.598524455  
0.7533519112  
2.580881125  
3.295655953  
2.598254441  
0.5818402705  
-2.283918674  
-5.28315968  
-7.656135272  
-8.809371048  
-8.469356008  
-6.736423531  
-4.02968856  
-0.9490177565  
1.895915314  
4.034093827  
5.217611902  
5.427355896  
4.814023764  
3.608931529  
2.043853119  
0.3080248016  
-1.450841129  
-3.096491306  
-4.473109289  
-5.400211457  
-5.705981559  
-5.290180563  
-4.189387452  
-2.610357946  
-0.9058677055  
0.5109444167  
1.291378272  
1.272527657  
0.5477601781  
-0.5471532185  
-1.536707887  
-1.96783016  
-1.576603552  
-0.397894753  
1.227601535  
2.75959593  
3.64703653  
3.535825024  
2.420143429  
0.6774795462  
-1.034157884  
-1.989832087  
-1.653396395  
0.1125110265  
2.959031317  
6.124137156  
8.650292915  
9.680432687  
8.736739086  
5.889538866  
1.758161417  
-2.659582214  
-6.276088486  
-8.228749982  
-8.120956495  
-6.114967388  
-2.852452792  
0.7646256005  
3.855802734  
5.812813427  
6.441101746  
5.955432479  
4.844665797  
3.664354467  
2.836035685  
2.523230186  
2.620494857  
2.847316453  
2.899934596  
2.595522618  
1.950719294  
1.166111294  
0.5278005747  
0.2707557567  
0.4633418921  
0.9628662124  
1.462176041  
1.609690621  
1.154525595  
0.0571122532  
-1.481537237  
-3.086857346  
-4.350344441  
-4.987995141  
-4.954410233  
-4.464972916  
-3.913442712  
-3.713422061  
-4.12356704  
-5.125460816  
-6.405524815  
-7.454190267  
-7.750662877  
-6.967109543  
-5.115297564  
-2.576793963  
0.001454235013  
1.915075109  
2.643367195  
2.038265367  
0.3917363017  
-1.646390816  
-3.275820573  
-3.809361075  
-2.90298509  
-0.6735027601  
2.336326673  
5.332668211  
7.524938557  
8.372797648  
7.743569356  
5.930981454  
3.535499522  
1.254095561  
-0.3439144164  
-0.9779502531  
-0.7043747968  
0.154280949  
1.161753215  
1.937717113  
2.27911676  
2.19159146  
1.828370007  
1.372183646  
0.917890804  
0.4111623351  
-0.3270791275  
-1.499101226  
-3.195697117  
-5.290033449  
-7.41387782  
-9.038895724  
-9.643151095  
-8.905412068  
-6.85282046  
-3.898850376  
-0.7453719723  
1.827730301  
3.217988048  
3.211907961  
2.074100764  
0.4750985333  
-0.7252864424  
-0.7700850503  
0.7255882865  
3.622023654  
7.275127813  
10.72697519  
13.00564155  
13.43495877  
11.85063025  
8.650694159  
4.66464693  
0.8870721548  
-1.833285057  
-3.044718151  
-2.802580238  
-1.606938039  
-0.1964794927  
0.7246242777  
0.730162488  
-0.1967682936  
-1.684391079  
-3.129912129  
-3.931954013  
-3.712166385  
-2.448316513  
-0.4762959271  
1.633008108  
3.272036361  
3.996365925  
3.65616984  
2.418403838  
0.6806084595  
-1.083890338  
-2.487984536  
-3.341184291  
-3.674058966  
-3.678026646  
-3.594394292  
