5.878820916  
5.610756215  
3.820866325  
1.210699141  
-1.314183571  
-2.938583973  
-3.20002871  
-2.131530722  
-0.2381181717  
1.683016644  
2.816502805  
2.604185656  
0.9308559754  
-1.838514679  
-4.977546609  
-7.628693288  
-9.065161997  
-8.897945339  
-7.164249558  
-4.276842287  
-0.8620417011  
2.450198528  
5.208811032  
7.23667068  
8.613818236  
9.566639876  
10.31435404  
10.93707355  
11.31834105  
11.18427135  
10.22333886  
8.239402408  
5.277521585  
1.671446702  
-2.009975587  
-5.103799898  
-7.036143189  
-7.487020893  
-6.482392465  
-4.383827086  
-1.780633594  
0.67881246  
2.461484883  
3.275872271  
3.11500301  
2.211194342  
0.9268680891  
-0.3753107181  
-1.437234381  
-2.153191173  
-2.55288851  
-2.736630675  
-2.796149178  
-2.757066074  
-2.567261843  
-2.134691077  
-1.396729935  
-0.389251431  
0.7174677219  
1.636859183  
2.03850568  
1.653999765  
0.3810408071  
-1.651151395  
-4.080874253  
-6.382833752  
-7.989905791  
-8.433952854  
-7.465968586  
-5.122555662  
-1.722194968  
2.204763424  
6.030594609  
9.157623745  
11.12734535  
11.68910118  
10.8200851  
8.701958232  
5.668471898  
2.141150823  
-1.432962535  
-4.633613259  
-7.107855098  
-8.600362049  
-8.975197587  
-8.228436099  
-6.48855499  
-4.000879559  
-1.094551085  
1.864931091  
4.529608273  
6.618287389  
7.950435189  
8.4582672  
8.177186183  
7.221016736  
5.752216894  
3.956635746  
2.027977995  
0.1607724148  
-1.454574423  
-2.642684699  
-3.265063745  
-3.251163819  
-2.629482911  
-1.544851273  
-0.2489361229  
0.9418781575  
1.715821176  
1.845317785  
1.252836086  
0.0399400097  
-1.534013129  
-3.121409763  
-4.385528063  
-5.099146712  
-5.210651448  
-4.854921724  
-4.303914088  
-3.872172637  
-3.808242445  
-4.208483635  
-4.982587151  
-5.882552885  
-6.584937566  
-6.797561773  
-6.353582818  
-5.260671357  
-3.689686311  
-1.909422758  
-0.1936461388  
1.263706961  
2.393333653  
3.239845169  
3.902538673  
4.4547232  
4.878251133  
5.044906825  
4.758091204  
3.843294077  
2.253806853  
0.1478206202  
-2.100629273  
-3.97268224  
-4.943493785  
-4.647404072  
-3.013582843  
-0.3213357493  
2.851911651  
5.781605174  
7.802939384  
8.5087406  
7.873111316  
6.257623409  
4.294825476  
2.684733096  
1.970094901  
2.36446782  
3.690382453  
5.448131802  
6.991563069  
7.750630887  
7.424391112  
6.078183536  
4.111936022  
2.11130225  
0.6343418787  
0.009217155513  
0.2148968408  
0.8881349482  
1.455856844  
1.347871077  
0.2159665464  
-1.917915315  
-4.638333655  
-7.249380536  
-8.989063811  
-9.275078276  
-7.900746965  
-5.116064867  
-1.566794795  
1.888727271  
4.425760855  
5.483728884  
4.909604596  
2.973072749  
0.2552480248  
-2.546633895  
-4.831351896  
-6.254213293  
-6.789013132  
-6.680460542  
-6.313450412  
-6.051491105  
-6.102828257  
-6.458426372  
-6.917206538  
-7.181862798  
-6.984625948  
-6.194663049  
-4.868929957  
-3.231546524  
-1.593876895  
-0.2482034324  
0.6248167221  
1.002773843  
1.009496279  
0.8543721044  
0.7502723361  
0.8428774463  
1.176704211  
1.706205759  
2.341264957  
3.002861093  
3.66209282  
4.344542654  
5.098417525  
5.9418841  
6.815457461  
7.564664012  
7.966602847  
7.795976942  
6.908785565  
5.31242221  
3.193371428  
0.8876807431  
-1.200298376  
-2.706141042  
-3.405184169  
-3.270647427  
-2.470945146  
-1.308288149  
-0.12101254  
0.8160381626  
1.359500178  
1.513302231  
1.391846014  
1.14950734  
0.9067938025  
0.7026002147  
0.4896048221  
0.1710687197  
-0.3401034243  
-1.068150054  
-1.952059529  
-2.864956952  
-3.667206017  
-4.269071454  
-4.672744399  
-4.970588451  
-5.294510621  
-5.733312125  
-6.25195282  
-6.650829818  
-6.591952642  
-5.694821239  
-3.676768088  
-0.4909014626  
3.591067128  
7.990314473  
11.93631775  
14.6596772  
15.60615621  
14.6036533  
11.9247902  
8.21954736  
4.334513769  
1.073630008  
-1.023747737  
-1.816151851  
-1.562350254  
-0.7944931181  
-0.1078032175  
0.05894765547  
-0.4248626149  
-1.350531434  
-2.269013453  
-2.682859336  
-2.260060073  
-0.9899912939  
0.7783568524  
2.43393046  
3.305997733  
2.901589993  
1.093781629  
-1.808191427  
-5.135759208  
-8.06259301  
-9.864606485  
-10.15064736  
-8.985146509  
-6.860428744  
-4.527803259  
-2.744921621  
-2.025381837  
-2.475249979  
-3.770677948  
-5.28180804  
-6.298019491  
-6.275525316  
3.574711147  
0.9213347604  
-2.141268761  
-4.791632742  
-6.292681257  
-6.217403137  
-4.581380081  
-1.839769417  
1.249385646  
3.850708726  
5.293957741  
5.258298419  
3.844738958  
1.520673373  
-1.038493098  
-3.155155256  
-4.336514293  
-4.387825394  
-3.42514607  
-1.795260708  
0.06075980347  
1.749880873  
3.028984412  
3.839218214  
4.271978489  
4.48928175  
4.634242123  
4.766243058  
4.842087446  
4.744921315  
4.344708525  
3.563975543  
2.423146931  
1.049750283  
-0.3495917311  
-1.542113961  
-2.327320343  
-2.582127062  
-2.281508846  
-1.493638821  
-0.3572115324  
0.9476634371  
2.225530994  
3.284851442  
3.952920792  
4.092039678  
3.62110852  
2.541269395  
0.9577325992  
-0.9144282506  
-2.771215374  
-4.27109617  
-5.109405924  
-5.097594454  
-4.223379334  
-2.67007905  
-0.7839682116  
1.00564719  
2.293223382  
2.800058755  
2.442870593  
1.347104874  
-0.1985467637  
-1.831150907  
-3.217210243  
-4.138294508  
-4.533239851  
-4.487222515  
-4.176455646  
-3.791781922  
-3.469963805  
-3.256290394  
-3.108612494  
-2.936284067  
-2.654357434  
-2.228498106  
-1.691284677  
-1.123528411  
-0.6096391926  
-0.1877792816  
0.1813508116  
0.610081436  
1.240970662  
2.179210571  
3.425526987  
4.837367162  
6.137838663  
6.975567608  
7.020212862  
6.064458218  
4.099381536  
1.337602414  
-1.824759447  
-4.896582498  
-7.403964507  
-8.992858078  
-9.493611522  
-8.932970748  
-7.497169119  
-5.464871834  
-3.135783893  
-0.7777141204  
1.3965499  
3.225584417  
4.583342369  
5.369017881  
5.515451534  
5.016846501  
3.963325002  
2.561782736  
1.123431692  
0.009248259797  
-0.4585438931  
-0.09451394739  
1.076075604  
2.797900188  
4.636105922  
6.088892154  
6.731753213  
6.348883359  
5.007845145  
3.049764323  
0.9939817266  
-0.6152183058  
-1.371834328  
-1.12864325  
-0.03556100057  
1.516454323  
3.026545996  
4.045272353  
4.311226282  
3.81714785  
2.785004169  
1.561914781  
0.4771120344  
-0.2861259126  
-0.7554203741  
-1.146488832  
-1.760782949  
-2.842199388  
-4.448134808  
-6.386707666  
-8.249153644  
-9.531888973  
-9.80891903  
-8.894277085  
-6.93435758  
-4.391670807  
-1.918211765  
-0.1554304664  
0.4745470401  
-0.0842858037  
-1.489868105  
-3.100859999  
-4.178624199  
-4.129186954  
-2.706626037  
-0.1097926413  
3.062445874  
5.986640185  
7.867397452  
8.18774926  
6.877377625  
4.344205584  
1.357846591  
-1.179774431  
-2.505869859  
-2.226584849  
-0.4349302477  
2.318051143  
5.188179171  
7.287096306  
7.938964438  
6.868558  
4.267683716  
0.7254775093  
-2.950455135  
-5.963899723  
-7.740767098  
-8.060617067  
-7.076614657  
-5.227299699  
-3.076070176  
-1.133238602  
0.2834078509  
1.110184785  
1.509324737  
1.768410302  
2.166550013  
2.85440944  
3.787835863  
4.73525851  
5.354206161  
5.310140629  
4.397981211  
2.626675331  
0.2394252176  
-2.337695749  
-4.60416134  
-6.118951753  
-6.621167626  
-6.102481629  
-4.810495892  
-3.181666492  
-1.722183195  
-0.8694758797  
-0.8723745611  
-1.722687692  
-3.156929503  
-4.727884295  
-5.926566785  
-6.321402404  
-5.676566567  
-4.016870767  
-1.621190748  
1.053904405  
3.49904479  
5.290272232  
6.201167466  
6.256551445  
5.712024308  
4.965276107  
4.425598997  
4.381131609  
4.904914466  
5.829871411  
6.802185391  
7.398216  
7.269536181  
6.270391019  
4.525563262  
2.413745332  
0.4672224043  
-0.7849002919  
-0.9835602877  
-0.06521591678  
1.69496457  
3.739286674  
5.370406054  
5.941580472  
5.039753136  
2.608301437  
-1.026389741  
-5.231928534  
-9.227536487  
-12.27628427  
-13.85737714  
-13.7721372  
-12.15948032  
-9.42498736  
-6.113264708  
-2.767502637  
0.1807129138  
2.463451257  
3.965936147  
4.672195697  
4.600041835  
3.759370721  
2.154914946  
-0.1669978531  
-3.049947433  
-6.172949771  
-9.045331355  
-11.07095136  
-11.67652786  
-10.47251843  
-7.397055632  
-2.791673545  
2.626534297  
7.901600357  
12.05512834  
14.32546385  
14.36135176  
12.31162644  
8.781401775  
4.6646068  
0.9002885694  
-1.776195401  
-3.014106977  
-2.908204629  
-1.924726644  
-0.719459444  
0.09199397422  
0.1378514482  
-0.5961723121  
-1.776797029  
-2.84976613  
-3.238601788  
-2.54863664  
-0.7094767821  
1.989107826  
4.976807771  
7.56871775  
9.161240425  
9.394080493  
8.228597701  
5.923331876  
2.923331709  
-0.2915424934  
-3.342648473  
-6.025681078  
-8.299949483  
-10.20638895  
-11.75513675  
-12.83575005  
-13.19481678  
-12.49929439  
-10.46902677  
-7.0313781  
-2.436495097  
2.720145853  
7.592486236  
11.2798934  
13.07041466  
12.65524765  
10.24140222  
6.517915828  
2.47643499  
-0.8652259779  
-2.753890462  
-2.915296649  
-1.622399768  
0.4067203996  
2.251379267  
3.09527622  
2.499733085  
0.5544424466  
-2.144424994  
-4.683429866  
-6.128515742  
-5.833847935  
-3.662829452  
-0.04915073959  
4.122818231  
7.780641682  
9.985880736  
10.21303821  
8.497463443  
5.407072501  
1.849797307  
-1.218809526  
-3.092465574  
-3.520638352  
-2.760806269  
-1.463847288  
-0.4340446667  
-0.3447273841  
-1.502910547  
-3.738353311  
-6.450668333  
-8.796792679  
-9.957066322  
-9.395096582  
-7.031161734  
-3.278275351  
1.066109322  
5.0361132  
7.754475695  
8.65608939  
7.618302604  
4.969461685  
1.383684544  
-2.300106025  
-5.281153653  
-6.96985561  
-7.094417874  
-5.727515536  
-3.240739414  
-0.2087675455  
2.710226582  
4.894734352  
5.864614217  
5.360740788  
3.393317388  
0.2527704613  
-3.522896495  
-7.227602109  
-10.10911323  
-11.51696481  
-11.04771646  
-8.651660922  
-4.667828753  
0.2313450326  
5.180815759  
9.318260253  
11.98355655  
12.86673826  
12.06095732  
10.00456732  
7.330706658  
4.672630573  
2.487688747  
0.9565243824  
-0.01212258882  
-0.6779783335  
-1.309876494  
-2.034081098  
-2.751877371  
-3.162854284  
-2.890090541  
-1.662807909  
0.514223161  
3.276154747  
5.943916271  
7.700453365  
7.848267884  
6.063949686  
2.558111889  
-1.925841904  
-6.28997569  
-9.392954384  
-10.40092705  
-9.064965716  
-5.829095612  
-1.723663563  
1.932769927  
3.935915241  
3.577806433  
0.8856092608  
-3.363299555  
-7.86086875  
-11.15860152  
-12.10915227  
-10.2221908  
-5.823445973  
0.03267130745  
5.86919865  
10.216067  
12.03048553  
10.98151951  
7.517404021  
2.703781737  
-2.108028014  
-5.674285773  
-7.192131166  
-6.477627025  
-3.947824902  
-0.4303371817  
3.124125234  
5.926911899  
7.54542421  
7.955766987  
7.455939276  
6.488065299  
5.444004034  
4.526201455  
3.70819063  
2.797977768  
1.568733665  
-0.1016448445  
-2.139934445  
-4.271702836  
-6.101309131  
-7.245807256  
-7.470976644  
-6.778156405  
-5.410171154  
-3.775219435  
-2.3175061  
-1.381465647  
-1.116598472  
-1.453019474  
-2.150743544  
-2.899278847  
-3.427766986  
-3.58541871  
-3.366581007  
-2.877835255  
-2.267124309  
-1.647920345  
-1.050656137  
-0.4198818892  
0.3448529787  
1.325164831  
2.527077219  
3.857699684  
5.146786844  
6.204811982  
6.892817746  
7.17332579  
7.118692531  
6.870843727  
6.567355182  
6.264633791  
5.892743688  
5.26599103  
4.152123141  
2.378776955  
-0.0616988831  
-2.951673691  
-5.861931276  
-8.244601017  
-9.581388579  
-9.541230868  
-8.094515671  
-5.54268276  
-2.448757484  
0.5129514526  
2.742094256  
3.874071239  
3.867093168  
2.98767642  
1.701483431  
0.5075167126  
-0.2281501026  
-0.3840020724  
-0.1046297768  
0.2720210919  
0.3539598232  
-0.1485508291  
-1.303706458  
-2.916137315  
-4.575405704  
-5.77797197  
-6.081888028  
-5.244301223  
-3.299315537  
-0.5545621363  
2.488859466  
5.265327296  
7.282574457  
8.229653458  
8.029245578  
6.827755042  
4.935033871  
2.737368453  
0.6097873347  
-1.152067644  
-2.370737164  
-2.996809805  
-3.096709403  
-2.82652947  
-2.397662769  
-2.036668055  
-1.940658331  
-2.231539176  
-2.917008155  
-3.870162781  
-4.839920151  
-5.49880504  
-5.523843749  
-4.693339561  
-2.972290564  
-0.5569999575  
2.142468714  
4.586300325  
6.238300137  
6.713283847  
5.894649335  
3.983707023  
1.461070417  
-1.033190105  
-2.86813755  
-3.590411231  
-3.042644492  
-1.396971847  
0.9048933327  
3.284525064  
5.190095873  
6.239940948  
6.304993518  
5.510531004  
4.164796303  
2.644755871  
1.280102237  
0.2725457282  
-0.3291586949  
-0.6002022344  
-0.6776315841  
-0.6953154501  
-0.7425120306  
-0.8585046433  
-1.057699359  
-1.365256192  
-1.838857572  
-2.559455794  
-3.589642468  
-4.915817039  
-6.401713048  
-7.780624256  
-8.701015131  
-8.819301961  
-7.91280373  
-5.973436355  
-3.24489798  
-0.1827907911  
2.656540845  
4.766590965  
5.832532442  
5.816626919  
4.95739425  
3.681914997  
2.461193526  
1.658718565  
1.424780779  
1.672397227  
2.140519172  
2.517977138  
2.578999604  
2.277239205  
1.761556504  
1.307504237  
1.192046933  
1.562350017  
2.353394726  
3.291342478  
3.986390118  
4.082747523  
3.408418765  
2.063942838  
0.4097309068  
-1.050897873  
-1.854757739  
-1.761135999  
-0.8621074052  
0.4276646878  
1.507065742  
1.808037195  
1.020837883  
-0.7604402135  
-3.033756396  
-5.039425639  
-6.021052651  
-5.508964808  
-3.523344466  
-0.6162814341  
2.274964455  
4.124882577  
4.171716491  
2.203739681  
-1.325096318  
-5.401075849  
-8.754411913  
-10.26687669  
-9.349023338  
-6.156970795  
-1.568409723  
3.083325755  
6.435762987  
7.545570724  
6.208129103  
3.036953535  
-0.730280841  
-3.641102905  
-4.521137722  
-2.887601296  
0.85648979  
5.517247714  
9.469467854  
11.16895  
9.654580113  
4.878841796  
-2.239968808  
-10.06181313  
-16.68912031  
-20.50651756  
-20.63030067  
-17.13388039  
-10.9890784  
-3.752884503  
2.893677042  
7.608533006  
9.716027498  
9.312987078  
7.142582729  
4.297882368  
1.863713879  
0.6129899274  
0.8425303173  
2.377839653  
4.717054936  
7.242425393  
9.41597583  
10.89566613  
11.54891984  
11.38469245  
10.45567625  
8.788111628  
6.377057356  
3.24946702  
-0.4385698752  
-4.325091395  
-7.83772592  
-10.28650176  
-11.03917102  
-9.726651579  
-6.406028915  
-1.615235832  
3.714278022  
8.473387278  
11.66044905  
12.64951436  
11.35665058  
8.250085298  
4.199608622  
0.2126237323  
-2.859254499  
-4.550697055  
-4.880159304  
-4.28949392  
-3.453173871  
-3.026413888  
-3.41873231  
-4.667076067  
-6.445625281  
-8.201525323  
-9.363334845  
-9.546842362  
-8.687234022  
-7.055262188  
-5.156833235  
-3.555415027  
-2.681225367  
-2.692588585  
-3.433825571  
-4.499089884  
-5.375435557  
-5.613576196  
-4.969023848  
-3.470200115  
-1.397461742  
0.8126697832  
2.701093581  
3.912573147  
4.277936074  
3.834247506  
2.787575112  
1.440303889  
0.1115386106  
-0.9256390685  
-1.478840186  
-1.445527337  
-0.8083323736  
0.3709250975  
1.952461956  
3.718733547  
5.384777505  
6.630459015  
7.158905179  
6.772591525  
5.446009453  
3.367767914  
0.929424857  
-1.346849994  
-2.929055954  
-3.412819101  
-2.634076137  
-0.7198569606  
1.942138201  
4.808330082  
7.326580242  
9.079205605  
9.875933086  
9.768418337  
8.985787004  
7.818923611  
6.499666926  
5.122354467  
3.638366963  
1.925373838  
-0.09771652965  
-2.359552312  
-4.580613323  
-6.306477643  
-7.031012635  
-6.374639711  
-4.257165098  
-0.9993942313  
2.69398406  
5.880672251  
7.623043008  
7.257725503  
4.609408532  
0.0781170688  
-5.434334428  
-10.74407932  
-14.69059672  
-16.43967926  
-15.69572526  
-12.76264428  
-8.438953215  
-3.782796857  
0.179593592  
2.714709489  
3.538495643  
2.831817889  
1.12324961  
-0.9121389869  
-2.667477478  
-3.764371212  
-4.115316648  
-3.881608159  
-3.35568616  
-2.819645912  
-2.434101741  
-2.194830738  
-1.965747958  
-1.566938647  
-0.8767778353  
0.09578967094  
1.198760367  
2.189299541  
2.829437283  
2.986613344  
2.698143848  
2.172205359  
1.721853921  
1.654065464  
2.153230408  
3.201672764  
4.567476882  
5.866613813  
6.680601901  
6.691467579  
5.789746514  
4.120039047  
2.04928545  
0.06789179858  
-1.345274418  
-1.852987495  
-1.347219367  
0.02832291364  
1.922438235  
3.869769255  
5.403660206  
6.157631264  
5.93262755  
4.720800935  
2.689997742  
0.1419906416  
-2.540610719  
-4.947735124  
-6.69112756  
-7.450584085  
-7.019381873  
-5.34769962  
-2.576610105  
0.9499627411  
4.708730657  
8.063524722  
10.37101096  
11.10810384  
9.992829478  
7.066720123  
2.712975404  
-2.400495195  
-7.444560678  
-11.59203657  
-14.18245458  
-14.84974367  
-13.58428564  
-10.71836139  
-6.843447063  
-2.683389141  
1.045257534  
3.756251089  
5.07971835  
4.903099536  
3.369644929  
0.8431638648  
-2.151234266  
-5.003284983  
-7.106099602  
-7.95252509  
-7.230719784  
-4.903889135  
-1.253684883  
3.133294733  
7.448412935  
10.80970956  
12.45246427  
11.91957593  
9.200988668  
4.777095915  
-0.4579108962  
-5.385349512  
-8.922997001  
-10.29205698  
-9.217302749  
-6.001865632  
-1.451171584  
3.336996113  
7.259764057  
9.493465824  
9.694456682  
8.060127455  
5.235592458  
2.097839306  
-0.5142781534  
-2.040683605  
-2.339039581  
-1.683495354  
-0.6303336211  
0.1999634084  
0.3488969979  
-0.3214910909  
-1.589159917  
-2.962111339  
-3.864194344  
-3.850729943  
-2.778291362  
-0.8689754352  
1.354162237  
3.239649966  
4.229732541  
4.056061949  
2.84068806  
1.065316569  
-0.5841630287  
-1.448516073  
-1.125448432  
0.3781185962  
2.625144689  
4.870139403  
6.287952836  
6.238533859  
4.483164831  
1.281660061  
-2.663346111  
-6.400876801  
-9.006724981  
-9.855119234  
-8.8031556  
-6.230895413  
-2.924461064  
0.1619787857  
2.192171677  
2.693962697  
1.690623381  
-0.3220253224  
-2.544333035  
-4.134236816  
-4.479954746  
-3.399473665  
-1.205060919  
1.387518941  
3.47801765  
4.262946159  
3.294235821  
0.6371404497  
-3.120874125  
-7.014557235  
-9.958139338  
-11.04240667  
-9.787736948  
-6.282532331  
-1.169778183  
4.512473379  
9.590842651  
13.04458421  
14.24497574  
13.08578716  
9.976984966  
5.712049879  
1.252333422  
-2.509392513  
-4.943797952  
-5.792868688  
-5.173461048  
-3.489136587  
-1.286169449  
0.9000547648  
2.666189172  
3.803288779  
4.295341581  
4.268289986  
3.915742355  
3.429048232  
2.951515319  
2.563450383  
2.291838132  
2.130537691  
2.056393171  
2.032918878  
2.002685843  
1.878018043  
1.542691336  
0.8736796194  
-0.2172358609  
-1.733356936  
-3.553741962  
-5.424993278  
-6.996839034  
-7.89993445  
-7.848078719  
-6.73485783  
-4.691829249  
-2.08368845  
0.5659228537  
2.702247988  
3.886028213  
3.91516058  
2.882701695  
1.150581489  
-0.7555762921  
-2.299715469  
-3.089603208  
-2.983637455  
-2.116502809  
-0.8361894602  
0.4257686968  
1.306485842  
1.634145835  
1.478271387  
1.109970021  
0.8855738987  
1.094355708  
1.824851845  
2.899722218  
3.906842725  
4.321911458  
3.685764652  
1.778975325  
-1.265659395  
-4.954394901  
-8.537007344  
-11.19781411  
-12.27834194  
-11.46538354  
-8.887842902  
-5.092864249  
-0.9079902108  
2.770514878  
5.202502695  
5.979743479  
5.107619677  
2.977031735  
0.2427338953  
-2.351228499  
-4.148388282  
-4.714254783  
-3.9017946  
-1.844622887  
1.105590394  
4.470159538  
7.735916433  
10.4311637  
12.17916643  
12.73298768  
11.99872245  
10.05072021  
7.135221037  
3.652831499  
0.110063995  
-2.962548707  
-5.115300615  
-6.083203962  
-5.857456986  
-4.696121604  
-3.060640193  
-1.487889439  
-0.4310248868  
-0.1175564986  
-0.4731371518  
-1.14227107  
-1.607155925  
-1.372261323  
-0.1567672286  
1.970626135  
4.565774987  
6.910226981  
8.216087385  
7.874760915  
5.671074873  
1.890899752  
-2.718970706  
-7.134167709  
-10.32881493  
-11.56274081  
-10.59260358  
-7.742047858  
-3.809166295  
0.1602298277  
3.164157927  
4.512949648  
3.99666276  
1.907306901  
-1.081395408  
-4.130493932  
-6.475896134  
-7.618140252  
-7.410788167  
-6.034184901  
-3.880335087  
-1.401013943  
1.023073461  
3.150179715  
4.870432834  
6.143572144  
6.922554343  
7.107041471  
6.554645778  
5.149648601  
2.900364095  
0.01913481906  
-3.059308288  
-5.744485767  
-7.432747597  
-7.68465826  
-6.377339276  
-3.774284469  
-0.4793788433  
2.72001768  
5.076955228  
6.10594949  
5.728630822  
4.293517677  
2.459817787  
0.9801414778  
0.4514104079  
1.115009865  
2.772126341  
4.842920065  
6.551356573  
7.176508231  
6.289749353  
3.902311726  
0.4770546315  
-3.198068941  
-6.234050178  
-7.892609361  
-7.790111437  
-5.995959796  
-3.00262565  
0.4161619451  
3.411282126  
5.266531468  
5.55395111  
4.202794166  
1.477674143  
-2.112877694  
-5.94180859  
-9.386557298  
-11.92424151  
-13.18944287  
-12.99897393  
-11.35474942  
-8.434608532  
-4.573916867  
-0.2337946143  
4.050813193  
7.74548626  
10.40545907  
11.76092728  
11.77382568  
10.64431499  
8.757873556  
6.582703074  
4.545175873  
2.921308457  
1.779430764  
0.9934772427  
0.3223115691  
-0.4731472682  
-1.51777908  
-2.757055761  
-3.964465289  
-4.820554343  
-5.035412833  
-4.468893975  
-3.201975399  
-1.529516764  
0.1265752219  
1.35462213  
1.891449111  
1.71011265  
1.022816233  
0.1958395932  
-0.3935033316  
-0.5046249757  
-0.1294084307  
0.5030310521  
1.017967045  
1.05148713  
0.413621556  
-0.8056696807  
-2.233155181  
-3.320820791  
-3.533673065  
-2.552752838  
-0.4197527628  
2.433245451  
5.287031111  
7.343059877  
7.969404826  
6.902787032  
4.337770856  
0.8716422097  
-2.677276256  
-5.516871385  
-7.110931836  
-7.315419164  
-6.379357787  
-4.816682451  
-3.200789287  
-1.959355431  
-1.244073927  
-0.9195942934  
-0.6694235784  
-0.1715663187  
0.7300137442  
1.930051358  
3.084593416  
3.746408621  
3.561781033  
2.449780327  
0.6875104922  
-1.142719199  
-2.336909604  
-2.324667601  
-0.9051263499  
1.627619492  
4.52660907  
6.801676406  
7.536264264  
6.208811823  
2.908127067  
-1.637552007  
-6.238669068  
-9.581755995  
-10.62340115  
-8.916522705  
-4.763877881  
0.851851309  
6.540882418  
10.89711621  
12.88569931  
12.10982785  
8.880875466  
4.080676556  
-1.12919632  
-5.651235116  
-8.738723458  
-10.14181794  
-10.08190163  
-9.082405666  
-7.729846107  
-6.455564645  
-5.4129114  
-4.483549598  
-3.396528032  
-1.903119466  
0.06671776945  
2.329128602  
4.48100799  
6.029856472  
6.567977359  
5.924390393  
4.237272955  
1.920239862  
-0.4649008536  
-2.382687489  
-3.483991616  
-3.69680583  
-3.219848985  
-2.426429185  
-1.717184792  
-1.375916138  
-1.478192335  
-1.880439205  
-2.28672204  
-2.363343991  
-1.857032237  
-0.6754465019  
1.093610613  
3.223259249  
5.426099289  
7.436665531  
9.067525216  
10.22355305  
10.87832184  
11.03219432  
10.67720353  
9.78782605  
8.342300378  
6.363134353  
3.955113934  
1.31895618  
-1.271197851  
-3.522458251  
-5.191478264  
-6.141046345  
-6.363838935  
-5.965584774  
-5.116930622  
-3.996323895  
-2.749295537  
-1.481003558  
-0.2819821052  
0.7306720437  
1.384846106  
1.463271238  
0.7614870774  
-0.8196355603  
-3.18148648  
-5.979171444  
-8.651859723  
-10.54143059  
-11.07460737  
-9.954005893  
-7.290398305  
-3.619943318  
0.2157590527  
3.302091038  
4.92875955  
4.821587953  
3.246025787  
0.9375975363  
-1.128514244  
-2.059827475  
-1.355692246  
0.9032734475  
4.055991888  
7.060015117  
8.828708267  
8.59629163  
6.187057905  
2.094220703  
-2.663015607  
-6.859958084  
-9.458125717  
-9.935580031  
-8.442833874  
-5.730752129  
-2.875707557  
-0.8981869112  
-0.4085387481  
-1.404214804  
-3.289353464  
-5.108531786  
-5.910141888  
-5.108138908  
-2.711148894  
0.6649145542  
4.006953106  
6.263413804  
6.72349652  
5.280386923  
2.482899745  
-0.6446105572  
-2.951217229  
-3.553737633  
-2.136569063  
0.9487229752  
4.817631155  
8.370003285  
10.67412149  
11.27794707  
10.33589287  
8.508235951  
6.674809159  
5.573903836  
5.505488234  
6.214162641  
7.000021087  
7.018951848  
5.659917546  
2.853201257  
-0.8161748121  
-4.247729573  
-6.183170787  
-5.664968551  
-2.434521569  
2.878713908  
8.859528512  
13.68513128  
15.66766859  
13.78906844  
8.052819744  
-0.4668344511  
-9.901149941  
-18.1063745  
-23.2659225  
-24.38940357  
-21.55800949  
-15.84923754  
-8.976707597  
-2.768597841  
1.347551738  
2.697938181  
1.459392111  
-1.505763075  
-4.998901263  
-7.888579904  
-9.434242244  
-9.436841524  
-8.191647293  
-6.288537722  
-4.351959038  
-2.821645314  
-1.846511925  
-1.311636754  
-0.9640457639  
-0.5679112766  
-0.01619955319  
0.6470975869  
1.295288281  
1.836010146  
2.312325976  
2.929951049  
3.9861717  
5.722192042  
8.159935373  
10.99947417  
13.63626023  
15.31339033  
15.36920233  
13.49624249  
9.912602608  
5.368894669  
0.9679823562  
-2.158271818  
-3.214732884  
-2.027026237  
0.8608743424  
4.322183038  
6.984856761  
7.668982237  
5.782895058  
1.544750051  
-4.050208601  
-9.514266715  
-13.31801741  
-14.36501698  
-12.33812073  
-7.805412433  
-2.051011936  
3.315205558  
6.844162934  
7.67603538  
5.777339055  
1.9170438  
-2.602834817  
-6.369122258  
-8.293496909  
-7.925206544  
-5.548260496  
-2.043932719  
1.424715718  
3.795756661  
4.432935811  
3.292339426  
0.8887878327  
-1.913112922  
-4.203258746  
-5.320326646  
-5.04144665  
-3.613609176  
-1.628844508  
0.2037556047  
1.306175569  
1.416256406  
0.6526164554  
-0.5532644418  
-1.6262462  
-2.05549175  
-1.570462664  
-0.2294051434  
1.60326941  
3.377326061  
4.531631052  
4.66659708  
3.662085542  
1.70900164  
-0.7490309899  
-3.141003611  
-4.920789292  
-5.702190012  
-5.341692862  
-3.951475464  
-1.845961011  
0.5573732746  
2.851947924  
4.73886434  
6.081885809  
6.909198613  
7.365752276  
7.633571376  
7.846100454  
8.024153555  
8.055142965  
7.724675223  
6.793752528  
5.099346917  
2.646273348  
-0.3428374645  
-3.442938448  
-6.112320027  
-7.83091177  
-8.253433528  
-7.329711767  
-5.349070615  
-2.88546103  
-0.6498752663  
0.7121291588  
0.8180004914  
-0.3231162394  
-2.29760715  
-4.403218936  
-5.864567269  
-6.084104296  
-4.847996653  
-2.416213375  
0.5395255366  
3.137330922  
4.566009208  
4.355157157  
2.543734365  
-0.3135457546  
-3.310398508  
-5.47470603  
-6.083960539  
-4.905434391  
-2.278505465  
0.9919082569  
3.89834167  
5.563554717  
5.530952027  
3.913191324  
1.346811932  
-1.232861579  
-2.919772085  
-3.154634323  
-1.92077494  
0.2513959346  
2.474406534  
3.822767029  
3.669092314  
1.917788643  
-0.9485834944  
-4.029851  
-6.322060301  
-7.075564851  
-6.070763126  
-3.711714942  
-0.9005170598  
1.268017555  
1.887986369  
0.568405485  
-2.410777864  
-6.169559801  
-9.504455545  
-11.27843033  
-10.79229402  
-8.011728729  
-3.573760843  
1.427718516  
5.802092153  
8.643581716  
9.604356412  
8.968990841  
7.510401535  
6.183746408  
5.770100788  
6.596932842  
8.432576794  
10.58820378  
12.1861485  
12.49451595  
11.20542997  
8.556022895  
5.248690417  
2.199981932  
0.2092344521  
-0.3329639268  
0.4095844916  
1.773154759  
2.83177094  
2.736015481  
1.034529092  
-2.135160504  
-6.055316712  
-9.636789527  
-11.76034845  
-11.63824806  
-9.07734225  
-4.558558315  
0.8912001043  
5.991037928  
9.566949517  
10.86814222  
9.744604577  
6.640423668  
2.418074792  
-1.919319548  
-5.514257863  
-7.86202891  
-8.885037118  
-8.868592777  
-8.297682294  
-7.661351129  
-7.292971625  
-7.293107241  
-7.546675884  
-7.811833457  
-7.836232434  
-7.453894266  
-6.630980972  
-5.453721494  
-4.075607578  
-2.654451632  
-1.308622826  
-0.1079242334  
0.9047812481  
1.680804217  
2.146513851  
2.215090654  
1.829608803  
1.019783154  
-0.05647149727  
-1.113980439  
-1.796400203  
-1.777657337  
-0.877583171  
0.8505210503  
3.098061196  
5.362686139  
7.082051903  
7.801259656  
7.32004013  
5.768681963  
3.582981378  
1.381413285  
-0.2191018858  
-0.7905613736  
-0.2235844125  
1.243235979  
3.104202095  
4.751125003  
5.667643077  
5.589866391  
4.581829376  
3.003187356  
1.382213498  
0.2379888376  
-0.08922768796  
0.4550373737  
1.627277624  
2.968894461  
3.954002088  
4.152906898  
3.35989533  
1.648352125  
-0.658688145  
-3.087641145  
-5.148511659  
-6.462401133  
-6.847341705  
-6.343746594  
-5.180620039  
-3.699892896  
-2.26460828  
-1.175812562  
-0.6151963059  
-0.6200807325  
-1.088324097  
-1.805846058  
-2.488922773  
-2.835280579  
-2.579643257  
-1.549089037  
0.2892426359  
2.798645389  
5.673160771  
8.475780471  
10.71418141  
11.94204367  
11.86339652  
10.41210185  
7.781781192  
4.393340838  
0.8048789879  
-2.41345028  
-4.805491398  
-6.120738503  
-6.346809597  
-5.676727999  
-4.425993471  
-2.930057059  
-1.457619669  
-0.1672818912  
0.8826486526  
1.682466067  
2.205222487  
2.359995322  
1.989810623  
0.9212487749  
-0.949509465  
-3.567224033  
-6.663644903  
-9.769254579  
-12.29951734  
-13.69795604  
-13.59566564  
-11.93679171  
-9.025965359  
-5.475625093  
-2.061685986  
0.4747569011  
1.623681228  
1.243204593  
-0.4030073784  
-2.719323395  
-4.941484991  
-6.34272206  
-6.424459036  
-5.039659373  
-2.418076516  
0.9085263054  
4.255389882  
6.963797869  
8.561378799  
8.864064483  
7.999114152  
6.350852412  
4.449870521  
2.837602558  
1.939986853  
1.977462823  
2.927082548  
4.53981594  
6.405002352  
8.046130467  
9.027876562  
9.053417071  
8.0329163  
6.108701546  
3.630069503  
1.080350306  
-1.030194846  
-2.282516387  
-2.449517318  
-1.552522674  
0.143938321  
2.200517578  
4.117989449  
5.467165652  
5.99592814  
5.681033932  
4.708635444  
3.390397917  
2.043755305  
0.8779365145  
-0.0735248077  
-0.9484386328  
-1.979806506  
-3.374530355  
-5.1921372  
-7.271578662  
-9.239535412  
-10.60561327  
-10.91788433  
-9.927682606  
-7.704854875  
-4.657782443  
-1.442677757  
1.215442659  
2.735675976  
2.858767288  
1.728526032  
-0.1533988107  
-2.088123795  
-3.404646838  
-3.675402385  
-2.849797206  
-1.259978181  
0.5038747721  
1.806608354  
2.196389349  
1.568981643  
0.2101363491  
-1.30014157  
-2.289698662  
-2.233672358  
-0.9484505086  
1.327778418  
3.997168976  
6.287432384  
7.498127779  
7.22505667  
5.48745419  
2.716348968  
-0.3898711458  
-3.091348584  
-4.835983839  
-5.414451824  
-4.991129706  
-4.00565828  
-2.985437352  
-2.339881771  
-2.211966713  
-2.44021021  
-2.642872024  
-2.391084861  
-1.404747588  
0.3037167005  
2.394090621  
4.288968491  
5.361917079  
5.158849722  
