-7.129093018  
-6.903460671  
-6.468739044  
-5.633845008  
-4.312439829  
-2.621834206  
-0.9000427082  
0.3758810972  
0.7482749628  
-0.04046941426  
-1.91336369  
-4.427326326  
-6.868145191  
-8.450948502  
-8.56568821  
-6.987008028  
-3.975230876  
-0.2282678988  
3.307378173  
5.711366587  
6.365115944  
5.141435879  
2.447984482  
-0.8892583473  
-3.865815562  
-5.587205663  
-5.518290696  
-3.620909682  
-0.3446374454  
3.51790882  
7.059824024  
9.500494684  
10.36920562  
9.587550059  
7.441911456  
4.470705194  
1.311702369  
-1.442735507  
-3.348137236  
-4.155734629  
-3.813868755  
-2.442742201  
-0.3016538104  
2.242170348  
4.746627702  
6.740748875  
7.792635121  
7.596645537  
6.061416091  
3.368555727  
-0.02861309974  
-3.483185065  
-6.301747757  
-7.925270332  
-8.090076156  
-6.913723577  
-4.8698137  
-2.650294574  
-0.9527510809  
-0.2591267459  
-0.6800030786  
-1.920263084  
-3.382699097  
-4.378687382  
-4.376171594  
-3.199285953  
-1.107797377  
1.275689863  
3.17014829  
3.904665773  
3.159240677  
1.093312845  
-1.685081735  
-4.302162683  
-5.893260913  
-5.877547013  
-4.14053572  
-1.064376345  
2.601148626  
5.97935188  
8.334437533  
9.275476485  
8.831709961  
7.382937361  
5.481272412  
3.63800508  
2.157690182  
1.078592818  
0.2336539646  
-0.6031830182  
-1.554674104  
-2.537069627  
-3.265864567  
-3.373844699  
-2.595519146  
-0.9396185509  
1.230119298  
3.254329648  
4.372535096  
3.992170863  
1.93549586  
-1.433306741  
-5.262103424  
-8.444636613  
-9.966409329  
-9.248848017  
-6.370593531  
-2.08082643  
2.411942987  
5.814518604  
7.166464431  
6.160356729  
3.253592277  
-0.4712222597  
-3.655535829  
-5.110092074  
-4.208524542  
-1.09800919  
3.343022343  
7.784972898  
10.8701464  
11.63736079  
9.808849639  
5.849679738  
0.7889902786  
-4.127334494  
-7.829019272  
-9.726027265  
-9.829793642  
-8.664281411  
-7.014900293  
-5.617289174  
-4.902361776  
-4.885274194  
-5.226520497  
-5.426521251  
-5.066230551  
-3.993493684  
-2.38165529  
-0.6419330334  
0.767949594  
1.553859034  
1.721556225  
1.577528156  
1.589401371  
2.16118261  
3.417783831  
5.094944984  
6.592688785  
7.186387544  
6.323756844  
3.894709792  
0.361730354  
-3.316504232  
-5.961172748  
-6.564760104  
-4.663270089  
-0.5512181472  
4.750797382  
9.782217013  
13.09764271  
13.74103072  
11.57466178  
7.342126591  
2.433256413  
-1.577769914  
-3.467860886  
-2.790040007  
-0.03715544294  
3.519656538  
6.269842459  
6.833797407  
4.569379312  
-0.163497454  
-6.07863689  
-11.36303794  
-14.27163816  
-13.71947944  
-9.670728652  
-3.189535443  
3.869885578  
9.435734841  
11.86703864  
10.46551726  
5.683962942  
-1.034529413  
-7.729396967  
-12.54814355  
-14.31704384  
-12.87163392  
-9.045277578  
-4.330206649  
-0.3346619771  
1.775071961  
1.658352727  
-0.1163936461  
-2.31013668  
-3.485656953  
-2.548240959  
0.8315136315  
6.056721098  
11.75942625  
16.22057076  
17.91637242  
16.01321484  
10.65228956  
2.935241675  
-5.381516054  
-12.38516218  
-16.54213982  
-17.10988016  
-14.30742674  
-9.205790779  
-3.384297745  
1.534530004  
4.330956736  
4.489968307  
2.285497659  
-1.358424276  
-5.171593199  
-7.908193119  
-8.677566387  
-7.151432727  
-3.606954881  
1.186553153  
6.190036469  
10.3579873  
12.87451385  
13.3112063  
11.68237542  
8.400394376  
4.154823351  
-0.2494178344  
-4.057580263  
-6.702435595  
-7.89123591  
-7.631674932  
-6.197795136  
-4.047384021  
-1.710696296  
0.3247676812  
1.708600215  
2.281599503  
2.080669348  
1.298554364  
0.214378959  
-0.8819758923  
-1.74920282  
-2.223290102  
-2.214424514  
-1.683857293  
-0.6201714744  
0.9667652472  
3.025945059  
5.426446484  
7.920648364  
10.13646153  
11.6197121  
11.93069622  
10.775708  
8.134163767  
4.333451346  
0.03224331202  
-3.901556057  
-6.597400425  
-7.419791117  
-6.165586945  
-3.154075639  
0.8287946892  
4.726567012  
7.497247475  
8.403477385  
7.218041856  
4.278315208  
0.3700265956  
-3.524307795  
-6.531810927  
-8.15093151  
-8.382783836  
-7.689687497  
-6.796878431  
-6.406890266  
-6.92655441  
-8.302748767  
-10.02597963  
-11.30291835  
-11.34002861  
-9.640857335  
-6.213352583  
-1.61307399  
3.196502019  
7.123361765  
9.275176219  
9.228923377  
7.154194998  
3.75170579  
0.0300457829  
-3.003610348  
-4.636989307  
-4.637390658  
-7.104299658  
-6.83387847  
-5.662586365  
-3.876721728  
-1.88107741  
-0.08119956415  
1.226085001  
1.919629344  
2.060350949  
1.840785258  
1.501027035  
1.244396287  
1.183489503  
1.333182935  
1.647043646  
2.075598213  
2.615813012  
3.324988656  
4.287698958  
5.545719662  
7.019811147  
8.460766168  
9.461134969  
9.539297527  
8.280543581  
5.494913666  
1.338432254  
-3.651058241  
-8.629773643  
-12.62778161  
-14.78994757  
-14.61112477  
-12.09450889  
-7.780254113  
-2.627779158  
2.221487322  
5.73701308  
7.265061365  
6.690976141  
4.450709946  
1.38870209  
-1.495404075  
-3.33616934  
-3.643129317  
-2.424117049  
-0.1587521549  
2.364936191  
4.297576053  
4.983099605  
4.145713172  
1.957415853  
-1.02770549  
-4.045938564  
-6.346589274  
-7.397018729  
-7.012170364  
-5.377305597  
-2.966782701  
-0.3921426837  
1.769567261  
3.115711808  
3.490054149  
2.975500841  
1.822022138  
0.3423841797  
-1.185973077  
-2.582051436  
-3.771396135  
-4.750888707  
-5.529605835  
-6.073943025  
-6.281400246  
-5.995352995  
-5.057169572  
-3.37797497  
-1.004563221  
1.845268159  
4.793965019  
7.364477708  
9.077585479  
9.563372216  
8.659055354  
6.467726994  
3.361054449  
-0.07842727873  
-3.166165016  
-5.254452537  
-5.872525673  
-4.83716706  
-2.307533208  
1.231733392  
5.060415662  
8.370552113  
10.44249346  
10.81019415  
9.375910614  
6.443394125  
2.656379061  
-1.147791947  
-4.13699454  
-5.687230961  
-5.537147286  
-3.851817309  
-1.176072801  
1.712758524  
4.014449727  
5.120870271  
4.776478372  
3.13893893  
0.7227586381  
-1.757160792  
-3.595578549  
-4.298310276  
-3.715559239  
-2.068943749  
0.1330786514  
2.262297833  
3.76614167  
4.329413299  
3.952521463  
2.92415555  
1.701040046  
0.7373867297  
0.3223528439  
0.4800656215  
0.9651295854  
1.354058153  
1.2009471  
0.2042979752  
-1.671645935  
-4.162342709  
-6.767665497  
-8.895616396  
-10.03910177  
-9.929484151  
-8.61872903  
-6.465553186  
-4.03177205  
-1.923076723  
-0.6243030034  
-0.3786788796  
-1.144002522  
-2.632687198  
-4.416000115  
-6.054375786  
-7.21110195  
-7.716475373  
-7.569488927  
-6.886613657  
-5.824501375  
-4.509540994  
-3.001000418  
-1.298767702  
0.6121082924  
2.7027041  
4.855552698  
6.856605532  
8.432099676  
9.320936454  
9.358778553  
8.544196232  
7.061884862  
5.25173293  
3.530251845  
2.286696344  
1.784531189  
2.097260046  
3.096625644  
4.494866769  
5.926501355  
7.044273294  
7.601482395  
7.49934903  
6.790323632  
5.642202265  
4.278770534  
2.917376528  
1.721545249  
0.7790307179  
0.1058419495  
-0.3315997871  
-0.5883609548  
-0.7183888181  
-0.7641383607  
-0.7586844225  
-0.7351026344  
-0.7353072709  
-0.8115637863  
-1.017781642  
-1.392638924  
-1.94058532  
-2.618386058  
-3.333540371  
-3.957316051  
-4.35058887  
-4.396736215  
-4.03359996  
-3.276539003  
-2.226524085  
-1.060414941  
-0.004086440624  
0.7076058103  
0.8774916316  
0.3910934694  
-0.7490049725  
-2.407802319  
-4.327622739  
-6.165007915  
-7.551120455  
-8.165793498  
-7.810060486  
-6.459592065  
-4.283432871  
-1.619175597  
1.09370947  
3.40900618  
4.974505504  
5.611715273  
5.351659816  
4.414975681  
3.140261923  
1.880423222  
0.8975356128  
0.2886877618  
-0.03307885176  
-0.2951091775  
-0.7711177181  
-1.666279028  
-3.019265666  
-4.655704255  
-6.212553941  
-7.230826675  
-7.291637211  
-6.154971566  
-3.857224204  
-0.734066676  
2.643342684  
5.604690568  
7.552645916  
8.122116043  
7.280446305  
5.338876643  
2.871116302  
0.561627292  
-0.9737646773  
-1.345112314  
-0.4809859846  
1.36645842  
3.701560652  
5.924379724  
7.488135651  
8.031544004  
7.452798493  
5.910691688  
3.759623589  
1.442616639  
-0.6247164404  
-2.147751079  
-3.002585952  
-3.235401169  
-3.019486407  
-2.588092154  
-2.164721172  
-1.909114189  
-1.889452137  
-2.082151881  
-2.393140757  
-2.690587334  
-2.839046582  
-2.727783748  
-2.289954476  
-1.512550792  
-0.4386924648  
0.8362483124  
2.174098579  
3.409122969  
4.369043117  
4.900422541  
4.895040855  
4.312097964  
3.190760791  
1.648879693  
-0.1332930582  
-1.941815808  
-3.564392918  
-4.824688157  
-5.608345385  
-5.875654387  
-5.659270121  
-5.048993413  
-4.168302286  
-3.148582733  
-2.106645409  
-1.129575365  
-0.2688643483  
0.4564478053  
1.049599958  
1.522185489  
1.88040726  
2.11551597  
2.201779183  
2.103748404  
1.792206659  
1.265187734  
0.567735537  
-0.197403816  
-0.8751799134  
-1.283198682  
-1.253931096  
-0.6852285213  
0.4150158816  
1.905756522  
3.523376373  
4.929629207  
5.789120483  
5.857556112  
5.055395961  
3.502440741  
1.498051902  
-0.5528019845  
-2.250013674  
-3.31392168  
-3.669846138  
-3.472085588  
-3.05507522  
-2.822350498  
-3.105411504  
-4.03723951  
-5.483900721  
-7.061805484  
-8.241802346  
-8.512499967  
-7.553502045  
-5.362345753  
-2.290217766  
1.03171927  
3.859107829  
5.546974311  
5.743525619  
4.503438671  
2.28198412  
-0.1923571465  
-2.130565427  
-2.916917673  
-2.291710477  
-0.4255888542  
2.138207978  
4.655626749  
6.413270561  
6.946191491  
6.173327609  
4.408835968  
2.24800801  
0.3671587101  
-0.6957143372  
-0.7073906774  
0.2003978268  
1.594352835  
2.90232025  
3.618185047  
3.478508148  
2.55104864  
1.206058776  
-0.01845886914  
-0.610221246  
-0.2678079652  
0.9863219097  
2.803749534  
4.619778665  
5.837656119  
6.024929098  
5.055749524  
3.151573211  
0.807207134  
-1.37215187  
-2.86775203  
-3.412091475  
-3.067445367  
-2.193364672  
-1.315871036  
-0.9434487502  
-1.391797018  
-2.675115803  
-4.498498157  
-6.351928217  
-7.673175446  
-8.025434703  
-7.232620017  
-5.43107379  
-3.025012077  
-0.5642446862  
1.413735179  
2.52685989  
2.634880396  
1.848670857  
0.4684521516  
-1.121141776  
-2.560792  
-3.59634663  
-4.109381788  
-4.099318156  
-3.635409752  
-2.805384037  
-1.684328718  
-0.3349575111  
1.166010359  
2.69386959  
4.057605138  
5.014707855  
5.322599948  
4.813503731  
3.466963366  
1.451033463  
-0.8888684987  
-3.097663248  
-4.71940471  
-5.416110782  
-5.060051791  
-3.769677401  
-1.876539297  
0.1676372984  
1.915552106  
3.042526892  
3.423049812  
3.144511531  
2.457782411  
1.684330382  
1.112333716  
0.9155889717  
1.118900331  
1.616227649  
2.22936659  
2.781975321  
3.160621934  
3.341733441  
3.377944454  
3.353306372  
3.328642975  
3.301180166  
3.196136099  
2.894568136  
2.286845501  
1.330308316  
0.08721657253  
-1.274202634  
-2.519189994  
-3.414681952  
-3.803261914  
-3.656621641  
-3.088707452  
-2.322379024  
-1.619560866  
-1.197735662  
-1.16060245  
-1.466083835  
-1.942234205  
-2.345410242  
-2.441042927  
-2.080217962  
-1.247364619  
-0.06474573599  
1.245824088  
2.429578566  
3.270975665  
3.64844755  
3.556375237  
3.091174698  
2.410612491  
1.683373615  
1.046833379  
0.5852472675  
0.3307952494  
0.2803331838  
0.4150151106  
0.7105647007  
1.132145201  
1.617032027  
2.056282239  
2.289861048  
2.126252683  
1.388380034  
-0.02406286081  
-2.075348966  
-4.560446872  
-7.115707886  
-9.279202212  
-10.59041724  
-10.70469419  
-9.490333984  
-7.078637142  
-3.849223213  
-0.3512896146  
2.81970936  
5.157103676  
6.353338753  
6.356640451  
5.361056133  
3.736454051  
1.921787044  
0.3138414332  
-0.8177955091  
-1.369474018  
-1.391932875  
-1.040128032  
-0.5064434758  
0.03882573634  
0.482281178  
0.7718504492  
0.8975281804  
0.8635308625  
0.6683486587  
0.3035515053  
-0.2279696807  
-0.8840495051  
-1.561548269  
-2.096314518  
-2.292641485  
-1.978252615  
-1.069116125  
0.3785275221  
2.150562048  
3.904423348  
5.243354773  
5.81791886  
5.426230308  
4.082099988  
2.027874615  
-0.3157105206  
-2.451573087  
-3.932943132  
-4.479129831  
-4.047105228  
-2.838089726  
-1.237084571  
0.2972914018  
1.360969662  
1.714218051  
1.34251419  
0.4527202071  
-0.5924194313  
-1.381105366  
-1.569450844  
-0.9759473336  
0.3713349849  
2.245177922  
4.281296811  
6.072433228  
7.267741168  
7.651420829  
7.182374472  
5.988560233  
4.322022472  
2.490017334  
0.7817153484  
-0.5914272833  
-1.529497978  
-2.048038524  
-2.255688547  
-2.314638785  
-2.395173848  
-2.634678531  
-3.108482223  
-3.816147923  
-4.683393784  
-5.577518492  
-6.332859792  
-6.782370724  
-6.791000434  
-6.286186987  
-5.280366791  
-3.880356202  
-2.279420288  
-0.7301742768  
0.4997817256  
1.18315121  
1.188632792  
0.5240730473  
-0.6454406078  
-2.013213184  
-3.182057538  
-3.7440653  
-3.373880677  
-1.914818614  
0.563927508  
3.756150645  
7.161295826  
10.17602063  
12.21706254  
12.84853684  
11.88345978  
9.433779184  
5.894401143  
1.862692732  
-1.988716664  
-5.055621495  
-6.927262544  
-7.462006932  
-6.795880344  
-5.284104155  
-3.393888314  
-1.579691557  
-0.1760491085  
0.6633731371  
0.9667956132  
0.8906716395  
0.6336120424  
0.3497514738  
0.09235372405  
-0.1929984183  
-0.6245331109  
-1.307504486  
-2.255350926  
-3.34185535  
-4.30773179  
-4.826050769  
-4.608950594  
-3.520738366  
-1.656261172  
0.6485395531  
2.88647943  
4.515119584  
5.120317252  
4.555575478  
3.008768061  
0.9678718506  
-0.9115531558  
-2.001745951  
-1.902463778  
-0.5809712255  
1.596515077  
3.958663818  
5.72547964  
6.250451445  
5.233937086  
2.838831784  
-0.3325471134  
-3.399286346  
-5.455957956  
-5.84480293  
-4.36293288  
-1.33955125  
2.44301478  
5.963024508  
8.244911638  
8.631703712  
6.963518793  
3.610814019  
-0.644033557  
-4.836809317  
-8.090396568  
-9.840498789  
-9.953009798  
-8.704816661  
-6.644355863  
-4.385627503  
-2.40764505  
-0.9250563601  
0.1322139631  
1.031824435  
2.083174794  
3.474126258  
5.161967316  
6.859151231  
8.119302571  
8.492750576  
7.695808852  
5.732939308  
2.927090754  
-0.1547765786  
-2.858018098  
-4.627728831  
-5.166308306  
-4.510785973  
-3.006955393  
-1.191795009  
0.3747675701  
1.272864906  
1.329133144  
0.6369504871  
-0.5086558691  
-1.731883698  
-2.706610656  
-3.250690152  
-3.355019407  
-3.144475361  
-2.793406177  
-2.43409291  
-2.096887516  
-1.705997496  
-1.131099862  
-0.2714845211  
0.8647346583  
2.122912392  
3.226701301  
3.861829144  
3.790886094  
2.956592577  
1.53195988  
-0.1073067357  
-1.485667818  
-2.175569636  
-1.941591799  
-0.8305716301  
0.8266123346  
2.507032706  
3.655052973  
3.858665589  
2.985065632  
1.229755514  
-0.9388721523  
-2.923212199  
-4.182922881  
-4.404294179  
-3.597980254  
-2.093832525  
-0.4350432201  
0.7938058  
1.149466689  
0.4658786766  
-1.098185797  
-3.111718347  
-5.004333861  
-6.234939749  
-6.442879752  
-5.536848151  
-3.699496158  
-1.313840784  
1.158264496  
3.303016748  
4.847288514  
5.693319094  
5.894338815  
5.590630923  
4.937015478  
4.051709217  
3.003926512  
1.839259669  
0.6249429488  
-0.5117898161  
-1.376423882  
-1.742232153  
-1.420711221  
-0.3438703854  
1.373470933  
3.41973366  
5.334974961  
6.614936607  
6.844219869  
5.820117846  
3.628656455  
0.6470224464  
-2.532411103  
-5.238205843  
-6.88022947  
-7.091378214  
-5.813424766  
-3.305862536  
-0.07808076268  
3.234545797  
6.016760509  
7.80460885  
8.371401674  
7.752249199  
6.207453687  
4.139511505  
1.987431133  
0.12424643  
-1.22033857  
-1.99807906  
-2.336401577  
-2.492816837  
-2.780615229  
-3.481613859  
-4.763941462  
-6.62257859  
-8.857262067  
-11.09617948  
-12.86492939  
-13.68958947  
-13.21279602  
-11.29526868  
-8.075072121  
-3.964477976  
0.4214029294  
4.391800083  
7.334150619  
8.855413088  
8.872075447  
7.622307117  
5.59465414  
3.391802731  
1.567543445  
0.4839568761  
0.2304283598  
0.6274777591  
1.312192085  
1.876263735  
2.010969118  
1.611351004  
0.8055829023  
-0.09940636781  
-0.7365414708  
-0.8198769794  
-0.2587354157  
0.796292909  
1.993486929  
2.89455328  
3.125614555  
2.512924654  
1.155398333  
-0.5934868137  
-2.231526677  
-3.268252571  
-3.387369683  
-2.556412602  
-1.04520549  
0.6554066998  
1.990053113  
2.520358433  
2.072160143  
0.7994456627  
-0.8572799466  
-2.306248737  
-2.99090345  
-2.568498019  
-1.024298898  
1.314401912  
3.868241015  
5.970806667  
7.057169944  
6.818628933  
5.279003713  
2.773928363  
-0.1547003991  
-2.912015034  
-5.002449014  
-6.136964265  
-6.269555387  
-5.562229729  
-4.300224114  
-2.792082173  
-1.288798551  
0.05591796694  
1.180618406  
2.080051443  
2.761549644  
3.216528956  
3.419542667  
3.35247532  
3.038565469  
2.56537391  
2.079973985  
1.751793814  
1.71369201  
2.00347015  
2.531134438  
3.089774181  
3.412351402  
3.258708066  
2.503695153  
1.194033978  
-0.4496075137  
-2.090491259  
-3.377331884  
-4.056375518  
-4.055394824  
-3.509108704  
-2.715149654  
-2.03385744  
-1.765509003  
-2.047406293  
-2.807085219  
-3.788718447  
-4.643959837  
-5.055487972  
-4.849484239  
-4.056901484  
-2.90154883  
-1.719280266  
-0.8375698795  
-0.4592625674  
-0.5928546811  
-1.054735963  
-1.542243721  
-1.750134077  
-1.486666597  
-0.7454319907  
0.294542243  
1.340710028  
2.103492022  
2.411988701  
2.282647513  
1.91171255  
1.591292793  
1.579405578  
1.974544769  
2.647039633  
3.260842515  
3.386570126  
2.670846025  
1.001909174  
-1.393020685  
-3.963857051  
-5.974792499  
-6.726634589  
-5.79459148  
-3.200228881  
0.5472308522  
4.564975954  
7.839340635  
9.525402846  
9.20860227  
7.041521355  
3.706719283  
0.2121599072  
-2.418819867  
-3.464694457  
-2.727356987  
-0.5851093024  
2.141305056  
4.466319016  
5.569461226  
5.068158168  
3.142430951  
0.4695277974  
-2.010040291  
-3.416973963  
-3.239414332  
-1.517835887  
1.154252028  
3.815400177  
5.446878894  
5.307072381  
3.180189267  
-0.5415143098  
-4.967681241  
-8.974963695  
-11.54072398  
-12.03877013  
-10.4058669  
-7.132459457  
-3.08929584  
0.7464146287  
3.573157475  
4.966772414  
4.945470786  
3.891436349  
2.37042654  
0.9214764713  
-0.1079653244  
-0.6295756059  
-0.7728809027  
-0.7651719931  
-0.7901322448  
-0.8865137835  
-0.9280700915  
-0.6904229726  
0.026106469  
1.272290604  
2.880302294  
4.483228038  
5.622866196  
5.908752904  
5.168810007  
3.532064516  
1.407014795  
-0.6426766977  
-2.084700305  
-2.601342843  
-2.202538777  
-1.225133793  
-0.2148384603  
0.2702457483  
-0.1338438323  
-1.454029472  
-3.353606881  
-5.234391166  
-6.434678365  
-6.455836526  
-5.139529225  
-2.733967831  
0.1742350628  
2.839914523  
4.590119932  
5.028414628  
4.145737492  
2.30419321  
0.1042247152  
-1.815277833  
-2.973888038  
-3.17826916  
-2.544739897  
-1.417318472  
-0.2196025824  
0.7004210417  
1.175593744  
1.240928157  
1.071795032  
0.8721685972  
0.7640219862  
0.7258060548  
0.6055706197  
0.2018514111  
-0.6236996164  
-1.852224962  
-3.27581007  
-4.546650555  
-5.292535288  
-5.255284687  
-4.396792362  
-2.92739546  
-1.240153312  
0.2283762363  
1.159704986  
1.474415755  
1.362321427  
1.204740346  
1.413745316  
2.247717935  
3.675862811  
5.350058314  
6.704568036  
7.15576531  
6.333286439  
4.256446495  
1.383944516  
-1.493294122  
-3.490243722  
-3.921086269  
-2.546707266  
0.3145325515  
3.860183551  
7.045877358  
8.920521124  
8.942523883  
7.166951994  
4.234207711  
1.157561589  
-1.023218378  
-1.60622722  
-0.4840482821  
1.799353603  
4.217014901  
5.60123265  
5.047312716  
2.242890276  
-2.39063651  
-7.796459067  
-12.59242816  
-15.49366546  
-15.71031171  
-13.1910246  
-8.634030661  
-3.264716517  
1.544684417  
4.687444732  
5.633442104  
4.543009012  
2.155861833  
-0.4970786451  
-2.454281206  
-3.132525537  
-2.483529648  
-0.9545300805  
0.7215464075  
1.822956488  
1.913490154  
0.9977159674  
-0.4931802916  
-1.87326809  
-2.464351975  
-1.852434116  
-0.04714314284  
2.509462377  
5.083643015  
6.887332705  
7.32811609  
6.187650502  
3.67349594  
0.3357137854  
-3.114016435  
-6.013086797  
-7.917116771  
-8.677817434  
-8.417284791  
-7.42445304  
-6.024036728  
-4.471109582  
-2.906474973  
-1.377858193  
0.09718125302  
1.466792587  
2.616097175  
3.391559731  
3.668203426  
3.426484338  
2.797633783  
2.047485197  
1.494778428  
1.390242059  
1.804155399  
2.572713567  
3.334670392  
3.655577901  
3.200330937  
1.890466267  
-0.01837590459  
-1.979031899  
-3.313158706  
-3.441852358  
-2.108058661  
0.491475714  
3.720505973  
6.670647318  
8.434245668  
8.394808861  
6.436409681  
2.997417883  
-1.054490826  
-4.6877802  
-7.025082913  
-7.606386218  
-6.508072635  
-4.278600921  
-1.716266543  
0.4293198926  
1.723154409  
2.181179552  
2.227381093  
2.488095642  
3.500871261  
5.448772316  
8.024236897  
10.48124976  
11.86649654  
11.35333883  
8.561687209  
3.747004593  
-2.215925807  
-8.058817353  
-12.48622604  
-14.56272895  
-13.99170861  
-11.19184705  
-7.145848449  
-3.073445017  
-0.04038811486  
1.364219906  
1.175228191  
-0.02113404692  
-1.346903858  
-1.981446129  
-1.472692798  
0.1006623015  
2.171847914  
3.914525561  
4.570742645  
3.756141131  
1.628706692  
-1.143169782  
-3.604775844  
-4.852990634  
-4.367793052  
-2.218009724  
0.9345697082  
4.038092753  
5.993393135  
6.020297744  
3.92275741  
0.1629721371  
-4.279718735  
-8.216146992  
-10.61644368  
-10.91808755  
-9.173755236  
-5.996911153  
-2.332579234  
0.8615551417  
2.912415468  
3.609141552  
3.209542776  
2.286152967  
1.477955399  
1.242951836  
1.700595282  
2.615221946  
3.517242951  
3.908271377  
3.467934936  
2.183324576  
0.3545142568  
-1.521673812  
-2.941241837  
-3.5808613  
-3.411401125  
-2.694483682  
-1.864987532  
-1.346255445  
-1.370244004  
-1.872886645  
-2.506211478  
-2.764621631  
-2.17947433  
-0.5100989939  
2.140042003  
5.326388439  
8.386678072  
10.6424757  
11.60872784  
11.13899441  
9.457744291  
7.07187955  
4.596348626  
2.557771709  
1.245212658  
0.6572874915  
0.5575292724  
0.6096462279  
0.5358157365  
0.2347989556  
-0.1855418255  
-0.4721021841  
-0.359171111  
0.2851487747  
1.359974008  
2.523959692  
3.288338415  
3.181347499  
1.926250054  
-0.4325565562  
-3.504492923  
-6.643461616  
-9.128296444  
-10.3752208  
-10.11241751  
-8.45921263  
-5.884289525  
-3.058128135  
-0.649709013  
0.8651167799  
1.322271956  
0.8804512304  
-0.07256489622  
-1.080069245  
-1.784104188  
-2.042052448  
-1.954234593  
-1.797561659  
-1.893768092  
-2.462948284  
-3.516782201  
-4.830391629  
-6.003169662  
-6.587583571  
-6.241702094  
-4.853563112  
-2.59569545  
0.1084395533  
2.695464207  
4.615935878  
5.484262194  
5.181149166  
3.881206262  
2.001613929  
0.09022019425  
-1.313561111  
-1.807637843  
-1.215286908  
0.3843770812  
2.684258098  
5.222841286  
7.483189146  
8.995509138  
9.424549942  
8.628599354  
6.682720395  
3.864063438  
0.6017929787  
-2.601121135  
-5.261970859  
-7.011335726  
-7.665539701  
-7.26045411  
-6.03522764  
-4.365970854  
-2.663259947  
-1.259365916  
-0.3169621296  
0.2121989892  
0.5628764585  
1.069671683  
2.041576538  
3.635533136  
5.770147381  
8.110992262  
10.13841514  
11.28337619  
11.09436856  
9.386473218  
6.326138174  
2.422381264  
-1.578380542  
-4.868435681  
-6.779237442  
-6.951855744  
-5.431046228  
-2.657711868  
0.6375751678  
3.610907908  
5.504753936  
5.820535352  
4.423235749  
1.5569217  
-2.226398831  
-6.201443474  
-9.631883923  
-11.92163864  
-12.72362425  
-11.98760634  
-9.944105952  
-7.034923716  
-3.809974659  
-0.813977336  
1.514552439  
2.914273921  
3.331242625  
2.905665344  
1.920481506  
0.7241651091  
-0.3547609958  
-1.082108716  
-1.364020285  
-1.253744335  
-0.9180572383  
-0.5730155457  
-0.4076325778  
-0.5181556562  
-0.8731076806  
-1.320281016  
-1.633984001  
-1.587829658  
-1.029700441  
0.06559463868  
1.583407007  
3.300301914  
4.948336959  
6.290455381  
7.181082689  
7.591554712  
7.592920405  
7.304537862  
6.829731198  
6.204877492  
5.383353568  
4.262406498  
2.743994264  
0.8063135627  
-1.44326857  
-3.758227312  
-5.795559703  
-7.201608475  
-7.714685471  
-7.249984738  
-5.93636746  
-4.089793843  
-2.129522089  
-0.4630151451  
0.6232978332  
1.031942017  
0.8597576073  
0.3413002402  
-0.2475781793  
-0.6901728722  
-0.8971447743  
-0.91886905  
-0.8997622711  
-0.9945099071  
-1.2808116  
-1.704909412  
-2.083936025  
-2.167432433  
-1.737277431  
-0.7091297338  
0.8041178368  
2.494464554  
3.931520988  
4.685596499  
4.462211083  
3.203628051  
1.122945589  
-1.341759734  
-3.639618016  
-5.250516986  
-5.816032676  
-5.21973759  
-3.597167967  
-1.279628263  
1.303575206  
3.729623137  
5.66172411  
6.886116199  
7.307856229  
6.922409868  
5.786328384  
4.00518283  
1.743077219  
-0.7578237286  
-3.169628181  
-5.104223533  
-6.18083784  
-6.124976862  
-4.869011405  
-2.61527756  
0.1720251112  
2.859320274  
4.80439542  
5.541456686  
4.931302533  
3.22193451  
0.9898966191  
-1.029187498  
-2.173427569  
-2.077541902  
-0.8101897627  
1.126240386  
2.942166276  
3.813460635  
3.161830658  
0.8709069857  
-2.637213287  
-6.497328384  
-9.645310258  
-11.13814191  
-10.44962314  
-7.646598016  
-3.386985973  
1.262812983  
5.135831312  
7.302277536  
7.332384036  
5.404257405  
2.226935769  
-1.192068598  
-3.857020084  
-5.072484692  
-4.621566779  
-2.784998223  
-0.2059925331  
2.344407507  
4.217682344  
5.070650186  
4.92617957  
4.102895273  
3.051102249  
2.162498018  
1.625940299  
1.37998693  
1.173903125  
0.7072465277  
-0.2109755024  
-1.548666693  
-3.029203161  
-4.213130636  
-4.654269856  
-4.072706168  
-2.479627778  
-0.2053715137  
2.183606623  
4.053430187  
4.900909145  
4.513905806  
3.039420809  
0.9365956983  
-1.169056319  
-2.680788018  
-3.210378875  
-2.684820928  
-1.348781376  
0.3322480255  
1.830456442  
2.719960178  
2.79287613  
2.093857521  
0.8704039966  
-0.5342162759  
-1.801049815  
-2.724111521  
-3.239746277  
-3.394720522  
-3.276077981  
-2.939919235  
-2.374536365  
-1.516514962  
-0.3137555852  
1.193541103  
2.814034205  
4.203605097  
4.935462952  
4.628226266  
3.092390839  
0.4427012857  
-2.870553514  
-6.134764741  
-8.542306357  
-9.408374818  
-8.375159034  
-5.537747638  
-1.447921227  
3.012008069  
6.853350437  
9.240369106  
9.710023783  
8.28841158  
5.470770974  
2.072407585  
-1.004238958  
-3.017619458  
-3.578979695  
-2.735780158  
-0.9279195213  
1.164176303  
2.830168397  
3.535520475  
3.063801006  
1.559082897  
-0.5370175838  
-2.628590557  
-4.142850853  
-4.689395682  
-4.158162069  
-2.733494547  
-0.8269039361  
1.046859915  
2.412522844  
2.956317989  
2.597010395  
1.491840344  
-0.01847587815  
-1.506458839  
-2.568538937  
-2.921317931  
-2.461490688  
-1.278504846  
0.3786192501  
2.168194421  
3.737798845  
4.800786151  
5.190289784  
4.880481816  
3.973647266  
2.660059151  
1.163681191  
-0.3108586517  
-1.616372282  
-2.67809554  
-3.484727309  
-4.062045883  
-4.440556946  
-4.629781598  
-4.60863512  
-4.335063864  
-3.770613754  
-2.909753589  
-1.801488837  
-0.5532662  
0.686511007  
1.762853401  
2.554132945  
3.003265623  
3.128206957  
3.00699197  
2.742017553  
2.416655575  
2.061126238  
1.642154934  
1.082539838  
0.3053045202  
-0.7134303366  
-1.904008565  
-3.094037516  
-4.039370767  
-4.489812063  
-4.27028746  
-3.350003449  
-1.873307238  
-0.136744265  
1.485724083  
2.649076649  
3.142122959  
2.955743019  
2.289183793  
1.48845232  
0.9335646162  
0.9096862462  
1.504597514  
2.568195186  
3.750571453  
4.609517565  
4.754536318  
3.980889886  
2.348692118  
0.1788031188  
-2.036035242  
-3.778330302  
-4.66477441  
-4.565523881  
-3.644364812  
-2.305580516  
-1.063745793  
-0.3780878527  
-0.5049813345  
-1.416521392  
-2.811603457  
-4.215666817  
-5.136262326  
-5.223370884  
-4.382167156  
-2.801858652  
-0.892068403  
0.8513184252  
2.006040948  
2.356380428  
1.956007982  
1.10131921  
0.2255385029  
-0.250245299  
-0.05943755249  
0.8209494873  
2.162776458  
3.561993014  
4.570750809  
4.842704142  
4.244502966  
2.898672741  
1.146002705  
-0.5583310123  
-1.780219683  
-2.230353691  
-1.838648399  
-0.7591936731  
0.6914989158  
2.139406266  
3.265565485  
3.890952963  
4.009865027  
3.766301257  
3.386509013  
3.093740643  
3.03450907  
3.238895606  
3.623884548  
4.03334267  
4.296556581  
4.282896402  
3.934138529  
3.266076888  
2.343367714  
1.241282989  
0.01194448547  
-1.330470077  
-2.799664947  
-4.406993724  
-6.124370338  
-7.856972526  
-9.439395105  
-10.66056005  
-11.31219622  
-11.24664885  
-10.42559771  
-8.94321073  
-7.014874953  
-4.933283401  
-3.003703427  
-1.476593091  
-0.49624119  
-0.07885440294  
-0.1244171193  
-0.4565230608  
-0.8767233226  
-1.216734363  
-1.373930783  
-1.321937291  
-1.096411893  
-0.7637104775  
-0.3845979189  
0.01450997813  
0.4538130547  
0.9930430144  
1.708389627  
2.661607187  
3.871146019  
5.293873962  
6.822261174  
8.297263037  
9.533151598  
10.34805798  
10.59370009  
10.17905314  
9.085018801  
7.369314658  
5.162371328  
2.655590081  
0.08323934185  
-2.301051817  
-4.252037787  
-5.563023795  
-6.095266199  
-5.802182742  
-4.743237257  
-3.082975264  
-1.072701006  
0.9844083726  
2.780182627  
4.052450143  
4.6303461  
4.464438721  
3.634626533  
2.333139946  
0.8252189099  
-0.6049869942  
-1.712271987  
-2.339731364  
-2.448929335  
-2.124052963  
-1.548850514  
-0.9611235145  
-0.5947523202  
-0.6223224913  
-1.111689489  
-2.007045844  
-3.139614638  
-4.266275177  
-5.127520575  
-5.511022307  
-5.305077459  
-4.528028689  
-3.325321083  
-1.933952008  
-0.6227596275  
0.3760955809  
0.9259183095  
1.017934551  
0.7674881674  
0.3741063209  
0.05624901448  
-0.02039076855  
0.2008930209  
0.6455035701  
1.128110245  
1.41227889  
1.29264187  
0.6747079598  
-0.373868066  
-1.61980035  
-2.714190148  
-3.285372126  
-3.049548564  
-1.906615844  
0.009458435116  
2.34460863  
4.60360582  
6.274823527  
6.966757167  
6.516828804  
5.039523856  
2.89774265  
0.6037200712  
-1.3227792  
-2.497816461  
-2.775756028  
-2.280280411  
-1.354760163  
-0.4475128605  
0.03255276632  
-0.1548525807  
-1.007225673  
-2.282650102  
-3.578706477  
-4.461092324  
-4.600548742  
-3.874601557  
-2.402462007  
-0.5034922798  
1.405489839  
2.93912637  
3.855915029  
4.117770946  
3.878907446  
3.410438027  
2.988817913  
2.788190783  
2.814735806  
2.906089362  
2.795922107  
2.220812647  
1.031564966  
-0.7308001732  
-2.822246435  
-4.852401229  
-6.39321451  
