2.461339311  
2.079921009  
1.983029048  
2.235843057  
2.66175523  
2.896628093  
2.525944727  
1.257586057  
-0.9327603695  
-3.739790466  
-6.579309021  
-8.74187014  
-9.603159072  
-8.823581443  
-6.470782749  
-3.022834894  
0.7517289733  
4.000827314  
6.018680567  
6.428081847  
5.261369404  
2.920269  
0.03389274874  
-2.734622365  
-4.869382351  
-6.116077035  
-6.500828005  
-6.258841675  
-5.707720271  
-5.115386503  
-4.609237433  
-4.153592658  
-3.595182405  
-2.751557905  
-1.503970128  
0.1416172875  
2.045970462  
3.97881055  
5.690424901  
6.981634792  
7.744884119  
7.964078475  
7.680085488  
6.944083879  
5.785784753  
4.215658673  
2.263092449  
0.03302088638  
-2.249235691  
-4.235502538  
-5.51137471  
-5.705449858  
-4.620540134  
-2.341078971  
0.7283389599  
3.920148249  
6.453169855  
7.637939351  
7.078645472  
4.80763227  
1.30502177  
-2.610264912  
-5.991869361  
-8.020291643  
-8.225527014  
-6.61183471  
-3.647996449  
-0.1275207103  
3.057208859  
5.157916699  
5.758916469  
4.859358283  
2.832766254  
0.2860064091  
-2.131046927  
-3.903086947  
-4.762265267  
-4.71057106  
-3.958131529  
-2.810727194  
-1.552566715  
-0.3656642501  
0.6917120759  
1.650130337  
2.561660231  
3.434203983  
4.197384861  
4.713962744  
4.830222017  
4.44215203  
3.547935603  
2.263522706  
0.7939468429  
-0.6284049732  
-1.813592518  
-2.664062869  
-3.185496551  
-3.456236994  
-3.570924491  
-3.585263412  
-3.488591973  
-3.21873335  
-2.714287344  
-1.980950113  
-1.138902224  
-0.4224080041  
-0.1202343509  
-0.4701288532  
-1.542961293  
-3.162782217  
-4.902434678  
-6.171200786  
-6.378454429  
-5.126856758  
-2.37200373  
1.5102863  
5.781954007  
9.519338071  
11.8614153  
12.25544438  
10.62226742  
7.385821952  
3.353506245  
-0.5181459117  
-3.399951222  
-4.821535277  
-4.784517331  
-3.722680705  
-2.324858594  
-1.28166161  
-1.042183849  
-1.662816563  
-2.798476331  
-3.837786156  
-4.134508424  
-3.254690856  
-1.153679869  
1.778877847  
4.822940798  
7.147230213  
8.071037099  
7.281958446  
4.937979006  
1.621260999  
-1.839581322  
-4.61920785  
-6.135574383  
-6.204141508  
-5.060752465  
-3.25230582  
-1.437507183  
-0.1672937857  
0.2825748744  
-0.02430021051  
-0.7378002156  
-1.3652199  
-1.451808971  
-0.7352048942  
0.7753633283  
2.814831885  
4.958951512  
6.761510847  
7.882013907  
8.162412669  
7.634288451  
6.465160334  
4.874066653  
3.054323483  
1.13365689  
-0.8175098838  
-2.741203065  
-4.53853517  
-6.039456855  
-7.016981728  
-7.24719249  
-6.594980564  
-5.091416094  
-2.968216563  
-0.628384261  
1.444883037  
2.81517959  
3.214757852  
2.61959737  
1.250806444  
-0.4994339056  
-2.192822485  
-3.478191197  
-4.187686384  
-4.36397155  
-4.211636501  
-3.993490831  
-3.912249064  
-4.022992264  
-4.209787571  
-4.235391338  
-3.844986208  
-2.883927386  
-1.383102175  
0.4233210069  
2.158526084  
3.423624878  
3.936650502  
3.639904947  
2.735160281  
1.630549734  
0.8138310253  
0.6929325435  
1.457040983  
3.005513001  
4.969410672  
6.819468977  
8.02536759  
8.214388332  
7.278549118  
5.397424017  
2.972580961  
0.4988882181  
-1.582456332  
-3.000530695  
-3.705407657  
-3.841961189  
-3.66288687  
-3.41700085  
-3.255074409  
-3.186160268  
-3.096685167  
-2.820401619  
-2.228524935  
-1.302833523  
-0.1620430982  
0.9695883787  
1.839966096  
2.263701212  
2.197103472  
1.763796097  
1.218940216  
0.8622158788  
0.9287752869  
1.496016126  
2.43963357  
3.456315385  
4.148295194  
4.144356713  
3.219639809  
1.376681684  
-1.137860031  
-3.886460405  
-6.348591595  
-8.052051157  
-8.690840567  
-8.197895401  
-6.754953373  
-4.739780545  
-2.627438325  
-0.8728167152  
0.1959061585  
0.4484104852  
-0.02597507479  
-0.94748348  
-1.916617404  
-2.509237199  
-2.375433442  
-1.322120892  
0.6368696514  
3.273382  
6.182709032  
8.860667176  
10.80593685  
11.62727923  
11.13223742  
9.375954513  
6.65616485  
3.452454209  
0.3219072361  
-2.224548998  
-3.834196288  
-4.383787845  
-3.991064125  
-2.964038484  
-1.703380503  
-0.5870169917  
0.1288280275  
0.3634398244  
0.2062126976  
-0.1427911371  
-0.4637745541  
-0.607155319  
-0.5512856399  
-0.4084333134  
-0.377956758  
-0.6642973107  
-1.389792557  
-2.534196228  
-3.923276992  
-5.271634237  
-6.265703631  
-6.658879483  
-6.346506941  
-5.395759805  
-4.021239485  
3.197202791  
3.556125465  
2.959670929  
1.798011182  
0.5997416571  
-0.1766613938  
-0.3121466339  
0.1026523478  
0.7190955728  
1.082384083  
0.8254037909  
-0.1687399233  
-1.697305857  
-3.289540975  
-4.363243809  
-4.431678243  
-3.287280688  
-1.095840429  
1.634328594  
4.200079034  
5.919111379  
6.34113627  
5.38374958  
3.348632499  
0.8149919194  
-1.551012821  
-3.2046517  
-3.878638425  
-3.637214609  
-2.815887436  
-1.874723595  
-1.22212006  
-1.073718319  
-1.395282569  
-1.945535016  
-2.397092655  
-2.485087205  
-2.123811329  
-1.445136776  
-0.7431807411  
-0.346326316  
-0.4665575259  
-1.086399017  
-1.93150644  
-2.546355305  
-2.452227209  
-1.334843119  
0.8052346655  
3.597020122  
6.366068581  
8.31108113  
8.739550091  
7.289990284  
4.069779447  
-0.3377659839  
-5.003716039  
-8.885772478  
-11.09600293  
-11.12752514  
-8.976921765  
-5.131325377  
-0.4292879631  
4.159710327  
7.771933399  
9.837213347  
10.17223644  
8.964965745  
6.668357854  
3.845535276  
1.017111942  
-1.446410757  
-3.36443915  
-4.720161519  
-5.591304678  
-6.071159439  
-6.211359278  
-6.005282342  
-5.413100647  
-4.413069762  
-3.054099741  
-1.484942271  
0.05525648416  
1.285712363  
1.957884233  
1.930635335  
1.221283021  
0.01396145049  
-1.38010148  
-2.600986769  
-3.335502234  
-3.402435354  
-2.802753292  
-1.719735619  
-0.4681041436  
0.5943297806  
1.168230652  
1.099425978  
0.4263644365  
-0.6253043306  
-1.700330553  
-2.408561801  
-2.431371517  
-1.61093883  
0.002081598586  
2.155854089  
4.458031299  
6.473613957  
7.833587172  
8.324936951  
7.937939778  
6.858656859  
5.409942205  
3.958718896  
2.816363229  
2.160290479  
1.997953574  
2.181354735  
2.465235883  
2.58952145  
2.360401598  
1.706228632  
0.6933182576  
-0.5001036309  
-1.640808438  
-2.508681831  
-2.954676573  
-2.93240844  
-2.497183327  
-1.777386775  
-0.9314507127  
-0.1066540257  
0.5872319008  
1.083879156  
1.349262281  
1.363413339  
1.107082964  
0.5619596581  
-0.2738454048  
-1.361480216  
-2.599948776  
-3.82028764  
-4.803359949  
-5.321138263  
-5.192241912  
-4.336203431  
-2.809479873  
-0.8106545059  
1.34916347  
3.304633823  
4.708942327  
5.303113998  
4.965687308  
3.732777652  
1.78674951  
-0.5806298278  
-3.020238289  
-5.181523416  
-6.763389577  
-7.554709255  
-7.462245268  
-6.525121426  
-4.914599883  
-2.916940477  
-0.8971520467  
0.7561252982  
1.699507163  
1.706512228  
0.7261720175  
-1.088035829  
-3.391239413  
-5.705155823  
-7.511895571  
-8.36349011  
-7.980871354  
-6.317254425  
-3.569533163  
-0.1352303964  
3.472859271  
6.731272868  
9.203131148  
10.60601065  
10.83922038  
9.972321153  
8.20714557  
5.830132125  
3.169223472  
0.5618657132  
-1.668299003  
-3.234324803  
-3.916630276  
-3.603214037  
-2.331497719  
-0.3152892338  
2.062104134  
4.301420078  
5.886460857  
6.409792061  
5.691897161  
3.855319728  
1.323337796  
-1.26744577  
-3.224574839  
-3.986901189  
-3.287455408  
-1.241141388  
1.673512438  
4.737815065  
7.187703061  
8.422432194  
8.164026199  
6.519088204  
3.92546047  
1.003311877  
-1.639013408  
-3.580017705  
-4.684308386  
-5.096454978  
-5.136841913  
-5.141169052  
-5.304752549  
-5.590571259  
-5.736618695  
-5.361839775  
-4.133279135  
-1.933226586  
1.037225277  
4.261597209  
7.025536976  
8.615865023  
8.538940033  
6.687192019  
3.397465703  
-0.6212325234  
-4.471458968  
-7.307942899  
-8.562948565  
-8.089983134  
-6.186110294  
-3.491346309  
-0.8006181228  
1.152417689  
1.876603186  
1.222591636  
-0.6174955184  
-3.196195345  
-5.945315268  
-8.313643828  
-9.870100918  
-10.35389515  
-9.675040974  
-7.8847665  
-5.140189963  
-1.680838695  
2.179354131  
6.055150181  
9.506005494  
12.0797122  
13.38597093  
13.1857294  
11.46900754  
8.490721636  
4.743028755  
0.8620248255  
-2.510895286  
-4.875140711  
-5.981147768  
-5.871025774  
-4.837451123  
-3.315277814  
-1.74221822  
-0.43448402  
0.4833131613  
1.074785953  
1.522235585  
2.021417906  
2.682428372  
3.47426929  
4.232452724  
4.724086714  
4.742743661  
4.194357616  
3.139785657  
1.777256913  
0.3722177926  
-0.8369269626  
-1.718885581  
-2.282777435  
-2.650895424  
-2.982082401  
-3.377752645  
-3.811221537  
-4.113347673  
-4.0259977  
-3.307508343  
-1.851650294  
0.2272744793  
2.581492513  
4.702666788  
6.062973121  
6.279930903  
5.248634871  
3.193201313  
0.6151403331  
-1.848717984  
-3.614357901  
-4.323553083  
-3.944592056  
-2.767868987  
-1.299173727  
-0.08836225164  
0.4475565006  
0.1473171033  
-0.8648484951  
-2.247836695  
-3.580924859  
-4.516506213  
-4.891702674  
-4.759729688  
-4.333536822  
-3.868158323  
-3.531508668  
-3.317499435  
-3.038480994  
-2.402707769  
-1.148446483  
0.8174806575  
3.333199281  
5.986495633  
8.216967572  
9.485274984  
9.452508942  
8.10601882  
5.784553944  
3.089508665  
0.7087406348  
-0.7894665955  
-1.123499856  
-0.3706223453  
1.078992899  
2.668781912  
3.870540462  
4.35891111  
4.105350082  
3.360643772  
2.535328192  
2.023937054  
2.038761615  
2.515026632  
3.123187027  
3.385078652  
2.852844357  
1.286383417  
-1.235233296  
-4.310118161  
-7.321902655  
-9.625019529  
-10.74486753  
-10.52537021  
-9.174329503  
-7.191787576  
-5.206139687  
-3.773343419  
-3.205930687  
-3.487119045  
-4.295668528  
-5.129645284  
-5.484890332  
-5.027580843  
-3.704521246  
-1.757644728  
0.3579477915  
2.12168688  
3.110571987  
3.125198549  
2.241544944  
0.7775260317  
-0.8090918722  
-2.054745447  
-2.613161668  
-2.332562942  
-1.270347849  
0.3500220767  
2.218327289  
4.024130323  
5.524766706  
6.580247215  
7.154185723  
7.290951842  
7.083885458  
6.647162248  
6.097172565  
5.541800989  
5.071641977  
4.747674076  
4.584674864  
4.535763619  
4.48761337  
4.275169233  
3.718804149  
2.677721772  
1.104786978  
-0.9162289456  
-3.16721929  
-5.332843634  
-7.071481902  
-8.100943061  
-8.273001579  
-7.612612729  
-6.308119649  
-4.654297391  
-2.965898206  
-1.489361026  
-0.3413774893  
0.5059577191  
1.189416956  
1.881575228  
2.706603159  
3.674946666  
4.660731066  
5.431192386  
5.71971978  
5.319034605  
4.163708907  
2.373857954  
0.2437588252  
-1.823873065  
-3.420356432  
-4.241199461  
-4.172230651  
-3.326565171  
-2.020967966  
-0.6967813023  
0.1944299385  
0.3111993197  
-0.4825947572  
-2.072272977  
-4.10940206  
-6.089031999  
-7.470381113  
-7.813368358  
-6.898516851  
-4.799890032  
-1.889921654  
1.230276739  
3.863927551  
5.387028289  
5.41263487  
3.90834402  
1.23204202  
-1.931071905  
-4.722568584  
-6.322859418  
-6.169070238  
-4.120235237  
-0.5209942387  
3.860430172  
8.010452492  
10.92161959  
11.85126544  
10.51614048  
7.167636445  
2.525003286  
-2.415136041  
-6.638541108  
-9.367378011  
-10.23596772  
-9.340403087  
-7.153939733  
-4.341937902  
-1.540731167  
0.8259994855  
2.635209882  
4.033275833  
5.304262987  
6.691646045  
8.243476608  
9.742195682  
10.74933451  
10.75316116  
9.368409585  
6.515757782  
2.512483492  
-1.965807831  
-6.048859546  
-8.913327558  
-10.02575264  
-9.30693564  
-7.161356549  
-4.358498109  
-1.801378733  
-0.2548563683  
-0.1196250288  
-1.3229546  
-3.358834755  
-5.461620016  
-6.854469958  
-6.991435393  
-5.716618239  
-3.293574234  
-0.3021090765  
2.557198085  
4.682601664  
5.742979785  
5.750283723  
5.017568818  
4.026631346  
3.257501693  
3.040057707  
3.474615583  
4.439316347  
5.669433399  
6.869173888  
7.808930031  
8.372098874  
8.539896375  
8.330216109  
7.725996504  
6.632500316  
4.889769666  
2.341802666  
-1.062227587  
-5.176578589  
-9.619941393  
-13.81490878  
-17.10393557  
-18.91063299  
-18.89612582  
-17.0585032  
-13.74062827  
-9.541466167  
-5.158520834  
-1.211807242  
1.894864314  
4.033721144  
5.320959559  
6.012058214  
6.368189964  
6.545278561  
6.545799765  
6.247590593  
5.493310922  
4.200761255  
2.446485124  
0.4859591984  
-1.301167582  
-2.522610691  
-2.900751757  
-2.367573795  
-1.090551867  
0.5814239071  
2.232736612  
3.513896658  
4.243008768  
4.438460121  
4.272092007  
3.963534377  
3.660099014  
3.353470943  
2.871005  
1.950395089  
0.3725209303  
-1.89860913  
-4.627321041  
-7.312636124  
-9.3002561  
-9.971626084  
-8.950118186  
-6.252956988  
-2.331174537  
2.024878038  
5.891941655  
8.470413026  
9.309772782  
8.429511698  
6.295334199  
3.657901563  
1.307312279  
-0.1753976757  
-0.5876972013  
-0.1411391265  
0.6457480041  
1.15726257  
0.9181669942  
-0.2246283023  
-2.039946292  
-3.991309241  
-5.42912417  
-5.828544094  
-4.989428389  
-3.127486877  
-0.8230126201  
1.157861513  
2.11103416  
1.629614769  
-0.2511110706  
-3.046494424  
-5.955411045  
-8.090514519  
-8.733221949  
-7.535489978  
-4.610233058  
-0.4896598247  
4.027500243  
8.086948818  
10.98241995  
12.2959645  
11.94538889  
10.14207971  
7.289770521  
3.867574172  
0.3362525593  
-2.911369605  
-5.557910863  
-7.347148433  
-8.074743842  
-7.60338654  
-5.904769105  
-3.111893319  
0.4467960831  
4.2592707  
7.701582388  
10.16078746  
11.17853002  
10.57184729  
8.490070403  
5.384269851  
1.893090746  
-1.323558968  
-3.75342724  
-5.152270606  
-5.579944036  
-5.344195069  
-4.87422157  
-4.568116114  
-4.665039735  
-5.182018669  
-5.93122708  
-6.605263659  
-6.895441153  
-6.599336606  
-5.681204428  
-4.269020858  
-2.596537543  
-0.9185856465  
0.5647001836  
1.74616762  
2.602182115  
3.146967711  
3.378302914  
3.24586182  
2.662918344  
1.56164804  
-0.02984269831  
-1.925062738  
-3.767231298  
-5.087944613  
-5.429779692  
-4.498658098  
-2.294207117  
0.8334087807  
4.231910481  
7.09886474  
8.698979985  
8.582599513  
6.735195993  
3.605540483  
-0.003328362285  
-3.152430405  
-5.030364179  
-5.181536054  
-3.628545083  
-0.8511372882  
2.370073466  
5.193875222  
6.965377998  
7.391841438  
6.59494823  
5.029128881  
3.300044773  
1.949124809  
1.278419363  
1.273032768  
1.642093315  
1.957051776  
1.832828787  
1.084226567  
-0.1985529671  
-1.680513544  
-2.904621328  
-3.459743953  
-3.131581628  
-1.981957823  
-0.3292429972  
1.360887501  
2.632715371  
3.187685688  
2.968744987  
2.153531605  
1.062714084  
0.02134418087  
-0.7720161756  
-1.317534968  
-1.800050293  
-2.494661955  
-3.629257062  
-5.258720461  
-7.202175309  
-9.071711448  
-10.38688663  
-10.73636265  
-9.928903513  
-8.077635525  
-5.583897436  
-3.022285833  
-0.9638135954  
0.2030528364  
0.392062054  
-0.1618896665  
-0.9910646993  
-1.559710909  
-1.448283143  
-0.4936827421  
1.161790673  
3.127560447  
4.90549287  
6.063072762  
6.377734891  
5.902852854  
4.934935675  
3.897213225  
3.184045639  
3.023114984  
3.404160493  
4.097268929  
4.75055763  
5.028488108  
4.738480794  
3.899426313  
2.728693354  
1.555036654  
0.6922015881  
0.3216817492  
0.4283642849  
0.8118669462  
1.167500364  
1.204790572  
0.7584429437  
-0.149417361  
-1.31726388  
-2.437045191  
-3.202314107  
-3.410100106  
-3.019323392  
-2.147255759  
-1.010752127  
0.1595083644  
1.194181386  
2.018849513  
2.63477115  
3.060018747  
3.263310857  
3.127869025  
2.47113754  
1.121739233  
-0.9724352289  
-3.650321561  
-6.505271345  
-8.94351731  
-10.33047967  
-10.18616145  
-8.365947481  
-5.159227913  
-1.259497434  
2.400097013  
4.90525987  
5.636305596  
4.472083459  
1.850538588  
-1.34236509  
-4.028576745  
-5.263154184  
-4.527818788  
-1.899291527  
1.962768453  
6.006155209  
9.095727925  
10.34534084  
9.369249643  
6.377812398  
2.094008148  
-2.474914212  
-6.331880698  
-8.755214889  
-9.455365717  
-8.585411081  
-6.619357037  
-4.155248581  
-1.719936023  
0.3571079215  
1.966962305  
3.151126814  
3.984434435  
4.473046969  
4.518639635  
3.967460661  
2.722377041  
0.8642180301  
-1.280841094  
-3.173502717  
-4.200015168  
-3.878678688  
-2.061574161  
0.9490868169  
4.427556708  
7.404029874  
8.951003823  
8.486991904  
5.993664013  
2.064715568  
-2.242407138  
-5.714488188  
-7.356042219  
-6.707270415  
-3.999267537  
-0.09038105029  
3.800538316  
6.479779365  
7.158004594  
5.698140157  
2.649922003  
-0.9400500628  
-3.878996292  
-5.222015925  
-4.578523219  
-2.230572812  
0.9731198565  
3.907911376  
5.547992753  
5.298434967  
3.175435881  
-0.2201483219  
-3.919265787  
-6.91077258  
-8.462667812  
-8.330527764  
-6.788844604  
-4.485448614  
-2.180953424  
-0.4726917363  
0.3968974156  
0.5828185971  
0.5239093382  
0.7241317621  
1.517370374  
2.908118205  
4.549698766  
5.868352739  
6.28566508  
5.454218001  
3.415629846  
0.6184523257  
-2.214948458  
-4.327358913  
-5.186553013  
-4.671984603  
-3.119596945  
-1.206214365  
0.2875517865  
0.7532782982  
-0.02753644159  
-1.80111477  
-3.92428427  
-5.584634279  
-6.082076687  
-5.074651162  
-2.703971446  
0.4425603467  
3.519579787  
5.69758067  
6.430435356  
5.627805664  
3.677089124  
1.310586655  
-0.6352674029  
-1.48799117  
-0.9478540794  
0.8265429179  
3.277423697  
5.62618264  
7.109528455  
7.198256752  
5.734852619  
2.956699999  
-0.5902614927  
-4.210105251  
-7.233740077  
-9.162537782  
-9.745910702  
-8.985881787  
-7.085156528  
-4.368334594  
-1.205929338  
2.039710818  
5.042581744  
7.523819779  
9.258569664  
10.08903005  
9.944674962  
8.861452158  
6.98725758  
4.563870839  
1.884474072  
-0.7629255203  
-3.148182423  
-5.129445813  
-6.65083181  
-7.71011936  
-8.312269552  
-8.431671511  
-8.003378679  
-6.95160902  
-5.247018152  
-2.969250752  
-0.3450513418  
2.262020389  
4.417472313  
5.722815464  
5.930565972  
5.026950741  
3.249532476  
1.027851631  
-1.137816341  
-2.821065892  
-3.788360947  
-4.050425608  
-3.827147008  
-3.438065883  
-3.158561008  
-3.095896249  
-3.133793152  
-2.970050288  
-2.237449259  
-0.6658465451  
1.774669535  
4.806188683  
7.882911581  
10.33288376  
11.55838952  
11.22840518  
9.395882454  
6.496107549  
3.221952414  
0.3142814218  
-1.66417425  
-2.496275243  
-2.363032699  
-1.763755797  
-1.331237474  
-1.605097642  
-2.840315618  
-4.915328445  
-7.369417186  
-9.554615163  
-10.84862338  
-10.85559157  
-9.527555293  
-7.168294567  
-4.322722153  
-1.593923164  
0.5469061045  
1.892741264  
2.533339726  
2.782967102  
3.035088659  
3.599958714  
4.584446073  
5.85532842  
7.095460045  
7.928225709  
8.062059557  
7.401516997  
6.085496438  
4.440963817  
2.871132918  
1.719626383  
1.158757308  
1.139391276  
1.416459976  
1.637409593  
1.460300357  
0.6609308886  
-0.8042318776  
-2.794244026  
-5.032504264  
-7.185149659  
-8.939996023  
-10.06251113  
-10.4186961  
-9.969671061  
-8.752603723  
-6.863966004  
-4.453911075  
-1.729423248  
1.045567849  
3.567461652  
5.535785985  
6.717120798  
7.012228336  
6.500794449  
5.440578745  
4.211116326  
3.211808907  
2.743310559  
2.911323304  
3.588308328  
4.451290184  
5.08800535  
5.138581947  
4.424988807  
3.022051677  
1.242285167  
-0.4637869886  
-1.659973235  
-2.077626547  
-1.715824724  
-0.851734491  
0.04505256397  
0.4669281683  
0.03980438767  
-1.346304693  
-3.4918937  
-5.942725315  
-8.125480521  
-9.51807582  
-9.798198385  
-8.923256072  
-7.120605048  
-4.798654017  
-2.415536642  
-0.3532996497  
1.161554816  
2.071971027  
2.446520438  
2.407289007  
2.066429841  
1.499488569  
0.7627528453  
-0.06181193221  
-0.8260707437  
-1.312070121  
-1.28175283  
-0.5704749436  
0.8104084663  
2.609495156  
4.350734037  
5.443285621  
5.3642218  
3.858736818  
1.085793716  
-2.35401653  
-5.537520969  
-7.464847356  
-7.364533225  
-4.961921365  
-0.6178686089  
4.719726576  
9.750830117  
13.18213302  
14.10286687  
12.25988814  
8.142374499  
2.84518279  
-2.249442618  
-5.873309546  
-7.231191601  
-6.205730366  
-3.347689138  
0.3382864328  
3.735816182  
5.970266352  
6.656958018  
5.966966575  
4.498024899  
3.005506528  
2.095186908  
1.989694111  
2.451366788  
2.886451797  
2.590027717  
1.040814878  
-1.862415871  
-5.710141622  
-9.672818893  
-12.74508925  
-14.06208871  
-13.18164477  
-10.2380455  
-5.916742835  
-1.25929389  
2.637054687  
4.928448106  
5.24658007  
3.770401734  
1.134927379  
-1.783540958  
-4.131150062  
-5.306334379  
-5.092086863  
-3.664727988  
-1.494650194  
0.814544999  
2.69133433  
3.718982765  
3.692979403  
2.617832908  
0.6669425448  
-1.866238002  
-4.60699494  
-7.12637698  
-8.969552979  
-9.70327032  
-8.991643615  
-6.691352834  
-2.938109074  
1.813880126  
6.83199025  
11.23506213  
14.19144612  
15.13380103  
13.92410948  
10.90992093  
6.842928243  
2.674957016  
-0.7107703761  
-2.749326398  
-3.34247697  
-2.854187116  
-1.951790811  
-1.344613633  
-1.509369444  
-2.499068652  
-3.906252135  
-4.999247709  
-4.989706387  
-3.341690225  
-0.01424576275  
4.45187281  
9.042415681  
12.54653946  
13.91811095  
12.60603841  
8.745600695  
3.146056357  
-2.924681046  
-8.092267395  
-11.25536467  
-11.87524253  
-10.08937131  
-6.621234183  
-2.52436431  
1.150077416  
3.652751592  
4.710018514  
4.526393792  
3.629570989  
2.624173389  
1.947442536  
1.713834561  
1.699421297  
1.464754065  
0.5650822333  
-1.233210861  
-3.811685152  
-6.688019679  
-9.140597928  
-10.42881831  
-10.03531171  
-7.848716368  
-4.225642269  
0.08965634988  
4.163317695  
7.126264819  
8.40746802  
7.877426459  
5.862968376  
3.034546526  
0.2046152411  
-1.900876182  
-2.832298082  
-2.5177449  
-1.254904028  
0.3958293289  
1.780561812  
2.334128944  
1.727539991  
-0.05325993584  
-2.710820893  
-5.714263124  
-8.428131257  
-10.25926002  
-10.78817458  
-9.857518916  
-7.600667658  
-4.40651564  
-0.8295256073  
2.534720746  
5.180561039  
6.799763107  
7.339624755  
6.996569617  
6.145898771  
5.225344315  
4.603900118  
4.473347713  
4.795143479  
5.320259133  
5.677751054  
5.505920901  
4.584937384  
2.927407141  
0.7951572217  
-1.366443994  
-3.058314603  
-3.881200608  
-3.663214158  
-2.518726514  
-0.8178425026  
0.9250109945  
2.207699576  
2.691227235  
2.295694211  
1.210934261  
-0.1795399496  
-1.433342059  
-2.195559572  
-2.306946325  
-1.839302135  
-1.050266236  
-0.2786082697  
0.1786008179  
0.1612719558  
-0.3188539432  
-1.111674355  
-2.011280458  
-2.849430551  
-3.558672799  
-4.177632062  
-4.796496359  
-5.467566497  
-6.123162973  
-6.543327173  
-6.397843395  
-5.357237283  
-3.236823731  
-0.11900571  
3.599799703  
7.268633633  
10.14192363  
11.59551802  
11.32886855  
9.481378695  
6.614824896  
3.556837651  
1.148386004  
-0.02556834292  
0.1675884866  
1.354924242  
2.77305449  
3.520935903  
2.871886499  
0.5431519658  
-3.168705316  
-7.437147983  
-11.13123724  
-13.15110524  
-12.76957657  
-9.872012923  
-5.017074003  
0.703206073  
5.962822639  
9.569998886  
10.7930035  
9.547181032  
6.391247497  
2.340436481  
-1.440873645  
-3.970792176  
-4.70729009  
-3.660867257  
-1.340142586  
1.440176735  
3.820542748  
5.143701038  
5.116369606  
3.847075298  
1.763163583  
-0.553617674  
-2.553627797  
-3.86930995  
-4.388995238  
-4.243746766  
-3.724734879  
-3.167293586  
-2.842145728  
-2.885116468  
-3.279137682  
-3.883625593  
-4.492920943  
-4.90079785  
-4.951869333  
-4.569836632  
-3.762259554  
-2.608310687  
-1.237891589  
0.1915826168  
1.518094297  
2.597631065  
3.326553963  
3.661349008  
3.630602281  
3.332793973  
2.915922867  
2.540508473  
2.334477914  
2.353646026  
2.562076105  
2.841572589  
3.029832061  
2.976117609  
2.595582355  
1.902333387  
1.007924767  
0.08429034877  
-0.6962291684  
-1.221454897  
-1.476763965  
-1.543345186  
-1.556031956  
-1.635689181  
-1.822478468  
-2.038211292  
-2.096652251  
-1.763266457  
-0.8463704479  
0.7123593982  
2.78301401  
5.053075834  
7.09814735  
8.498975736  
8.967844867  
8.441472154  
7.106729573  
5.347043025  
3.624159545  
2.332702786  
1.675339645  
1.600573823  
1.824749952  
1.931701152  
1.517296279  
0.330992565  
-1.632403878  
-4.120628635  
-6.694625385  
-8.857746354  
-10.2007417  
-10.51606633  
-9.846980003  
-8.459748188  
-6.752720142  
-5.135331563  
-3.917005803  
-3.238895046  
-3.06411752  
-3.221262396  
-3.479386098  
-3.625683969  
-3.521130422  
-3.121538321  
-2.466276214  
-1.64789475  
-0.7794149909  
0.02848585172  
0.6774730353  
1.084897476  
1.190652609  
0.9746216703  
0.4829509543  
-0.1485969535  
-0.6915960468  
-0.8568864291  
-0.364405318  
0.9628974166  
3.110162774  
5.822178109  
8.623861636  
10.91814361  
12.1425381  
11.94094053  
10.29465102  
7.562944839  
4.408530045  
1.620121816  
-0.1191393262  
-0.4456379498  
0.5602198401  
2.386004028  
4.239827822  
5.30038616  
4.985958615  
3.153546047  
0.1587015377  
-3.249169156  
-6.166456091  
-7.833577686  
-7.89270104  
-6.516500994  
-4.36041962  
-2.349523869  
-1.36745268  
-1.950020037  
-4.087049783  
-7.201965634  
-10.32038464  
-12.37576246  
-12.55347722  
-10.56053756  
-6.731571464  
-1.935257085  
2.689025198  
6.078599852  
7.566205374  
7.067549285  
5.079631691  
2.494822259  
0.2960614575  
-0.7638438139  
-0.393427261  
1.168449584  
3.262429631  
5.053830835  
5.826108895  
5.222707477  
3.358684194  
0.7704739024  
-1.771862009  
-3.52033983  
-3.983624503  
-3.063253817  
-1.052262691  
1.493373709  
3.95659832  
5.858317441  
6.983615026  
7.395995407  
7.344277788  
7.106944974  
6.840510683  
6.494663497  
5.829088909  
4.526174703  
2.355233294  
-0.6777726016  
-4.257856217  
-7.801692379  
-10.6057951  
-12.05610633  
-11.82812803  
-10.0066506  
-7.079580687  
-3.802407217  
-0.9741715633  
0.8031749705  
1.30321567  
0.7323930875  
-0.3528849678  
-1.242014648  
-1.314209686  
-0.250592274  
1.854713536  
4.519678673  
7.02584677  
8.645405591  
8.869442817  
7.564382467  
5.00854247  
1.800850083  
-1.325186159  
-3.720060892  
-4.999575334  
-5.134198115  
-4.423897781  
-3.373620745  
-2.515226413  
-2.235902025  
-2.666748486  
-3.662071547  
-4.868492848  
-5.854085629  
-6.251062237  
-5.865361223  
-4.72177368  
-3.037584435  
-1.141814432  
0.6268363017  
2.007550427  
2.864650355  
3.186855033  
3.049495413  
2.56300246  
1.832489114  
0.944508851  
-0.01809875556  
-0.947175179  
-1.688018339  
-2.045922962  
-1.828704594  
-0.9163869786  
0.6659880948  
2.703614341  
4.801569269  
6.458980124  
7.19537546  
6.695842271  
4.929965586  
2.202247778  
-0.8906909828  
-3.593385444  
-5.183490575  
-5.169854172  
-3.438695896  
-0.3025140467  
3.566278797  
7.301111719  
10.06063736  
11.23968847  
10.61238338  
8.368718302  
5.03849298  
1.330101148  
-2.06397206  
-4.635787721  
-6.157370392  
-6.681826682  
-6.461060268  
-5.817535161  
-5.019988072  
-4.207412456  
-3.384509385  
-2.482982343  
-1.457114782  
-0.368549898  
0.5808766974  
1.089185472  
0.8588871858  
-0.2696860317  
-2.207690827  
-4.577970848  
-6.772895916  
-8.103273257  
-7.998277683  
-6.194360942  
-2.849353253  
1.461932616  
5.877923032  
9.472949049  
11.50729086  
11.62830103  
9.959683311  
7.050505454  
3.700112147  
0.7148957383  
-1.325136904  
-2.215907104  
-2.149000022  
-1.59938398  
-1.123058105  
-1.136536965  
-1.755526086  
-2.749165189  
-3.625892056  
-3.821171126  
-2.921514224  
-0.8459014162  
2.080605233  
5.190208782  
7.655588312  
8.73528595  
8.002297569  
5.482205173  
1.656729617  
-2.667422731  
-6.581510944  
-9.318693288  
-10.44423529  
-9.938153541  
-8.153775893  
-5.676369462  
-3.135945438  
-1.037853693  
0.3381131487  
0.9487563578  
0.9215295833  
0.4507395532  
-0.2959480034  
-1.223145395  
-2.292907453  
-3.465613093  
-4.63338577  
-5.587001104  
-6.042858954  
-5.72962727  
-4.50520498  
-2.456091149  
0.06869414671  
2.516851686  
4.2791907  
4.882043641  
4.161703638  
2.355894004  
0.07025043244  
-1.881842949  
-2.723567151  
-1.968203492  
0.4015257714  
3.892149472  
7.617603073  
10.54692084  
11.80815248  
10.9548365  
8.111101736  
3.948866456  
-0.4967997977  
-4.117423384  
-6.037052813  
-5.842351317  
-3.670922635  
-0.1384666391  
3.863974563  
7.432905135  
9.891648464  
10.93607192  
10.65234193  
9.416395623  
7.72213108  
6.003709492  
4.511884269  
3.278696771  
2.169771265  
0.9919224026  
-0.3928699456  
-1.99310178  
-3.678848397  
-5.23580612  
-6.454397481  
-7.213538079  
-7.523106507  
-7.508007602  
-7.342001463  
-7.16085448  
-6.993100415  
-6.739814575  
-6.214673233  
-5.230683692  
-3.69998532  
-1.706088482  
0.4830675319  
2.471347373  
3.844009034  
4.2940171  
3.721282171  
2.269773794  
0.2893043614  
-1.764838164  
-3.459838675  
-4.497875084  
-4.777570395  
-4.388695761  
-3.549163053  
-2.513391518  
-1.489019638  
-0.5920088998  
0.148054836  
0.7428153664  
1.187259195  
1.420805809  
1.329730208  
0.7936940918  
-0.2422728209  
-1.703355672  
-3.361745023  
-4.874209312  
-5.876001012  
-6.102149844  
-5.492004288  
-4.233946328  
-2.725496641  
-1.453590059  
-0.830270082  
-1.038759639  
-1.945863755  
-3.117269218  
-3.938477652  
-3.807274568  
-2.336944657  
0.4973137877  
4.319956725  
8.441347847  
12.04436965  
14.41355291  
15.13433937  
14.19992344  
11.99363976  
9.15585994  
6.38162404  
4.216172078  
2.913467638  
2.398947987  
2.34103689  
2.299464907  
1.894735491  
0.9397225413  
-0.5082250233  
-2.185627114  
-3.7299777  
-4.811276788  
-5.238514319  
-5.004883546  
-4.261312094  
-3.235793874  
-2.13555163  
-1.073081468  
-0.04488900037  
1.031425437  
2.240702523  
3.589571236  
4.95854459  
6.110370495  
6.755150892  
6.649257779  
5.690424034  
3.971330732  
1.768848675  
-0.5301197398  
-2.541266102  
-3.994366365  
-4.804137643  
-5.075933934  
-5.045857511  
-4.978995767  
-5.064574451  
-5.34705613  
-5.717903377  
-5.969157185  
-5.886380345  
-5.343868284  
-4.364675766  
-3.12214641  
-1.88249738  
-0.9108954837  
-0.3773981328  
-0.2989716572  
-0.5396323249  
-0.8681565857  
-1.050586619  
-0.941686148  
-0.5402272126  
0.01246092057  
0.4889539714  
0.6641092523  
0.4002630232  
-0.3038279103  
-1.318152685  
-2.436283989  
-3.455139395  
-4.244918501  
-4.778854409  
-5.109951507  
-5.30535425  
-5.368986407  
-5.190908845  
-4.553553746  
-3.202949569  
-0.965170113  
2.134198162  
5.797658814  
9.469098422  
12.44359871  
14.04957766  
13.84971088  
11.79450068  
8.272607526  
4.032901439  
-0.005342261115  
-2.999502455  
-4.412163283  
-4.149157429  
-2.563403319  
-0.3243375768  
1.803191242  
