4.714632757  
9.343390431  
12.20469591  
12.56953531  
10.38624843  
6.290599114  
1.419555811  
-2.919536586  
-5.628625906  
-6.135583622  
-4.553637995  
-1.635801157  
1.461748257  
3.535707339  
3.703273928  
1.670426962  
-2.179212937  
-6.899805687  
-11.2654294  
-14.13132189  
-14.7641092  
-13.04274059  
-9.473623048  
-5.021496709  
-0.8136786647  
2.18826591  
3.449152145  
2.977940165  
1.274878154  
-0.8656847344  
-2.627097404  
-3.42751124  
-3.082531207  
-1.827711844  
-0.2023191334  
1.160124604  
1.761436074  
1.412568306  
0.2971819239  
-1.091614483  
-2.116690534  
-2.20839267  
-1.053780453  
1.294837468  
4.423022877  
7.664372945  
10.28112407  
11.65984448  
11.46598148  
9.717119296  
6.761244798  
3.174304903  
-0.3878037662  
-3.339365208  
-5.278945438  
-6.044741475  
-5.707966127  
-4.518051554  
-2.82321312  
-0.9906763775  
0.6557202379  
1.873117697  
2.514576742  
2.529091078  
1.954966415  
0.9112564521  
-0.4130463605  
-1.776010367  
-2.91024858  
-3.561957767  
-3.537230173  
-2.74620582  
-1.23315019  
0.8179437652  
3.107279927  
5.270099263  
6.944429344  
7.840848596  
7.798595592  
6.815725688  
5.047433168  
2.774058737  
0.346774389  
-1.877243868  
-3.59731639  
-4.61839083  
-4.879173443  
-4.455651125  
-3.540395715  
-2.401501608  
-1.328023024  
-0.5710602672  
-0.2912659067  
-0.5234653994  
-1.167116172  
-2.006925235  
-2.761501425  
-3.150918923  
-2.968140476  
-2.136607001  
-0.7382995967  
0.9968479956  
2.739362989  
4.135328226  
4.889179268  
4.832684423  
3.962286824  
2.435919295  
0.5319559894  
-1.416612011  
-3.093687265  
-4.25833289  
-4.77707162  
-4.626967553  
-3.875941295  
-2.652602169  
-1.118564967  
0.5487353911  
2.162383359  
3.528358651  
4.454097336  
4.770961486  
4.370943599  
3.248598304  
1.531982426  
-0.5148890834  
-2.529191603  
-4.124549915  
-4.988151177  
-4.971999642  
-4.147636886  
-2.801391855  
-1.364371117  
-0.2928496733  
0.06688055841  
-0.413358436  
-1.599661823  
-3.134609505  
-4.550092496  
-5.420360547  
-5.505444115  
-4.835418676  
-3.703649704  
-2.566900544  
-1.88256504  
-1.937029425  
-2.72551825  
-3.929369223  
-5.005358319  
-5.363365962  
-4.576229772  
-2.550669899  
0.4029870583  
3.633869734  
6.334501692  
7.791920916  
7.626242175  
5.936540615  
3.300383384  
0.6190087635  
-1.149391004  
-1.28732586  
0.4476801037  
3.729317856  
7.743535224  
11.42341897  
13.76713603  
14.14032501  
12.46782764  
9.25398796  
5.424965344  
2.043054212  
-0.01633983984  
-0.3231903822  
0.9933840873  
3.308842408  
5.719656686  
7.339043  
7.574723222  
6.299820681  
3.865555605  
0.9580442427  
-1.64692858  
-3.344832648  
-3.890202638  
-3.450083264  
-2.509749259  
-1.668836873  
-1.403528919  
-1.881173844  
-2.894318739  
-3.938524995  
-4.4073385  
-3.835971034  
-2.107130527  
0.4559596539  
3.146756775  
5.069592766  
5.41098131  
3.701276144  
-0.01830467815  
-5.178463165  
-10.82177622  
-15.85727374  
-19.35144509  
-20.76730623  
-20.08153958  
-17.74950918  
-14.53620108  
-11.27150378  
-8.60861652  
-6.858418998  
-5.944371929  
-5.481422495  
-4.943283661  
-3.857233934  
-1.962212423  
0.7165175089  
3.891342208  
7.116438339  
9.929058571  
11.97727236  
13.09381187  
13.29908896  
12.74356357  
11.62052078  
10.08792488  
8.230303452  
6.072710926  
3.636063874  
1.005665256  
-1.62118204  
-3.934830314  
-5.568311758  
-6.193966357  
-5.630634109  
-3.923961031  
-1.369289455  
1.535654211  
4.198528383  
6.071370458  
6.781586571  
6.218239135  
4.550889782  
2.178500201  
-0.3741235503  
-2.581567081  
-4.030910652  
-4.495925365  
-3.959664697  
-2.588319671  
-0.6714562133  
1.450781003  
3.454625344  
5.081752181  
6.166737496  
6.645748416  
6.551903537  
6.00173043  
5.174090029  
4.280798193  
3.528540987  
3.075224915  
2.989019739  
3.222198417  
3.611932401  
3.914798418  
3.871830962  
3.289489834  
2.113200383  
0.4680386444  
-1.352110916  
-2.951335512  
-3.940709935  
-4.059963983  
-3.274322959  
-1.812646781  
-0.1281964672  
1.213875849  
1.694641969  
1.000778447  
-0.8631324555  
-3.546846581  
-6.425559503  
-8.755350892  
-9.87254363  
-9.381709364  
-7.27817717  
-3.968045239  
-0.1770996052  
3.228404658  
5.461079562  
6.012180655  
4.77772762  
2.077672008  
-1.435185542  
-4.949431376  
-7.703267927  
-9.169887365  
-9.171610513  
4.983478044  
3.94119202  
2.456852644  
0.9378792862  
-0.2300182917  
-0.7936038425  
-0.6982132194  
-0.09076951266  
0.7377728887  
1.449149364  
1.761609267  
1.529243799  
0.7757024451  
-0.322698284  
-1.493769635  
-2.445287583  
-2.936890545  
-2.830674318  
-2.112788044  
-0.888097723  
0.6439477655  
2.223091131  
3.565485829  
4.402360909  
4.520481833  
3.803551319  
2.269209913  
0.0913333924  
-2.405144445  
-4.786369481  
-6.589064436  
-7.424812271  
-7.084542016  
-5.612402624  
-3.321844359  
-0.7403875774  
1.509970265  
2.86854598  
2.985627958  
1.821692629  
-0.3359489941  
-2.947631632  
-5.368095483  
-7.023702641  
-7.567973758  
-6.969029736  
-5.503215652  
-3.658026802  
-1.975497753  
-0.8852404941  
-0.5785620684  
-0.9610633984  
-1.695638211  
-2.319206232  
-2.394276401  
-1.647296304  
-0.05219320819  
2.163310635  
4.586008274  
6.734973119  
8.190592231  
8.696710604  
8.209506234  
6.885556218  
5.020566302  
2.963225284  
1.032209168  
-0.5414766783  
-1.636629156  
-2.23126932  
-2.371855829  
-2.138063048  
-1.615987513  
-0.8857017524  
-0.02165011617  
0.9006362324  
1.798951412  
2.584808995  
3.170453794  
3.479647446  
3.458182966  
3.081446395  
2.358917372  
1.337465125  
0.1050915893  
-1.205779815  
-2.419926187  
-3.332533067  
-3.739513597  
-3.484821353  
-2.516262816  
-0.9330421377  
0.9955671608  
2.85740783  
4.175810597  
4.527354341  
3.670339928  
1.645039582  
-1.191591914  
-4.218985272  
-6.690843236  
-7.926905179  
-7.506392549  
-5.404479912  
-2.02541945  
1.885527383  
5.432344514  
7.80857784  
8.517132858  
7.502553173  
5.154064405  
2.177474112  
-0.6244849734  
-2.594179622  
-3.406841989  
-3.145132615  
-2.238753486  
-1.292080129  
-0.8598093987  
-1.247509346  
-2.404822607  
-3.946895334  
-5.295326404  
-5.888696484  
-5.388755222  
-3.809924469  
-1.526285024  
0.8473074085  
2.659691795  
3.443378147  
3.074323909  
1.816178949  
0.2330703127  
-1.000252528  
-1.327254839  
-0.5007903992  
1.32712245  
3.646391278  
5.746669389  
6.939605652  
6.773258861  
5.170785545  
2.452028456  
-0.7643952941  
-3.742876813  
-5.836375243  
-6.652173316  
-6.131581363  
-4.528281238  
-2.303346144  
0.02094142033  
1.998587307  
3.348759159  
3.978217374  
3.94497278  
3.389800414  
2.468705676  
1.31218809  
0.02067085078  
-1.312809088  
-2.573690878  
-3.613260159  
-4.265418753  
-4.390401653  
-3.928237055  
-2.937508897  
-1.598638504  
-0.1742526482  
1.063146497  
1.911389105  
2.296730896  
2.286768681  
2.051776076  
1.788375353  
1.635035999  
1.613384523  
1.620383024  
1.476776999  
1.01447105  
0.1683850173  
-0.9658861605  
-2.136285455  
-3.005276327  
-3.266132917  
-2.763381585  
-1.571062808  
0.005157526304  
1.509786277  
2.480156856  
2.602669538  
1.827332891  
0.3971336542  
-1.222725044  
-2.495453194  
-2.993310657  
-2.545681774  
-1.301303729  
0.3197342173  
1.77002551  
2.565990636  
2.458974165  
1.524627935  
0.1365797406  
-1.168732747  
-1.889812275  
-1.750185859  
-0.811227766  
0.5362568262  
1.703454548  
2.11554632  
1.431497551  
-0.306835187  
-2.652704833  
-4.873584974  
-6.176707959  
-5.968404649  
-4.060683029  
-0.7540008088  
3.234773939  
6.978963256  
9.617784426  
10.61212734  
9.897493703  
7.88504259  
5.312014286  
2.992555235  
1.552351612  
1.234804395  
1.841404997  
2.823179863  
3.489266958  
3.259906373  
1.877312758  
-0.496589537  
-3.327522625  
-5.883941616  
-7.479748423  
-7.70256277  
-6.551257081  
-4.43762403  
-2.052684592  
-0.1429400764  
0.7291858721  
0.3624535402  
-1.025072542  
-2.873696341  
-4.468064217  
-5.169754168  
-4.621395534  
-2.85839545  
-0.2955645448  
2.403386222  
4.528970096  
5.536091585  
5.196213619  
3.647420519  
1.332146348  
-1.152303205  
-3.23965462  
-4.557641405  
-5.019187339  
-4.817966676  
-4.335523638  
-3.994179261  
-4.104888193  
-4.758153709  
-5.790453321  
-6.833895802  
-7.431143297  
-7.178732331  
-5.855028385  
-3.495301764  
-0.3934599259  
2.96820555  
6.039432352  
8.337715064  
9.561764985  
9.653094718  
8.791676083  
7.330266735  
5.688372652  
4.236665763  
3.203798987  
2.629859733  
2.376939274  
2.191046615  
1.795639627  
0.9887767523  
-0.2843527772  
-1.904150855  
-3.602006276  
-5.030565733  
-5.858326757  
-5.861160551  
-4.984566519  
-3.359248969  
-1.266417508  
0.9359692998  
2.903615177  
4.386176983  
5.274697201  
5.604311647  
5.514810522  
5.18488563  
4.763645177  
4.322817969  
3.844946236  
3.249818072  
2.4476714  
1.398183851  
0.1523898139  
-1.139289989  
-2.257383222  
-2.972642689  
-3.114250935  
-2.623379784  
-1.573543808  
-0.1508227587  
1.398734731  
2.835659913  
3.984055793  
4.759597256  
5.16048201  
5.227730988  
4.993469672  
4.440924287  
3.495773557  
2.056403703  
0.05463247663  
-2.475215419  
-5.347284798  
-8.219552386  
-10.64424699  
-12.1652631  
-12.43699589  
-11.32909425  
-8.983154255  
-5.800342387  
-2.359412853  
0.7140944504  
2.891525338  
3.857783811  
3.569773231  
2.243398839  
0.2776260229  
-1.858113864  
-3.738249198  
-5.065421636  
-5.70608565  
-5.676374087  
-5.093318279  
-4.115332616  
-2.895004003  
-1.557805088  
-0.2068254663  
1.058393706  
2.126304681  
2.875592228  
3.199705658  
3.045753394  
2.450298285  
1.552592846  
0.5726610814  
-0.2448474954  
-0.7050886243  
-0.7295555164  
-0.3877807595  
0.1226096013  
0.5463459532  
0.6705898132  
0.4199509178  
-0.09046559114  
-0.569398892  
-0.6344868832  
0.054172809  
1.654218876  
4.044045395  
6.807861913  
9.317690381  
10.89570411  
11.01217662  
9.459024153  
6.442479728  
2.560592457  
-1.334590703  
-4.35464801  
-5.811095147  
-5.402043017  
-3.294654424  
-0.07939203206  
3.390119325  
6.224579846  
7.728404973  
7.567259922  
5.830736424  
2.979619355  
-0.2988896408  
-3.280163794  
-5.379150995  
-6.268459986  
-5.913270842  
-4.526363243  
-2.469927539  
-0.1427203962  
2.110988423  
4.048103072  
5.526031646  
6.469313776  
6.827957168  
6.550907634  
5.587849689  
3.91791286  
1.59078418  
-1.240656596  
-4.314443198  
-7.288645719  
-9.800320141  
-11.53758248  
-12.30294206  
-12.0489228  
-10.87663873  
-9.000551275  
-6.693219303  
-4.228845256  
-1.842074747  
0.2895094073  
2.041187318  
3.325460883  
4.078333891  
4.257732174  
3.856490215  
2.923485059  
1.580601919  
0.02281133063  
-1.505610821  
-2.7562189  
-3.530817897  
-3.727701579  
-3.36335328  
-2.56099916  
-1.509027097  
-0.4034157166  
0.6054523667  
1.442580505  
2.104503482  
2.624633261  
3.023211855  
3.264280583  
3.240589552  
2.79738651  
1.790968174  
0.1631548776  
-1.995912767  
-4.423338917  
-6.713165988  
-8.39844702  
-9.065646974  
-8.468618457  
-6.607153365  
-3.74422688  
-0.3540682513  
2.985890001  
5.729141856  
7.482787226  
8.085532836  
7.622376344  
6.376981242  
4.740914361  
3.109857992  
1.797249664  
0.9864405887  
0.727246885  
0.9674461773  
1.599858664  
2.504076004  
3.56856624  
4.690322394  
5.760555542  
6.651357296  
7.217406027  
7.319017205  
6.861782855  
5.838261827  
4.353286847  
2.618209503  
0.9100011563  
-0.4955929045  
-1.39660482  
-1.718913879  
-1.532460545  
-1.022799306  
-0.4267865913  
0.04559353639  
0.2758766329  
0.2652821499  
0.1166498898  
-0.02244774019  
-0.03317699192  
0.1135829474  
0.3338066704  
0.4556830552  
0.2863714766  
-0.3040250397  
-1.313761644  
-2.584953231  
-3.837371744  
-4.753659266  
-5.089086537  
-4.767785555  
-3.929240242  
-2.903857606  
-2.120149255  
-1.970059649  
-2.675287144  
-4.199647101  
-6.239434782  
-8.299257558  
-9.832748366  
-10.40551682  
-9.8290141  
-8.222053411  
-5.979131767  
-3.654144995  
-1.795197562  
-0.7818754249  
-0.7155824305  
-1.396638051  
-2.394241723  
-3.186294899  
-3.324571425  
-2.573795634  
-0.9824921373  
1.134304518  
3.292629742  
4.985370865  
5.830803416  
5.679617264  
4.650850887  
3.089928512  
1.465365367  
0.2375076805  
-0.2618014119  
0.09384724676  
1.208997327  
2.808785078  
4.522463715  
5.981167819  
6.90291722  
7.145364354  
6.718573793  
5.761909243  
4.497441512  
3.175449359  
2.025677773  
1.222982998  
0.8700347025  
0.9951790304  
1.561057026  
2.479366455  
3.628086588  
4.868691594  
6.061579419  
7.078277003  
7.809187144  
8.166496928  
8.083336483  
7.512004149  
6.425077155  
4.822593353  
2.745926854  
0.2949058111  
-2.35914277  
-4.973709445  
-7.256295541  
-8.908596577  
-9.687499536  
-9.46877595  
-8.294488113  
-6.386265861  
-4.114240527  
-1.924019959  
-0.2377479734  
0.644548941  
0.6146665594  
-0.2249192173  
-1.600205559  
-3.151883559  
-4.542088148  
-5.547706586  
-6.110130218  
-6.325651916  
-6.381147042  
-6.459072814  
-6.647416711  
-6.889273198  
-6.993116318  
-6.702850986  
-5.80386812  
-4.226144302  
-2.103648269  
0.2373255233  
2.363957125  
3.872601446  
4.529712563  
4.367492453  
3.69562337  
3.016937995  
2.867575995  
3.6299807  
5.380085997  
7.822888874  
10.34465062  
12.17314316  
12.60149061  
11.20841325  
8.005851265  
3.465533018  
-1.587328229  
-6.183933568  
-9.46389529  
-10.89486283  
-10.39589307  
-8.331348494  
-5.382447225  
-2.340870248  
0.1094494275  
1.556287264  
1.9241013  
1.430054833  
0.4571303369  
-0.6043606658  
-1.48921652  
-2.119989866  
-2.584517563  
-3.04544744  
-3.623530619  
-4.304889748  
-4.911876952  
-5.151777513  
-4.726948667  
-3.465296848  
-1.420169058  
1.102283722  
3.605575124  
5.540733548  
6.477272253  
6.251079671  
5.037876869  
3.323485241  
1.774699774  
1.046899656  
1.585444684  
3.481149856  
6.424356123  
9.772619706  
12.71338393  
14.47536155  
14.52924962  
12.72303788  
9.317321604  
4.915090911  
0.3091514609  
-3.709220657  
-6.52989105  
-7.848387526  
-7.709636956  
-6.467589474  
-4.677780107  
-2.953478158  
-1.820689767  
-1.603331573  
-2.360056068  
-3.881716541  
-5.746328386  
-7.418296751  
-8.371793586  
-8.214253261  
-6.785547467  
-4.211420705  
-0.8968872039  
2.543906323  
5.411297578  
7.073652104  
7.117152188  
5.455103932  
2.366282196  
-1.552766922  
-5.515132539  
-8.722436174  
-10.55115243  
-10.69782053  
-9.243890677  
-6.622060208  
-3.493246123  
-0.5687338979  
1.57237627  
2.619453729  
2.583972358  
1.759510562  
0.6055366895  
-0.4052895677  
-0.927367977  
-0.8276512924  
-0.1940686084  
0.7290350525  
1.650469271  
2.345305857  
2.73132628  
2.883627087  
2.985493043  
3.236792934  
3.75602238  
4.513773645  
5.323301641  
5.892833469  
5.921666224  
5.206225626  
3.718570898  
1.629481514  
-0.7322970046  
-2.970888137  
-4.73340129  
-5.802555199  
-6.142047058  
-5.882058449  
-5.253439866  
-4.496472742  
-3.777788916  
-3.144397198  
-2.528984138  
-1.801225641  
-0.8430113743  
0.3827343387  
1.796736236  
3.215364262  
4.405670384  
5.162801504  
5.38070507  
5.089542884  
4.445532971  
3.676637436  
3.003810214  
2.566605063  
2.380331757  
2.340362914  
2.271790344  
2.005863542  
1.454580986  
0.6552378206  
-0.2326075912  
-0.9779773973  
-1.359835488  
-1.250131071  
-0.6682825979  
0.2136879608  
1.119200661  
1.753674253  
1.901086202  
1.498017446  
0.6596235904  
-0.3523040921  
-1.209870419  
-1.622846113  
-1.432568826  
-0.6660688942  
0.466770999  
1.632041753  
2.468246828  
2.69079222  
2.173329014  
0.982863001  
-0.6396642535  
-2.345138294  
-3.767202221  
-4.611577559  
-4.719826471  
-4.093364944  
-2.876516685  
-1.309154217  
0.3334882842  
1.795662777  
2.877697282  
3.44994977  
3.448252281  
2.860442975  
1.714356797  
0.07402364665  
-1.955408578  
-4.219610225  
-6.512885985  
-8.590193415  
-10.1970308  
-11.11381178  
-11.20452742  
-10.45554839  
-8.990857832  
-7.055393049  
-4.966847425  
-3.045834266  
-1.541727841  
-0.5742202744  
-0.1076654516  
0.03311270386  
0.1082037436  
0.3831480964  
1.046357009  
2.147013865  
3.572073549  
5.070384412  
6.318605212  
7.011233691  
6.949561591  
6.103950554  
4.631075932  
2.84056802  
1.120182257  
-0.1591432166  
-0.7312233573  
-0.4909596044  
0.4954891605  
2.026556961  
3.832727984  
5.651729786  
7.286506387  
8.628459884  
9.642099284  
10.32223973  
10.64568193  
10.54182882  
9.899443944  
8.61200184  
6.647042494  
4.111931673  
1.285111758  
-1.409578206  
-3.489410753  
-4.5413764  
-4.355313831  
-3.016511925  
-0.9203120495  
1.306761602  
2.9651845  
3.477600042  
2.562452704  
0.3294275058  
-2.738710732  
-5.91878728  
-8.458074928  
-9.799641556  
-9.750761307  
-8.538587408  
-6.732164689  
-5.053269116  
-4.136032106  
-4.314047736  
-5.50656419  
-7.243851618  
-8.825828384  
-9.562690146  
-9.017117063  
-7.165148262  
-4.418524799  
-1.497352008  
0.8069592312  
1.899901784  
1.591841563  
0.1726969896  
-1.675900665  
-3.105315614  
-3.388433305  
-2.175346439  
0.3713952207  
3.610746227  
6.618764368  
8.483680223  
8.603919385  
6.890205414  
3.80404066  
0.2188420007  
-2.85110987  
-4.564924619  
-4.509701609  
-2.813366353  
-0.08168686548  
2.81553151  
5.034286036  
6.023773831  
5.682978068  
4.358116301  
2.68823179  
1.358167369  
0.8483847486  
1.269549519  
2.337706617  
3.494811426  
4.127749021  
3.804914229  
2.444508774  
0.3545195109  
-1.869152521  
-3.549028997  
-4.162743977  
-3.525885778  
-1.856722165  
0.2988609316  
2.254476772  
3.415518649  
3.475026026  
2.505865565  
0.9197798498  
-0.6886409841  
-1.754987908  
-1.938379212  
-1.227672692  
0.07393499141  
1.475884065  
2.488964368  
2.805065975  
2.402520714  
1.540449778  
0.6471518283  
0.1464922904  
0.2884264582  
1.04729834  
2.125739844  
3.06255515  
3.404492977  
2.87835341  
1.49985  
-0.4211754305  
-2.38180076  
-3.857493529  
-4.482795492  
-4.17702894  
-3.170686868  
-1.92388845  
-0.9663409575  
-0.7154887532  
-1.336024929  
-2.688044686  
-4.37901054  
-5.898067794  
-6.783564088  
-6.765140783  
-5.83364841  
-4.219859075  
-2.296401023  
-0.4436656882  
1.069203599  
2.146323745  
2.85230181  
3.33667022  
3.731306079  
4.065685969  
4.236134058  
4.042484864  
3.277962416  
1.836124458  
-0.2088327479  
-2.582910248  
-4.865856342  
-6.60170926  
-7.428911696  
-7.184916947  
-5.949243878  
-4.011282247  
-1.776100587  
0.3568219009  
2.0990053  
3.327657871  
4.075618993  
4.468072148  
4.637371112  
4.654259893  
4.504867422  
4.122011445  
3.454895076  
2.543190069  
1.557396895  
0.7794092315  
0.5212192861  
1.006635851  
2.259793902  
4.047444029  
5.906550611  
7.259798895  
7.588747859  
6.609965196  
4.392994503  
1.373982003  
-1.748761681  
-4.211705265  
-5.417124277  
-5.125159689  
-3.543081095  
-1.278767862  
0.8318919219  
1.973361922  
1.599205628  
-0.3953883581  
-3.630672116  
-7.342345007  
-10.59392526  
-12.53718759  
-12.6433642  
-10.83883981  
-7.510135204  
-3.383106486  
0.682114763  
3.917226432  
5.828497005  
6.289895075  
5.530540717  
4.032241928  
2.376316738  
1.087669646  
0.5174459086  
0.7876817388  
1.799754324  
3.290548251  
4.911251082  
6.304694846  
7.165573253  
7.278709649  
6.538922356  
4.959079055  
2.670510026  
-0.0851689626  
-2.977869994  
-5.629450204  
-7.672634487  
-8.820043844  
-8.927193225  
-8.030101388  
-6.342266097  
-4.206441898  
-2.011109104  
-0.09427720909  
1.336614759  
2.243514859  
2.742746967  
3.041448977  
3.347538966  
3.784870614  
4.343877357  
4.885579575  
5.197829082  
5.083224426  
4.446006189  
3.344442964  
1.986923299  
0.6700209003  
-0.3217233751  
-0.8193897532  
-0.8386153594  
-0.5863677939  
-0.3988407212  
-0.6279516185  
-1.51289615  
-3.080363504  
-5.109328996  
-7.176096171  
-8.76901243  
-9.438766683  
-8.937388079  
-7.301371102  
-4.851255304  
-2.106042985  
0.3623458501  
2.090517083  
2.85194257  
2.713631733  
2.004981679  
1.209620957  
0.8141939008  
1.160156418  
2.342342659  
4.18255038  
6.283021798  
8.14083436  
9.287299603  
9.411189766  
8.431892634  
6.505506702  
3.967691461  
1.235152255  
-1.302230161  
-3.366909286  
-4.834977931  
-5.727016106  
-6.158439621  
-6.270921988  
-6.170228323  
-5.891294682  
-5.400215648  
-4.629275286  
-3.529599184  
-2.120039496  
-0.5125341096  
1.09756437  
2.475276974  
3.41073792  
3.783506058  
3.603834153  
3.014707833  
2.25072271  
1.564345289  
1.142096269  
1.038567571  
1.152614022  
1.257995844  
1.083305045  
0.4186301968  
-0.7853098592  
-2.361293335  
-3.938349291  
-5.028503976  
-5.168789451  
-4.079030976  
-1.785875994  
1.331605333  
4.599412304  
7.203803042  
8.407352868  
7.766310786  
5.283559972  
1.445722143  
-2.875733699  
-6.639424617  
-8.908502007  
-9.106844029  
-7.180927077  
-3.616715131  
0.6968087336  
4.719326352  
7.551942622  
8.682946292  
8.112169937  
6.316850746  
4.071680922  
2.182003462  
1.216847402  
1.328345106  
2.215619466  
3.243594747  
3.67578423  
2.942139019  
0.8512228594  
-2.325445666  
-5.926022858  
-9.104050794  
-11.09812084  
-11.47447786  
-10.26061161  
-7.925080571  
-5.211492125  
-2.884774635  
-1.478103228  
-1.128488132  
-1.557840852  
-2.204938887  
-2.459864372  
-1.91518293  
-0.5407110433  
1.285386794  
2.905866989  
3.632726642  
3.028002372  
1.114668084  
-1.564927926  
-4.075706396  
-5.370592151  
-4.638797188  
-1.606857504  
3.312408374  
9.082149527  
14.30653155  
17.62337837  
18.10496665  
15.54147874  
10.51612767  
4.24565719  
-1.766393721  
-6.157215643  
-8.081657779  
-7.42431786  
-4.786095907  
-1.256769136  
1.947612662  
3.863134941  
4.05190799  
2.689197264  
0.4454233291  
-1.787400984  
-3.225611903  
-3.466036519  
-2.609732076  
-1.200202327  
-0.00362168853  
0.2875961168  
-0.6783075462  
-2.76935941  
-5.400754972  
-7.729091672  
-8.942752914  
-8.548091228  
-6.552441456  
-3.480088461  
-0.2139533959  
2.285251119  
3.289366755  
2.539599992  
0.3314185521  
-2.580330303  
-5.224328779  
-6.723415496  
-6.570995496  
-4.783551658  
-1.881324478  
1.293776962  
3.860560857  
5.18671557  
5.087600728  
3.871426412  
2.218065013  
0.934039885  
0.6667716279  
1.674070494  
3.726000943  
6.172286295  
8.15381746  
8.889440208  
7.944495072  
5.393042686  
1.819726848  
-1.841746942  
-4.58457065  
-5.634112452  
-4.688091637  
-2.017519684  
1.602739189  
5.112777941  
7.469900737  
7.944339595  
6.321986063  
2.957286949  
-1.334953123  
-5.512566852  
-8.59260732  
-9.907824872  
-9.262306724  
-6.948566598  
-3.630841844  
-0.1377172617  
2.769616665  
4.585317791  
5.153551079  
4.652395643  
3.484346006  
2.117287774  
0.930661123  
0.1142970753  
-0.3540645268  
-0.6545968545  
-1.021430314  
-1.630032511  
-2.516460188  
-3.555076072  
-4.499380875  
-5.068571475  
-5.047503558  
-4.364671177  
-3.121849084  
-1.566599216  
-0.01851599919  
1.224835842  
1.970715118  
2.176444155  
1.944705113  
1.473892111  
0.9832324359  
0.6397542845  
0.5116641397  
0.5619848026  
0.6811635067  
0.7435197234  
0.6644927597  
0.4364200597  
0.1295067299  
-0.1417223716  
-0.2728633361  
-0.2228754679  
-0.04406711637  
0.1253331602  
0.1065101193  
-0.2504825458  
-0.9969529414  
-2.041296896  
-3.149170934  
-3.993180751  
-4.240827032  
-3.655921013  
-2.18253736  
0.01598493822  
2.578147465  
5.023168051  
6.86776074  
7.749025146  
7.518704613  
6.281500927  
4.365701337  
2.233603639  
0.3565537814  
-0.9101986013  
-1.417382742  
-1.250763632  
-0.6912611852  
-0.1179455737  
0.117487089  
-0.1926381181  
-1.039640975  
-2.193617724  
-3.269759896  
-3.848355009  
-3.614128163  
-2.473031075  
-0.6090579247  
1.540599246  
3.390675813  
4.367749173  
4.081381989  
2.456452593  
-0.2154113828  
-3.326533006  
-6.09857439  
-7.786882119  
-7.88829425  
-6.29247814  
-3.329738913  
0.3038947787  
3.728548238  
6.121110641  
6.946824346  
6.113743035  
4.002135172  
1.356421219  
-0.9320834439  
-2.089730179  
-1.694490591  
0.1912799064  
3.030826459  
5.964749481  
8.060552651  
8.585736439  
7.222531074  
4.160056811  
0.03734998694  
-4.243285367  
-7.773469094  
-9.88663567  
-10.3217279  
-9.256522414  
-7.207529824  
-4.836345704  
-2.731147711  
-1.236929823  
-0.3881301869  
0.04060713483  
0.3920805664  
0.9510609806  
1.804621749  
2.792355361  
3.566085718  
3.736735728  
3.052055161  
1.535285796  
-0.4729119837  
-2.392825728  
-3.583817944  
-3.563409304  
-2.190254898  
0.2570934378  
3.139752157  
5.643143015  
7.028892414  
6.870671762  
5.19361628  
2.468155603  
-0.5418614202  
-3.026816179  
-4.391393496  
-4.43889689  
-3.417514535  
-1.914128547  
-0.6343180931  
-0.1469428553  
-0.683700236  
-2.064024998  
-3.770550494  
-5.146094395  
-5.63928017  
-5.008363198  
-3.40813281  
-1.32775146  
0.5974827048  
1.830114082  
2.138072306  
1.685628694  
0.9699713419  
0.6231299156  
1.15092309  
2.707372382  
4.9939189  
7.329864234  
8.878252406  
8.952112063  
7.291530682  
4.206085358  
0.5201184634  
-2.673595875  
-4.376511046  
-4.041405519  
-1.796523606  
1.551337628  
4.750427301  
6.508258659  
5.937570001  
2.893705949  
-1.917742175  
-7.112516973  
-11.03648551  
-12.28858394  
-10.19185487  
-5.057102088  
1.854358877  
8.667950515  
13.43603075  
14.71711416  
12.01500278  
5.940456432  
-1.9561977  
-9.631037545  
-15.13446786  
-17.16208872  
-15.40342631  
-10.58886424  
-4.230132416  
1.856347966  
6.090560265  
7.568235185  
6.271030923  
2.997025885  
-0.9497968466  
-4.199852846  
-5.743069033  
-5.207749824  
-2.916748341  
0.2798440663  
3.325133649  
5.314596932  
5.775235648  
4.780379896  
2.875230275  
0.8518460455  
-0.5410504946  
-0.8525657729  
-0.06614061434  
1.419695134  
2.950153833  
3.851435818  
3.663319246  
2.290932852  
0.03093646133  
-2.528893845  
-4.696662558  
-5.885162755  
-5.775766705  
-4.390594356  
-2.059351583  
0.6981828084  
3.328726259  
5.38863785  
6.632063613  
7.025718268  
6.698661572  
5.85596232  
4.693156615  
3.342494703  
1.865360633  
0.2853300718  
-1.359751672  
-2.974537367  
-4.394607207  
-5.415443242  
-5.853606666  
-5.617755864  
-4.76162566  
-3.495789686  
-2.148529027  
-1.083560464  
-0.5977620901  
-0.8302090368  
-1.711850195  
-2.973668284  
-4.213727448  
-5.005486844  
-5.016921083  
-4.106117199  
-2.365437922  
-0.1010987527  
2.24634054  
4.217940635  
5.455745253  
5.791734578  
5.28168436  
4.175661466  
2.835502374  
1.625148683  
0.8073032307  
0.4772960908  
0.552987049  
0.8217277605  
1.027268313  
0.9668163604  
0.5653451687  
-0.098005809  
-0.8205217513  
-1.352968845  
-1.496247609  
-1.183109735  
-0.5145183882  
0.2649032084  
0.8468215995  
0.968966536  
0.5170231408  
-0.4185182632  
-1.553958307  
-2.493041628  
-2.853001364  
-2.395003687  
-1.114167512  
0.7438865542  
2.749054325  
4.416039965  
5.354840815  
5.391348003  
4.615795258  
3.341024049  
1.98413317  
0.9131334806  
0.3141841222  
0.1293771912  
0.09064806219  
-0.1594506529  
-0.9026925021  
-2.197762325  
-3.809755713  
-5.251180687  
-5.929727682  
-5.357885239  
-3.352882457  
-0.1530105374  
3.599465021  
7.015072502  
9.211028516  
9.58314492  
8.005407722  
4.886739306  
1.059574954  
-2.469207301  
-4.826760385  
-5.541575505  
-4.680386472  
-2.807919614  
-0.7822221087  
0.5452861546  
0.6224345941  
-0.6194303915  
-2.753665287  
-5.023226547  
-6.624098892  
-7.006302698  
-6.083820088  
-4.27555107  
-2.35865886  
-1.182802713  
-1.345276416  
-2.94411696  
-5.502064185  
-8.096299366  
-9.656916644  
-9.336033298  
-6.821215822  
-2.482005256  
2.707347906  
7.450581825  
10.52851914  
11.18412012  
9.365510107  
5.745071365  
1.506919711  
-2.027589324  
-3.812913978  
-3.395395112  
-1.030582362  
2.432083825  
5.852705371  
8.185734431  
8.814711741  
7.726043306  
5.46926458  
2.926115503  
0.9763998425  
0.1818667048  
0.5995563776  
1.787147598  
2.99290362  
3.456772325  
2.71041762  
0.7658625672  
-1.876173725  
-4.401491505  
-5.977929799  
-6.064434369  
-4.621627444  
-2.146449141  
0.4845321167  
2.310984689  
2.622530448  
1.215138893  
-1.518781009  
-4.69892197  
-7.229182649  
-8.143490439  
-6.911897781  
-3.608424075  
1.110350607  
6.2037353  
10.55316629  
13.27519012  
13.94316997  
12.65501484  
9.938557366  
6.539770341  
3.174067522  
0.3263143692  
-1.83905025  
-3.439970056  
-4.739535937  
-5.971314774  
-7.197773456  
-8.255080857  
-8.802337001  
-8.453448702  
-6.940167101  
-4.245091727  
-0.656255174  
3.276037926  
6.864990468  
9.453715621  
10.56952925  
10.02147476  
7.918826554  
4.615630011  
0.6086528479  
-3.574287155  
-7.463321009  
-10.69604965  
-13.02930548  
-14.32874015  
-14.55558231  
-13.76338886  
-12.10484988  
-9.836613285  
-7.30493956  
-4.899978942  
-2.979808287  
-1.781603671  
-1.348839561  
-1.504327811  
-1.887261188  
-2.051544416  
-1.599894063  
-0.3124295551  
1.773571883  
4.362434312  
6.981692489  
9.122480344  
10.39341725  
10.63669232  
9.967083601  
8.720797457  
7.332348008  
6.183039657  
5.474559161  
5.172208822  
5.03719356  
4.735161776  
3.980512408  
2.662780007  
0.9077378291  
-0.9506568072  
-2.478852677  
-3.294704248  
-3.206700435  
-2.290672172  
-0.8749263075  
0.5629674624  
1.553087656  
1.789938165  
1.234843583  
0.128468147  
-1.091052679  
-1.936400291  
-2.035408443  
-1.256162742  
0.2482213502  
2.088368541  
3.762564526  
4.812924482  
4.961863316  
4.185681663  
2.705047164  
0.9007025809  
-0.8130122588  
-2.112571843  
-2.847298331  
-3.056093169  
-2.919847636  
-2.67218532  
-2.503375405  
-2.491433695  
-2.58193613  
-2.61927011  
-2.41412065  
-1.820947139  
-0.7984475056  
0.5656416031  
2.070201332  
3.448318432  
4.42957787  
4.798542816  
4.435786158  
3.336089156  
1.605889836  
-0.5539137098  
-2.874018585  
-5.048896422  
-6.775355217  
-7.797985359  
-7.958606315  
-7.240933496  
-5.796614785  
-3.937907525  
-2.087984253  
-0.6916418658  
-0.1037201819  
-0.484489275  
-1.735190249  
-3.499868398  
-5.242153508  
-6.382615981  
-6.4611547  
-5.277173853  
-2.963149924  
0.03511029727  
3.070581728  
5.469525065  
6.717789013  
6.603033417  
5.269789827  
3.170854323  
0.9308383704  
-0.8351606532  
-1.691671206  
-1.490728896  
-0.3880356666  
1.231746993  
2.890778592  
4.167286022  
4.809613588  
4.781736338  
4.232719159  
3.40931173  
2.549317545  
1.796986224  
1.170287567  
0.5879738642  
-0.05941233172  
-0.8272500365  
-1.659595145  
-2.382830243  
-2.755542842  
-2.55745671  
-1.684040841  
-0.2098710995  
1.605941659  
3.378546595  
4.703474329  
5.275916592  
