10.57129168  
9.820706976  
7.235568169  
3.806005205  
0.6695698922  
-1.252634716  
-1.53578064  
-0.3578828228  
1.597651484  
3.405899246  
4.237688794  
3.653617231  
1.754243689  
-0.8637007822  
-3.327859192  
-4.808942297  
-4.824931064  
-3.423040645  
-1.174287738  
1.019289598  
2.238932612  
1.876100812  
-0.1423370153  
-3.310702369  
-6.700486706  
-9.264240295  
-10.18425262  
-9.146536444  
-6.445734519  
-2.88429051  
0.4999729573  
2.78452023  
3.470497081  
2.642753303  
0.9265441966  
-0.7439453088  
-1.465043878  
-0.6933760925  
1.54838291  
4.661729087  
7.663070116  
9.510872951  
9.458413546  
7.312748316  
3.512650179  
-1.000208335  
-5.072827048  
-7.697297801  
-8.314055295  
-6.964020105  
-4.24435992  
-1.089159272  
1.546134146  
2.988444781  
3.039323238  
1.997882287  
0.5163951507  
-0.6527966786  
-0.9264689667  
-0.08271201614  
1.685132039  
3.862391322  
5.812078833  
7.001626384  
7.174753869  
6.410639777  
5.057142364  
3.571957087  
2.33824518  
1.527435508  
1.06049548  
0.6785477222  
0.09015253853  
-0.8676721852  
-2.1229873  
-3.364098479  
-4.14351833  
-4.054609632  
-2.914373763  
-0.8802120508  
1.550044926  
3.664219592  
4.751282178  
4.33528857  
2.347192181  
-0.8272062313  
-4.443981146  
-7.614373601  
-9.566916777  
-9.873935747  
-8.570064536  
-6.126644738  
-3.293791962  
-0.8646688873  
0.5602341259  
0.7346140471  
-0.192419126  
-1.759230158  
-3.361656127  
-4.447311223  
-4.669022985  
-3.952514712  
-2.467710345  
-0.5281319067  
1.534186866  
3.46765037  
5.139764432  
6.510014758  
7.560400424  
8.22460401  
8.356358306  
7.759281923  
6.27224022  
3.87718307  
0.7821723147  
-2.563458436  
-5.542218189  
-7.517799769  
-8.018093623  
-6.892328545  
-4.386694987  
-1.106648092  
2.129646865  
4.506151885  
5.428155236  
4.679573485  
2.47153004  
-0.6298450058  
-3.87059612  
-6.516837828  
-8.039517939  
-8.223781335  
-7.178541925  
-5.255588789  
-2.915351003  
-0.5889281066  
1.41965872  
2.967602758  
4.046782482  
4.721623875  
5.065914752  
5.127518778  
4.932591792  
4.519710589  
3.978699512  
3.465502719  
3.175026995  
3.273898815  
3.816340531  
4.679454283  
5.552679626  
5.999500024  
5.582836818  
4.018888428  
1.307887015  
-2.208393394  
-5.892471765  
-8.957556027  
-10.67702298  
-10.59512826  
-8.672314329  
-5.315835109  
-1.281123751  
2.530114949  
5.315643662  
6.588179634  
6.295586743  
4.810640237  
2.796276452  
0.9908652766  
-0.01821488854  
0.03694026239  
1.043121864  
2.564525852  
3.996571638  
4.761744686  
4.484413388  
3.092432921  
0.8202972314  
-1.878424385  
-4.473707853  
-6.507105033  
-7.699080685  
-7.987836744  
-7.497565497  
-6.457738468  
-5.108783801  
-3.629384342  
-2.108171385  
-0.5631149015  
1.006657704  
2.563156855  
3.992758664  
5.107311911  
5.684491672  
5.533405771  
4.562181928  
2.823705484  
0.5236587425  
-2.012171303  
-4.401340595  
-6.280461265  
-7.372987185  
-7.533624686  
-6.762726713  
-5.193059881  
-3.057615781  
-0.6489523606  
1.721502122  
3.759778993  
5.220509147  
5.933420068  
5.824632505  
4.929776195  
3.394150042  
1.455654974  
-0.5903348778  
-2.439721184  
-3.83239962  
-4.59669544  
-4.674661814  
-4.122625077  
-3.088784824  
-1.776361943  
-0.4041245884  
0.8252054332  
1.743490665  
2.224452555  
2.186741353  
1.600878809  
0.5041190514  
-0.9801978631  
-2.6297054  
-4.130816836  
-5.118389012  
-5.248240909  
-4.289753565  
-2.21329093  
0.7581673091  
4.158640493  
7.359635165  
9.708988073  
10.69421708  
10.08401526  
8.00316361  
4.913264269  
1.499363512  
-1.507564729  
-3.520589355  
-4.241931799  
-3.719152712  
-2.296811247  
-0.482351552  
1.226475654  
2.492962715  
3.220209854  
3.532780123  
3.672692768  
3.853440357  
4.132348711  
4.355850282  
4.205393138  
3.332948282  
1.538236504  
-1.081161636  
-4.071948323  
-6.696098228  
-8.12279219  
-7.687979293  
-5.138446538  
-0.774534576  
4.567152116  
9.700366167  
13.39873305  
14.73839061  
13.36826441  
9.62089795  
4.424378055  
-0.9621355903  
-5.310670139  
-7.773981158  
-8.115146113  
-6.747722742  
-4.576881627  
-2.69468737  
-2.027851139  
-3.049276003  
-5.641799079  
-9.151821052  
-12.60893706  
-15.03582287  
-15.74675776  
-14.54132941  
-11.73778289  
-8.044838314  
-4.322836603  
-1.317791918  
0.5446519915  
1.243852092  
1.110330245  
2.775598312  
4.40800646  
5.580319959  
5.824251199  
5.002786549  
3.347406274  
1.364363852  
-0.3534100373  
-1.339054533  
-1.411935899  
-0.7285617704  
0.2915216947  
1.134619115  
1.391882432  
0.9134989654  
-0.1393699924  
-1.363861433  
-2.279325881  
-2.5239249  
-2.0092946  
-0.973734954  
0.08860014524  
0.5993869549  
0.1081585226  
-1.531539552  
-4.086100729  
-6.995084869  
-9.537130098  
-11.05227471  
-11.1448352  
-9.798503645  
-7.366895309  
-4.446834892  
-1.68225014  
0.4309615571  
1.671968638  
2.114110646  
2.037241114  
1.77374081  
1.551847735  
1.398755871  
1.141089136  
0.501489376  
-0.7482122049  
-2.639940542  
-4.930500992  
-7.128484222  
-8.625254153  
-8.888540745  
-7.651680149  
-5.029979382  
-1.518864891  
2.131418755  
5.127071555  
6.86021137  
7.081709875  
5.961245922  
4.016240154  
1.935158263  
0.3552455079  
-0.3315682641  
-0.08240008354  
0.8132092962  
1.858998055  
2.539559457  
2.503954451  
1.684031076  
0.3110864545  
-1.169437391  
-2.251316933  
-2.534260264  
-1.848152657  
-0.2969507276  
1.786297113  
3.951757183  
5.77054836  
6.951635409  
7.403333094  
7.227091716  
6.655191299  
5.960895969  
5.374411854  
5.030143394  
4.954942967  
5.090188087  
5.329513927  
5.552476033  
5.641920878  
5.485015586  
4.968709523  
3.984470506  
2.452612576  
0.3650386534  
-2.167866806  
-4.888961855  
-7.406700995  
-9.259045203  
-10.02157678  
-9.433648387  
-7.504279575  
-4.559636024  
-1.207526937  
1.782010288  
3.654772417  
3.863551098  
2.219605736  
-1.039717854  
-5.289206984  
-9.652711657  
-13.20438419  
-15.1826  
-15.16241621  
-13.14484941  
-9.54413394  
-5.080785294  
-0.6106432845  
3.066744545  
5.375950228  
6.07451709  
5.283860575  
3.441364165  
1.188804925  
-0.7767334686  
-1.858109574  
-1.688721711  
-0.2127677692  
2.301303798  
5.318578187  
8.157181831  
10.1461192  
10.78728386  
9.882860597  
7.593814142  
4.409328349  
1.02900596  
-1.816061016  
-3.557348353  
-3.943705478  
-3.109798765  
-1.533622219  
0.1092563464  
1.154590947  
1.159269022  
0.0462700322  
-1.863549396  
-3.946868398  
-5.473975204  
-5.8451425  
-4.791644236  
-2.475004307  
0.5503205772  
3.501345904  
5.606295743  
6.341982825  
5.59095142  
3.666514391  
1.197937297  
-1.084809413  
-2.593132875  
-3.066113747  
-2.637700324  
-1.763093533  
-1.031742037  
-0.9343083125  
-1.667307392  
-3.046076935  
-4.558624309  
-5.542977257  
-5.426554353  
-3.943285379  
-1.251089298  
2.093545275  
5.297558428  
7.576044418  
8.397121606  
7.644367895  
5.643140514  
3.044267441  
0.6074977237  
-1.039596752  
-1.585339286  
-1.101046988  
0.02488455666  
1.254847171  
2.105962662  
2.314340986  
1.901960926  
1.127274547  
0.3455386271  
-0.1612132112  
-0.3140325782  
-0.273076758  
-0.3636808444  
-0.9206059615  
-2.112561995  
-3.819600506  
-5.6187077  
-6.893502589  
-7.036926508  
-5.678367843  
-2.853096303  
0.9519557682  
4.901456716  
8.037861783  
9.560751125  
9.068834831  
6.684555221  
3.019180084  
-1.010900122  
-4.456766252  
-6.609725689  
-7.187028408  
-6.374252318  
-4.717340301  
-2.907731578  
-1.53800571  
-0.9120505508  
-0.9711044857  
-1.354143093  
-1.563522515  
-1.171314537  
0.009502302355  
1.848929197  
3.942306394  
5.751279136  
6.78907916  
6.782360118  
5.753155075  
3.995810022  
1.962656008  
0.104430291  
-1.274464064  
-2.094407731  
-2.48842097  
-2.710167552  
-3.002432838  
-3.479784199  
-4.071579861  
-4.546870077  
-4.610288366  
-4.030639713  
-2.751461588  
-0.9399744686  
1.045673257  
2.760052569  
3.807778713  
3.965103689  
3.24276387  
1.869395736  
0.2042984469  
-1.385989028  
-2.640812169  
-3.46731345  
-3.931239393  
-4.184894233  
-4.364911968  
-4.504010723  
-4.495133555  
-4.125442569  
-3.169747275  
-1.508261101  
0.7779353753  
3.37474757  
5.785870711  
7.456804233  
7.935423062  
7.01773809  
4.830169311  
1.81902667  
-1.352800949  
-3.972637085  
-5.459462109  
-5.507657921  
-4.153606359  
-1.750301908  
1.137334879  
3.882087635  
5.945209411  
6.989136622  
6.928402654  
5.915290713  
4.27455021  
2.411886402  
0.7219173308  
-0.4852574837  
-1.029686096  
-0.8791359883  
-0.1432347665  
0.9507157952  
2.097169255  
2.965478554  
3.263877588  
2.806846602  
1.572446772  
-0.2675489877  
-2.360230448  
-4.233675349  
-5.401310611  
-5.485947057  
-4.330241389  
-2.05923439  
0.9289163471  
4.047973201  
6.664941169  
8.259076601  
8.552137941  
7.570535169  
5.620351138  
3.183631623  
0.7695394403  
-1.231563434  
-2.644705942  
-3.528516649  
-4.113229918  
-4.684331264  
-5.456007064  
-6.481006651  
-7.629294417  
-8.641912951  
-9.238372881  
-9.235646767  
-8.632170635  
-7.622808265  
-6.536255341  
-5.715571584  
-5.384751675  
-5.551276699  
-5.983329995  
-6.274727652  
-5.979347443  
-4.771121187  
-2.574769755  
0.3794654757  
3.599281353  
6.461465556  
8.390531758  
9.028266206  
8.340009829  
6.623974613  
4.421275325  
2.35614248  
0.9572542368  
0.5155578472  
1.020227957  
2.187980609  
3.570742267  
4.703125889  
5.241398074  
5.052158325  
4.228448814  
3.036076936  
1.814798282  
0.8706242756  
0.3939845175  
0.4255709461  
0.8730860183  
1.564767597  
2.315488426  
2.981035179  
3.484682992  
3.813095573  
3.990565711  
4.047073022  
3.994874586  
3.821643344  
3.499162423  
2.99947751  
2.308225812  
1.428250875  
0.3734421272  
-0.8405159707  
-2.198815747  
-3.676531572  
-5.214296707  
-6.690134998  
-7.903252957  
-8.585781446  
-8.450755091  
-7.271395667  
-4.972190984  
-1.702449785  
2.137769874  
5.939058706  
8.992182721  
10.64447803  
10.46406797  
8.36581991  
4.659867314  
0.003144446371  
-4.738723104  
-8.685912138  
-11.14510573  
-11.76363509  
-10.59712572  
-8.074916869  
-4.875810469  
-1.750585181  
0.6597161557  
1.962626588  
2.078150434  
1.218501133  
-0.202079978  
-1.695938001  
-2.831055091  
-3.327339019  
-3.100404889  
-2.250139025  
-1.006487101  
0.3459100101  
1.541114174  
2.38549186  
2.782730339  
2.731109993  
2.300794921  
1.602062634  
0.7545402248  
-0.1356546568  
-0.9880423808  
-1.749626935  
-2.389027688  
-2.886178212  
-3.221114662  
-3.365185334  
-3.27778329  
-2.910996534  
-2.222918791  
-1.197809748  
0.1318671312  
1.668994947  
3.249148101  
4.657624565  
5.667013292  
6.089240432  
5.829627379  
4.926939796  
3.564675423  
2.045192056  
0.7285013475  
-0.05143680501  
-0.07184784893  
0.7158984827  
2.164539642  
3.958726395  
5.686975386  
6.939693822  
7.407617924  
6.954810409  
5.647689114  
3.733981001  
1.57912702  
-0.4215490145  
-1.931734797  
-2.742796793  
-2.80838932  
-2.241174498  
-1.277232085  
-0.2198488027  
0.6237729158  
1.001113314  
0.7600967884  
-0.1226405822  
-1.533393212  
-3.234455978  
-4.89939549  
-6.169307556  
-6.724726908  
-6.362156647  
-5.058637362  
-3.005409686  
-0.5946961819  
1.646962294  
3.171198096  
3.543292599  
2.566575425  
0.3592849458  
-2.644019368  
-5.775839893  
-8.289348854  
-9.545623867  
-9.184763165  
-7.232001273  
-4.10561495  
-0.5199782279  
2.693021708  
4.79687518  
5.339524443  
4.266735355  
1.929278646  
-1.016213448  
-3.782865693  
-5.655327906  
-6.162178044  
-5.174628649  
-2.910785187  
0.1473682621  
3.393364192  
6.2485819  
8.285644285  
9.294824492  
9.285820348  
8.4371609  
7.018433927  
5.313366949  
3.564948181  
1.951124803  
0.5867461331  
-0.461101276  
-1.158553475  
-1.500320678  
-1.515508617  
-1.276822579  
-0.9027249911  
-0.5445693046  
-0.3576109495  
-0.4629817845  
-0.9133385733  
-1.67522753  
-2.635941885  
-3.633635669  
-4.500562792  
-5.104226549  
-5.372250204  
-5.293591448  
-4.898769634  
-4.230467201  
-3.319798953  
-2.180518044  
-0.8245089387  
0.7091366386  
2.327536844  
3.877662008  
5.171103659  
6.037790446  
6.3918721  
6.283215782  
5.907963768  
5.562837404  
5.547899396  
6.044037213  
7.006949693  
8.121287349  
8.844573483  
8.543351672  
6.691643326  
3.075452051  
-2.063534888  
-8.001188483  
-13.64655175  
-17.7828626  
-19.37593293  
-17.86546659  
-13.35287126  
-6.623804286  
1.011278754  
8.022763014  
13.03397493  
15.15834346  
14.20818824  
10.71749223  
5.773868305  
0.7096091151  
-3.258923771  
-5.3415454  
-5.349404621  
-3.692366264  
-1.20896565  
1.112466283  
2.434124027  
2.301527384  
0.7449158661  
-1.771650665  
-4.527488385  
-6.786319836  
-8.02330091  
-8.069474995  
-7.134715367  
-5.710087105  
-4.38763991  
-3.658906525  
-3.756326727  
-4.584926002  
-5.76105551  
-6.741368923  
-6.998428596  
-6.187649031  
-4.255804033  
-1.461403293  
1.695178742  
4.607647011  
6.724232925  
7.687031814  
7.413891776  
6.105208803  
4.179921826  
2.163433294  
0.5603866791  
-0.2547910886  
-0.1055106516  
0.9711564223  
2.756014199  
4.911398599  
7.057193284  
8.841136947  
9.991516776  
10.34804331  
9.872955093  
8.647506874  
6.858421218  
4.776249841  
2.724623072  
1.038442017  
0.01112581456  
-0.1641421838  
0.5515787161  
2.008521382  
3.868173745  
5.647036745  
6.803210156  
6.85212296  
5.486404329  
2.669123394  
-1.32777819  
-5.956590646  
-10.49725315  
-14.21006965  
-16.50108537  
-17.05722405  
-15.91404627  
-13.43626684  
-10.21517044  
-6.911114647  
-4.085728588  
-2.071975631  
-0.9189130068  
-0.4251615283  
-0.2472231255  
-0.04508577877  
0.3844622129  
1.032226133  
1.684777508  
2.013977118  
1.717010229  
0.6574981187  
-1.043904517  
-3.005565148  
-4.675003923  
-5.488345685  
-5.049147395  
-3.26763639  
-0.4120729385  
2.948772706  
6.097719829  
8.37010088  
9.340828514  
8.938531931  
7.45098936  
5.421363113  
3.470283542  
2.102546095  
1.561075266  
1.77358495  
2.405159152  
2.993917004  
3.119638746  
2.546019379  
1.28908481  
-0.4075465741  
-2.175471333  
-3.659723678  
-4.638466773  
-5.079567169  
-5.115444005  
-4.950419926  
-4.741829558  
-4.506978919  
-4.098110866  
-3.260513357  
-1.754708984  
0.5044931591  
3.350027823  
6.35200716  
8.910227424  
10.42641114  
10.50004038  
9.077839336  
6.498483855  
3.408130488  
0.5676094129  
-1.387565394  
-2.152745481  
-1.851655507  
-0.9870593597  
-0.2562888051  
-0.2918866277  
-1.41681196  
-3.50223847  
-5.983120962  
-8.032976753  
-8.843021423  
-7.911686744  
-5.243118655  
-1.381265625  
2.739148578  
6.08044244  
7.834543145  
7.687758273  
5.925132075  
3.334236847  
0.9360082283  
-0.3698249657  
-0.1256028076  
1.507686127  
3.782525775  
5.601108123  
5.882358057  
3.941022905  
-0.2462909728  
-5.978429714  
-11.99573336  
-16.82664927  
-19.20880225  
-18.45480688  
-14.65132424  
-8.633162746  
-1.745022504  
4.531867579  
8.972599093  
10.90483493  
10.32826359  
7.835988662  
4.378592594  
0.9564268193  
-1.659960424  
-3.099914966  
-3.415053886  
-2.967121223  
-2.23665984  
-1.627345859  
-1.333270987  
-1.30663248  
-1.32374482  
-1.112441776  
-0.4857010641  
0.5703403211  
1.884021683  
3.160691771  
4.091423421  
4.46418358  
4.235866355  
3.541032969  
2.638063216  
1.816209153  
1.299291381  
1.180159072  
1.405951448  
1.814233175  
2.201961245  
2.399616006  
2.32439796  
1.997330935  
1.524251309  
1.053602062  
0.7299237227  
0.6594016374  
0.8951344844  
1.43937689  
2.253062935  
3.262267507  
4.356819063  
5.384870099  
6.153937926  
6.449987946  
6.079804544  
4.930548296  
3.028662327  
0.5739163338  
-2.07256971  
-4.454674231  
-6.13139848  
-6.801921298  
-6.40641775  
-5.166148052  
-3.542459804  
-2.119443182  
-1.440728687  
-1.848307608  
-3.373555696  
-5.716290925  
-8.320945567  
-10.52834762  
-11.75764659  
-11.66354214  
-10.22242281  
-7.724331822  
-4.67774855  
-1.660828485  
0.8328647744  
2.508045993  
3.311702887  
3.403137053  
3.069790562  
2.623218232  
2.310649125  
2.266251414  
2.507821623  
2.967239937  
3.533112822  
4.084938586  
4.508130085  
4.692879519  
4.530427573  
3.922429245  
2.811623257  
1.22821107  
-0.6673073819  
-2.570407528  
-4.068286078  
-4.728986281  
-4.225723769  
-2.459294333  
0.3660013911  
3.748468867  
6.988637623  
9.362189669  
10.31786143  
9.638328086  
7.509364842  
4.46976642  
1.253272774  
-1.429131655  
-3.096194007  
-3.624029197  
-3.251768001  
-2.464236873  
-1.793961432  
-1.6138013  
-1.995642382  
-2.687520667  
-3.218960836  
-3.097239647  
-2.022621125  
-0.04148258558  
2.423410184  
4.683184436  
6.000503681  
5.841211113  
4.071717492  
1.030532656  
-2.555161894  
-5.783153952  
-7.849529707  
-8.289781503  
-7.106847267  
-4.744874015  
-1.921704711  
0.6177937302  
2.338910544  
3.061996291  
2.968058271  
2.470644743  
2.009323773  
1.848710679  
1.963397203  
2.055050525  
1.695543806  
0.5394520913  
-1.480377369  
-4.057196633  
-6.562046013  
-8.234633252  
-8.450491888  
-6.968054467  
-4.060699168  
-0.4758222846  
2.776766031  
4.742662399  
4.841066074  
3.072681377  
0.04112890452  
-3.225648276  
-5.59857458  
-6.208799901  
-4.726271965  
-1.462051248  
2.73887409  
6.775643759  
9.643632054  
10.73984185  
10.01956078  
7.956695634  
5.330655027  
2.923762797  
1.242877203  
0.3667632448  
-0.02849306389  
-0.4817313236  
-1.473962962  
-3.18020008  
-5.346374937  
-7.344537462  
-8.391291929  
-7.850737675  
-5.507891593  
-1.705395715  
2.716187861  
6.663081529  
9.13736185  
9.568353505  
8.006433904  
5.105552095  
1.895157319  
-0.5816871497  
-1.636858564  
-1.17977703  
0.2562683767  
1.718438432  
2.200510116  
1.041672759  
-1.786980121  
-5.617287415  
-9.273356662  
-11.45878408  
-11.21280686  
-8.277486779  
-3.243654435  
2.584379065  
7.570431212  
10.25443312  
9.82111262  
6.37328562  
0.9162617867  
-4.945638464  
-9.504442966  
-11.47642734  
-10.3925225  
-6.726864084  
-1.725244942  
3.006836856  
6.019917061  
6.472541291  
4.376372225  
0.561934859  
-3.615090659  
-6.723973003  
-7.715379498  
-6.237706791  
-2.717905796  
1.80854292  
6.052193568  
8.886091892  
9.687632526  
8.500579817  
5.975663537  
3.121830785  
0.9591133688  
0.1899852868  
0.992535427  
2.992903655  
5.413394636  
7.337430645  
8.000465545  
7.015614883  
4.471305854  
0.8836362175  
-2.967858353  
-6.260771622  
-8.33766074  
-8.845933805  
-7.78332653  
-5.45444097  
-2.367841399  
0.8873874727  
3.75203084  
5.775469989  
6.660674077  
6.284341968  
4.702950412  
2.149475431  
-0.9833769567  
-4.183193699  
-6.8890029  
-8.59138323  
-8.945016545  
-7.864989825  
-5.574467782  
-2.579782558  
0.4318374164  
2.752307531  
3.830127733  
3.415261315  
1.627796772  
-1.072281083  
-4.00751957  
-6.462763888  
-7.869879191  
-7.944094643  
-6.734646024  
-4.579879277  
-1.9866439  
0.5240863244  
2.556037384  
3.920455869  
4.643965587  
4.90847505  
4.951563322  
4.965767885  
5.031078589  
5.099589527  
5.03083845  
4.658814991  
3.862793828  
2.616542626  
1.001762242  
-0.8132068446  
-2.615849297  
-4.194209968  
-5.368344689  
-6.002486769  
-6.002997327  
-5.314315478  
-3.92502954  
-1.888933438  
0.6452801192  
3.411840333  
6.03251299  
8.061589977  
9.071041466  
8.758844078  
7.050123288  
4.156680997  
0.5685088114  
-3.03058886  
-5.90778589  
-7.450713848  
-7.315760543  
-5.513511603  
-2.407001114  
1.376318472  
5.093207116  
8.051941658  
9.753593597  
9.97379206  
8.771980038  
6.43772148  
3.400171158  
0.1324717416  
-2.923347351  
-5.399707392  
-7.019624766  
-7.600758584  
-7.063688468  
-5.452349516  
-2.961029699  
0.0498060951  
3.07089081  
5.509907474  
6.804176195  
6.558107866  
4.666999321  
1.38401911  
-2.701733272  
-6.783662437  
-10.02926066  
-11.79463916  
-11.79914105  
-10.20421994  
-7.567121132  
-4.677682471  
-2.324089422  
-1.057955293  
-1.031840111  
-1.96149828  
-3.226667719  
-4.080211335  
-3.900151505  
-2.404294068  
0.2419700069  
3.46083118  
6.430944579  
8.33818038  
8.630024  
7.193934164  
4.403761329  
1.01951011  
-2.028725128  
-3.906538553  
-4.110467289  
-2.603348806  
0.1876474371  
3.505428003  
6.485606952  
8.398911534  
8.842405678  
7.827489993  
5.746020629  
3.232632717  
0.9702373914  
-0.5015869832  
-0.9213578238  
-0.3508087249  
0.873786709  
2.261185497  
3.315140316  
3.670323191  
3.178811723  
1.929711308  
0.2048129195  
-1.610143382  
-3.130202398  
-4.063674194  
-4.271588833  
-3.784746029  
-2.78056917  
-1.530674112  
-0.3346377795  
0.5443350659  
0.9289485074  
0.7543783659  
0.06901299687  
-0.9883373002  
-2.227983811  
-3.455569601  
-4.513472546  
-5.306892587  
-5.808071279  
-6.038226443  
-6.033992172  
-5.811050172  
-5.339948745  
-4.546380972  
-3.340293838  
-1.667383881  
0.4338414313  
2.792071056  
5.101143115  
6.966914748  
7.998148367  
7.919689576  
6.674280722  
4.477311203  
1.79892903  
-0.7319554386  
-2.482581679  
-2.989829954  
-2.10163125  
-0.04080225016  
2.634093816  
5.166497533  
6.803466273  
7.005151135  
5.601318265  
2.847799061  
-0.6354291061  
-4.02800644  
-6.527952274  
-7.562591966  
-6.932075488  
-4.84725768  
-1.856167953  
1.313708854  
3.947001012  
5.509368139  
5.749005598  
4.711097735  
2.674540319  
0.04347528539  
-2.764215627  
-5.395396034  
-7.589599336  
-9.161965207  
-9.965333131  
-9.862472951  
-8.732247919  
-6.515330148  
-3.283486322  
0.6995846807  
4.96124339  
8.870484334  
11.75672606  
13.07076243  
12.54173312  
10.27839449  
6.775389501  
2.812210783  
-0.733838282  
-3.110826525  
-3.887645637  
-3.06390721  
-1.061002217  
1.403425102  
3.520259794  
4.61232211  
4.311563991  
2.641207584  
-0.01545831094  
-3.042999014  
-5.774023635  
-7.664955502  
-8.417227555  
-8.015555699  
-6.68391719  
-4.785629624  
-2.708048458  
-0.7711576001  
0.8156902968  
1.946480946  
2.578445927  
2.687739795  
2.247359879  
1.240322467  
-0.2976495319  
-2.227955281  
-4.280276146  
-6.068280039  
-7.156831813  
-7.167012025  
-5.888104479  
-3.359081738  
0.1110314638  
3.996030399  
7.666987585  
10.53606068  
12.18734869  
12.45680411  
11.4402851  
9.432734443  
6.823668141  
3.986787587  
1.200402645  
-1.378896226  
-3.688531233  
-5.698330563  
-7.347515424  
-8.511838718  
-9.018925315  
-8.70879704  
-7.516348077  
-5.540897215  
-3.069903262  
-0.5389654267  
1.566677876  
2.841497206  
3.0785748  
2.337556213  
0.9363948963  
-0.6336113675  
-1.844447955  
-2.277301032  
-1.7324391  
-0.2703432243  
1.825128844  
4.144524925  
6.275203635  
7.906072964  
8.881914709  
9.195477708  
8.92990278  
8.18259424  
7.007137798  
5.400492788  
3.341866467  
0.8655894677  
-1.86714137  
-4.53661548  
-6.699490544  
-7.891832106  
-7.773676991  
-6.267464144  
-3.63766239  
-0.4731430167  
2.43620818  
4.301248381  
4.556630783  
3.035698733  
0.03814892715  
-3.737708041  
-7.384145787  
-10.04096587  
-11.14265682  
-10.57872927  
-8.715719659  
-6.272308455  
-4.085623144  
-2.841937053  
-2.857136188  
-3.976878864  
-5.628576083  
-7.008745196  
-7.346003847  
-6.155798762  
-3.405742593  
0.4608603969  
4.65038779  
8.253087673  
10.51205133  
11.04302946  
9.937849633  
7.722040022  
5.183345665  
3.127694401  
2.139985145  
2.422962629  
3.760407316  
5.610209251  
7.292126878  
8.207015034  
8.017433987  
6.735265174  
4.69411466  
2.422022825  
0.4609344152  
-0.8061006111  
-1.264665009  
-1.08365893  
-0.635250334  
-0.351293006  
-0.5665879774  
-1.401588367  
-2.721984233  
-4.186220083  
-5.36280945  
-5.877244245  
-5.539776804  
-4.412815889  
-2.796978612  
-1.141170442  
0.09405041998  
0.5766030568  
0.203075654  
-0.8712184322  
-2.280390207  
-3.558532248  
-4.278421849  
-4.176490646  
-3.227333355  
-1.646803267  
0.1755807017  
1.793595556  
2.835328845  
3.109758061  
2.658382076  
1.737988861  
0.7408114552  
0.07617578533  
0.04832707079  
0.7655057825  
2.105784784  
3.748530763  
5.261528184  
6.218269378  
6.311920558  
5.434262488  
3.698782243  
1.403626617  
-1.0524374  
-3.274903932  
-4.968152992  
-5.993297767  
-6.375171616  
-6.260802316  
-5.846796223  
-5.302136902  
-4.713063137  
-4.067929162  
-3.285274722  
-2.272693152  
-0.9928222454  
0.4900884637  
2.002982893  
3.301883294  
4.143935088  
4.369046024  
3.961340673  
3.065969546  
1.951423917  
0.9266269091  
0.239242876  
-0.0096498303  
0.09743731969  
0.3226527876  
0.3610967698  
-0.03811537324  
-0.9593297291  
-2.258216345  
-3.577767268  
-4.445084733  
-4.423638366  
-3.274128418  
-1.069821531  
1.777233875  
4.596707774  
6.631205229  
7.251375137  
6.150870125  
3.459398721  
-0.2654893485  
-4.171373331  
-7.333671434  
-9.00441288  
-8.813829299  
-6.864904461  
-3.693021822  
-0.1041740056  
3.057930314  
5.144387509  
5.863421391  
5.326491598  
3.970090158  
2.385034166  
1.113437961  
0.4816591433  
0.5224761923  
1.007464748  
1.571622817  
1.880576244  
1.776703682  
1.349161571  
0.9010289569  
0.8246461625  
1.430661215  
2.794852756  
4.682810214  
6.586815444  
7.870228249  
7.975713541  
6.628256861  
3.961483764  
0.5178873583  
-2.886294937  
-5.395774754  
-6.379596681  
-5.639323826  
-3.492253954  
-0.6972777837  
1.759802963  
2.959486054  
2.331647485  
-0.1592341359  
-3.985842082  
-8.1983098  
-11.69278719  
-13.52846555  
-13.19814491  
-10.77166585  
-6.87049078  
-2.483071656  
1.321463459  
3.694447273  
4.234323482  
3.07449939  
0.8118933712  
-1.695651069  
-3.596535853  
-4.29407755  
-3.60320063  
-1.773397233  
0.6206865709  
2.879129545  
4.399762958  
4.853893711  
4.263432382  
2.962263729  
1.462423619  
0.2745362113  
-0.2564778805  
-0.0481522408  
0.7174544094  
1.681017445  
2.448093929  
2.735392469  
2.471467963  
1.819452575  
1.116623406  
0.7533281885  
1.033110781  
2.060821336  
3.695114791  
5.579960669  
7.244228672  
8.237119637  
8.257060893  
7.235062001  
5.348962009  
2.966921305  
0.5398990129  
-1.52295922  
-2.958808663  
-3.706461624  
-3.89980263  
-3.805395176  
-3.726209352  
-3.90166809  
-4.433119508  
-5.254511815  
-6.153981453  
-6.837452087  
-7.014582662  
-6.482804745  
-5.18743162  
-3.24350856  
-0.9156523872  
1.43742373  
3.439157462  
4.773752003  
5.24948811  
4.833408188  
3.651099534  
1.953088943  
0.05669774755  
-1.722627837  
-3.134375061  
-4.035741525  
-4.404522191  
-4.320117751  
-3.919229783  
-3.340135574  
-2.673242483  
-1.934381997  
-1.070892076  
-7.937843008e-05  
1.331638739  
2.889427784  
4.513829543  
5.926075857  
6.78137515  
6.760757191  
5.677123611  
3.562502384  
0.7046853028  
-2.386472746  
-5.082785063  
-6.788817534  
-7.100145747  
-5.922311916  
-3.511821751  
-0.4214279767  
2.639975355  
4.995743067  
6.184214134  
6.08108263  
4.923213196  
3.224819577  
1.610324582  
0.6147419685  
0.5139011127  
1.238452624  
2.399909851  
3.421593571  
3.733555837  
2.969378816  
1.101338683  
-1.530570527  
-4.306573317  
-6.50547122  
-7.517875864  
-7.027686629  
-5.105543372  
-2.186493823  
1.058876281  
3.917183118  
5.827323062  
6.518020787  
6.049115651  
4.750878251  
3.089136771  
1.506542665  
0.2946416053  
-0.4633561973  
-0.867173641  
-1.110218222  
-1.367627856  
-1.708794234  
-2.069425403  
-2.29285086  
-2.22142767  
-1.797590391  
-1.12883363  
-0.4837168581  
-0.2127220537  
-0.6183171606  
-1.821410872  
-3.677291206  
-5.779975094  
-7.56389245  
-8.476188331  
-8.164600061  
-6.61559834  
-4.19000464  
-1.535504536  
0.6031024455  
1.618576094  
1.244804976  
-0.3402451706  
-2.551249182  
-4.566110536  
-5.579972453  
-5.063026678  
-2.938876586  
0.3759793403  
4.087217195  
7.258316566  
9.0936684  
9.18034495  
7.612682816  
4.961119488  
2.096236938  
-0.0756392003  
-0.8821726917  
-0.07721103594  
2.100859257  
5.017402848  
7.84314408  
9.802327602  
10.38966897  
9.492803679  
7.390338273  
4.636514282  
1.87785839  
-0.3356953119  
-1.686982445  
-2.139867708  
-1.896400919  
-1.289664892  
-0.6567592574  
-0.2368905313  
-0.1244600006  
-0.283155016  
-0.6039008543  
-0.9756067889  
-1.337089552  
-1.690713044  
-2.076944046  
-2.526669725  
-3.017336336  
-3.456587376  
-3.704370842  
-3.626932168  
-3.161188145  
-2.361710444  
-1.407810617  
-0.5629536865  
-0.09731832636  
-0.1993895787  
-0.9080274721  
-2.09017726  
-3.473405197  
-4.722736674  
-5.53539333  
-5.720894973  
-5.24007984  
-4.192525282  
-2.761536337  
-1.141670885  
0.5204587214  
2.148026878  
3.710885222  
5.17002907  
6.417646989  
7.245395293  
7.364597384  
6.482451592  
4.414836343  
1.197984792  
-2.844647196  
-7.114009637  
-10.83603468  
-13.23226554  
-13.71622488  
-12.05862505  
-8.469995628  
-3.571499076  
1.742715143  
6.515785867  
9.953222684  
11.60052166  
11.42567331  
9.787593621  
7.305472829  
4.672046517  
2.467712769  
1.028292823  
0.3992385784  
0.3803800738  
0.6373549484  
0.8375218051  
0.7645585644  
0.3771833017  
-0.2010955343  
-0.7505008949  
-1.052590756  
-0.9804631071  
-0.5503602857  
0.08129130371  
0.6718625284  
0.976992167  
0.8358042792  
0.228182286  
-0.7142668722  
-1.746410485  
-2.584088088  
-2.991304084  
-2.853361973  
-2.214279785  
-1.267876281  
-0.305475332  
0.364861799  
0.5052311607  
0.01754733898  
-1.022532317  
-2.376464419  
-3.696218147  
-4.607369074  
-4.801803826  
-4.117245307  
-2.583692461  
-0.4243716102  
1.9902918  
4.225546884  
5.882228805  
6.688828804  
6.562100916  
5.620258521  
4.145312062  
2.505104782  
1.057120591  
0.06138755893  
-0.3729626152  
-0.2935744019  
0.135545666  
0.7045576377  
1.232542238  
1.619909345  
1.860661452  
2.012179001  
2.137094852  
2.243628091  
2.252791834  
2.011619714  
1.353592447  
0.1871242315  
-1.421976782  
-3.211443625  
-4.753060897  
-5.556057851  
-5.219389771  
-3.586717597  
-0.8498110095  
2.443540051  
5.493987299  
7.448271101  
7.637916471  
5.788148521  
2.129746354  
-2.627652861  
-7.461172554  
-11.29628079  
-13.28978098  
-13.05097355  
-10.73534803  
-6.983947637  
-2.729341062  
1.069934984  
3.683862961  
4.778023951  
4.447981735  
3.120712382  
1.366424201  
-0.3085535985  
-1.615132808  
-2.531822953  
-3.242822106  
-3.996579839  
-4.94625783  
-6.038734751  
-6.998835227  
-7.417769562  
-6.913558028  
-5.301722967  
-2.708125034  
0.4249219044  
3.449649974  
5.707783768  
6.743500053  
6.458897575  
5.154221269  
3.43437288  
2.010162225  
1.460834445  
2.039407129  
3.588768982  
5.59857595  
7.383989614  
8.324522648  
8.079953945  
6.708117574  
4.643792373  
2.546686162  
1.072421494  
0.6471988412  
1.324885357  
