10.59787335  
9.29959492  
7.115870601  
4.669877286  
2.640678772  
1.53520405  
1.512378406  
2.320584332  
3.372408814  
3.934819436  
3.374186391  
1.376687815  
-1.928055698  
-5.981250077  
-9.943960448  
-12.93472162  
-14.28180648  
-13.71238268  
-11.42180241  
-8.004553677  
-4.271652156  
-1.013330553  
1.219514553  
2.25038465  
2.292396845  
1.845509866  
1.513425416  
1.800070445  
2.948426965  
4.867946949  
7.167494643  
9.278160378  
10.62477018  
10.79329455  
9.646305256  
7.356779821  
4.355968186  
1.215132112  
-1.502596522  
-3.379172532  
-4.232969336  
-4.144975443  
-3.418496629  
-2.487251325  
-1.797552488  
-1.693780307  
-2.33316864  
-3.647736153  
-5.36032618  
-7.05044199  
-8.255572092  
-8.586327689  
-7.829988857  
-6.017945411  
-3.438350113  
-0.5860212677  
1.944169217  
3.599419749  
4.013765574  
3.117683637  
1.179390767  
-1.24076408  
-3.419499348  
-4.656194612  
-4.468716628  
-2.745456201  
0.193250137  
3.649686342  
6.713478582  
8.4985423  
8.390611226  
6.236188792  
2.416006985  
-2.224357722  
-6.574783905  
-9.542116486  
-10.33799886  
-8.693623954  
-4.940225442  
0.06960887662  
5.180372299  
9.232982651  
11.36305427  
11.21627813  
9.022677738  
5.511570747  
1.694079587  
-1.423203663  
-3.111815531  
-3.106338467  
-1.652014884  
0.593137597  
2.768420949  
4.068883573  
3.977167321  
2.404643796  
-0.2935912271  
-3.427941606  
-6.171029133  
-7.782907377  
-7.801683677  
-6.150637904  
-3.13984263  
0.6288017419  
4.418720709  
7.530510275  
9.442970816  
9.892677788  
8.883256975  
6.636665955  
3.51278117  
-0.0731296497  
-3.712703697  
-7.037594001  
-9.728845628  
-11.51723662  
-12.19068756  
-11.61796062  
-9.78629945  
-6.839151069  
-3.093972503  
0.9776961421  
4.815286847  
7.871332955  
9.727630286  
10.19348213  
9.355132054  
7.557054664  
5.314925209  
3.180814793  
1.597111363  
0.7808674245  
0.6731042682  
0.9692619035  
1.223096937  
0.9941494079  
-0.004768448979  
-1.804220393  
-4.150385388  
-6.562099822  
-8.456782291  
-9.309108053  
-8.796943282  
-6.893282728  
-3.879321488  
-0.276794545  
3.27924034  
6.190477632  
8.027181492  
8.608595412  
8.01557842  
6.539287928  
4.586860706  
2.574178094  
0.8351971256  
-0.4320436182  
-1.176387393  
-1.468579808  
-1.455991018  
-1.314475791  
-1.210193516  
-1.276280429  
-1.60166123  
-2.225325074  
-3.130341076  
-4.236752625  
-5.398392618  
-6.412193959  
-7.047210459  
-7.094089001  
-6.426137508  
-5.054432656  
-3.155831222  
-1.056887798  
0.8314103807  
2.116757155  
2.539757699  
2.064014475  
0.9093880022  
-0.48991274  
-1.598282796  
-1.934694945  
-1.226575985  
0.4874479353  
2.842969401  
5.235194722  
6.985060183  
7.539574005  
6.64604365  
4.444459819  
1.445282749  
-1.605483311  
-3.936426132  
-4.973452794  
-4.506554236  
-2.747885799  
-0.2616521744  
2.213430543  
3.993818073  
4.660466363  
4.18111414  
2.906472936  
1.441880034  
0.4365025549  
0.3593459671  
1.335974621  
3.100236354  
5.077652627  
6.573701747  
7.005330324  
6.099326769  
3.9916211  
1.193867327  
-1.562723759  
-3.555937632  
-4.299217028  
-3.692715466  
-2.049891186  
0.008301706234  
1.756326232  
2.597321902  
2.250855343  
0.8351626463  
-1.180677237  
-3.136284414  
-4.39680546  
-4.555290773  
-3.555648997  
-1.699393175  
0.4611580198  
2.303180556  
3.324669025  
3.28364212  
2.243036056  
0.5135659148  
-1.477552352  
-3.33987062  
-4.83809329  
-5.934817331  
-6.747158109  
-7.440326384  
-8.105216193  
-8.673006831  
-8.90540551  
-8.469638564  
-7.073784025  
-4.612618383  
-1.266858492  
2.487624254  
5.973546387  
8.485301467  
9.488186947  
8.7787756  
6.552108637  
3.351369973  
-0.08526369751  
-3.031252146  
-4.964553225  
-5.684670551  
-5.318659163  
-4.219982248  
-2.801751892  
-1.368669882  
-0.0116006127  
1.395119635  
3.092412403  
5.270321778  
7.903114078  
10.65524073  
12.90559349  
13.89663014  
12.9690894  
9.808379016  
4.61776872  
-1.848505196  
-8.417499228  
-13.76788019  
-16.76501225  
-16.76346328  
-13.7859201  
-8.522966382  
-2.151712418  
3.974089169  
8.67152383  
11.21284684  
11.46742533  
9.867614942  
7.219578957  
4.426189691  
2.212378709  
0.9369625044  
0.5421583924  
0.6446275016  
0.7257194845  
0.3489838494  
-0.6713011465  
-2.205418922  
-3.863573668  
-5.145423336  
-5.626684871  
2.560049898  
4.191693054  
5.977062261  
7.556258179  
8.527796284  
8.548588239  
7.436965189  
5.250091024  
2.308737107  
-0.8471242108  
-3.570320252  
-5.263570494  
-5.541995342  
-4.354132795  
-2.021482579  
0.8231623972  
3.38940935  
4.937022183  
4.980390679  
3.429455487  
0.6226678811  
-2.761694894  
-5.893031786  
-8.020881791  
-8.68345957  
-7.829519634  
-5.817009435  
-3.290154049  
-0.9746775178  
0.5435699702  
0.9867856643  
0.4484396749  
-0.6652867353  
-1.792677891  
-2.416989885  
-2.241875575  
-1.283115712  
0.1523685384  
1.590186558  
2.569558681  
2.81710516  
2.35169771  
1.482909687  
0.7028406447  
0.5081653851  
1.213855726  
2.823358601  
5.001446106  
7.161450518  
8.640310106  
8.905498803  
7.727240485  
5.260831676  
2.013124635  
-1.295686978  
-3.931243644  
-5.34380419  
-5.30775153  
-3.963762499  
-1.757160958  
0.702439765  
2.813594401  
4.135579618  
4.480100053  
3.923588385  
2.747093138  
1.33078923  
0.03922444048  
-0.869859038  
-1.292816279  
-1.279463137  
-0.9942139654  
-0.6562834871  
-0.4766424321  
-0.6047794  
-1.09222405  
-1.875362057  
-2.778676433  
-3.540013901  
-3.859374686  
-3.469361056  
-2.218289228  
-0.1477489013  
2.460487872  
5.093309999  
7.085845855  
7.767397968  
6.645388938  
3.57888882  
-1.114639887  
-6.665559052  
-11.98952205  
-15.93519175  
-17.58277215  
-16.50960926  
-12.93906955  
-7.716418461  
-2.104097565  
2.555412861  
5.215681909  
5.429389429  
3.482316588  
0.3100690988  
-2.78484083  
-4.534386644  
-4.103626182  
-1.362133399  
3.059162944  
7.947576003  
11.87214056  
13.61968738  
12.56814627  
8.880755803  
3.461214683  
-2.314606776  
-7.004542259  
-9.515619455  
-9.400732475  
-6.948983601  
-3.050364313  
1.111915734  
4.435198693  
6.21469072  
6.306554384  
5.095245825  
3.29129296  
1.641428019  
0.65813495  
0.4625420903  
0.78921114  
1.140669439  
1.025521461  
0.1856861488  
-1.274801986  
-2.908313091  
-4.082363308  
-4.219042597  
-3.025488007  
-0.6287958355  
2.436491162  
5.38670688  
7.438797362  
8.064128423  
7.157632445  
5.0640484  
2.454008311  
0.09575734799  
-1.395809469  
-1.744981037  
-1.073669303  
0.1823812496  
1.462640363  
2.301908966  
2.498062268  
2.165823743  
1.659407699  
1.397314939  
1.66008111  
2.442488031  
3.421446596  
4.057075627  
3.793263603  
2.284710081  
-0.4354976513  
-3.914780418  
-7.389156696  
-10.0094149  
-11.11036814  
-10.43041249  
-8.203750559  
-5.090818336  
-1.968414956  
0.3498860522  
1.367988205  
1.049888788  
-0.1964695358  
-1.685724922  
-2.711221077  
-2.799422903  
-1.873226095  
-0.2683410717  
1.400106862  
2.470188286  
2.479679421  
1.337374433  
-0.6417350491  
-2.848492319  
-4.596687281  
-5.365478028  
-4.979149434  
-3.659831951  
-1.935731793  
-0.440342324  
0.3222631478  
0.1590227886  
-0.7505676924  
-1.935119106  
-2.823340775  
-2.974582128  
-2.259960158  
-0.9234038983  
0.5042099264  
1.409932789  
1.349073823  
0.2476342406  
-1.522627871  
-3.232696241  
-4.02665369  
-3.220130702  
-0.5653744674  
3.611526647  
8.455595629  
12.80450956  
15.52164602  
15.83677644  
13.58583657  
9.272383809  
3.930158236  
-1.17058635  
-4.881180353  
-6.486636421  
-5.878446555  
-3.541512206  
-0.3685653483  
2.631118732  
4.632491171  
5.21178431  
4.419637071  
2.70061232  
0.699817575  
-0.9693362757  
-1.915865654  
-2.061440874  
-1.61077397  
-0.9262538324  
-0.36247313  
-0.1258593958  
-0.2100461672  
-0.4256668295  
-0.5062651352  
-0.2438446408  
0.4019717174  
1.265411461  
2.022766365  
2.30993586  
1.865358045  
0.6444779118  
-1.138251888  
-3.05792453  
-4.604164731  
-5.341313114  
-5.050113665  
-3.803395133  
-1.950529302  
-0.01577612513  
1.456545172  
2.06092612  
1.64499385  
0.3465738543  
-1.453704787  
-3.245486294  
-4.530617591  
-4.951802325  
-4.374022925  
-2.902108819  
-0.8377801785  
1.404588999  
3.396636647  
4.783932045  
5.346221614  
5.0238603  
3.913182094  
2.238193257  
0.3064221287  
-1.545049632  
-3.008679734  
-3.86501747  
-4.031846488  
-3.591837976  
-2.786228426  
-1.967078498  
-1.511152494  
-1.712080366  
-2.679127681  
-4.275559256  
-6.123347769  
-7.684031075  
-8.401832033  
-7.872291417  
-5.985933815  
-2.997999502  
0.5063455438  
3.751236102  
5.979705033  
6.673785555  
5.716969825  
3.444463548  
0.559150224  
-2.066990455  
-3.648554906  
-3.721139765  
-2.279965149  
0.223451513  
3.028221743  
5.3096855  
6.445596177  
6.216495817  
4.873765714  
3.051279042  
1.54782135  
1.050744415  
1.892097538  
3.919370249  
6.526466287  
8.838259532  
9.991191031  
9.419655695  
7.054527173  
3.36749338  
-0.7557614197  
-4.27520094  
-6.307300421  
-6.388816558  
-4.610091848  
-1.576643551  
1.787070577  
4.527360702  
5.951116492  
5.823684044  
4.414004475  
2.376585077  
0.5129163733  
-0.5068538803  
-0.3698440968  
0.7792125417  
2.393938271  
3.717660899  
4.045261805  
2.968605475  
0.5252450169  
-2.797437619  
-6.203158108  
-8.826797884  
-9.996854094  
-9.437995449  
-7.352062319  
-4.355356007  
-1.295174863  
0.9951917924  
1.927472361  
1.307782964  
-0.6349195462  
-3.341600792  
-6.100865699  
-8.252469175  
-9.35455137  
-9.269199757  
-8.150368404  
-6.350119883  
-4.282923539  
-2.296587149  
-0.5904185772  
0.7993297844  
1.951950281  
2.978993735  
3.94153494  
4.800647377  
5.41880075  
5.609543816  
5.214670535  
4.178374339  
2.589655038  
0.6762869538  
-1.248603424  
-2.869535343  
-3.953214502  
-4.406485493  
-4.289127593  
-3.778624994  
-3.100274866  
-2.447222893  
-1.917614227  
-1.489400453  
-1.040069006  
-0.4032263845  
0.5581694499  
1.887259301  
3.49933487  
5.190090635  
6.683756412  
7.706225929  
8.060711589  
7.683178831  
6.66150521  
5.213534517  
3.631254839  
2.207649022  
1.166658004  
0.614585699  
0.5242411023  
0.7535715043  
1.091521954  
1.317620171  
1.259719603  
0.8363634669  
0.07521604096  
-0.8948066364  
-1.874270521  
-2.639101894  
-2.99174971  
-2.807498851  
-2.067033315  
-0.8687230083  
0.5827331699  
2.010898852  
3.120716549  
3.661240792  
3.485660141  
2.594822402  
1.151877371  
-0.5394977224  
-2.093097379  
-3.124963682  
-3.347184307  
-2.64800469  
-1.136127871  
0.8661887299  
2.884746011  
4.398920452  
4.967417954  
4.343014803  
2.545430386  
-0.1294881479  
-3.170342323  
-5.968064972  
-7.962521672  
-8.780221718  
-8.326518967  
-6.806962328  
-4.671171231  
-2.493538557  
-0.8226842351  
-0.04017553879  
-0.2666186289  
-1.339892037  
-2.870018656  
-4.353778985  
-5.315725593  
-5.435686918  
-4.627742846  
-3.050628437  
-1.049807881  
0.9489342726  
2.561410411  
3.546579799  
3.859658846  
3.644517112  
3.171695685  
2.744200543  
2.601366187  
2.849575259  
3.43845432  
4.185985104  
4.840883199  
5.160286111  
4.9783351  
4.246563566  
3.037901587  
1.518432253  
-0.09961486886  
-1.606432312  
-2.830495269  
-3.654953948  
-4.016726814  
-3.897082021  
-3.314195882  
-2.324572499  
-1.03304017  
0.3963789117  
1.740595166  
2.738922941  
3.139154803  
2.76101089  
1.559915362  
-0.3309337701  
-2.599593281  
-4.804567014  
-6.467851456  
-7.190170671  
-6.756754071  
-5.201460979  
-2.807075295  
-0.03764327271  
2.580528528  
4.595966409  
5.746994797  
6.019966705  
5.633015155  
4.950530192  
4.355522477  
4.120613718  
4.31909906  
4.804819918  
5.267372534  
5.344588481  
4.755296311  
3.40833988  
1.451058747  
-0.7601099166  
-2.759133675  
-4.109296159  
-4.537760941  
-4.022929931  
-2.80639525  
-1.324848149  
-0.08230097169  
0.4986700727  
0.2017820414  
-0.9190015166  
-2.55445679  
-4.228179114  
-5.430555659  
-5.75925107  
-5.026733291  
-3.307005906  
-0.9124542797  
1.688360015  
3.986170579  
5.547799615  
6.105797288  
5.603080652  
4.188527676  
2.171680845  
-0.04775615459  
-2.058276484  
-3.508377074  
-4.162540342  
-3.936847072  
-2.912348012  
-1.32507589  
0.4682677726  
2.048475484  
3.011431026  
3.054531326  
2.05499447  
0.1194532396  
-2.413717735  
-5.029090232  
-7.141257489  
-8.233416039  
-7.993825369  
-6.411991801  
-3.803290357  
-0.7480352041  
2.045281111  
3.919804769  
4.445211515  
3.537977607  
1.490486527  
-1.102670386  
-3.50320756  
-5.02914814  
-5.239803885  
-4.052719271  
-1.758943173  
1.067296153  
3.737365677  
5.645406287  
6.435970803  
6.09372844  
4.930781706  
3.477912333  
2.314396874  
1.888335064  
2.380793108  
3.652593791  
5.287132604  
6.714170462  
7.376652549  
6.891793212  
5.161393832  
2.40270634  
-0.9053219461  
-4.142260792  
-6.697968412  
-8.115237519  
-8.188116422  
-6.995091204  
-4.864524066  
-2.286559416  
0.2030421206  
2.138169578  
3.211596432  
3.32210864  
2.57456647  
1.238348344  
-0.3229739426  
-1.734062301  
-2.685527999  
-2.992725138  
-2.625860931  
-1.70725503  
-0.4774551684  
0.762374708  
1.719755156  
2.177135126  
2.04046232  
1.358808153  
0.3100630715  
-0.8442791693  
-1.824462942  
-2.401765872  
-2.454311996  
-1.995354079  
-1.167298874  
-0.2039002099  
0.6286116992  
1.095613555  
1.047194363  
0.4482691564  
-0.6190887708  
-1.978109859  
-3.395742785  
-4.625900578  
-5.44783341  
-5.694004698  
-5.266589642  
-4.145005296  
-2.387742622  
-0.1301187197  
2.423219201  
5.014298489  
7.359397313  
9.188235414  
10.28983106  
10.55518069  
10.00440522  
8.787661775  
7.155302629  
5.401644416  
3.795713358  
2.517920403  
1.621378098  
1.030103705  
0.5752412528  
0.05826626008  
-0.6788027598  
-1.698762558  
-2.947688786  
-4.27288817  
-5.473332377  
-6.364462893  
-6.834634523  
-6.873892962  
-6.566208096  
-6.049868771  
-5.462459801  
-4.892339258  
-4.355528473  
-3.80660179  
-3.178246458  
-2.432127296  
-1.598285542  
-0.7840528257  
-0.1452047296  
0.1723479016  
0.09859629798  
-0.3141702378  
-0.8871916595  
-1.36143561  
-1.483234383  
-1.101584022  
-0.2413612382  
0.8784046876  
1.895248044  
2.41315491  
2.139328483  
1.002485564  
-0.7905763697  
-2.786015975  
-4.399498582  
-5.086833955  
-4.516655086  
-2.68871736  
0.04414260543  
3.063008369  
5.656466026  
7.229091901  
7.479778234  
6.492347121  
4.707473491  
2.782572903  
1.382589653  
0.9678744451  
1.647340773  
3.145006269  
4.891893999  
6.214751182  
6.561305283  
5.689155353  
3.75637064  
1.282838296  
-1.007294448  
-2.413549321  
-2.485782583  
-1.177741024  
1.122074262  
3.693764405  
5.69358803  
6.403538204  
5.447913398  
2.912017904  
-0.6721680482  
-4.468739494  
-7.566709178  
-9.228347205  
-9.086282096  
-7.235206983  
-4.195663072  
-0.7641743008  
2.204798273  
4.022736099  
4.335846407  
3.196039717  
1.02032315  
-1.544193942  
-3.808118932  
-5.227192859  
-5.539298896  
-4.817322877  
-3.428110593  
-1.912860934  
-0.8239911615  
-0.5632895965  
-1.26419141  
-2.74849477  
-4.56821611  
-6.121644239  
-6.813913975  
-6.221237329  
-4.216597542  
-1.023714326  
2.816600317  
6.561969452  
9.439314281  
10.82972031  
10.42120701  
8.290077919  
4.888872994  
0.9423811747  
-2.722958874  
-5.373324567  
-6.536073661  
-6.099987717  
-4.323105238  
-1.749005339  
0.9430168403  
3.111487996  
4.303029159  
4.341387899  
3.336761961  
1.620855082  
-0.3661479952  
-2.199080663  
-3.565209948  
-4.311503567  
-4.436704417  
-4.042019834  
-3.266386683  
-2.233890632  
-1.032136243  
0.2751270853  
1.613541766  
2.864238785  
3.853053019  
4.375630775  
4.25531992  
3.414902496  
1.933942909  
0.06499266936  
-1.80585668  
-3.249285393  
-3.909822639  
-3.613403894  
-2.429051638  
-0.6611874275  
1.229038862  
2.751530648  
3.52514064  
3.382477267  
2.408648026  
0.9026580225  
-0.7241752799  
-2.077603987  
-2.893806062  
-3.099524167  
-2.801426624  
-2.212791342  
-1.548113112  
-0.9275481527  
-0.3289071317  
0.3932938602  
1.428005948  
2.897316571  
4.759231257  
6.764632401  
8.491568554  
9.452671098  
9.244342461  
7.689200625  
4.922400781  
1.388886938  
-2.253033188  
-5.295580469  
-7.164010677  
-7.562095506  
-6.536707617  
-4.443755372  
-1.829512401  
0.732050446  
2.792873279  
4.127996049  
4.750404046  
4.847025084  
4.666302  
4.402784138  
4.122333864  
3.753767272  
3.146135697  
2.164921802  
0.7852802072  
-0.8586672324  
-2.492621023  
-3.78644005  
-4.475043945  
-4.470388455  
-3.919270398  
-3.178928523  
-2.711279855  
-2.926688005  
-4.028979674  
-5.916757531  
-8.180146781  
-10.20171105  
-11.33524523  
-11.10849908  
-9.385255457  
-6.43263155  
-2.868143888  
0.5011714468  
2.900780429  
3.805072239  
3.082684492  
1.027312776  
-1.733615185  
-4.422293575  
-6.328188313  
-6.993529769  
-6.312896926  
-4.522318455  
-2.089434441  
0.4530527738  
2.672803697  
4.348463909  
5.493660541  
6.294018659  
6.987110859  
7.733861117  
8.530938053  
9.197207878  
9.439362275  
8.972445949  
7.650425023  
5.557298346  
3.02220582  
0.5479885986  
-1.327176214  
-2.191424805  
-1.891039783  
-0.587608145  
1.280848706  
3.125191801  
4.37913314  
4.667951621  
3.919273354  
2.381393518  
0.5438733246  
-1.014255455  
-1.800920101  
-1.557478596  
-0.3311036532  
1.546901988  
3.566979464  
5.195658008  
6.029013702  
5.898352912  
4.898455059  
3.334711975  
1.611340856  
0.1002848878  
-0.9659675391  
-1.545198775  
-1.768310978  
-1.866229155  
-2.071000159  
-2.528008189  
-3.249811976  
-4.125220078  
-4.9761973  
-5.637765782  
-6.028230266  
-6.181620511  
-6.229280218  
-6.337447434  
-6.625078829  
-7.094672098  
-7.605080237  
-7.900487159  
-7.689077202  
-6.745893261  
-5.003949882  
-2.5999858  
0.1441344243  
2.801394313  
4.956249757  
6.319544317  
6.803049863  
6.528292572  
5.767123846  
4.835677664  
3.980262106  
3.297061215  
2.715579204  
2.052410249  
1.11528936  
-0.1828331894  
-1.745963656  
-3.288670469  
-4.411242516  
-4.73582277  
-4.057726729  
-2.455870035  
-0.3157579065  
1.754198275  
3.095677918  
3.211987169  
1.94902719  
-0.4190061099  
-3.236852531  
-5.6439773  
-6.831174023  
-6.299982958  
-4.040907177  
-0.5679701822  
3.20959241  
6.245985267  
7.67191383  
7.065638803  
4.595560682  
0.9859838373  
-2.687565136  
-5.313258524  
-6.072296729  
-4.681300023  
-1.473128945  
2.70789461  
6.762155697  
9.66100406  
10.74098717  
9.876086665  
7.47872168  
4.33607567  
1.340680349  
-0.7938602126  
-1.739718316  
-1.620885132  
-0.9239720191  
-0.2914006365  
-0.2725250007  
-1.119408645  
-2.695589878  
-4.525166623  
-5.960651036  
-6.408039651  
-5.53016348  
-3.35960841  
-0.2862796751  
3.070691112  
6.057376677  
8.175636625  
9.204588034  
9.215633034  
8.484292738  
7.340147575  
6.017754616  
4.569021471  
2.871998742  
0.7321509701  
-1.965598245  
-5.118291684  
-8.342383102  
-11.02403415  
-12.47796116  
-12.16855788  
-9.919636962  
-6.036536819  
-1.288841699  
3.254416579  
6.496287075  
7.612164493  
6.28793058  
2.821355156  
-1.947128464  
-6.856234339  
-10.73362158  
-12.70295933  
-12.39988551  
-10.03804659  
-6.313233709  
-2.182226001  
1.411910396  
3.785147372  
4.660624885  
4.186588493  
2.833460388  
1.214972218  
-0.1036037873  
-0.7509546315  
-0.612227153  
0.1964583684  
1.416941675  
2.759620268  
3.993423929  
4.987690152  
5.701385939  
6.136813275  
6.28734079  
6.107562019  
5.521379321  
4.464502661  
2.94112405  
1.0667664  
-0.9263543859  
-2.730396496  
-4.039355766  
-4.637153148  
-4.464507135  
-3.639029258  
-2.419289248  
-1.124003373  
-0.03414730794  
0.687661791  
1.032325234  
1.122500059  
1.143535256  
1.254295631  
1.512581  
1.844225886  
2.06854927  
1.971217461  
1.397301868  
0.3288519079  
-1.08386235  
-2.551746844  
-3.729192109  
-4.321767371  
-4.181773022  
-3.357650473  
-2.079041688  
-0.6819069305  
0.5006708297  
1.244197708  
1.498468178  
1.390932025  
1.167631988  
1.093624379  
1.348956695  
1.957469992  
2.773531066  
3.530967268  
3.936221741  
3.772351895  
2.977068352  
1.667875306  
0.1065227772  
-1.383411506  
-2.515919714  
-3.124035303  
-3.196163591  
-2.857329904  
-2.305749879  
-1.730912525  
-1.245106841  
-0.853762408  
-0.4741747437  
0.007040547124  
0.6625830464  
1.469443053  
2.294100212  
2.926124173  
3.1491859  
2.823312978  
1.946729847  
0.6722014377  
-0.730875567  
-1.957289369  
-2.761959727  
-3.036815277  
-2.840505729  
-2.369535799  
-1.880803258  
-1.593531384  
-1.606751836  
-1.863345218  
-2.174885925  
-2.299020841  
-2.041113258  
-1.341764647  
-0.3156987233  
0.7756496846  
1.611425919  
1.929378144  
1.632455736  
0.843559081  
-0.1154665661  
-0.8186172158  
-0.8759836857  
-0.07352287467  
1.535835299  
3.623570611  
5.666844051  
7.097096909  
7.470340822  
6.605148434  
4.643751081  
2.016044288  
-0.6825859909  
-2.861090608  
-4.096936119  
-4.244099425  
-3.453684884  
-2.105075076  
-0.6744678474  
0.4133551717  
0.901211417  
0.7485831567  
0.1036010905  
-0.7846375759  
-1.675984102  
-2.428353451  
-3.033316362  
-3.587627144  
-4.215871231  
-4.978864587  
-5.808488003  
-6.499795346  
-6.768968779  
-6.359228934  
-5.156090909  
-3.266323998  
-1.025110407  
1.079955012  
2.549284148  
3.032182245  
2.453283772  
1.057661577  
-0.6470489257  
-2.038841522  
-2.575399817  
-1.971362937  
-0.2987164386  
2.026663073  
4.372514532  
6.09364208  
6.74623808  
6.241999111  
4.888500322  
3.298324921  
2.192450512  
2.159085139  
3.445685521  
5.853221379  
8.770199917  
11.33967591  
12.70952906  
12.28891221  
9.930920302  
5.984371085  
1.19870898  
-3.487785459  
-7.210046991  
-9.407425871  
-9.954290196  
-9.153762841  
-7.602577676  
-5.975721348  
-4.803294872  
-4.311697669  
-4.377459259  
-4.603263165  
-4.485131761  
-3.610782998  
-1.821038665  
0.7190875367  
3.561017437  
6.108379183  
7.800303604  
8.280540497  
7.497818706  
5.707791552  
3.380717707  
1.049817716  
-0.84713954  
-2.081536343  
-2.669584288  
-2.825253804  
-2.85395192  
-3.028767818  
-3.493682743  
-4.224868028  
-5.057845839  
-5.763755263  
-6.14128648  
-6.087704711  
-5.623313649  
-4.863861427  
-3.956729394  
-3.010922144  
-2.052501942  
-1.025801044  
0.1590910523  
1.552338839  
3.096389397  
4.596395823  
5.747993879  
6.219481578  
5.76320066  
4.31696318  
2.056460266  
-0.6256211527  
-3.213246334  
-5.206904517  
-6.265301439  
-6.301610114  
-5.50077633  
-4.250376641  
-3.006983087  
-2.142482532  
-1.822371029  
-1.95759701  
-2.246492061  
-2.292183899  
-1.754501466  
-0.4830727931  
1.415549353  
3.601134535  
5.606340593  
6.990289306  
7.486028096  
7.090395844  
6.064417138  
4.843276623  
3.886339672  
3.518808531  
3.819868495  
4.596527963  
5.452977119  
5.932393898  
5.682962395  
4.59114085  
2.835874488  
0.8439281403  
-0.840300556  
-1.728413286  
-1.548464166  
-0.3399146379  
1.547633763  
3.551362533  
5.05658648  
5.571593071  
4.862205786  
3.006921693  
0.3599518982  
-2.561209042  
-5.224722927  
-7.222380108  
-8.356372  
-8.654363902  
-8.317009856  
-7.623221467  
-6.829326687  
-6.095845244  
-5.462148669  
-4.870057678  
-4.220028463  
-3.433699321  
-2.49738862  
-1.471236523  
-0.4637325671  
0.4147337773  
1.097988892  
1.589880186  
1.958876896  
2.303781122  
2.704742613  
3.179854172  
3.665598763  
4.030290179  
4.116932176  
3.800594362  
3.039570701  
1.90152421  
0.5545611098  
-0.7744157308  
-1.860452439  
-2.540369584  
-2.75257281  
-2.545173395  
-2.051939554  
-1.446201709  
-0.8894138065  
-0.4911720499  
-0.291802876  
-0.2694975051  
-0.3650048549  
-0.5115727196  
-0.6576960561  
-0.7751405043  
-0.8521723952  
-0.878814202  
-0.8343318785  
-0.6856853108  
-0.4000142043  
0.03311821285  
0.5799813731  
1.153401444  
1.624450486  
1.855831549  
1.748542204  
1.286342246  
0.5606841694  
-0.2367353297  
-0.8568174036  
-1.062181644  
-0.703325851  
0.2220618233  
1.547454443  
2.964252585  
4.093327541  
4.583659733  
4.211009552  
2.948040462  
0.9844965263  
-1.310315324  
-3.473995655  
-5.063745226  
-5.764839229  
-5.465576025  
-4.278879536  
-2.505787776  
-0.5522579649  
1.176604558  
2.375259554  
2.902818529  
2.798451898  
2.245988138  
1.501354016  
0.8068807488  
0.3194472914  
0.07431199268  
-0.005456097758  
-0.05880425392  
-0.2140841836  
-0.5200478155  
-0.9060350403  
-1.18817464  
-1.123566986  
-0.4980685225  
0.7796101387  
2.609727642  
4.686376837  
6.548024436  
7.686443444  
7.687133089  
6.361369291  
3.828446221  
0.5178955707  
-2.916821681  
-5.755415497  
-7.398115017  
-7.530543033  
-6.216704036  
-3.889236209  
-1.235287288  
0.9923986392  
2.185918072  
2.052618835  
0.6943231514  
-1.429258654  
-3.642572115  
-5.258823678  
-5.78455303  
-5.061162693  
-3.300145414  
-1.002331748  
1.211557574  
2.803323054  
3.486682651  
3.308808292  
2.618440964  
1.932708831  
1.748452337  
2.362100343  
3.75900822  
5.60942911  
7.372091684  
8.470008717  
8.478858772  
7.264546748  
5.024342091  
2.219376588  
-0.5766858462  
-2.859732618  
-4.345592771  
-5.038596805  
-5.197872059  
-5.217217013  
-5.464453993  
-6.139437663  
-7.201625583  
-8.39173994  
-9.337050565  
-9.699039742  
-9.306952306  
-8.226382929  
-6.736720235  
-5.225686894  
-4.04076722  
-3.354242549  
-3.094282487  
-2.970547225  
-2.587464818  
-1.604967149  
0.1128470831  
2.418105156  
4.901845477  
7.015541261  
8.25141504  
8.318748291  
7.252784787  
5.415456769  
3.384799487  
1.769657051  
1.013388163  
1.254831352  
2.29497049  
3.680196831  
4.871437901  
5.437637679  
5.203588639  
4.299073277  
3.092783461  
2.037290961  
1.484621405  
1.543404406  
2.033477276  
2.557401825  
2.663901382  
2.041954923  
0.6703478596  
-1.138671882  
-2.825211939  
-3.772568488  
-3.537497502  
-2.035834349  
0.3888692057  
3.047102874  
5.115927354  
5.914222709  
5.146433511  
3.026962733  
0.2352396745  
-2.291445008  
-3.663414561  
-3.34190201  
-1.336763423  
1.772111034  
5.002494731  
7.275700369  
7.761928475  
6.151293923  
2.759839313  
-1.565928511  
-5.715632531  
-8.665123691  
-9.794605004  
-9.070089676  
-7.029644553  
-4.5814061  
-2.6835253  
-2.015157937  
-2.749802886  
-4.506692405  
-6.49518718  
-7.801639281  
-7.72019763  
-6.014543643  
-3.021075875  
0.4424995352  
3.334153824  
4.726085229  
4.113985996  
1.596085604  
-2.136376122  
-5.994579805  
-8.811750484  
-9.687050253  
-8.248219906  
-4.755106423  
-0.0172937409  
4.843593743  
8.710885928  
10.77320223  
10.72241772  
8.799066569  
5.683101123  
2.273050853  
-0.574712915  
-2.269839921  
-2.616254322  
-1.819169182  
-0.3821992076  
1.064858871  
1.952936296  
1.923859371  
0.909242259  
-0.8728084765  
-2.991549039  
-4.920964537  
-6.167907074  
-6.381540276  
-5.423696607  
-3.390902688  
-0.5888298365  
2.532449891  
5.4689739  
7.762585297  
9.091557945  
9.334180863  
8.590554338  
7.154794532  
5.440451564  
3.87423367  
2.783666244  
2.309339354  
2.368755035  
2.686214804  
2.884289692  
2.612580927  
1.675380574  
0.1168307182  
-1.767474972  
-3.501995624  
-4.56902494  
-4.573045204  
-3.380665583  
-1.189684206  
1.499065926  
4.003894143  
5.645418808  
5.937366098  
4.727704915  
2.246985073  
-0.9513732443  
-4.141240829  
-6.619597885  
-7.89022521  
-7.782696943  
-6.475452129  
-4.421851819  
-2.207143234  
-0.3829686132  
0.6710182315  
0.8216773247  
0.1794737498  
-0.9701281817  
-2.270510062  
-3.395888215  
-4.121080985  
-4.344707746  
-4.070448759  
-3.365296466  
-2.31871127  
-1.021108222  
0.4326162338  
1.922966554  
3.286968035  
4.319021771  
4.801645168  
4.562246172  
3.538432394  
1.826762571  
-0.3079533883  
-2.474047386  
-4.238965638  
-5.237161809  
-5.267643856  
-4.350098824  
-2.720702822  
-0.7676146157  
1.074467389  
2.438415182  
3.11305409  
3.080820414  
2.497080892  
1.622667965  
0.7354502549  
0.05133122006  
-0.3212276981  
-0.383344924  
-0.2113538454  
0.09448387196  
0.4543764751  
0.828329468  
1.204831992  
1.567975322  
1.862466641  
1.977970277  
1.766674646  
1.093784952  
-0.09483750987  
-1.714039387  
-3.516782916  
-5.124875643  
-6.11269821  
-6.124285712  
-4.989717273  
-2.803029287  
0.06746294516  
3.046603585  
5.484293071  
6.818181686  
6.722629195  
5.201801149  
2.599709819  
-0.4769862846  
-3.303533594  
-5.211036499  
-5.744766412  
-4.767381595  
-2.483397702  
0.6176102493  
3.881357694  
6.640912936  
8.363633888  
8.760521207  
7.836799733  
5.8772174  
3.373649381  
0.9133338314  
-0.9480018498  
-1.802894749  
-1.476719706  
-0.06432531062  
2.088526449  
4.456440792  
6.445855221  
7.52533383  
7.347486968  
5.834608195  
3.205639875  
-0.06595990551  
-3.357663589  
-6.044026625  
-7.648311226  
-7.960107403  
-7.086087834  
-5.417597227  
-3.521395029  
-1.982166737  
-1.240559985  
-1.473307957  
-2.550855279  
-4.08552709  
-5.556152025  
-6.471427051  
-6.521911552  
-5.673462723  
-4.172910648  
-2.464214941  
-1.041836628  
-0.2883159492  
-0.3485169915  
-1.081522106  
-2.106373079  
-2.927500977  
-3.099630343  
-2.378710324  
-0.8093996878  
1.28020745  
3.376133874  
4.937895419  
5.568959521  
5.143464914  
3.848029019  
2.124434763  
0.530729224  
-0.4355401357  
-0.4958148805  
0.3198284406  
1.680847837  
3.060292936  
3.902575267  
3.802633878  
2.640523805  
0.6293109568  
-1.738896325  
-3.832479024  
-5.062936305  
-5.055281813  
-3.755299073  
-1.442597684  
1.352519637  
4.001236534  
5.950205757  
6.864889689  
6.700855378  
5.685103268  
4.217866894  
2.729565791  
1.540412293  
0.7675584604  
0.3080571036  
-0.09947444877  
-0.7573519807  
-1.876470249  
-3.474673846  
-5.341348646  
-7.082023029  
-8.23054214  
-8.393950112  
-7.383777215  
-5.290793506  
-2.477346486  
0.5128195955  
3.101321389  
4.834171006  
5.50426074  
5.199279417  
4.260018169  
3.162114799  
2.358476552  
2.132453852  
2.508758933  
3.251149611  
3.94830222  
4.160902635  
3.582639278  
2.162352502  
0.1458053211  
-1.979584943  
-3.623097229  
-4.271237301  
-3.654930932  
-1.850484723  
0.7195168569  
3.389119132  
5.427882573  
6.244381772  
5.554929762  
3.467968764  
0.4592866302  
-2.754776447  
-5.409463365  
-6.894216721  
-6.909177688  
-5.533722897  
-3.191641711  
-0.5270864016  
1.770395362  
3.141749191  
3.288407773  
2.225776427  
0.2529473658  
-2.145350164  
-4.432178996  
-6.149246776  
-7.012660409  
-6.954600311  
-6.108454887  
-4.749416591  
-3.2113311  
-1.802352144  
-0.738002077  
-0.1029599798  
0.1547962085  
0.2000834702  
0.2635015814  
0.5803157536  
1.325952096  
