-7.866580115  
-5.516279627  
-2.248809048  
0.903724267  
3.027806025  
3.596356901  
2.603360799  
0.5256183248  
-1.86982328  
-3.802846204  
-4.745493854  
-4.585166208  
-3.632999417  
-2.479413449  
-1.752164224  
-1.865545889  
-2.851438512  
-4.333264129  
-5.653224475  
-6.109111398  
-5.21832504  
-2.916632469  
0.3790972113  
3.869221455  
6.601612359  
7.760768647  
6.923245608  
4.198037626  
0.2080663585  
-4.080267329  
-7.625451664  
-9.594542116  
-9.578216655  
-7.677901864  
-4.447287364  
-0.714763894  
2.653666548  
4.979219412  
5.921502904  
5.52227277  
4.142531167  
2.323819047  
0.6214868415  
-0.541547088  
-0.9653453827  
-0.6934148932  
0.03066564941  
0.8497225197  
1.39623151  
1.388226342  
0.7005446215  
-0.5984619282  
-2.248866399  
-3.840018946  
-4.887181523  
-4.935768161  
-3.67782827  
-1.057403872  
2.663771587  
6.907072527  
10.85986236  
13.63588111  
14.48425866  
12.99733546  
9.258244225  
3.87718896  
-2.108815863  
-7.46057613  
-11.03472948  
-12.07710064  
-10.4277703  
-6.574216134  
-1.530037031  
3.432513226  
7.123203119  
8.750622111  
8.122932103  
5.673998901  
2.30866288  
-0.8842328774  
-2.962309503  
-3.40250133  
-2.234471367  
0.002361979669  
2.45916727  
4.267450587  
4.823733384  
3.978874867  
2.074623349  
-0.1797120111  
-1.946542108  
-2.53589263  
-1.629786638  
0.6134756443  
3.603246923  
6.489376842  
8.405932733  
8.709582483  
7.143371652  
3.884657877  
-0.5255312161  
-5.33886189  
-9.787510633  
-13.24745859  
-15.33768081  
-15.9423454  
-15.16970462  
-13.2782123  
-10.60312153  
-7.505902075  
-4.351124402  
-1.498752252  
0.7080809123  
1.976009515  
2.1176716  
1.116986522  
-0.823256945  
-3.279662292  
-5.669265215  
-7.36945331  
-7.870019569  
-6.914621574  
-4.586548066  
-1.307080264  
2.259729174  
5.372772313  
7.403820332  
7.99666696  
7.149329581  
5.19701171  
2.704398094  
0.3032768529  
-1.473438743  
-2.312316671  
-2.163642051  
-1.205219206  
0.2519318704  
1.877041905  
3.411610779  
4.712332597  
5.739206832  
6.505180645  
7.017619159  
7.242379709  
7.108890985  
6.554492855  
5.58691661  
4.333131518  
3.045674075  
2.053253617  
1.665212098  
2.06040562  
3.20174395  
4.81304668  
6.435516865  
7.553584623  
7.753551595  
6.863494332  
5.025228607  
2.669077537  
0.3936508992  
-1.21483498  
-1.767085547  
-1.198803911  
0.2014582944  
1.876523433  
3.172190709  
3.542298423  
2.721642643  
0.8110270731  
-1.752878391  
-4.332735302  
-6.286625565  
-7.16155382  
-6.822906629  
-5.480432727  
-3.606287802  
-1.77614151  
-0.4887413193  
-0.02435136375  
-0.3869599133  
-1.344764721  
-2.54881845  
-3.683073955  
-4.589307036  
-5.320768947  
-6.10511847  
-7.230525007  
-8.897354312  
-11.09127405  
-13.52751443  
-15.6920825  
-16.97253027  
-16.83931061  
-15.02009216  
-11.60952563  
-7.07640287  
-2.162177524  
2.301038862  
5.59968218  
7.313822456  
7.408119984  
6.215396219  
4.322604098  
2.397802856  
1.012061462  
0.50803114  
0.9485651018  
2.151296573  
3.787705092  
5.507085027  
7.042066976  
8.26353542  
9.173768433  
9.849848051  
10.36637309  
10.73183461  
10.86518396  
10.62183345  
9.857994785  
8.506653082  
6.633236626  
4.445972476  
2.252492123  
0.3744958737  
-0.951240768  
-1.650508883  
-1.838631785  
-1.783807185  
-1.815564238  
-2.206583443  
-3.06685056  
-4.286931889  
-5.552767999  
-6.431807659  
-6.507137445  
-5.519640871  
-3.473834943  
-0.6723855636  
2.335389453  
4.880323704  
6.342426187  
6.315931922  
4.724635441  
1.855191576  
-1.701338339  
-5.184532732  
-7.840849856  
-9.095735535  
-8.678850026  
-6.673651809  
-3.483199102  
0.2742921983  
3.910191971  
6.8130461  
8.564481813  
9.000196372  
8.208894865  
6.478036486  
4.206864577  
1.812098315  
-0.3507443062  
-2.035423542  
-3.118069223  
-3.580936275  
-3.479100062  
-2.904489956  
-1.959106214  
-0.7436175942  
0.6391638685  
2.072146569  
3.412344575  
4.488690459  
5.114800426  
5.117027554  
4.372577094  
2.848221383  
0.6284108605  
-2.077097244  
-4.95178555  
-7.616777623  
-9.694190208  
-10.87724594  
-10.99218826  
-10.0376806  
-8.191609247  
-5.781995293  
-3.226797978  
-0.954561844  
0.677371975  
1.449551005  
1.31772119  
0.4131708501  
-0.9930164965  
-2.552710919  
-3.915627962  
-4.799391313  
-5.039868156  
-4.612435352  
-3.622136382  
3.323683275  
8.538864563  
12.3280165  
14.17832288  
14.19371094  
13.00080579  
11.47553601  
10.39283422  
10.12891034  
10.52564228  
10.96735108  
10.64216091  
8.891954608  
5.520712677  
0.9439099358  
-3.883034979  
-7.740653091  
-9.535272127  
-8.669819541  
-5.266525145  
-0.1618179283  
5.328662225  
9.798500948  
12.16397182  
11.96683926  
9.470355603  
5.524362085  
1.254378047  
-2.312483183  
-4.554828967  
-5.396565251  
-5.241541792  
-4.740993866  
-4.490537398  
-4.775567536  
-5.461811186  
-6.070204628  
-6.004015637  
-4.837363908  
-2.549795525  
0.3897134386  
3.130846524  
4.712205909  
4.402088092  
1.988509258  
-2.088982379  
-6.820731395  
-10.90374389  
-13.12802285  
-12.74779594  
-9.716336604  
-4.707629564  
1.081734727  
6.285449944  
9.761377952  
10.9024561  
9.771501924  
7.027079324  
3.675952145  
0.7411163681  
-1.044217819  
-1.422447355  
-0.6288528111  
0.7493305522  
2.011025924  
2.589255514  
2.22659338  
1.028043789  
-0.6126995576  
-2.174714801  
-3.194935303  
-3.412062075  
-2.826400896  
-1.666788982  
-0.2888411776  
0.950907802  
1.798701983  
2.153929318  
2.05919395  
1.646188374  
1.066556788  
0.4366294551  
-0.1869331007  
-0.8000908414  
-1.426104407  
-2.089975836  
-2.805829587  
-3.57934747  
-4.416351555  
-5.323910067  
-6.294525188  
-7.275498987  
-8.138439348  
-8.67112947  
-8.610196837  
-7.718087316  
-5.886422606  
-3.229262923  
-0.1228874646  
2.840540055  
4.991238956  
5.782600091  
4.994803873  
2.868617664  
0.1090018207  
-2.265233953  
-3.199129387  
-1.93222229  
1.719702891  
7.229200078  
13.42732567  
18.77733275  
21.78409469  
21.42346681  
17.46239236  
10.56814494  
2.166074399  
-5.918782721  
-11.93464357  
-14.65363551  
-13.67071334  
-9.469162135  
-3.243237466  
3.45824335  
9.152988064  
12.78428674  
13.91967674  
12.74875674  
9.906430301  
6.200738914  
2.346583068  
-1.20768816  
-4.316738671  
-7.048384113  
-9.523847576  
-11.76545135  
-13.61880508  
-14.78076959  
-14.91821512  
-13.82404142  
-11.54134458  
-8.39897746  
-4.937610447  
-1.749626612  
0.7080647051  
2.256473812  
3.035764191  
3.426707672  
3.879882305  
4.716831657  
5.980152189  
7.393171623  
8.449739645  
8.605508076  
7.502165646  
5.140647031  
1.934695269  
-1.38248221  
-3.973123733  
-5.160984255  
-4.65737828  
-2.667268917  
0.1645396732  
2.952350858  
4.848607237  
5.30993642  
4.261235714  
2.103726028  
-0.4337475253  
-2.547638713  
-3.629753027  
-3.46311484  
-2.279420256  
-0.6624648869  
0.6653856822  
1.097864223  
0.3530878102  
-1.433447572  
-3.758776228  
-5.923531412  
-7.262492877  
-7.355690954  
-6.151361033  
-3.965099054  
-1.362815636  
1.026654932  
2.703215376  
3.428703354  
3.263398603  
2.503110803  
1.547806897  
0.7529150966  
0.315359078  
0.2293287516  
0.3191669045  
0.3295131219  
0.03517629695  
-0.6694219095  
-1.729695649  
-2.947602377  
-4.043463739  
-4.737472618  
-4.823036151  
-4.211907516  
-2.944388807  
-1.170741889  
0.882856328  
2.950732898  
4.759411256  
6.055169976  
6.632628158  
6.36850068  
5.258249252  
3.44512934  
1.225901728  
-0.9808308095  
-2.708030848  
-3.544604496  
-3.245377727  
-1.813100643  
0.4777437262  
3.130749553  
5.543806018  
7.162001343  
7.62309467  
6.851169663  
5.068901041  
2.724377839  
0.3558815993  
-1.56179086  
-2.740724983  
-3.135468086  
-2.917412823  
-2.382659677  
-1.830172892  
-1.455215671  
-1.294805667  
-1.24060523  
-1.108517309  
-0.7333285725  
-0.04881912737  
0.8785712783  
1.874413867  
2.726916053  
3.272495817  
3.45944316  
3.36227436  
3.140162536  
2.956662303  
2.895022924  
2.906543715  
2.817143312  
2.393928345  
1.448375064  
-0.06411188352  
-1.989937118  
-3.994621045  
-5.651340159  
-6.572409341  
-6.537212544  
-5.569153089  
-3.931491391  
-2.041550234  
-0.333516096  
0.8799070431  
1.495484063  
1.624243373  
1.512195887  
1.409191336  
1.439564668  
1.529216861  
1.422949089  
0.7907632563  
-0.6146532197  
-2.810568213  
-5.509110779  
-8.153128049  
-10.06173232  
-10.64223265  
-9.596837321  
-7.049244529  
-3.540568473  
0.1119557699  
3.051660587  
4.637563029  
4.632226853  
3.258400165  
1.105374356  
-1.081497865  
-2.653775051  
-3.266342958  
-2.965741382  
-2.132273516  
-1.30145604  
-0.9346821072  
-1.227465262  
-2.029125427  
-2.905468734  
-3.321254622  
-2.872450467  
-1.47718553  
0.552632085  
2.593914404  
3.926374161  
4.003746232  
2.68286906  
0.3218877445  
-2.29714085  
-4.203942159  
-4.558577909  
-2.944588047  
0.4667640079  
4.942892792  
9.404078107  
12.75763419  
14.24173258  
13.66378009  
11.45304403  
8.509914693  
5.902709078  
4.513993291  
4.754159012  
6.435679761  
8.845932457  
10.98942215  
11.91491484  
11.01797005  
8.222160553  
3.987081391  
-0.8487630789  
-5.328418567  
-8.649104198  
-10.35969214  
-10.42909541  
-9.18078916  
-7.134716403  
-4.824530864  
-2.657120567  
-0.8554508081  
0.5129892868  
1.455207116  
1.970212381  
2.010223099  
1.504909676  
0.4340537106  
-1.092995586  
-2.800455696  
-4.285734264  
-5.136341174  
-5.087828274  
-4.161174993  
-2.716497935  
-1.384969371  
-0.8845035972  
-1.771458643  
-4.211835197  
-7.858163191  
-11.88873815  
-15.21309976  
-16.78914981  
-15.95428004  
-12.66135773  
-7.536329503  
-1.729659825  
3.399010415  
6.667982743  
7.412273684  
5.66847061  
2.149473598  
-1.979518891  
-5.449550767  
-7.249628394  
-6.890694021  
-4.497629513  
-0.7143529214  
3.532235925  
7.322038946  
9.988585428  
11.25044326  
11.20161592  
10.18690229  
8.625300351  
6.855020088  
5.055438383  
3.263564813  
1.461192011  
-0.3195715822  
-1.929374936  
-3.110245938  
-3.58097872  
-3.164063777  
-1.897239806  
-0.07501108911  
1.808852853  
3.207192222  
3.705671455  
3.180875284  
1.867460854  
0.3019721664  
-0.8446447333  
-0.9918829238  
0.1454464348  
2.445218472  
5.400594214  
8.2719273  
10.31706771  
11.02148384  
10.25008476  
8.271099575  
5.648022022  
3.041946376  
0.9964311321  
-0.2199582244  
-0.6627767673  
-0.6437318316  
-0.5802698656  
-0.8256889584  
-1.545940201  
-2.686684516  
-4.035542821  
-5.345276935  
-6.459561811  
-7.383572265  
-8.266353779  
-9.300923689  
-10.58523911  
-12.00725491  
-13.21152569  
-13.67434205  
-12.8709616  
-10.4786388  
-6.539359438  
-1.51509057  
3.795907005  
8.463248421  
11.6850059  
13.01680046  
12.48943567  
10.57275645  
7.997734276  
5.499941656  
3.576336052  
2.34273354  
1.542277433  
0.6992119497  
-0.6423271717  
-2.687241869  
-5.256973161  
-7.810114387  
-9.613235485  
-10.00158791  
-8.633643207  
-5.642963567  
-1.626975716  
2.52865292  
5.930320218  
7.961978199  
8.472804577  
7.798749187  
6.610086879  
5.641287735  
5.403415149  
5.986373651  
7.025493399  
7.845939935  
7.731703559  
6.218278932  
3.297762434  
-0.5437534492  
-4.474823457  
-7.601957472  
-9.284596214  
-9.364599889  
-8.222543979  
-6.635855694  
-5.487048585  
-5.427136003  
-6.618215696  
-8.652717184  
-10.68369839  
-11.72378484  
-11.00761392  
-8.287435619  
-3.953420233  
1.068081989  
5.605662255  
8.622383984  
9.550360326  
8.46272403  
6.023468824  
3.235513124  
1.07958841  
0.175165325  
0.5853580361  
1.833993414  
3.124461674  
3.675530862  
3.04623853  
1.326304357  
-0.881389035  
-2.681946586  
-3.232421158  
-2.08060603  
0.6294708621  
4.166102807  
7.435504795  
9.347685458  
9.193179482  
6.895429376  
3.046966748  
-1.285399316  
-4.918259303  
-6.945434006  
-7.028469458  
-5.481972291  
-3.126443747  
-0.9656108558  
0.1915015345  
0.02435957296  
-1.196901419  
-2.736882293  
-3.699218375  
-3.394104439  
-1.629074831  
1.189444738  
4.186745983  
6.339041719  
6.865893557  
5.550172655  
2.862363572  
-0.1655243511  
-2.281295911  
-2.454593466  
-0.2650548315  
3.90365777  
8.939770888  
13.33257047  
15.64994877  
15.00622847  
11.36304701  
5.560743991  
-0.9323302172  
-6.47093773  
-9.736535737  
-10.12933257  
-7.923872579  
-4.143520587  
-0.2026468611  
2.559717703  
3.299262298  
1.904469458  
-1.016097307  
-4.38105684  
-7.025279667  
-8.095536576  
-7.322228263  
-5.084418573  
-2.258150834  
0.09010115755  
1.056055804  
0.1796954666  
-2.428484503  
-6.14517949  
-10.04228251  
-13.16642509  
-14.79653182  
-14.60391059  
-12.68035537  
-9.447471497  
-5.496997361  
-1.425972954  
2.280412733  
5.294018362  
7.425891392  
8.578099906  
8.704026581  
7.803308718  
5.953473763  
3.356412922  
0.3649641716  
-2.540654221  
-4.836679107  
-6.082723251  
-6.051453761  
-4.812566014  
-2.733541035  
-0.3869366381  
1.612447843  
2.790023349  
2.952858967  
2.24132526  
1.071927005  
-0.009994192744  
-0.5174718762  
-0.1846477358  
0.950450552  
2.570085223  
4.196828451  
5.364691831  
5.779531517  
5.41236583  
4.494994148  
3.423622394  
2.609525561  
2.333959264  
2.660996978  
3.438468172  
4.382802805  
5.211395589  
5.768264601  
6.091875681  
6.396897474  
6.975449169  
8.055419058  
9.671472152  
11.6013825  
13.39729707  
14.50676448  
14.44465331  
12.95691959  
10.11811009  
6.326478055  
2.195909369  
-1.620372215  
-4.615476349  
-6.562015814  
-7.549571231  
-7.916735044  
-8.104772299  
-8.486444932  
-9.231109966  
-10.25284902  
-11.25803901  
-11.87285461  
-11.80288449  
-10.96583031  
-9.54809437  
-7.963121541  
-6.723907756  
-6.2722444  
-6.822486659  
-8.273143944  
-10.21716299  
-12.04935964  
-13.1380283  
-13.00765246  
-11.47707534  
-8.712554478  
-5.182231529  
-1.528684334  
1.600491355  
3.714303779  
4.588053845  
4.295370591  
3.161081968  
1.655697072  
0.2662547507  
-0.6194779172  
-0.7869518973  
-0.214027822  
0.9604781159  
2.501467936  
4.151633606  
5.692627581  
6.978606849  
7.938147878  
8.550928926  
8.812663683  
8.704271868  
8.178707546  
7.172436516  
5.639991773  
3.601575411  
1.187406721  
-1.339406673  
-3.596537963  
-5.139113237  
-5.553561606  
-4.569719731  
-2.162061104  
1.392191988  
5.52409716  
9.463556121  
12.39776855  
13.66357481  
12.92401422  
10.27696173  
6.25686249  
1.718150079  
-2.376694295  
-5.210139698  
-6.331745517  
-5.781036689  
-4.068184156  
-2.011119624  
-0.4729492139  
-0.07820314858  
-0.9980391275  
-2.877590171  
-4.936600927  
-6.21958364  
-5.921105734  
-3.682809989  
0.2380955646  
4.992484347  
9.359323436  
12.10218596  
12.35469014  
9.912439722  
5.333437375  
-0.1938083821  
-5.18253523  
-8.283348287  
-8.690343599  
-6.390569053  
-2.176175459  
2.588144234  
6.373103581  
7.943240502  
6.724521944  
2.968296597  
-2.336941071  
-7.775150014  
-11.933885  
-13.82069239  
-13.13609699  
-10.32295531  
-6.385149219  
-2.542285575  
0.1627679075  
1.175632816  
0.5645743673  
-1.058203793  
-2.79214851  
-3.787683036  
-3.55167906  
-2.116779629  
-0.02118909492  
1.889140916  
2.764624047  
2.057141094  
-0.2769462745  
-3.742580746  
-7.449602736  
-10.38425877  
-11.71795646  
-11.05300831  
-8.528809293  
-4.759690215  
-0.6310992008  
2.974881488  
5.434448339  
6.538245449  
6.505703546  
5.862838688  
5.232332501  
5.110102261  
5.70182366  
6.868562732  
8.191692516  
9.127897551  
9.198016735  
8.146745898  
6.024583489  
3.172220771  
0.1201642009  
-2.558286275  
-4.392335851  
-5.11544305  
-4.700881974  
-3.332508659  
-1.331857318  
0.9279213668  
3.09386941  
4.875627916  
6.059002949  
6.503211695  
6.13816619  
4.972907554  
3.115064647  
0.7895749852  
-1.661267401  
-3.81175622  
-5.224838451  
-5.550637299  
-4.62566398  
-2.540644595  
0.3502883204  
3.490705692  
6.243439756  
8.042325873  
8.531958965  
7.654357341  
5.655955355  
3.011987391  
0.290620117  
-2.002227125  
-3.55060444  
-4.291246383  
-4.394765488  
-4.175170692  
-3.960301131  
-3.967657344  
-4.227247141  
-4.576602215  
-4.728363768  
-4.386422787  
-3.370126564  
-1.703325464  
0.3633526944  
2.40667146  
3.945686895  
4.581632961  
4.118559386  
2.626316569  
0.4257257579  
-1.999727298  
-4.138378615  
-5.589742128  
-6.16669022  
-5.93087812  
-5.15331471  
-4.215344115  
-3.483187151  
-3.195859742  
-3.400244891  
-3.950530454  
-4.567964828  
-4.938085552  
-4.812048471  
-4.079745849  
-2.793946067  
-1.14241488  
0.6174241923  
2.23535614  
3.529375745  
4.411829349  
4.876741197  
4.959954315  
4.694185343  
4.082241214  
3.10310805  
1.750489602  
0.08752142938  
-1.708822612  
-3.340196856  
-4.431614426  
-4.624939881  
-3.697093169  
-1.664799469  
1.164453756  
4.223237267  
6.800990024  
8.222787498  
8.042607456  
6.193500324  
3.044629292  
-0.6605247757  
-3.97617631  
-5.993945262  
-6.085040315  
-4.075959451  
-0.3059410175  
4.452154828  
9.18627043  
12.8999332  
14.85540969  
14.73805125  
12.69965773  
9.276076747  
5.211707984  
1.249442654  
-2.049117499  
-4.402981389  
-5.810434464  
-6.461615975  
-6.607161384  
-6.436400175  
-6.010400532  
-5.270886971  
-4.115249855  
-2.501526233  
-0.5354224108  
1.501903239  
3.203615928  
4.152334395  
4.06139411  
2.890027278  
0.8862598941  
-1.464953114  
-3.577722042  
-4.943820767  
-5.294905751  
-4.692187554  
-3.510185376  
-2.316241712  
-1.683242468  
-1.996659294  
-3.320206075  
-5.365653665  
-7.577822472  
-9.307110753  
-10.01255304  
-9.428336449  
-7.639490569  
-5.043794095  
-2.21558063  
0.2798933929  
2.057390436  
3.010663249  
3.309040272  
3.298137376  
3.345072963  
3.687394454  
4.342055681  
5.10737413  
5.655687929  
5.680180142  
5.038447613  
3.83595464  
2.414052756  
1.2424913  
0.7524094697  
1.169567718  
2.410101156  
4.080997562  
5.591468582  
6.341918576  
5.92838609  
4.29237746  
1.762465165  
-1.030663458  
-3.341570271  
-4.540726303  
-4.313950958  
-2.765551279  
-0.391416201  
2.069216666  
3.855297994  
4.40771051  
3.525077383  
1.405309263  
-1.434898704  
-4.33071748  
-6.670503734  
-8.061754468  
-8.411574728  
-7.903412264  
-6.888136184  
-5.735462801  
-4.701898827  
-3.861022138  
-3.115873251  
-2.281158095  
-1.197366665  
0.1717534448  
1.69853395  
3.124464106  
4.154421902  
4.575186044  
4.351149769  
3.657949583  
2.837489199  
2.287174119  
2.321277631  
3.053795912  
4.345793843  
5.838151016  
7.060707173  
7.581823743  
7.147960071  
5.766124346  
3.701851384  
1.394504346  
-0.6800438771  
-2.152040604  
-2.857971241  
-2.866685953  
-2.426918877  
-1.859399606  
-1.435379871  
-1.286517042  
-1.377569824  
-1.548800733  
-1.608195637  
-1.434684508  
-1.049428782  
-0.6244004662  
-0.4216117872  
-0.6835274136  
-1.515497846  
-2.806747061  
-4.225078737  
-5.295611122  
-5.543944074  
-4.659676214  
-2.625840364  
0.2324036511  
3.302543556  
5.833321724  
7.137118844  
6.787529183  
4.753122334  
1.426051662  
-2.46522587  
-6.036193055  
-8.469794873  
-9.221912302  
-8.153598724  
-5.556696161  
-2.069666575  
1.489970336  
4.329535763  
5.867819134  
5.859053432  
4.428249131  
2.016140151  
-0.7457123292  
-3.194461561  
-4.790334693  
-5.231390913  
-4.506573468  
-2.880493768  
-0.8181580893  
1.130734366  
2.462004491  
2.834313984  
2.149642442  
0.5800284138  
-1.46620988  
-3.43378679  
-4.748403818  
-4.95662592  
-3.845807038  
-1.513607702  
1.634039058  
4.961982154  
7.748090857  
9.357029895  
9.402772643  
7.856597802  
5.068833193  
1.693949824  
-1.465586668  
-3.658383058  
-4.374474418  
-3.476127321  
-1.233517129  
1.744762746  
4.667567463  
6.761322937  
7.460813668  
6.541160293  
4.15923951  
0.7989176181  
-2.859341719  
-6.105160764  
-8.355757303  
-9.266062805  
-8.770642188  
-7.057740828  
-4.493881255  
-1.527138966  
1.403351265  
3.932939903  
5.806298024  
6.886958675  
7.152808345  
6.687407129  
5.670627884  
4.364499741  
3.085668015  
2.157701465  
1.844317114  
2.275700288  
3.389345139  
4.909606954  
6.383338034  
7.273777022  
7.095375599  
5.555275401  
2.659423726  
-1.253297934  
-5.567196634  
-9.52802186  
-12.42901427  
-13.79320721  
-13.49837802  
-11.80605967  
-9.283803676  
-6.642191197  
-4.534367157  
-3.377859286  
-3.251539705  
-3.897141726  
-4.822083372  
-5.46886892  
-5.396501641  
-4.417137961  
-2.647299371  
-0.4615295654  
1.632028807  
3.150773751  
3.779401798  
3.450948215  
2.34641809  
0.8204150153  
-0.7160721214  
-1.9131504  
-2.561405818  
-2.612342997  
-2.1426224  
-1.285575848  
-0.1636701619  
1.148330442  
2.615588749  
4.198253467  
5.794826647  
7.206601523  
8.149152374  
8.318145809  
7.493193783  
5.644137069  
2.997177301  
0.02747548827  
-2.632276088  
-4.348460605  
-4.664307562  
-3.443117054  
-0.9281576276  
2.3053388  
5.496858043  
7.904370588  
9.004075968  
8.625150574  
6.978772697  
4.574593278  
2.053872185  
-0.005345094115  
-1.248216814  
-1.619291306  
-1.335745681  
-0.7741378261  
-0.3158082288  
-0.2080490718  
-0.4896040795  
-1.003285398  
-1.485336252  
-1.692684083  
-1.515882229  
-1.032166885  
-0.4770740503  
-0.1454229954  
-0.2608952845  
-0.8672475337  
-1.787477257  
-2.672407078  
-3.125785063  
-2.862049535  
-1.837157216  
-0.2990190313  
1.269166692  
2.300959143  
2.345944564  
1.2470495  
-0.7703218187  
-3.136482694  
-5.099510792  
-5.963739749  
-5.327722012  
-3.240397738  
-0.2177758158  
2.893036145  
5.164843457  
5.878749875  
4.757006654  
2.062808125  
-1.468880105  
-4.850898241  
-7.145829997  
-7.754568397  
-6.598893104  
-4.139232347  
-1.221657865  
1.19657556  
2.354600232  
1.92988018  
0.1375200144  
-2.343704019  
-4.593340074  
-5.74715414  
-5.275605319  
-3.155444162  
0.1175057083  
3.675281989  
6.535349394  
7.887059834  
7.319408579  
4.924440307  
1.2520111  
-2.861605615  
-6.531858226  
-9.055461115  
-10.06475335  
-9.569386259  
-7.886329381  
-5.494043466  
-2.866727352  
-0.3445179089  
1.922901284  
3.951108171  
5.835232057  
7.644157294  
9.338721262  
10.74583942  
11.59781647  
11.62150741  
10.64403664  
8.676270319  
5.943332776  
2.84980368  
-0.1110465183  
-2.476532524  
-3.926545775  
-4.355515887  
-3.884734345  
-2.813768519  
-1.527394911  
-0.3862146459  
0.3679151346  
0.6665087916  
0.616524159  
0.4522346489  
0.4524926263  
0.8473263232  
1.739497983  
3.061891775  
4.582047509  
5.953081639  
6.798621263  
6.810662381  
5.835400751  
3.924166589  
1.334432698  
-1.521993823  
-4.172654795  
-6.197125067  
-7.329093313  
-7.519413114  
-6.941092283  
-5.933108537  
-4.8978683  
-4.182000076  
-3.976538605  
-4.267923059  
-4.855950869  
-5.433316766  
-5.70037294  
-5.47565851  
-4.762530907  
-3.746250605  
-2.719820879  
-1.963164044  
-1.619343464  
-1.616012302  
-1.667247653  
-1.363730667  
-0.3266236364  
1.6259326  
4.361059319  
7.412038406  
10.07732903  
11.61667097  
11.4866243  
9.538482903  
6.107509347  
1.953761623  
-1.937754555  
-4.641739853  
-5.574036459  
-4.677758055  
-2.449043905  
0.2122364818  
2.283848373  
2.946237865  
1.845738131  
-0.7915874958  
-4.234750681  
-7.487871621  
-9.615876224  
-10.04637748  
-8.745440519  
-6.207453327  
-3.263464353  
-0.7756737996  
0.6734496383  
0.9858675245  
0.5712205132  
0.1772281025  
0.5852369457  
2.27945902  
5.211547082  
8.752403696  
11.85936165  
13.41108413  
12.6005852  
9.251254443  
3.941318114  
-2.116522467  
-7.412038922  
-10.58812632  
-10.86068751  
-8.269400319  
-3.6739478  
1.507381324  
5.735055201  
7.821818709  
7.290164005  
4.499800839  
0.5068698521  
-3.295288511  
-5.633272732  
-5.758142355  
-3.667194404  
-0.07612977321  
3.841060857  
6.850645358  
8.059234818  
7.182528279  
4.598717716  
1.178413758  
-2.040655082  
-4.215285107  
-4.967669594  
-4.474484342  
-3.349987534  
-2.372500704  
-2.158277671  
-2.903728964  
-4.290831121  
-5.591367279  
-5.934245715  
-4.641720836  
-1.515042823  
3.033658464  
8.054535988  
12.31996376  
14.68975795  
14.46426384  
11.61127935  
6.793559845  
1.187706421  
-3.848795647  
-7.159237244  
-8.102470126  
-6.709422553  
-3.641617696  
0.02658700732  
3.128774183  
4.731024072  
4.366855467  
2.122864416  
-1.435846605  
-5.463587808  
-9.086337802  
-11.63122122  
-12.77157104  
-12.55799787  
-11.3424337  
-9.631804846  
-7.922596934  
-6.565176659  
-5.690604148  
-5.209912625  
-4.874418089  
-4.371298894  
-3.424243045  
-1.873248333  
0.2825291308  
2.883732888  
5.646743832  
8.225441948  
10.28439428  
11.56843298  
11.95477315  
11.47668453  
10.31255305  
8.741064214  
7.071425497  
5.565190283  
4.370651831  
3.489737655  
2.789604533  
2.058366147  
1.089896001  
-0.2285060856  
-1.855169198  
-3.582854111  
-5.08507539  
-6.008376715  
-6.082285694  
-5.210777404  
-3.51357773  
-1.301600169  
1.006869998  
3.0019373  
4.390907204  
5.063630257  
5.093533435  
4.677157806  
4.037779906  
3.331934506  
2.596035232  
1.753932496  
0.6813468244  
-0.7008948824  
-2.346258495  
-4.052795177  
-5.503471257  
-6.367275877  
-6.425300839  
-5.672018142  
-4.347210326  
-2.877722883  
-1.742193496  
-1.303677287  
-1.671572248  
-2.64810673  
-3.786425275  
-4.546306554  
-4.495001107  
-3.479305727  
-1.700710997  
0.3422680591  
2.031984931  
2.869833319  
2.686862324  
1.742454724  
0.6626489551  
0.2267778868  
1.069544546  
3.403473311  
6.86839925  
10.57683077  
13.35803943  
14.13152339  
12.28831006  
7.946379902  
1.981360498  
-4.194041427  
-9.042509758  
-11.37723789  
-10.7422538  
-7.565945348  
-3.028317685  
1.321415052  
4.073356891  
4.421162907  
2.42245059  
-1.037326682  
-4.569279954  
-6.784743095  
-6.803897532  
-4.589367226  
-0.9820479361  
2.581579067  
4.579339164  
3.966207532  
0.5916158192  
-4.682405035  
-10.2161875  
-14.11288905  
-14.8554684  
-11.84539082  
-5.655381156  
2.099488359  
9.241084716  
13.70789918  
14.214686  
10.6746339  
4.242366267  
-3.039952422  
-8.880732233  
-11.45509489  
-9.967926415  
-4.884197864  
2.242718812  
9.282089412  
14.20434787  
15.70462345  
13.57262624  
8.698963094  
2.73043308  
-2.498550635  
-5.562879724  
-5.875279852  
-3.81423271  
-0.5250819659  
2.521786559  
4.054596953  
3.425331724  
0.7986890736  
-2.945777398  
-6.548851388  
-8.816735391  
-9.018309698  
-7.10220671  
-3.670967365  
0.2632757185  
3.643261205  
5.717637961  
6.258329273  
5.578586978  
4.360429993  
3.36675549  
3.149179947  
3.85666392  
5.206731369  
6.618467124  
7.447953423  
7.233497245  
5.860312093  
3.589446908  
0.9487822238  
-1.46542147  
-3.198363148  
-4.080695005  
-4.258842731  
-4.108768765  
-4.073509851  
-4.489895878  
-5.468894056  
-6.868914205  
-8.363418706  
-9.568784031  
-10.17876657  
-10.05494033  
-9.244954098  
-7.932247547  
-6.34815118  
-4.689339569  
-3.07601934  
-1.56338515  
-0.1915466234  
0.960419936  
1.753268146  
2.020497133  
1.649174966  
0.6752635427  
-0.6541348287  
-1.892790711  
-2.496490073  
-1.991397885  
-0.1551227854  
2.858369115  
6.506851705  
9.981898319  
12.43754667  
13.25558928  
12.25707854  
9.781375884  
6.595539756  
3.655045371  
1.79106565  
1.429832817  
2.443491124  
4.189868058  
5.734158929  
6.181023988  
5.004029527  
2.256499679  
-1.414181912  
-4.960185622  
-7.273988548  
-7.562887083  
-5.629980049  
-1.964420779  
2.392207312  
6.160599712  
8.215392755  
7.924411974  
5.325362361  
1.086929716  
-3.724922632  
-7.989340706  
-10.86238385  
-11.98826326  
-11.52788471  
-10.01048404  
-8.077273348  
-6.221379445  
-4.623867255  
-3.143790165  
-1.45761474  
0.7160771027  
3.404497175  
6.274329367  
8.683211191  
9.878805512  
9.275824393  
6.7072545  
2.550729375  
-2.326769085  
-6.797776869  
-9.805168284  
-10.68430147  
-9.366313465  
-6.392143873  
-2.732236477  
0.5261135453  
2.516955777  
2.845908979  
1.672494863  
-0.3943970537  
-2.540884904  
-4.038321352  
-4.474094581  
-3.845284589  
-2.492579201  
-0.9131477346  
0.4645443883  
1.450348866  
2.139200087  
2.820229844  
3.79134323  
5.162561329  
6.737932106  
8.035520326  
8.449147333  
7.49588933  
5.053388741  
1.487420408  
-2.394029497  
-5.560870135  
-7.08871441  
-6.482034545  
-3.874243539  
-0.02420233301  
3.901901083  
6.697477624  
7.509345876  
6.122413486  
3.033454978  
-0.7160268722  
-3.893626878  
-5.495603458  
-5.086361716  
-2.938658456  
0.07522192931  
2.8031692  
4.230506112  
3.846192623  
1.826950825  
-1.027185515  
-3.583489582  
-4.789712989  
-4.061578329  
-1.504765957  
2.109663188  
5.60941448  
7.831496628  
8.032982521  
6.154929402  
2.844416115  
-0.774047453  
-3.496659574  
-4.465783038  
-3.470316096  
-1.012796448  
1.881323908  
4.04435154  
4.600163556  
3.294408806  
0.6002208537  
-2.441810914  
-4.595860479  
-4.885057409  
-2.966524654  
0.7080953953  
5.00810988  
8.480792989  
9.830903448  
8.360045905  
4.215776773  
-1.635389181  
-7.70329773  
-12.43946083  
-14.71753452  
-14.17063194  
-11.27723376  
-7.17296948  
-3.257226598  
-0.7297423873  
-0.2117876335  
-1.573566998  
-4.017095488  
-6.377348493  
-7.533822463  
-6.792520391  
-4.114146782  
-0.1204522756  
4.113535327  
7.404465734  
8.825913846  
7.977852602  
5.082799237  
0.8919395213  
-3.554172968  
-7.224505882  
-9.360606281  
-9.630935224  
-8.146955295  
-5.358929773  
-1.884205657  
1.667383867  
4.818479571  
7.2752364  
8.91178505  
9.717919909  
9.745907296  
9.08180437  
7.846766374  
6.214222113  
4.418870027  
2.737225627  
1.434681319  
0.6932738755  
0.5484675374  
0.8649428392  
1.369235213  
1.735269385  
1.696418361  
1.144124131  
0.1747741203  
-0.9363177733  
-1.82827209  
-2.183785324  
-1.847394873  
-0.8884827272  
0.4160360923  
1.674901722  
2.518592905  
2.728634897  
2.312303427  
1.494889846  
0.6324038159  
0.07742997381  
0.04849900772  
0.551863743  
1.384514685  
2.21625656  
2.718494615  
2.689759959  
2.129623174  
1.233067624  
0.3084326351  
-0.3479786139  
-0.5708059211  
-0.3907885658  
-0.02041215527  
0.2342380405  
0.100097989  
-0.5486062276  
-1.634668944  
-2.903790573  
-4.022101549  
-4.706132091  
-4.831944207  
-4.477768266  
-3.88090602  
-3.32512773  
-3.004836185  
-2.924615336  
-2.881366757  
-2.544380937  
-1.608393011  
0.03860652202  
2.20307279  
4.384061627  
5.898016899  
6.097814278  
4.613369411  
1.525433868  
-2.599330498  
-6.838872057  
-10.18048507  
-11.83728061  
-11.50965185  
-9.497563189  
-6.616737498  
-3.938116875  
-2.432450283  
-2.638197049  
-4.467014324  
-7.216974836  
-9.793902717  
-11.06945886  
-10.2563676  
-7.173745401  
-2.312109655  
