-4.431973005  
-3.295067379  
-1.102707623  
1.718706051  
4.544334811  
6.726977232  
7.794346732  
7.602080944  
6.388059953  
4.704152351  
3.24180249  
2.604515049  
3.100370214  
4.624019965  
6.670511003  
8.481065845  
9.277679089  
8.513020188  
6.055542318  
2.248965809  
-2.174917775  
-6.304196261  
-9.310571277  
-10.68562904  
-10.37524843  
-8.770685436  
-6.561464254  
-4.499801347  
-3.15471198  
-2.736418408  
-3.047737471  
-3.576611638  
-3.696903747  
-2.908668014  
-1.036155795  
1.684030717  
4.65552096  
7.099517465  
8.299367648  
7.832335313  
5.712544369  
2.398140024  
-1.339908115  
-4.644867849  
-6.823997886  
-7.541358681  
-6.89386717  
-5.349888532  
-3.574949143  
-2.205324666  
-1.645595725  
-1.955737176  
-2.861157729  
-3.876463289  
-4.495275886  
-4.377356848  
-3.467393413  
-2.00571774  
-0.4305189167  
0.7901165339  
1.333447298  
1.13991013  
0.4303844086  
-0.3831932938  
-0.8605661617  
-0.7085814463  
0.09697267747  
1.290664909  
2.408965443  
2.963732784  
2.635962555  
1.418241555  
-0.3498340881  
-2.072398331  
-3.088575588  
-2.901329117  
-1.364673598  
1.23876856  
4.262434149  
6.887111728  
8.379015042  
8.329829121  
6.797467692  
4.297680827  
1.645791955  
-0.3018601577  
-0.9228741333  
-0.02977130996  
2.069451456  
4.671297743  
6.904200556  
8.008235874  
7.575219088  
5.671455426  
2.805382691  
-0.2456429498  
-2.688871446  
-3.964508983  
-3.907812995  
-2.775479343  
-1.134143381  
0.3448099943  
1.110452921  
0.9009059681  
-0.1978064655  
-1.814763742  
-3.44803613  
-4.64843831  
-5.165468579  
-5.005918798  
-4.390977322  
-3.636540644  
-3.009308125  
-2.617858458  
-2.381583237  
-2.087574502  
-1.509510908  
-0.5370954106  
0.7402828616  
2.034412409  
2.948894175  
3.128366669  
2.409755934  
0.9149866033  
-0.9561181816  
-2.63792805  
-3.581737286  
-3.446551948  
-2.229393597  
-0.2856008357  
1.772465584  
3.267016313  
3.672689011  
2.786344838  
0.790681362  
-1.809608263  
-4.35579331  
-6.247768022  
-7.127284023  
-6.969606629  
-6.055428533  
-4.838550524  
-3.761957163  
-3.092069098  
-2.832109017  
-2.744240907  
-2.468272666  
-1.688181673  
-0.2800472757  
1.617185569  
3.636535241  
5.310791445  
6.244493759  
6.263726798  
5.485281018  
4.277191762  
3.124203069  
2.448493972  
2.453869985  
3.053457349  
3.909572974  
4.571527384  
4.65893093  
4.019489489  
2.798680005  
1.391568866  
0.2921985739  
-0.1034800366  
0.3349091462  
1.401737849  
2.614641132  
3.387365086  
3.255638824  
2.072227597  
0.09487778037  
-2.072672206  
-3.673468498  
-4.060568162  
-2.938632847  
-0.4955582106  
2.627961144  
5.527022363  
7.319068986  
7.432056068  
5.795296334  
2.866367207  
-0.5162990554  
-3.405295163  
-5.04783451  
-5.118024934  
-3.800809323  
-1.703296781  
0.3702493857  
1.69693638  
1.868360215  
0.8990648994  
-0.8211558733  
-2.704851407  
-4.201621181  
-4.99895476  
-5.114593867  
-4.849998398  
-4.629511719  
-4.794352777  
-5.437833475  
-6.351224168  
-7.105225973  
-7.236805876  
-6.466947729  
-4.858854873  
-2.845793443  
-1.106041402  
-0.3221792819  
-0.9100966265  
-2.820921378  
-5.498380692  
-8.020908626  
-9.390740274  
-8.875547658  
-6.283241971  
-2.067991931  
2.779542874  
7.030623632  
9.610931738  
9.956216884  
8.208447221  
5.181197353  
2.100136091  
0.201331505  
0.3196720045  
2.604799444  
6.46034049  
10.72797475  
14.05636269  
15.33388798  
14.0440245  
10.42948644  
5.415790914  
0.3244315822  
-3.527134026  
-5.208507314  
-4.423756496  
-1.55443382  
2.50076453  
6.623416305  
9.804876933  
11.40203154  
11.24825951  
9.604292311  
6.98929106  
3.968328545  
0.9773338088  
-1.758506552  
-4.200285293  
-6.395655958  
-8.361725939  
-10.00937874  
-11.14416864  
-11.5417768  
-11.06109009  
-9.740162515  
-7.826689725  
-5.722327698  
-3.857699791  
-2.546371791  
-1.8781076  
-1.698547288  
-1.688763759  
-1.516901167  
-1.002041237  
-0.2211859295  
0.4913625427  
0.6624377919  
-0.1208992813  
-2.004921822  
-4.738654375  
-7.68041048  
-9.9555406  
-10.72337539  
-9.466842518  
-6.202880664  
-1.532497109  
3.499242199  
7.69827093  
10.08089762  
10.18058725  
8.198500381  
4.94373389  
1.57844394  
-0.75130779  
-1.279140548  
0.1425084661  
3.005326634  
6.320618669  
8.947246959  
9.962331896  
8.952759835  
6.13442069  
2.265473963  
-1.610957904  
1.360397073  
-1.311317496  
-4.623670238  
-7.646548917  
-9.556901838  
-9.897846362  
-8.709009972  
-6.489871335  
-4.015867684  
-2.075783706  
-1.222043867  
-1.615951875  
-3.012588545  
-4.879348017  
-6.596658714  
-7.665006328  
-7.846522519  
-7.198770818  
-6.000941934  
-4.611850747  
-3.320744714  
-2.249035215  
-1.336130522  
-0.4065253708  
0.7172855461  
2.108062336  
3.67993609  
5.209826194  
6.423823114  
7.110448274  
7.211226601  
6.84829838  
6.275268133  
5.769908893  
5.512913601  
5.50446747  
5.556851666  
5.371203298  
4.671824791  
3.345826542  
1.530119824  
-0.3948494378  
-1.910895201  
-2.534687065  
-1.996185324  
-0.3556863192  
1.988535379  
4.411665669  
6.258622074  
7.058104007  
6.678050162  
5.364925494  
3.649914619  
2.153246801  
1.356018352  
1.422395  
2.1386341  
2.993901963  
3.376311201  
2.814323507  
1.175060152  
-1.25580652  
-3.846758549  
-5.825291358  
-6.545800879  
-5.726339774  
-3.568352027  
-0.7126877149  
1.958108253  
3.606802938  
3.720694  
2.286826923  
-0.198592524  
-2.891929271  
-4.881719271  
-5.492246271  
-4.508846385  
-2.249431773  
0.5408704665  
2.935150392  
4.12677192  
3.686971002  
1.693964034  
-1.30530856  
-4.482595054  
-6.997380228  
-8.255429951  
-8.072207585  
-6.69264802  
-4.669827027  
-2.652885726  
-1.162633216  
-0.4327129258  
-0.3665696743  
-0.6166313257  
-0.7485189497  
-0.4250288321  
0.4585335662  
1.734535847  
3.028247888  
3.898829695  
4.000662746  
3.20513329  
1.640657671  
-0.3588605216  
-2.372676179  
-4.031050964  
-5.120228904  
-5.618187109  
-5.653704864  
-5.411813335  
-5.028933313  
-4.523534399  
-3.792221195  
-2.673444904  
-1.052394602  
1.037595675  
3.362496349  
5.511920093  
6.999585713  
7.409492653  
6.538308605  
4.483090123  
1.640582658  
-1.386036892  
-3.945641878  
-5.513369525  
-5.825947605  
-4.937163117  
-3.179459714  
-1.048577993  
0.9480568918  
2.429519284  
3.224809768  
3.38175959  
3.108248904  
2.674328349  
2.313606394  
2.157416583  
2.218979354  
2.42403674  
2.667454033  
2.868273199  
3.000341861  
3.08915348  
3.181594619  
3.306913759  
3.449898803  
3.550093473  
3.527601415  
3.322706916  
2.929290816  
2.404202882  
1.845705129  
1.349035017  
0.9593506571  
0.6460201091  
0.3148987688  
-0.1408690506  
-0.7694384936  
-1.499221262  
-2.120178637  
-2.326654475  
-1.817812614  
-0.4265425524  
1.769442769  
4.401975091  
6.862771281  
8.449149421  
8.569409402  
6.945821451  
3.745979313  
-0.4100742827  
-4.583116325  
-7.75919003  
-9.137010671  
-8.371172095  
-5.692736773  
-1.863895868  
2.025820508  
4.864093221  
5.830296558  
4.624599283  
1.542330766  
-2.627368589  
-6.844508296  
-10.12502912  
-11.81545521  
-11.75260942  
-10.26508775  
-8.02556959  
-5.810446951  
-4.250180667  
-3.651756939  
-3.945383687  
-4.762203793  
-5.60440982  
-6.039734264  
-5.848299253  
-5.071963913  
-3.955466966  
-2.810233129  
-1.860256325  
-1.134794828  
-0.4529873763  
0.4914377343  
1.977483207  
4.096932386  
6.653599629  
9.168743694  
11.00146563  
11.54974389  
10.46535833  
7.806413553  
4.068769183  
0.07677865918  
-3.238616242  
-5.106930074  
-5.145217952  
-3.471117484  
-0.6637728555  
2.415964452  
4.888820819  
6.119467242  
5.894535867  
4.461362193  
2.418880202  
0.5007417275  
-0.674856158  
-0.8050646159  
0.01262923052  
1.334816089  
2.543153174  
3.07050398  
2.603873192  
1.195536423  
-0.753527829  
-2.629864647  
-3.815192425  
-3.894239006  
-2.793070456  
-0.8030409844  
1.515284663  
3.513863426  
4.662743352  
4.711575843  
3.755804243  
2.189311554  
0.563165404  
-0.5998312012  
-0.9726559048  
-0.5198683752  
0.5062927903  
1.663852101  
2.477048638  
2.597154462  
1.916048527  
0.5981993551  
-0.9753399614  
-2.329085073  
-3.040048529  
-2.862965935  
-1.797435343  
-0.08111871045  
1.882980887  
3.638194186  
4.789185179  
5.088107608  
4.472695305  
3.054209544  
1.06829708  
-1.1899568  
-3.425660821  
-5.384731317  
-6.872343977  
-7.755381704  
-7.959412922  
-7.469265821  
-6.336084805  
-4.686383247  
-2.723536038  
-0.7120282152  
1.059967654  
2.335480886  
2.94818293  
2.868508619  
2.219654132  
1.254187132  
0.2936148242  
-0.3547275059  
-0.4807915643  
-0.03091562039  
0.8750809084  
1.974702718  
2.933314328  
3.434386174  
3.263716043  
2.363949324  
0.8449591725  
-1.051027654  
-3.017366575  
-4.762683621  
-6.078688492  
-6.877517416  
-7.190402861  
-7.131949428  
-6.844754884  
-6.444344492  
-5.983057821  
-5.444069098  
-4.765910749  
-3.887062376  
-2.793030355  
-1.54711452  
-0.2912510706  
0.7867055678  
1.5110119  
1.783476924  
1.633788652  
1.234870099  
0.8726598094  
0.8734624955  
1.506084936  
2.886203487  
4.913087052  
7.262432749  
9.44479168  
10.92016078  
11.24143803  
10.18781188  
7.848140343  
4.625243102  
1.152671099  
-1.859314517  
-3.809557099  
-4.371888211  
-3.59140956  
-1.878404844  
0.1045249291  
1.634880857  
2.149243336  
1.424432932  
-0.3360582272  
-2.541975476  
-4.377518059  
-5.041670702  
-3.998970386  
-1.165271001  
3.030980089  
7.736355261  
11.88926451  
14.50638383  
14.95586643  
13.13602655  
9.504640878  
4.948084144  
0.5279609165  
-2.819363469  
-4.5399389  
-4.598570696  
-3.454042748  
-1.883021498  
-0.709858048  
-0.5289237008  
-1.508303545  
-3.337411698  
-5.334931551  
-6.681880579  
-6.704315689  
-5.114102753  
-2.129545474  
1.563912115  
5.001563438  
7.217376642  
7.525373129  
5.717661608  
2.119898145  
-2.509245807  
-7.198969545  
-11.03570279  
-13.39711244  
-14.08219235  
-13.30589853  
-11.57201983  
-9.476571155  
-7.512926557  
-5.943678336  
-4.776001177  
-3.837750703  
-2.914914061  
-1.890352685  
-0.8259768057  
0.04565565738  
0.4179489236  
0.05713879128  
-1.059910892  
-2.675650357  
-4.285229311  
-5.271668592  
-5.102773348  
-3.524037584  
-0.6785456173  
2.894015239  
6.388267059  
8.959260356  
9.975408883  
9.217883797  
6.960620005  
3.901564611  
0.9628752322  
-0.9802991356  
-1.359295853  
-0.07961959937  
2.454866636  
5.468069647  
8.048439891  
9.422853632  
9.183838591  
7.402192442  
4.59362813  
1.55333854  
-0.887987031  
-2.111080713  
-1.884137585  
-0.418120795  
1.710638985  
3.742792339  
4.966044393  
4.92460942  
3.54904092  
1.173094029  
-1.562286734  
-3.886888171  
-5.109834596  
-4.803033072  
-2.913805858  
0.2179171522  
3.937427908  
7.425349792  
9.882512871  
10.70724692  
9.627297334  
6.760259999  
2.591981833  
-2.121258924  
-6.506569109  
-9.75332505  
-11.28097475  
-10.86066319  
-8.663570835  
-5.223014491  
-1.315698142  
2.213530099  
4.644058365  
5.543123362  
4.859428149  
2.921624099  
0.3406090721  
-2.159516414  
-3.936623443  
-4.598463414  
-4.096795585  
-2.722197871  
-1.002861291  
0.4609376493  
1.176189887  
0.8965536485  
-0.3184505852  
-2.138727268  
-4.077535086  
-5.643965194  
-6.483368011  
-6.461737947  
-5.671181239  
-4.361905168  
-2.831368314  
-1.314898454  
0.08092087151  
1.378814298  
2.66866304  
4.011139465  
5.349996006  
6.473844838  
7.050196872  
6.726855284  
5.268322825  
2.678179418  
-0.7410401233  
-4.420451552  
-7.649315475  
-9.758567667  
-10.30797384  
-9.216920786  
-6.794564921  
-3.656245582  
-0.5495513197  
1.856945561  
3.15675568  
3.303600564  
2.595351049  
1.551452095  
0.7257784765  
0.5170149336  
1.038219043  
2.086700299  
3.221672841  
3.921850655  
3.769691713  
2.60156306  
0.5755513938  
-1.863789423  
-4.111118499  
-5.575808975  
-5.852602165  
-4.836475972  
-2.750028647  
-0.0793654287  
2.558525188  
4.576008026  
5.55744014  
5.348264648  
4.072989854  
2.085370598  
-0.1290258245  
-2.069087504  
-3.324945213  
-3.654364474  
-3.018312026  
-1.575016542  
0.3613783991  
2.388012927  
4.095366741  
5.152143944  
5.379472498  
4.799622538  
3.645152408  
2.319240528  
1.307727176  
1.056747661  
1.843154827  
3.67314242  
6.243208242  
8.984834923  
11.19208341  
12.20552305  
11.60464194  
9.352122043  
5.841507325  
1.82437954  
-1.772204998  
-4.092947406  
-4.59803048  
-3.23176181  
-0.4629161916  
2.82075589  
5.538970775  
6.705290463  
5.69384754  
2.411945378  
-2.668731441  
-8.628584009  
-14.32865541  
-18.68559618  
-20.91785382  
-20.70083431  
-18.19908658  
-13.98042263  
-8.848899092  
-3.650831198  
0.8929068805  
4.291981264  
6.317877265  
6.974087651  
6.432630954  
4.966147364  
2.895491348  
0.5577705156  
-1.713261717  
-3.608190755  
-4.874232104  
-5.358047204  
-5.04648874  
-4.085960917  
-2.763712337  
-1.446227628  
-0.4866548037  
-0.1279748745  
-0.4344931279  
-1.27773877  
-2.385140696  
-3.437074069  
-4.178602484  
-4.504578921  
-4.484679919  
-4.316453801  
-4.22227295  
-4.329657961  
-4.584169885  
-4.735097565  
-4.408478106  
-3.248338004  
-1.077641944  
1.982760472  
5.489680199  
8.769977684  
11.11060201  
11.98890922  
11.26521476  
9.265546279  
6.714991707  
4.531141377  
3.536590741  
4.181756011  
6.371930306  
9.463003418  
12.43707856  
14.20949694  
13.97278808  
11.46698248  
7.086143571  
1.782061029  
-3.208462828  
-6.728370617  
-8.041677451  
-7.042738902  
-4.267554087  
-0.7058483202  
2.522365245  
4.518480766  
4.870428646  
3.747242551  
1.797480465  
-0.1078429667  
-1.19580426  
-1.06423511  
0.1860167779  
2.001629475  
3.588732516  
4.209308154  
3.456919514  
1.414883686  
-1.358432063  
-4.012458801  
-5.692902099  
-5.837383967  
-4.377839294  
-1.78118128  
1.085674918  
3.222008219  
3.803763646  
2.438531604  
-0.7145391285  
-4.993967483  
-9.433475907  
-13.04119182  
-15.07168957  
-15.20953231  
-13.61595101  
-10.83647338  
-7.610440836  
-4.649977731  
-2.458149862  
-1.235804645  
-0.8922995105  
-1.14015948  
-1.629404411  
-2.071090567  
-2.311320372  
-2.340453742  
-2.247644768  
-2.148670568  
-2.11984765  
-2.162552657  
-2.206437985  
-2.142489964  
-1.866486189  
-1.31275949  
-0.4665665743  
0.6440593725  
1.965683028  
3.431239673  
4.956592726  
6.423275325  
7.660237568  
8.443153132  
8.526159678  
7.708161572  
5.918563797  
3.293021765  
0.2051393995  
-2.771136744  
-4.972844218  
-5.811262392  
-4.942896547  
-2.394591031  
1.402584246  
5.691095904  
9.562585046  
12.18544936  
13.01927955  
11.95238508  
9.320699969  
5.802452573  
2.221543618  
-0.679451986  
-2.427442751  
-2.913380573  
-2.370312248  
-1.250549436  
-0.04958809  
0.8608224116  
1.335155135  
1.462554275  
1.486611071  
1.673248637  
2.180451061  
2.980208608  
3.861476216  
4.510961513  
4.638715574  
4.098341327  
2.953705822  
1.464367616  
-0.006990151174  
-1.131661675  
-1.744888574  
-1.917968134  
-1.941592403  
-2.221516932  
-3.120320997  
-4.800556562  
-7.126982514  
-9.667476735  
-11.79946123  
-12.89242579  
-12.50966152  
-10.56343036  
-7.370552557  
-3.586104715  
-0.03147138677  
2.533171815  
3.62354751  
3.168054445  
1.525038442  
-0.6247535872  
-2.478390219  
-3.344291466  
-2.840942511  
-1.004220617  
1.725375015  
4.629058126  
6.911212231  
7.917874898  
7.311834752  
5.158468141  
1.902809638  
-1.751564061  
-5.025784069  
-7.260688377  
-8.072873112  
-7.433804541  
-5.655700163  
-3.292138518  
-0.9825366406  
0.7176737838  
1.477323098  
1.265239265  
0.3436050406  
-0.817686894  
-1.682034225  
-1.804531413  
-0.9650329129  
0.7607179346  
3.012460898  
5.237741489  
6.84127969  
7.35066542  
6.551906766  
4.555593376  
1.773414762  
-1.189453005  
-3.695688173  
-5.243873802  
-5.593736102  
-4.81173251  
-3.224833377  
-1.29920801  
0.5155346399  
1.924987526  
2.866087294  
3.496701448  
4.104603803  
4.969776804  
6.23068311  
7.804065094  
9.389179544  
10.55721025  
10.89547019  
10.15521558  
8.349018499  
5.76056073  
2.860674952  
0.1575774377  
-1.965736055  
-3.367771041  
-4.174806331  
-4.705772613  
-5.32211914  
-6.258525536  
-7.500119353  
-8.757421929  
-9.555799158  
-9.413410709  
-8.046115937  
-5.522911748  
-2.307960775  
0.8378691998  
3.073817605  
3.747908388  
2.627568924  
0.009439002667  
-3.337693447  
-6.3880543  
-8.168908875  
-8.066967994  
-6.029820601  
-2.592581424  
1.283813974  
4.513766023  
6.231348313  
6.065632874  
4.256373772  
1.571606589  
-0.9458297315  
-2.319178044  
-1.95386372  
0.1742374824  
3.517774686  
7.14041957  
10.01835078  
11.35824916  
10.82695273  
8.621310343  
5.363502103  
1.867208206  
-1.137785085  
-3.224766731  
-4.360099274  
-4.841052953  
-5.115006112  
-5.556187303  
-6.289441792  
-7.130105197  
-7.662969398  
-7.428793069  
-6.144242386  
-3.866488679  
-1.032682163  
1.649552354  
3.428317034  
3.772336033  
2.578297881  
0.2411027666  
-2.446294159  
-4.53700042  
-5.239650878  
-4.188978914  
-1.583591022  
1.859563241  
5.122926166  
7.20858918  
7.456064311  
5.752948615  
2.569625446  
-1.191933573  
-4.483517011  
-6.434954184  
-6.611419017  
-5.122901326  
-2.556397801  
0.2388863025  
2.435827826  
3.486333122  
3.268527943  
2.08332404  
0.5129127674  
-0.8002098777  
-1.371969819  
-1.018314667  
0.1224438174  
1.682912264  
3.230406905  
4.433584216  
5.168076304  
5.524811413  
5.724639654  
5.979808533  
6.362825857  
6.739249776  
6.794880775  
6.15015127  
4.519469071  
1.854416058  
-1.586174323  
-5.270476913  
-8.52582452  
-10.72664446  
-11.47541174  
-10.7157356  
-8.740085635  
-6.091159192  
-3.391923354  
-1.162492939  
0.3158931839  
1.048410535  
1.276681694  
1.356241416  
1.609641615  
2.208258647  
3.121626749  
4.145852514  
4.993265272  
5.40467109  
5.240715428  
4.52057956  
3.399195737  
2.098640419  
0.8259579659  
-0.2879091999  
-1.205203233  
-1.95222176  
-2.562380489  
-3.021794986  
-3.246168238  
-3.103395872  
-2.475246746  
-1.332590997  
0.2099753794  
1.888477901  
3.343101075  
4.217302572  
4.269163961  
3.454048175  
1.945863345  
0.08586316928  
-1.725266316  
-3.154263108  
-4.03514999  
-4.405319628  
-4.464659279  
-4.473867956  
-4.63192698  
-4.98164144  
-5.382218134  
-5.562337995  
-5.23544048  
-4.23315907  
-2.603296212  
-0.6297754974  
1.239768039  
2.537746182  
2.941697016  
2.399288087  
1.163357945  
-0.2817814383  
-1.381783426  
-1.706431676  
-1.106602179  
0.2256145922  
1.820186018  
3.097918572  
3.586966689  
3.108842162  
1.863118128  
0.3737027109  
-0.6915356488  
-0.7691423026  
0.3702385382  
2.495695632  
4.946112367  
6.816931645  
7.249376938  
5.729720226  
2.298257978  
-2.406419401  
-7.290567744  
-11.09803487  
-12.76557239  
-11.73227331  
-8.108199906  
-2.651199364  
3.439460509  
8.848143151  
12.48798076  
13.76549815  
12.69336225  
9.829834293  
6.076741499  
2.407218133  
-0.3915059024  
-1.888940717  
-2.059066881  
-1.21038782  
0.1614515216  
1.541341559  
2.529872006  
2.914349207  
2.671775982  
1.923318517  
0.8705785835  
-0.2597569499  
-1.250453258  
-1.911318893  
-2.093978615  
-1.717142126  
-0.8047351974  
0.4761163974  
1.801377971  
2.72477276  
2.771166358  
1.575512351  
-0.9700386958  
-4.612607711  
-8.726639371  
-12.4181167  
-14.73246598  
-14.91531295  
-12.64960783  
-8.190951834  
-2.34802588  
3.69920627  
8.698873168  
11.65892018  
12.1111918  
10.22570349  
6.738393234  
2.714494637  
-0.7775202302  
-2.977830267  
-3.63486348  
-3.032458487  
-1.842405922  
-0.8581377459  
-0.7037745178  
-1.618351167  
-3.386445033  
-5.43375363  
-7.048196139  
-7.644144828  
-6.974336522  
-5.215009843  
-2.896843433  
-0.7102309127  
0.7419769713  
1.153664721  
0.611639787  
-0.4535124564  
-1.440491313  
-1.807656754  
-1.274103169  
0.0831019914  
1.87030005  
3.53969429  
4.609630036  
4.85758445  
4.410739667  
3.697446322  
3.275551531  
3.600980288  
4.824476382  
6.696420445  
8.621575217  
9.851085346  
9.747499686  
8.029243418  
4.904827081  
1.04339767  
-2.615251608  
-5.151441509  
-5.96050254  
-4.951677435  
-2.582118642  
0.2874483572  
2.668345613  
3.759407536  
3.197715345  
1.162772956  
-1.697494295  
-4.490201793  
-6.37240664  
-6.817686599  
-5.767488859  
-3.622402109  
-1.084329733  
1.089400186  
2.332130226  
2.431028889  
1.557634865  
0.1653203213  
-1.199839958  
-2.100482326  
-2.347679077  
-2.032325369  
-1.444762071  
-0.9217869026  
-0.6863371392  
-0.7454527545  
-0.8873068859  
-0.7778809863  
-0.1178996639  
1.2037883  
3.023989657  
4.924712925  
6.356920468  
6.826482989  
6.075118335  
4.188579576  
1.589175755  
-1.088960238  
-3.200794904  
-4.297940475  
-4.269686672  
-3.367209401  
-2.10201028  
-1.0545253  
-0.6613346614  
-1.05747231  
-2.031017384  
-3.107081613  
-3.731842508  
-3.49076157  
-2.281901796  
-0.3800052618  
1.635078679  
3.064455514  
3.328561326  
2.176172568  
-0.2092128342  
-3.244865224  
-6.117775296  
-8.033404708  
-8.463305105  
-7.310534301  
-4.938705791  
-2.055306383  
0.5125428142  
2.077153467  
2.301163678  
1.294075794  
-0.4338943379  
-2.142882172  
-3.102518809  
-2.822562478  
-1.203644041  
1.435641908  
4.459008481  
7.104326699  
8.705153726  
8.874376682  
7.598068475  
5.218143435  
2.317260889  
-0.4524876439  
-2.542543922  
-3.632604217  
-3.676677397  
-2.866871704  
-1.536402538  
-0.03921223398  
1.353927817  
2.512935243  
3.447950758  
4.259046298  
5.05931906  
5.900742126  
6.728507261  
7.378298539  
7.61627625  
7.208306234  
5.996761761  
3.96204085  
1.251197993  
-1.834266813  
-4.888420525  
-7.47641279  
-9.217652611  
-9.857985854  
-9.315785337  
-7.693576994  
-5.254729642  
-2.372281224  
0.5378486536  
3.084803116  
4.958736797  
5.965749175  
6.038681806  
5.226549742  
3.669833257  
1.570579269  
-0.8350106531  
-3.297445793  
-5.568695024  
-7.414777153  
-8.631179221  
-9.064109278  
-8.636169035  
-7.370119596  
-5.401091925  
-2.968061114  
-0.3799849575  
2.03998508  
4.020306684  
5.398904784  
6.154617706  
6.399835038  
6.333217918  
6.164818967  
6.036506613  
5.96446246  
5.825387573  
5.394796596  
4.428362955  
2.761516431  
0.3940030719  
-2.471377347  
-5.453236247  
-8.076389948  
-9.893381906  
-10.60551042  
-10.14439094  
-8.686840331  
-6.597190305  
-4.315489853  
-2.228481058  
-0.5664797569  
0.6395085984  
1.52720676  
2.312048497  
3.170854466  
4.14529503  
5.103808999  
5.779818627  
5.875685293  
5.195994782  
3.760004946  
1.847027247  
-0.05039696618  
-1.359106246  
-1.605852198  
-0.5878962401  
1.525397328  
4.199940812  
6.659593702  
8.093085015  
7.885397608  
5.803717243  
2.080203518  
-2.635278052  
-7.43950143  
-11.40859891  
-13.83021965  
-14.36784502  
-13.11278704  
-10.51532467  
-7.223823843  
-3.887211283  
-0.9838280909  
1.273265083  
2.932806676  
4.21552839  
5.377457775  
6.578346601  
7.801619953  
8.851295173  
9.423025983  
9.220767871  
8.076142455  
6.028542542  
3.339116344  
0.435046833  
-2.196406749  
-4.129572107  
-5.100438409  
-5.057409141  
-4.152614022  
-2.682574736  
-1.001202469  
0.5670483744  
1.790439291  
2.55743352  
2.869220907  
2.80828555  
2.498311422  
2.068727879  
1.631222421  
1.268593327  
1.031743838  
0.9397371261  
0.9802380533  
1.111285243  
1.267770082  
1.375358253  
1.371191858  
1.225954554  
0.958506245  
0.6345788385  
0.3456187626  
0.1716164671  
0.1396392998  
0.1942680358  
0.194737901  
-0.05413757754  
-0.7419807747  
-1.980376919  
-3.741611445  
-5.831693848  
-7.911696348  
-9.566499217  
-10.40436241  
-10.15950891  
-8.767567198  
-6.391183907  
-3.388062447  
-0.2310605218  
2.596097145  
4.698135415  
5.837185741  
5.957729357  
5.168834068  
3.697484772  
1.832614753  
-0.1230325766  
-1.884715042  
-3.203261499  
-3.877852493  
-3.774296164  
-2.852913083  
-1.200020119  
0.9520936221  
3.23476887  
5.194288276  
6.383217327  
6.473152398  
5.356840893  
3.204209933  
0.4462980203  
-2.318156127  
-4.473172317  
-5.551180302  
-5.362958781  
-4.048821777  
-2.031421818  
0.1176695539  
1.85601075  
2.834943612  
2.99582013  
2.565109378  
1.95021271  
1.572697323  
1.698497051  
2.326838888  
3.179773196  
3.798810248  
3.716376293  
2.641683116  
0.5933804843  
-2.071604182  
-4.748052764  
-6.76426833  
-7.59531881  
-7.034627261  
-5.263805524  
-2.795087831  
-0.3047748984  
1.585916045  
2.507742738  
2.451013037  
1.748301078  
0.9406493016  
0.5763272402  
1.01421377  
2.300900714  
4.16294385  
6.113530192  
7.631424411  
8.344796566  
8.15222245  
7.237920026  
5.978864958  
4.782248962  
3.918027631  
3.412673013  
3.046420508  
2.455997368  
1.303325845  
-0.5562761711  
-2.974660719  
-5.523899882  
-7.623433466  
-8.738707708  
-8.579212078  
-7.220569777  
-5.100531239  
-2.883617161  
-1.237929349  
-0.6019886583  
-1.0264168  
-2.15122613  
-3.332286071  
-3.876760737  
-3.306241942  
-1.553295559  
0.9823677117  
3.544272811  
5.263933344  
5.45919354  
3.883943777  
0.8409958962  
-2.885096611  
-6.257601668  
-8.306093304  
-8.429325743  
-6.582214186  
-3.285281123  
0.5456516459  
3.891584922  
5.946425541  
6.352639761  
5.281111868  
3.333744842  
1.307581752  
-0.09512141458  
-0.5104725686  
-0.02840850558  
0.8558032562  
1.433038238  
1.045722868  
-0.6649850123  
-3.613594283  
-7.272962627  
-10.82105194  
-13.38013226  
-14.26891052  
-13.18796569  
-10.28518496  
-6.090085322  
-1.348659009  
3.180918836  
6.905279136  
9.496057811  
10.89561958  
11.24506179  
10.77544507  
9.709664346  
8.210327064  
6.3846059  
4.331059508  
2.195893261  
0.2037325965  
-1.35927199  
-2.210052622  
-2.158793991  
-1.189296396  
0.5048295033  
2.547596705  
4.468244695  
5.823299812  
6.314341134  
5.863534048  
4.623327542  
2.919041928  
1.145211656  
-0.3493395521  
-1.351176629  
-1.821064298  
-1.875057439  
-1.720325567  
-1.571565634  
-1.576992713  
-1.77603018  
-2.097423389  
-2.392341246  
-2.487075272  
-2.237098163  
-1.568106019  
-0.4971438586  
0.8658194838  
2.331527907  
3.656063037  
4.574746935  
4.84552741  
4.300785068  
2.901398549  
0.7798774945  
-1.745490945  
-4.202159768  
-6.047409914  
-6.795139281  
-6.156858679  
-4.155224484  
-1.16766979  
2.127853462  
4.905178621  
6.407659284  
6.171681575  
4.186045574  
0.9295852465  
-2.737242679  
-5.805746407  
-7.413641774  
-7.112068821  
-5.018542117  
-1.800841143  
1.511561586  
3.836134525  
4.372330821  
2.857228084  
-0.3418891244  
-4.331138619  
-7.960229565  
-10.17520551  
-10.34198077  
-8.437597363  
-5.04874305  
-1.179765393  
2.065866438  
3.826247018  
3.734162629  
2.00379736  
-0.6711960551  
-3.367813477  
-5.243909014  
-5.803645367  
-5.03236864  
-3.362463225  
-1.490393241  
-0.1146926195  
0.3116844377  
-0.2693893845  
-1.516488943  
-2.822479623  
-3.533489957  
-3.17315797  
-1.595163268  
0.9831915458  
4.068932135  
7.062807674  
9.44444261  
10.90762133  
11.40399995  
11.09141836  
10.21936952  
9.005740809  
7.557684429  
5.867196797  
3.878131248  
1.589879372  
-0.8535747181  
-3.135476771  
-4.820693417  
-5.48014039  
-4.842264595  
-2.914328523  
-0.02396538587  
3.24127734  
6.181959681  
8.175663781  
8.844456459  
8.145622182  
6.35747472  
3.969108026  
1.516157725  
-0.5783440878  
-2.104017535  
-3.074968448  
-3.658925984  
-4.060199925  
-4.408461067  
-4.699606633  
-4.810896636  
-4.57994038  
-3.909435968  
-2.848022053  
-1.607081245  
-0.500275442  
0.1738922824  
0.2596904788  
-0.1729899382  
-0.8311336731  
-1.294886723  
-1.178162996  
-0.2954904228  
1.230581483  
2.969347181  
4.299371757  
4.609819322  
3.518219227  
1.026995324  
-2.440859733  
-6.145590059  
-9.243381684  
-11.03763956  
-11.18349369  
-9.775765859  
-7.291768844  
-4.412232731  
-1.787194845  
0.1673917693  
1.369495347  
2.034810977  
2.52463551  
3.143006866  
3.968346814  
4.791773683  
5.192295756  
4.723810018  
3.141381045  
0.5733612936  
-2.439063073  
-5.066476576  
-6.449476183  
-6.005438749  
-3.673006702  
0.002309654631  
3.986800403  
7.05592807  
8.179011336  
6.863497307  
3.338621037  
-1.491196006  
-6.31583398  
-9.827336364  
-11.13181469  
-10.02677322  
-7.049148428  
-3.276897857  
0.04837233885  
1.948134069  
2.035852598  
0.6346120692  
-1.356588309  
-2.800073955  
-2.74112445  
-0.7650092264  
2.837055147  
7.152547035  
10.95433572  
13.1225403  
13.03383239  
10.78127961  
7.146814833  
3.334762435  
0.5583417825  
-0.3774146013  
0.6485755408  
3.034955364  
5.670511441  
7.324824662  
7.082702943  
4.673266196  
0.5809916605  
-4.099237959  
-8.014147783  
-9.992727198  
-9.42861557  
-6.478621358  
-2.014651265  
2.651252396  
6.175429548  
7.59064493  
6.584485673  
3.565744382  
-0.4918691157  
-4.36798331  
-6.967267058  
-7.626518116  
-6.268258451  
-3.367714896  
0.2381287831  
3.623898567  
6.038405884  
7.078011495  
6.731251885  
5.302463113  
3.260528622  
1.076020377  
-0.8975787114  
-2.469348001  
-3.586931541  
-4.27324714  
-4.564026405  
-4.477928061  
-4.029475603  
-3.270977347  
-2.333606456  
-1.436769143  
-0.8490172172  
-0.8068236564  
-1.419422931  
-2.598989522  
-4.050390284  
-5.334870906  
-5.994483521  
-5.699610541  
-4.370021616  
-2.225793293  
0.2536530588  
2.453717277  
3.795190883  
3.898685149  
2.692391513  
0.4314590779  
-2.374013595  
-5.096893593  
-7.152831869  
-8.134947312  
-7.888664027  
-6.514149972  
-4.307215446  
-1.666010513  
1.004419136  
3.364447682  
5.177954102  
6.319558356  
6.763609263  
6.568343255  
5.862503747  
4.832823902  
3.704699594  
2.708739069  
2.032953056  
1.770929566  
1.884684374  
2.201854033  
2.458302617  
2.381026295  
1.788444667  
0.6734808648  
-0.7648117373  
-2.160941601  
-3.089511446  
-3.208043017  
-2.38806496  
-0.785228941  
1.183424343  
2.955810728  
4.00127764  
3.998968302  
2.95464218  
1.210385372  
-0.6624663824  
-2.055173337  
-2.533515387  
-1.994375378  
-0.7078029122  
0.775849426  
1.825812498  
1.969374935  
1.082973931  
-0.5370913771  
-2.257032039  
-3.31966088  
-3.119863541  
-1.445281099  
1.406404236  
4.682576402  
7.393469748  
8.625349317  
7.845802289  
5.096915624  
1.007407694  
-3.385086243  
-6.945998299  
-8.788228839  
-8.535430047  
-6.417799993  
-3.171042962  
0.2238134218  
2.868438964  
4.230021425  
4.283772729  
3.470851785  
2.493201084  
2.023990235  
2.440956659  
3.679713095  
5.259359009  
6.469336974  
6.647672192  
5.44738301  
2.99188949  
-0.1397399733  
-3.095528195  
-5.038378026  
-5.437641586  
-4.26093988  
-1.997294174  
0.4984324219  
2.287246277  
2.657580115  
