0.2060584857  
-2.744101365  
-4.81227459  
-5.435530089  
-4.518097064  
-2.44542439  
0.05626948111  
2.165377587  
3.231830185  
2.977061193  
1.563523894  
-0.4838319536  
-2.47087052  
-3.771356296  
-4.024582462  
-3.227816732  
-1.697739508  
0.07701066214  
1.63168547  
2.693952844  
3.262358823  
3.568209186  
3.939768944  
4.625665411  
5.650412309  
6.763152286  
7.505150348  
7.375491904  
6.035044006  
3.471068041  
0.05603931433  
-3.529088836  
-6.487734774  
-8.153492995  
-8.203734114  
-6.764368949  
-4.365956875  
-1.763712228  
0.3168491254  
1.418933721  
1.492483104  
0.8808573146  
0.1605625759  
-0.1073232596  
0.3788776278  
1.51588162  
2.80828313  
3.542533521  
3.064258149  
1.059268455  
-2.268390277  
-6.196313425  
-9.675706033  
-11.66063599  
-11.46671106  
-9.034129863  
-4.996239071  
-0.5170915665  
3.060371345  
4.646503459  
3.775683675  
0.7881371886  
-3.246332057  
-6.84811464  
-8.594784586  
-7.587221515  
-3.762827333  
2.049885743  
8.358716463  
13.4494919  
15.90402442  
15.03060039  
11.07067032  
5.117232191  
-1.226860765  
-6.339667903  
-9.062637557  
-9.022872221  
-6.697834499  
-3.210318212  
0.07119954344  
1.990976622  
1.9725817  
0.1780403459  
-2.58412705  
-5.161597241  
-6.463297659  
-5.828614601  
-3.239630804  
0.6879787076  
4.923593889  
8.368745966  
10.21188347  
10.17263  
8.559332515  
6.129761381  
3.811461714  
2.382883659  
2.224882874  
3.222879611  
4.844709736  
6.357745416  
7.102863048  
6.727116998  
5.29606272  
3.252091348  
1.240368622  
-0.1307984485  
-0.5083618656  
0.08404636806  
1.260323492  
2.411526045  
2.917499984  
2.354551315  
0.6282819537  
-2.009742507  
-5.060162898  
-7.947595487  
-10.20154547  
-11.58294631  
-12.1164483  
-12.02528327  
-11.60145894  
-11.06608191  
-10.47535128  
-9.707653611  
-8.534522215  
-6.745324023  
-4.274868367  
-1.281856535  
1.855449667  
4.629137496  
6.547990604  
7.290085075  
6.808445868  
5.352776476  
3.399279271  
1.512017895  
0.1818228844  
-0.3052525051  
0.07011436793  
1.082936345  
2.356635179  
3.489710177  
4.171933496  
4.253728279  
3.752712724  
2.805750792  
1.593825921  
0.2739457706  
-1.054915341  
-2.342514395  
-3.545846189  
-4.581662244  
-5.302341825  
-5.514643382  
-5.04165141  
-3.807631673  
-1.911700034  
0.3445494762  
2.497003918  
4.024838499  
4.495575851  
3.705333979  
1.767218229  
-0.8859978925  
-3.593118935  
-5.628266495  
-6.391797237  
-5.573294043  
-3.2389903  
0.181556522  
4.00464526  
7.464743628  
9.90022388  
10.90180416  
10.38714097  
8.589107233  
5.970869434  
3.099597978  
0.5174842004  
-1.357339811  
-2.282498323  
-2.196018628  
-1.188117078  
0.5401091016  
2.714905756  
5.018134199  
7.109202711  
8.650278018  
9.343496445  
8.981175947  
7.499528548  
5.017846796  
1.843607709  
-1.569093179  
-4.706113207  
-7.106814095  
-8.47415155  
-8.747790783  
-8.115121291  
-6.952980515  
-5.714815222  
-4.796319195  
-4.420889173  
-4.581053396  
-5.05470057  
-5.490769357  
-5.536385487  
-4.963564872  
-3.753685291  
-2.11173941  
-0.4056561847  
0.9493799112  
1.62361832  
1.479186014  
0.6159746191  
-0.6572846557  
-1.916635048  
-2.750692079  
-2.882076238  
-2.245327013  
-0.999266741  
0.5268316623  
1.933517315  
2.865188398  
3.103601716  
2.615672832  
1.546704599  
0.167363691  
-1.204581102  
-2.282458509  
-2.867876759  
-2.876292121  
-2.332314498  
-1.344966589  
-0.07640195427  
1.285384144  
2.545829782  
3.517931576  
4.03776107  
3.98672604  
3.320467595  
2.097263072  
0.4935721417  
-1.205793167  
-2.649769626  
-3.49207792  
-3.476569295  
-2.514220365  
-0.7276918724  
1.554085183  
3.855723969  
5.658405527  
6.521545575  
6.191844137  
4.670828096  
2.222635699  
-0.6802329039  
-3.4593338  
-5.555062809  
-6.543658109  
-6.220187013  
-4.631588192  
-2.056985264  
1.055395146  
4.177405402  
6.79648462  
8.499981499  
9.036186072  
8.345947523  
6.563792112  
3.990852402  
1.044082593  
-1.81189321  
-4.141642359  
-5.613229908  
-6.056756827  
-5.494238372  
-4.131666952  
-2.311557969  
-0.4339470244  
1.136848418  
2.156605317  
2.554054171  
2.436836727  
2.047860942  
1.683904164  
1.600037846  
1.928448682  
2.636370868  
3.536043975  
4.343399855  
4.766779255  
4.597502932  
3.77373783  
2.398121826  
0.7048412203  
-1.011599585  
-2.481666961  
4.504090139  
6.616882153  
8.160838845  
8.485626535  
7.198077048  
4.34707759  
0.4793158111  
-3.467334405  
-6.412242049  
-7.451555672  
-6.14910058  
-2.702132383  
2.078666498  
6.977874957  
10.71465689  
12.31089996  
11.37447697  
8.208918607  
3.714649788  
-0.8873525033  
-4.422668651  
-6.106500757  
-5.756831861  
-3.814677802  
-1.170665287  
1.141379495  
2.282721773  
1.871817724  
0.09007278441  
-2.396190181  
-4.665413233  
-5.843200712  
-5.379066948  
-3.212174492  
0.2195831853  
4.120883963  
7.577689414  
9.813920765  
10.3876043  
9.273949571  
6.823409289  
3.623089584  
0.3166627163  
-2.556542335  
-4.658152401  
-5.866623008  
-6.226503091  
-5.866172372  
-4.924050005  
-3.511903713  
-1.722620751  
0.3321862425  
2.482750958  
4.487873479  
6.062809005  
6.943604877  
6.965079868  
6.121033471  
4.579940186  
2.645434326  
0.6723188458  
-1.033501524  
-2.295515466  
-3.098708859  
-3.562507458  
-3.866475844  
-4.158906312  
-4.485125149  
-4.764555098  
-4.826331598  
-4.489672415  
-3.65682192  
-2.380134567  
-0.8739047186  
0.5376575189  
1.520063739  
1.840152273  
1.448060927  
0.4976755788  
-0.7038261468  
-1.800232763  
-2.506539377  
-2.700738368  
-2.453001845  
-1.98157408  
-1.552800467  
-1.364595263  
-1.459667258  
-1.704026854  
-1.841310786  
-1.603641114  
-0.8364067318  
0.4129872874  
1.880693927  
3.157321868  
3.822623548  
3.596629541  
2.45117177  
0.6379647357  
-1.38123328  
-3.080919531  
-4.044008633  
-4.098067161  
-3.365549524  
-2.20865961  
-1.088275323  
-0.3888723574  
-0.2749500123  
-0.6336725603  
-1.126461833  
-1.330853383  
-0.9185158924  
0.2002532517  
1.824280451  
3.526030337  
4.81209308  
5.319695925  
4.971531163  
4.02312393  
2.975400266  
2.376870791  
2.585806971  
3.584754128  
4.927694532  
5.856242214  
5.559597311  
3.495614436  
-0.3412672123  
-5.311429874  
-10.23943088  
-13.72706349  
-14.58218083  
-12.2270992  
-6.946188551  
0.1233201058  
7.27321211  
12.70427333  
15.05987397  
13.84373392  
9.583246346  
3.677904447  
-2.026840953  
-5.809462695  
-6.605763042  
-4.334550918  
0.09002484314  
5.063904182  
8.817126299  
9.985813622  
8.046114593  
3.470452059  
-2.441380374  
-7.995965288  
-11.65771645  
-12.53397335  
-10.63449857  
-6.824334199  
-2.493216823  
0.9400775964  
2.516440355  
2.051581913  
0.1730778464  
-1.92833139  
-2.94290436  
-1.925341765  
1.349960565  
6.283144219  
11.62683649  
15.88456478  
17.79210876  
16.71853472  
12.85413372  
7.12802862  
0.8915819579  
-4.517624732  
-8.179539748  
-9.828072104  
-9.84848501  
-9.050663372  
-8.311997072  
-8.226852967  
-8.892542173  
-9.90754539  
-10.57669187  
-10.23986293  
-8.593725529  
-5.877439923  
-2.842878475  
-0.5099020663  
0.2109470952  
-1.10768759  
-4.181247074  
-8.025614704  
-11.22440471  
-12.37471002  
-10.56773286  
-5.74121937  
1.223570146  
8.706887785  
14.80514934  
17.89839053  
17.15258667  
12.79522044  
6.071874971  
-1.108189387  
-6.731045138  
-9.270182442  
-8.129693512  
-3.803621401  
2.294209962  
8.273088575  
12.34106632  
13.33558566  
11.04959593  
6.261027715  
0.4670696468  
-4.585264333  
-7.422612306  
-7.263481534  
-4.211622476  
0.8205111676  
6.419096457  
11.10074185  
13.73204158  
13.81384727  
11.55773759  
7.751006196  
3.471034464  
-0.2501883627  
-2.705470485  
-3.658600387  
-3.330118066  
-2.249177428  
-1.037070422  
-0.2016154817  
-0.007245533502  
-0.4513149473  
-1.336168355  
-2.394034682  
-3.408258605  
-4.283123098  
-5.040418196  
-5.753327216  
-6.454281303  
-7.063649511  
-7.376953686  
-7.123673918  
-6.079932518  
-4.192705893  
-1.663818293  
1.047678213  
3.319255878  
4.53485076  
4.281185716  
2.506162935  
-0.4180727585  
-3.757841357  
-6.597795726  
-8.090723082  
-7.704691206  
-5.39160837  
-1.622013313  
2.730003277  
6.622393156  
9.134006051  
9.721496373  
8.36710877  
5.572122009  
2.197336285  
-0.8012480818  
-2.660914832  
-3.036390315  
-2.090741639  
-0.4252283684  
1.129589633  
1.795613146  
1.11280156  
-0.8959150795  
-3.713822312  
-6.479064788  
-8.247939663  
-8.291690806  
-6.334458441  
-2.657783915  
1.961938432  
6.464984573  
9.804939987  
11.24070509  
10.53642032  
8.011221661  
4.427703443  
0.7573950202  
-2.102054571  
-3.571312497  
-3.524214088  
-2.279125137  
-0.4592956856  
1.225073925  
2.199062924  
2.179389785  
1.221341957  
-0.3479467621  
-2.075788785  
-3.551559304  
-4.534859574  
-5.002707038  
-5.106987631  
-5.067642927  
-5.050136191  
-5.079240162  
-5.024762759  
-4.664567721  
-3.798382836  
-2.364271062  
-0.5069925976  
1.435045764  
3.02628552  
3.88255506  
3.817613818  
2.930703949  
1.596956414  
0.3567943135  
-0.2619946288  
0.07114592128  
1.364696612  
3.288090899  
5.273950801  
6.708271752  
7.144353784  
6.465030119  
4.93336513  
3.109579706  
1.658964554  
1.115310709  
1.682523019  
3.146423557  
4.932137201  
6.292214222  
6.563977529  
5.408299464  
2.945669592  
-0.2612320305  
-3.377460077  
-5.564333272  
-6.257391076  
-5.359219197  
-3.279893506  
-0.8084324554  
1.143966379  
1.844112702  
0.979933736  
-1.235598565  
-4.135399048  
-6.820933194  
-8.462288736  
-8.575138754  
-7.181856608  
-4.802912726  
-2.2817703  
-0.5020185798  
-0.09111666635  
-1.20893197  
-3.490285643  
-6.159176373  
-8.275705467  
-9.033953518  
-8.013990231  
-5.308282438  
-1.485415726  
2.592489762  
6.035928297  
8.190610296  
8.814283643  
8.116652497  
6.657370025  
5.142437851  
4.189175387  
4.135623927  
4.951212197  
6.269797505  
7.526125404  
8.145882595  
7.726639155  
6.154976796  
3.629458125  
0.5904147696  
-2.414425438  
-4.883500909  
-6.488415332  
-7.141693363  
-6.993260493  
-6.364827337  
-5.646464589  
-5.185749917  
-5.196921977  
-5.708514235  
-6.557061293  
-7.424637326  
-7.911090471  
-7.627512505  
-6.294859156  
-3.829801361  
-0.399196429  
3.573512807  
7.460601675  
10.54049949  
12.1508807  
11.85386123  
9.572653036  
5.65860491  
0.8597182351  
-3.815283983  
-7.31452562  
-8.79335566  
-7.833957894  
-4.573054645  
0.3027436044  
5.700510213  
10.3721018  
13.21086453  
13.51810913  
11.17080528  
6.648448933  
0.9148216328  
-4.811615541  
-9.337799822  
-11.75655024  
-11.62745526  
-9.043238429  
-4.57782481  
0.8594805016  
6.221841729  
10.52854958  
13.03580842  
13.35014858  
11.47498295  
7.792234361  
2.987615746  
-2.068885687  
-6.473269881  
-9.4502276  
-10.50396533  
-9.52764641  
-6.841864361  
-3.141620207  
0.6499377276  
3.597180526  
4.988742788  
4.532289903  
2.44713751  
-0.5825633344  
-3.59290267  
-5.619189864  
-5.990468741  
-4.54938014  
-1.723654625  
1.582342633  
4.251766734  
5.299181567  
4.18830344  
1.020971854  
-3.467796089  
-8.113304192  
-11.66334384  
-13.15244919  
-12.18902194  
-9.063016492  
-4.639909936  
-0.07727612244  
3.540968173  
5.530574048  
5.785746626  
4.754853559  
3.228040849  
2.017310965  
1.646662968  
2.165169102  
3.150508991  
3.900571907  
3.740898877  
2.331285873  
-0.1474441988  
-3.004257697  
-5.252969491  
-5.962305535  
-4.618584835  
-1.367758017  
2.959487981  
7.062988113  
9.568182263  
9.474722071  
6.508435402  
1.253979136  
-4.983931275  
-10.55296911  
-13.94264219  
-14.23373762  
-11.362904  
-6.118471227  
0.1272880124  
5.857287025  
9.872917333  
11.6295319  
11.33879911  
9.81419087  
8.123809214  
7.178564997  
7.402007731  
8.595161688  
10.03799676  
10.78451634  
10.04053627  
7.48586278  
3.424458288  
-1.291075552  
-5.533552725  
-8.276548407  
-8.93898044  
-7.578913961  
-4.870620165  
-1.875204583  
0.3136938561  
0.9260997474  
-0.2468330202  
-2.810588865  
-5.927248999  
-8.614812254  
-10.07761138  
-9.953537484  
-8.398099393  
-5.986449997  
-3.479501723  
-1.54600136  
-0.5430330768  
-0.4303873253  
-0.8409055987  
-1.269568823  
-1.301139741  
-0.7847762854  
0.1122012975  
0.9901008962  
1.405397134  
1.08470275  
0.0761576713  
-1.226214889  
-2.201192073  
-2.222662395  
-0.9048308125  
1.722066632  
5.175207489  
8.642394035  
11.22791168  
12.23858823  
11.41134465  
9.002289981  
5.704835223  
2.423478809  
-0.02013232904  
-1.149135499  
-0.9735091264  
0.03360046735  
1.113647481  
1.490657222  
0.6363650649  
-1.556562142  
-4.747930286  
-8.272423943  
-11.3622754  
-13.38945175  
-14.04414575  
-13.39332675  
-11.80854123  
-9.799137142  
-7.818523445  
-6.116355986  
-4.687731243  
-3.330849273  
-1.782446193  
0.128292315  
2.371675461  
4.699479092  
6.724391347  
8.065213972  
8.499673775  
8.063073536  
7.051378676  
5.924073008  
5.140954749  
4.993459353  
5.494690977  
6.371632824  
7.165446229  
7.405214957  
6.792217357  
5.326161381  
3.324780482  
1.326195435  
-0.09360836646  
-0.5241033212  
0.1289308585  
1.600976746  
3.352917661  
4.75475446  
5.305663193  
4.812723116  
3.46350061  
1.763764096  
0.3584309016  
-0.2047719218  
0.3122028579  
1.724143732  
3.451284466  
4.686613969  
4.651595311  
2.859588984  
-0.6981833724  
-5.506009009  
-10.63521623  
-14.98355338  
-17.57271917  
-17.81681426  
-15.68387056  
-11.70518809  
-6.832331137  
-2.185187326  
1.236245526  
2.79699172  
2.365644786  
0.31577348  
-2.601417233  
-5.471154585  
-7.454413193  
-7.989789716  
-6.91056902  
-4.455761901  
-1.182316026  
2.190751592  
4.962610588  
6.610558227  
6.894794978  
5.889432133  
3.93991203  
1.563189841  
-0.6818856426  
-2.322448688  
-3.06886702  
-2.861307786  
-1.857961022  
-0.3712641868  
1.229255288  
2.620883956  
3.610298145  
4.172565651  
4.436422877  
4.621228547  
4.945606619  
5.537140087  
6.373034235  
7.272867272  
7.948177428  
8.094847313  
7.498923314  
6.120234869  
4.123564985  
1.843293131  
-0.3105424447  
-1.976127312  
-2.953016001  
-3.265125983  
-3.149170195  
-2.968498792  
-3.078243864  
-3.686062028  
-4.757064076  
-5.999285836  
-6.940661115  
-7.077859355  
-6.051710375  
-3.792174739  
-0.582525257  
2.983942904  
6.147800194  
8.188448211  
8.62955336  
7.382028969  
4.779148971  
1.490606784  
-1.660904783  
-3.927187252  
-4.83923543  
-4.329261531  
-2.735282948  
-0.6887962393  
1.079580152  
1.958303359  
1.633545846  
0.1781647641  
-1.971616521  
-4.14183326  
-5.610647488  
-5.808493658  
-4.474620638  
-1.730730199  
1.943727204  
5.824066713  
9.109247491  
11.1044358  
11.374514  
9.835425036  
6.766146315  
2.741817507  
-1.495361614  
-5.199029773  
-7.780911873  
-8.938027872  
-8.716674517  
-7.496731724  
-5.895871292  
-4.611164136  
-4.232072179  
-5.069483483  
-7.046569308  
-9.686411132  
-12.20940972  
-13.72482794  
-13.4726003  
-11.0524386  
-6.574227489  
-0.679852501  
5.580703223  
10.9952115  
14.4955922  
15.44137199  
13.79813682  
10.15519938  
5.571544153  
1.289413284  
-1.604394632  
-2.471776665  
-1.285021841  
1.390652947  
4.587523722  
7.239683596  
8.507390182  
8.021862858  
5.976593866  
3.040370096  
0.1238621093  
-1.922186283  
-2.578510849  
-1.811674171  
-0.06401942826  
1.913117659  
3.32379343  
3.599117582  
2.585135763  
0.5856855943  
-1.751156253  
-3.661474581  
-4.528992573  
-4.09324479  
-2.53233973  
-0.3940767815  
1.598592006  
2.799031417  
2.857973206  
1.838371207  
0.1857005051  
-1.434434981  
-2.373964327  
-2.232573164  
-1.001166598  
0.9300645574  
2.900608731  
4.200329085  
4.305815089  
3.05206985  
0.6827301112  
-2.235549601  
-5.002132745  
-7.007990501  
-7.920107165  
-7.763425103  
-6.876249344  
-5.759949528  
-4.880303599  
-4.493367271  
-4.558329106  
-4.767199603  
-4.678566304  
-3.904846377  
-2.283207643  
0.03397098962  
2.604451603  
4.831254435  
6.161927696  
6.282612083  
5.238079572  
3.433388981  
1.513032893  
0.1554277459  
-0.1500107366  
0.7308278524  
2.523004037  
4.620534086  
6.272272807  
6.816854053  
5.892436643  
3.555705069  
0.274364504  
-3.202539126  
-6.054295439  
-7.613155683  
-7.537166038  
-5.883770245  
-3.069513352  
0.2636250653  
3.428623047  
5.864407486  
7.250073395  
7.537628478  
6.906324587  
5.665181083  
4.142059937  
2.595469631  
1.171364685  
-0.09204195017  
-1.225562133  
-2.279608689  
-3.286210013  
-4.244960109  
-5.1323007  
-5.922537485  
-6.604717041  
-7.183099865  
-7.658677049  
-8.000168877  
-8.120470655  
-7.874865944  
-7.090024487  
-5.620442078  
-3.416284067  
-0.5789107039  
2.619165011  
5.763780765  
8.376718281  
10.02389043  
10.42521842  
9.534598517  
7.565585501  
4.953294363  
2.260856217  
0.05409946726  
-1.223713462  
-1.346291  
-0.3464352824  
1.501152626  
3.748506478  
5.875366728  
7.398227385  
7.964442864  
7.414586357  
5.804584776  
3.387386352  
0.5603252884  
-2.211462654  
-4.482745853  
-5.912888398  
-6.333008711  
-5.78215957  
-4.502610843  
-2.890855757  
-1.410350178  
-0.4822340323  
-0.3787876012  
-1.147370127  
-2.588227849  
-4.297387147  
-5.768495418  
-6.529667796  
-6.278928013  
-4.979232721  
-2.883239729  
-0.4771991208  
1.643189852  
2.931158304  
3.036621926  
1.900840142  
-0.2287694536  
-2.866253345  
-5.414969866  
-7.316071203  
-8.173818209  
-7.823993264  
-6.332390381  
-3.934232376  
-0.9439291342  
2.328596356  
5.625912441  
8.744149659  
11.49759789  
13.67388068  
15.01184687  
15.22524583  
14.07514476  
11.47081298  
7.561162858  
2.775161175  
-2.217976405  
-6.632278931  
-9.74550009  
-11.08596751  
-10.56685462  
-8.520679358  
-5.615679503  
-2.673026553  
-0.4369672377  
0.6325082285  
0.479859945  
-0.5511680044  
-1.846507322  
-2.732963891  
-2.703321118  
-1.582635712  
0.4173687974  
2.771576931  
4.816027491  
5.964253782  
5.893335265  
4.639335862  
2.573615325  
0.2723432962  
-1.673148844  
-2.8392926  
-3.085747961  
-2.568527761  
-1.653012855  
-0.7638382654  
-0.2290254165  
-0.1746551688  
-0.5050469263  
-0.9700619645  
-1.288374359  
-1.275518719  
-0.9253442968  
-0.4130161158  
-0.01918463342  
-0.006347876098  
-0.4977497248  
-1.408887373  
-2.461870195  
-3.280734663  
-3.533667984  
-3.068154692  
-1.985401041  
-0.6213583203  
0.5640160368  
1.152501008  
0.9289001271  
-0.0228387362  
-1.328230537  
-2.438256665  
-2.816177532  
-2.131130056  
-0.3892333335  
2.047499417  
4.565837816  
6.497702103  
7.342703005  
6.940262008  
5.530222822  
3.678257891  
2.088793819  
1.367600325  
1.814476243  
3.31723223  
5.384083102  
7.304376676  
8.383610143  
8.173101276  
6.61643328  
4.063333945  
1.147094567  
-1.431785911  
-3.141217765  
-3.791833573  
-3.59097744  
-3.058801875  
-2.836088893  
-3.449885802  
-5.116747249  
-7.649970882  
-10.50159117  
-12.92481887  
-14.20310685  
-13.87153426  
-11.86052018  
-8.519164522  
-4.515273521  
-0.6480512557  
2.365586232  
4.066106565  
4.340218734  
3.406726501  
1.71603257  
-0.1955599931  
-1.847363871  
-2.911381414  
-3.245820734  
-2.870565016  
-1.908588248  
-0.5238610235  
1.120045963  
2.871572664  
4.58048836  
6.083163813  
7.202779964  
7.774336517  
7.689828278  
6.946008269  
5.671609254  
4.11612545  
2.59608596  
1.412236236  
0.7646237265  
0.6962389483  
1.087576665  
1.706508979  
2.297006786  
2.674443515  
2.791187118  
2.746019162  
2.731624053  
2.938531239  
3.452256705  
4.185582374  
4.877103289  
5.163746497  
4.706733254  
3.328234324  
1.107928837  
-1.600768442  
-4.24919143  
-6.247935149  
-7.150256054  
-6.803632384  
-5.415697655  
-3.50671814  
-1.75770983  
-0.798793572  
-1.004380888  
-2.362330684  
-4.462484709  
-6.612616847  
-8.049004551  
-8.177496629  
-6.769960111  
-4.053639722  
-0.6635033931  
2.530267933  
4.669199839  
5.154882189  
3.825644664  
1.010363919  
-2.555127683  
-5.923781393  
-8.188793704  
-8.720884139  
-7.328357384  
-4.300946286  
-0.3315995127  
3.657639045  
6.737098764  
8.182263783  
7.629235144  
5.142824849  
1.190232556  
-3.465395264  
-7.922720689  
-11.31639615  
-12.9747067  
-12.53483419  
-9.999786531  
-5.731052842  
-0.3804525793  
5.227167878  
10.2414116  
13.93945387  
15.85729331  
15.87299084  
14.22275675  
11.44303352  
8.247684328  
5.365419396  
3.373970943  
2.570785291  
2.912861233  
4.042044781  
5.390348906  
6.33855071  
6.386600356  
5.290683487  
3.130352301  
0.2880455433  
-2.652958886  
-5.064047786  
-6.438029766  
-6.522470359  
-5.38472694  
-3.392591246  
-1.117217059  
0.8149956732  
1.882275852  
1.798049087  
0.57977304  
-1.459914967  
-3.796052271  
-5.826378417  
-7.024826416  
-7.075928408  
-5.957961633  
-3.955041639  
-1.595171658  
0.4715865154  
1.626818686  
1.433807983  
-0.2510254154  
-3.231715726  
-7.002936961  
-10.85053861  
-13.9996093  
-15.77586669  
-15.74309752  
-13.78567686  
-10.11921447  
-5.230730407  
0.2326616058  
5.595753995  
10.27424971  
13.8539146  
16.11728372  
17.0222206  
16.65069212  
15.15274896  
12.70795676  
9.515552606  
5.809814191  
1.88419962  
-1.898127183  
-5.126005892  
-7.400398839  
-8.422225014  
-8.082445741  
-6.522050404  
-4.134394087  
-1.497808032  
0.7515569602  
2.075897855  
2.177543776  
1.083831349  
-0.8528994949  
-3.043755652  
-4.81743884  
-5.597456566  
-5.05282269  
-3.181128249  
-0.3035344196  
3.022518001  
6.14397356  
8.464487557  
9.567700396  
9.284098568  
7.694144763  
5.079815039  
1.848706912  
-1.543744778  
-4.656375705  
-7.104128862  
-8.586169787  
-8.911274574  
-8.027374477  
-6.051621359  
-3.286492597  
-0.2020725461  
2.630322534  
4.652893309  
5.46355968  
4.946595921  
3.345647517  
1.242202638  
-0.5723990367  
-1.309178782  
-0.4237729151  
2.183662898  
6.079051297  
10.35630377  
13.84731276  
15.42978858  
14.34810272  
10.45225954  
4.279866084  
-3.049869085  
-10.10518559  
-15.49959224  
-18.23680407  
-17.94507746  
-14.93751003  
-10.08806561  
-4.568363374  
0.4704535844  
4.175258297  
6.15189093  
6.476090263  
5.571144739  
4.009904836  
2.316569069  
0.834189127  
-0.3082977889  
-1.136966688  
-1.724110974  
-2.087740609  
-2.148588345  
-1.765074327  
-0.8298965141  
0.6179286419  
2.322231894  
3.823485608  
4.567868155  
4.082750229  
2.158829661  
-1.03056304  
-4.925625594  
-8.706295541  
-11.51663923  
-12.71788241  
-12.08585709  
-9.883421555  
-6.778677411  
-3.631840238  
-1.219506856  
0.0118391496  
0.07955983948  
-0.5601668229  
-1.188060509  
-1.088033925  
0.1875845086  
2.645722814  
5.833234829  
8.978014399  
11.24270002  
12.00427061  
11.06395243  
8.715833542  
5.651101377  
2.73080765  
0.7043994638  
-0.03121913992  
0.4478524212  
1.630902201  
2.754616042  
3.066253544  
2.080329753  
-0.2540783948  
-3.526561553  
-6.983082954  
-9.746065642  
-11.06493858  
-10.52045863  
-8.126235056  
-4.307118119  
0.2268726561  
4.66383742  
8.27336232  
10.54254543  
11.24039591  
10.4126653  
8.328650593  
5.408230806  
2.151232676  
-0.9223079508  
-3.325316166  
-4.659924159  
-4.681439356  
-3.362242183  
-0.9345968361  
2.114249347  
5.114353042  
7.352738955  
8.254248451  
7.554888268  
5.410266774  
2.392994948  
-0.6369063667  
-2.764035047  
-3.290297339  
-1.966033977  
0.8969727666  
4.475426021  
7.643001581  
9.282196116  
8.608794708  
5.410660807  
0.1265703426  
-6.260856327  
-12.48655903  
-17.3397886  
-19.97498642  
-20.10610001  
-18.03277827  
-14.50121926  
-10.45383463  
-6.752855365  
-3.96492682  
-2.26633328  
-1.483544789  
-1.236995044  
-1.124259013  
-0.8720744502  
-0.4060413065  
0.1765694276  
0.7061227324  
1.060229026  
1.247023795  
1.413885441  
1.777048587  
2.502939165  
3.594741154  
4.83848756  
5.841220819  
6.157274937  
5.461860405  
3.707916929  
1.202682429  
-1.434834425  
-3.433255848  
-4.100115878  
-3.051264906  
-0.3606285564  
3.424415646  
7.413899331  
10.61622667  
12.21616504  
11.8039449  
9.484869807  
5.837304002  
1.735287444  
-1.906002777  
-4.381746853  
-5.370480658  
-4.981863103  
-3.674540247  
-2.080314525  
-0.7969668192  
-0.2160267027  
-0.4339086956  
-1.262997607  
-2.325568559  
-3.189466145  
-3.497358471  
-3.051670687  
-1.838972642  
-0.001287707642  
2.221611468  
4.55098034  
6.709289819  
8.437652027  
9.500959989  
9.698146611  
8.890950299  
7.051744067  
4.315332482  
1.00895794  
-2.364885373  
-5.205449914  
-6.941943115  
-7.182259955  
-5.837880065  
-3.181563215  
0.1886502309  
3.477736777  
5.883118286  
6.792977784  
5.936618276  
3.44383045  
-0.2017001176  
-4.297351193  
-8.101059764  
-11.00074561  
-12.62656627  
-12.88180442  
-11.89725505  
-9.938919904  
-7.31055463  
-4.287793933  
-1.101897777  
2.033385085  
4.878272827  
7.141032328  
8.495936177  
8.65106536  
7.447485423  
4.95277108  
1.507371962  
-2.305501149  
-5.770573585  
-8.206589068  
-9.140252984  
-8.433629024  
-6.322709237  
-3.35220026  
-0.2249077209  
2.388138284  
4.018297829  
4.49952546  
3.971434978  
2.791302887  
1.390774232  
0.1291926072  
-0.8069929957  
-1.428892457  
-1.89313502  
-2.400084046  
-3.085534074  
-3.948538223  
-4.841681549  
-5.524352821  
-5.755052358  
-5.3843101  
-4.410861427  
-2.979407405  
-1.322054813  
0.3320036462  
1.841620382  
3.19914766  
4.517855937  
5.966360313  
7.676365658  
9.661062506  
11.77750452  
13.74940803  
15.24294752  
15.96742629  
15.76267021  
14.64023019  
12.76356035  
10.37664353  
7.711151071  
4.910881522  
2.005468369  
-1.054924695  
-4.317776007  
-7.734266994  
-11.09596829  
-14.03564028  
-16.1021302  
-16.89002656  
-16.18091841  
-14.04413422  
-10.85524828  
-7.217353957  
-3.804262776  
-1.173787928  
0.3875215905  
0.9350789939  
0.8266905066  
0.584501865  
0.7044621484  
1.478170736  
2.888355537  
4.613991132  
6.143090571  
6.953547319  
6.698722627  
5.33296392  
3.133698763  
0.6133590828  
-1.646759046  
-3.181557491  
-3.78120144  
-3.536824451  
-2.779855576  
-1.940578295  
-1.380364409  
-1.260667395  
-1.497149272  
-1.814708654  
-1.880828032  
-1.464433393  
-0.55699776  
0.5942990014  
1.559260466  
1.881138766  
1.2619169  
-0.2923527845  
-2.423949813  
-4.499093811  
-5.78937667  
-5.703484039  
-3.993330953  
-0.8642863484  
3.051407826  
6.854835912  
9.627266008  
10.68804082  
9.783834381  
7.151582793  
3.437923916  
-0.4965508465  
-3.824443383  
-5.972392019  
-6.749391586  
-6.3489242  
-5.233330821  
-3.946368237  
-2.920687063  
-2.344638276  
-2.129360244  
-1.980843356  
-1.545627291  
-0.5745886646  
0.9550324661  
2.8032245  
4.529848206  
5.635469921  
5.733057613  
4.692732267  
2.710440609  
0.2759258549  
-1.952805433  
-3.332110395  
-3.418674699  
-2.104274642  
0.339771833  
3.321147283  
6.071770666  
7.840011708  
8.078906143  
6.582348853  
3.536750771  
-0.5214201532  
-4.828118977  
-8.561589266  
-11.01814466  
-11.75390035  
-10.66346956  
-7.98306911  
-4.223132369  
-0.05040071527  
3.851665613  
6.913349641  
8.77417916  
9.327351817  
8.70923933  
7.241870741  
5.345212464  
3.440483161  
1.865222709  
0.8158977194  
0.3261640677  
0.2805386862  
0.4561908659  
0.5812088805  
0.3967205744  
-0.2881172575  
-1.555901258  
-3.359725451  
-5.522286663  
-7.755245436  
-9.697520578  
-10.9699728  
-11.24137535  
-10.29706198  
-8.09793147  
-4.815317549  
-0.828601528  
3.32172985  
7.022827959  
9.705413529  
10.96204146  
10.63820945  
8.870390203  
6.057080826  
2.766853914  
-0.3941505427  
-2.919724807  
-4.507572784  
-5.100610903  
-4.855643699  
-4.052784809  
-2.978797559  
-1.826414452  
-0.6461685767  
0.6317851259  
2.114725862  
3.836716862  
5.667202986  
7.282518724  
8.223487648  
8.031143742  
6.420808299  
3.434503059  
-0.4889429648  
-4.565315082  
-7.839443706  
-9.44171909  
-8.853183359  
-6.09498691  
-1.774539514  
3.038944651  
7.0846094  
9.253238923  
8.90403571  
6.058609239  
1.409858172  
-3.86175082  
-8.413300457  
-11.11093559  
-11.33795121  
-9.148992763  
-5.227456754  
-0.663733071  
3.373781903  
5.972175435  
6.711421848  
5.738845126  
3.667468405  
1.340772446  
-0.4537808339  
-1.22859229  
-0.9226485747  
0.1208537359  
1.307522341  
2.015374666  
1.810020802  
0.5808409895  
-1.44086957  
-3.778220425  
-5.877638722  
-7.287275169  
-7.783861977  
-7.410215569  
-6.420129167  
-5.160337681  
-3.938794226  
-2.92852741  
-2.13819115  
-1.45204248  
-0.7149313056  
0.1778216964  
1.224511409  
2.317070519  
3.294046255  
4.02050829  
4.45747435  
4.687878205  
4.884641715  
5.231481766  
5.828407088  
6.622645686  
7.397962527  
7.83355118  
7.61601458  
6.565226548  
4.726175713  
2.388350627  
0.01902468436  
-1.871893231  
-2.891445389  
-2.892378016  
-2.024407985  
-0.6872039113  
0.6013610405  
1.377831688  
1.387380494  
0.66587604  
-0.4791329863  
-1.582101084  
-2.187952492  
-2.016026256  
-1.0617366  
0.3996460235  
1.907919549  
2.977388877  
3.263886678  
2.680326993  
1.420451214  
-0.1162050927  
-1.469927642  
-2.28374971  
-2.425067266  
-2.022877012  
-1.408716997  
-0.9842185841  
-1.064542597  
-1.755008561  
-2.905505105  
-4.158604198  
-5.073133988  
-5.27805519  
-4.601248674  
-3.12783721  
-1.168967895  
0.8452977205  
2.508406409  
3.562762024  
3.963870475  
3.862760192  
3.51725455  
3.169015625  
2.935183798  
2.756784775  
2.423501905  
1.664662705  
0.2706864832  
-1.802644329  
-4.38831966  
-7.139813085  
-9.629979694  
-11.48114953  
-12.47828257  
-12.62310219  
-12.10927645  
-11.22853709  
-10.24400869  
-9.279949238  
-8.271500671  
-6.995796462  
-5.174975187  
-2.613736195  
0.6805432016  
4.442677336  
8.184960415  
11.31622882  
13.30769705  
13.85069743  
12.9530184  
10.94068153  
8.364004882  
5.839036591  
3.87671739  
2.754970604  
2.472588429  
2.794535317  
3.366696746  
3.85542051  
4.061327669  
3.969239174  
3.721653117  
3.532160178  
3.576762608  
3.907500518  
4.422174176  
4.900869573  
5.09332173  
4.821432392  
4.055616853  
2.934277157  
1.718168237  
0.6969113559  
0.08373866152  
-0.06082879696  
0.1532077756  
0.4929318226  
0.6969215487  
0.579507144  
0.1037994493  
-0.6057343946  
-1.316883747  
-1.789236381  
-1.880712437  
-1.618445974  
-1.204012517  
-0.9478313776  
-1.154952116  
-2.004132749  
-3.46633293  
-5.295399058  
-7.097616183  
-8.457415651  
-9.074952263  
-8.86578427  
-7.985951566  
-6.772747178  
-5.62243914  
-4.849827828  
-4.581372207  
-4.721279952  
-5.002415508  
-5.101678745  
-4.774558319  
-3.955797842  
-2.78564308  
-1.54996604  
-0.5566655804  
0.002620245983  
0.1482298686  
0.1222457828  
0.3009176575  
1.036809405  
2.488242606  
