-7.526868341  
-6.662426884  
-4.894744559  
-2.212178541  
1.245556914  
5.152134096  
9.007854637  
12.21220926  
14.18768686  
14.52671843  
13.11987663  
10.22171009  
6.423659058  
2.528869866  
-0.6454639582  
-2.486260148  
-2.75881312  
-1.680222993  
0.1382543846  
1.8708368  
2.730209686  
2.218265768  
0.2948450562  
-2.593634398  
-5.641616347  
-7.933925949  
-8.741768044  
-7.770486004  
-5.275649788  
-2.003199572  
1.034692883  
2.881925509  
2.957414345  
1.265730903  
-1.574708374  
-4.50372756  
-6.345134694  
-6.187830953  
-3.702167805  
0.7124203924  
6.002658819  
10.74505844  
13.55769709  
13.51769529  
10.45721068  
5.045058497  
-1.375285444  
-7.147887586  
-10.76311946  
-11.28048489  
-8.59374328  
-3.463014678  
2.693379892  
8.185961154  
11.50939169  
11.7393129  
8.764491878  
3.297472224  
-3.330094043  
-9.523523844  
-13.83177201  
-15.29675316  
-13.65981431  
-9.383037401  
-3.493936495  
2.694051166  
7.906386544  
11.19504268  
12.12342963  
10.81456494  
7.864374133  
4.153453493  
0.6107143158  
-2.012033964  
-3.303566568  
-3.262192497  
-2.261210888  
-0.9252385219  
0.04915947656  
0.08452843819  
-1.120086171  
-3.502174385  
-6.639711494  
-9.845426839  
-12.32966458  
-13.39343259  
-12.60523391  
-9.918280569  
-5.698443892  
-0.654681681  
4.312301216  
8.307287433  
10.63653733  
10.95620196  
9.339328877  
6.248316266  
2.422685147  
-1.288437564  
-4.108815541  
-5.491825979  
-5.219860448  
-3.43019899  
-0.5680580944  
2.718010705  
5.71421545  
7.78564141  
8.500839511  
7.716296676  
5.607089431  
2.637683422  
-0.5245232742  
-3.141039103  
-4.55805679  
-4.356736761  
-2.464944928  
0.7994427685  
4.771968081  
8.571186753  
11.29148106  
12.21666667  
11.00139011  
7.770725849  
3.106595334  
-2.081509628  
-6.771948765  
-10.07757931  
-11.45820381  
-10.84176967  
-8.622704865  
-5.540715798  
-2.477271388  
-0.228846937  
0.6803250411  
0.09895566929  
-1.755174633  
-4.38943956  
-7.18194582  
-9.530034433  
-10.96107532  
-11.18552356  
-10.09673192  
-7.740415837  
-4.282249755  
0.006895320295  
4.746780119  
9.4421936  
13.5032121  
16.31352381  
17.34974574  
16.32810976  
13.33254794  
8.870562266  
3.816826702  
-0.7630618308  
-3.874429963  
-4.870710523  
-3.659418501  
-0.7630149423  
2.799591699  
5.789336511  
7.106040297  
6.122764329  
2.889413659  
-1.863624224  
-6.929279964  
-10.97600681  
-12.94008844  
-12.33527266  
-9.382955107  
-4.924318663  
-0.147194499  
3.779696365  
6.044152829  
6.391753915  
5.132877981  
2.965901226  
0.6900798307  
-1.083010098  
-2.115232101  
-2.562976315  
-2.83578369  
-3.356848568  
-4.326699389  
-5.589278411  
-6.659485101  
-6.907430563  
-5.831640616  
-3.314656592  
0.2443200582  
3.98355318  
6.815942585  
7.776354712  
6.36118107  
2.738521824  
-2.252171483  
-7.321313679  
-11.10485591  
-12.57294623  
-11.33678559  
-7.752260449  
-2.787915343  
2.295031317  
6.339882617  
8.634341797  
9.082021899  
8.156583543  
6.667138075  
5.428927638  
4.963029401  
5.33275961  
6.169588293  
6.868411272  
6.86858352  
5.906565982  
4.13950469  
2.090920424  
0.4401022031  
-0.2612987388  
0.1678057652  
1.434872105  
2.857162256  
3.606672707  
3.027898934  
0.90889158  
-2.400143876  
-6.071886659  
-9.06666474  
-10.48503942  
-9.88131998  
-7.42271055  
-3.83371542  
-0.1436076631  
2.67218672  
4.025679274  
3.901745543  
2.82614714  
1.627747396  
1.084201926  
1.586215358  
2.951467335  
4.465857713  
5.145775645  
4.130846441  
1.063420683  
-3.69061252  
-9.073197292  
-13.62318516  
-15.93542944  
-15.13733297  
-11.21773815  
-5.088344191  
1.653844489  
7.19334563  
10.04398803  
9.500564191  
5.848256592  
0.2643383955  
-5.551840714  
-9.896392066  
-11.55725157  
-10.13376182  
-6.088702418  
-0.5345806542  
5.156507683  
9.77771199  
12.60454217  
13.51080678  
12.86830726  
11.29395425  
9.357886445  
7.370781926  
5.327947664  
3.01928407  
0.2449781308  
-2.966399157  
-6.241461708  
-8.909718655  
-10.21017832  
-9.58418144  
-6.940983902  
-2.784873327  
1.861720501  
5.73153909  
7.700739535  
7.163332251  
4.260362598  
-0.1230436491  
-4.603226873  
-7.714069189  
-8.362126201  
-6.173873364  
-1.62192783  
4.110869858  
9.485374766  
13.06405917  
13.92768451  
11.92254673  
7.668272989  
2.335123781  
-2.727926574  
-2.915901318  
-5.589144149  
-7.869930631  
-9.492461434  
-10.36697238  
-10.58148491  
-10.35521649  
-9.959567693  
-9.631668535  
-9.506472263  
-9.586250422  
-9.753403761  
-9.818439858  
-9.584239905  
-8.904260726  
-7.716778592  
-6.047887701  
-3.988466992  
-1.659879341  
0.8139545702  
3.315360811  
5.720512926  
7.875728202  
9.580439563  
10.59514465  
10.68401839  
9.687195476  
7.602103835  
4.643364454  
1.251265823  
-1.96853748  
-4.370043836  
-5.428899973  
-4.89614128  
-2.894167116  
0.0824339541  
3.272747546  
5.840926326  
7.103322756  
6.726316332  
4.834196698  
1.990243367  
-0.949163114  
-3.069094109  
-3.652907995  
-2.386481989  
0.5506330898  
4.534432113  
8.671314542  
12.04634807  
13.97102508  
14.15792244  
12.77311094  
10.35527608  
7.631209648  
5.287648329  
3.770462082  
3.170790867  
3.228338654  
3.444501953  
3.264471414  
2.268173905  
0.3103345899  
-2.431071804  
-5.508197051  
-8.336911647  
-10.36585407  
-11.22849512  
-10.83470992  
-9.379895917  
-7.276105419  
-5.032134804  
-3.121654273  
-1.877291309  
-1.436195088  
-1.743973321  
-2.605848835  
-3.762038319  
-4.961368347  
-6.013056966  
-6.807448646  
-7.308437547  
-7.528641605  
-7.501168072  
-7.259108391  
-6.827590216  
-6.226768854  
-5.479603694  
-4.617638727  
-3.68037266  
-2.707904551  
-1.730195543  
-0.757999236  
0.2203611856  
1.234757003  
2.322906403  
3.517284342  
4.832830901  
6.257682194  
7.747273096  
9.220915166  
10.56027423  
11.61079931  
12.1892315  
12.1012682  
11.17216967  
9.289099662  
6.448385274  
2.7956868  
-1.355496491  
-5.539505684  
-9.194028795  
-11.75071796  
-12.74521142  
-11.922787  
-9.313491624  
-5.255304969  
-0.3548727761  
4.610329756  
8.830373152  
11.61388472  
12.52030962  
11.44602302  
8.646671123  
4.691321122  
0.357308547  
-3.514346548  
-6.176526651  
-7.118157299  
-6.165116628  
-3.520592534  
0.2649561274  
4.392394653  
7.966564178  
10.17674097  
10.46991917  
8.679370647  
5.076256745  
0.3261346701  
-4.646956518  
-8.862822415  
-11.5083426  
-12.12656655  
-10.72140284  
-7.74722809  
-3.982875455  
-0.3221636312  
2.461501114  
3.909442232  
3.974456832  
2.992041987  
1.536802545  
0.2112480936  
-0.5633406813  
-0.6839536179  
-0.3839769041  
-0.1252606769  
-0.4006205388  
-1.516030434  
-3.431751097  
-5.72455824  
-7.693215336  
-8.579806818  
-7.836413933  
-5.34613453  
-1.517133284  
2.792830822  
6.508455673  
8.658189635  
8.683168371  
6.630590447  
3.161525667  
-0.6384797465  
-3.592673294  
-4.807201548  
-3.965417653  
-1.44374769  
1.79428666  
4.497968755  
5.531220675  
4.248877502  
0.7254750684  
-4.239894873  
-9.34786704  
-13.18351816  
-14.64066266  
-13.25146211  
-9.317580307  
-3.803262035  
1.972287867  
6.741279788  
9.659873563  
10.52745798  
9.785680003  
8.304489134  
7.033534267  
6.641526449  
7.26890688  
8.479429133  
9.427668773  
9.184970418  
7.111030892  
3.140860944  
-2.116485498  
-7.50925526  
-11.66938103  
-13.4326074  
-12.21732377  
-8.237355718  
-2.475167277  
3.582283439  
8.367048799  
10.68359714  
10.05238638  
6.837846487  
2.12242469  
-2.632406776  
-6.031365736  
-7.158348601  
-5.830789724  
-2.620682681  
1.358118719  
4.823473411  
6.737510509  
6.626641551  
4.709660015  
1.797694692  
-0.9965917028  
-2.642559336  
-2.541468192  
-0.7286348918  
2.137356982  
4.99414836  
6.731941843  
6.570251431  
4.331735284  
0.5221828638  
-3.81241385  
-7.409308281  
-9.192047999  
-8.625184589  
-5.906033862  
-1.928578685  
1.974507136  
4.4358528  
4.480389719  
1.842992226  
-2.923859476  
-8.589701864  
-13.59461468  
-16.5036919  
-16.430967  
-13.30443601  
-7.891510709  
-1.576653569  
4.041677158  
7.613023792  
8.416772371  
6.550165801  
2.868971905  
-1.296512605  
-4.559047586  
-5.895114308  
-4.939740638  
-2.068246576  
1.754025466  
5.299957862  
7.478328083  
7.673261271  
5.919793728  
2.865108056  
-0.4647511611  
-3.010764819  
-4.023236866  
-3.288936011  
-1.172437943  
1.535598219  
3.906191866  
5.194858776  
5.089229073  
3.799210372  
1.962602952  
0.4026055612  
-0.1762528526  
0.5528817461  
2.415263357  
4.788569953  
6.816301176  
7.707289158  
7.01859065  
4.824717256  
1.714602138  
-1.384198335  
-3.496755743  
-3.911975325  
-2.412313877  
0.6516579318  
4.463923444  
7.987214862  
10.2683948  
10.70774131  
9.210040934  
6.176935153  
2.352551478  
-1.419383267  
-4.444411895  
-6.353729924  
-7.159327641  
-7.182774083  
-6.894378026  
-6.725698679  
-6.920799524  
-7.471759008  
-8.150180209  
-8.612064147  
-8.530658741  
-7.707804778  
-6.128688053  
-3.950429206  
-1.440842004  
1.100272015  
3.404172823  
5.260883779  
6.51265395  
7.032392217  
6.71363026  
5.491411819  
3.394901366  
0.6108951088  
-2.477152176  
-5.309404443  
-7.246404929  
-7.730020007  
-6.465847246  
-3.56556568  
0.4101770053  
4.542331128  
7.769697311  
9.178228561  
8.279103459  
5.185333775  
0.6212026437  
-4.252207531  
-8.153839909  
-10.05150107  
-9.470651144  
-6.644676206  
-2.454667243  
1.828359921  
4.922906294  
5.922233596  
4.566047699  
1.313944509  
-2.801806568  
-6.496923851  
-8.62759891  
-8.531470893  
-6.211914408  
-2.312080575  
2.106916415  
5.907267595  
8.222871022  
8.703877332  
7.583631531  
5.554444914  
3.501273982  
2.187039881  
1.995667561  
2.816099831  
4.100988396  
5.074837497  
5.017729633  
3.528027013  
0.6772046562  
-2.992144618  
-6.621664871  
-9.29306594  
-10.30117986  
-9.358538055  
-6.670929526  
-2.866218002  
1.194920274  
4.663274765  
6.924693517  
7.739123219  
7.261799786  
5.951705825  
4.405523004  
3.173580073  
2.613178296  
2.816667999  
3.624421731  
4.706029483  
5.675269087  
6.200064378  
6.077184086  
5.258163319  
3.830787924  
1.973366473  
-0.09690601545  
-2.164494448  
-4.037767033  
-5.555875599  
-6.589674516  
-7.04647235  
-6.883449893  
-6.12695757  
-4.88864996  
-3.367236764  
-1.828117173  
-0.5606643882  
0.1783854394  
0.2206688681  
-0.4749317622  
-1.81177714  
-3.576166268  
-5.482445095  
-7.228731177  
-8.547463798  
-9.238782891  
-9.182495687  
-8.332990178  
-6.707493117  
-4.378831556  
-1.479312724  
1.785939579  
5.126310704  
8.168372981  
10.48711128  
11.67048694  
11.40933798  
9.59180784  
6.373372053  
2.194247126  
-2.273338823  
-6.246922908  
-9.002019466  
-10.04639445  
-9.252425952  
-6.905651967  
-3.647382629  
-0.3178519251  
2.263834689  
3.524896964  
3.304802074  
1.90982805  
0.0332587001  
-1.443492247  
-1.716934605  
-0.3191352286  
2.711087339  
6.800308337  
10.97303234  
14.11396565  
15.28799837  
14.02415238  
10.47560276  
5.401266363  
-0.03336117161  
-4.582738777  
-7.279850169  
-7.717426291  
-6.162072408  
-3.460681427  
-0.7627787681  
0.8578891616  
0.7635714337  
-1.023306234  
-3.810467449  
-6.452473295  
-7.732069604  
-6.78760028  
-3.447153123  
1.646148474  
7.170611758  
11.49442083  
13.16944265  
11.39832873  
6.324774628  
-0.9527920718  
-8.659299063  
-14.83608588  
-17.9018922  
-17.10985737  
-12.75823321  
-6.088120122  
1.100212763  
6.991885998  
10.29116302  
10.57675088  
8.369369122  
4.896075757  
1.634588627  
-0.2079153439  
-0.1070111871  
1.612584449  
3.910197702  
5.414910436  
4.93196266  
1.897309566  
-3.374921857  
-9.738210134  
-15.54084873  
-19.12892528  
-19.36112046  
-15.96772495  
-9.638450849  
-1.813371363  
5.751379984  
11.49955277  
14.50558644  
14.68620174  
12.7350619  
9.816400399  
7.132157783  
5.514774672  
5.18242179  
5.73185711  
6.358439674  
6.213604977  
4.764241766  
2.021726035  
-1.441867503  
-4.694359371  
-6.786230452  
-7.109529872  
-5.640971717  
-2.978249922  
-0.1521445986  
1.72322692  
1.84142454  
-0.0008471295682  
-3.30916019  
-7.034811598  
-9.911961391  
-10.87743959  
-9.433054769  
-5.828485812  
-1.002120737  
3.702585776  
6.953677266  
7.845286222  
6.176971829  
2.509594839  
-2.017101418  
-6.043278811  
-8.407021397  
-8.488402517  
-6.37352145  
-2.793039277  
1.137268469  
4.284383404  
5.853733167  
5.620545857  
3.968577793  
1.731755128  
-0.1030151617  
-0.7318938931  
0.1994317056  
2.481380876  
5.40998636  
8.013478948  
9.361405291  
8.858649467  
6.43468847  
2.573008407  
-1.824592582  
-5.69481609  
-8.112653068  
-8.546140145  
-6.994273784  
-3.972302615  
-0.3533865391  
2.884113833  
4.929752812  
5.357508331  
4.227159596  
2.046066578  
-0.3936368531  
-2.253154364  
-2.891721002  
-2.048945187  
0.08504131281  
2.929097645  
5.680807146  
7.546137209  
7.96237347  
6.750523427  
4.154583732  
0.7586642419  
-2.690856069  
-5.503082206  
-7.233741925  
-7.792324197  
-7.434549998  
-6.645962759  
-5.957054231  
-5.75198602  
-6.13445098  
-6.894766642  
-7.58807785  
-7.695878556  
-6.814712964  
-4.806682853  
-1.859863788  
1.561703323  
4.859726654  
7.484024539  
9.090263106  
9.617536559  
9.260598032  
8.351705071  
7.202194476  
5.970266969  
4.612129931  
2.940928797  
0.7734012693  
-1.895423368  
-4.76775084  
-7.235676222  
-8.518192929  
-7.914616312  
-5.095501257  
-0.3252232208  
5.479833077  
10.9069657  
14.3961668  
14.6914691  
11.25773353  
4.523173781  
-4.147644091  
-12.76532914  
-19.23557311  
-21.93948121  
-20.1989976  
-14.48039626  
-6.266194806  
2.371800709  
9.370854915  
13.26398376  
13.57431655  
10.89725467  
6.650152836  
2.575563699  
0.1618819973  
0.1692763485  
2.411177933  
5.855347599  
9.002647096  
10.41153332  
9.191550947  
5.303787732  
-0.4255471225  
-6.575057793  
-11.58468304  
-14.24371001  
-14.05045591  
-11.33250284  
-7.100070445  
-2.694127579  
0.6449582345  
2.14385721  
1.684300937  
-0.2335071903  
-2.719930538  
-4.82334042  
-5.837162887  
-5.486122718  
-3.94337587  
-1.694949664  
0.679227418  
2.715832736  
4.192375359  
5.129899367  
5.691773032  
6.037725476  
6.206580498  
6.083545063  
5.466756552  
4.20088472  
2.312819706  
0.07989181823  
-2.012757284  
-3.422225849  
-3.753408132  
-2.938221515  
-1.308904067  
0.4787947166  
1.660111187  
1.644631676  
0.2657911929  
-2.102859149  
-4.622092885  
-6.242739113  
-6.065128648  
-3.680543787  
0.6292012053  
5.915296705  
10.81559749  
13.96485963  
14.42990031  
12.02368318  
7.388593309  
1.814343665  
-3.154850051  
-6.197171551  
-6.617836246  
-4.548632722  
-0.8784679014  
3.058134347  
5.926348353  
6.818454171  
5.520504572  
2.533557686  
-1.14875223  
-4.420105525  
-6.459794165  
-7.007177586  
-6.417134513  
-5.481456015  
-5.085484766  
-5.828402783  
-7.74827746  
-10.25569266  
-12.305545  
-12.75216213  
-10.76730027  
-6.177036478  
0.4007217175  
7.670403657  
13.99383114  
17.84337834  
18.23336396  
14.99875164  
8.840889118  
1.13379088  
-6.44323815  
-12.33344867  
-15.46842602  
-15.4779066  
-12.70388854  
-8.039095587  
-2.655980129  
2.287995531  
5.892045025  
7.653880383  
7.5018642  
5.738093933  
2.92806098  
-0.2288527996  
-3.025632563  
-4.861467317  
-5.340612569  
-4.351006817  
-2.108683551  
0.8531193137  
3.7686738  
5.80106451  
6.25643207  
4.800125406  
1.607733755  
-2.610604429  
-6.744066576  
-9.556634154  
-10.03682763  
-7.719183438  
-2.870939631  
3.529959824  
10.03755199  
15.14089364  
17.70873911  
17.33464348  
14.46513732  
10.25900117  
6.212866118  
3.668178479  
3.35956671  
5.157194464  
8.09608531  
10.6918005  
11.4449389  
9.369776203  
4.369003671  
-2.67697397  
-10.14518755  
-16.16068372  
-19.18620135  
-18.5180681  
-14.52308611  
-8.534686901  
-2.438635348  
1.918442175  
3.305144338  
1.478196577  
-2.768176823  
-7.889172697  
-12.11379346  
-14.02999664  
-13.03568029  
-9.508023251  
-4.640159451  
-0.006984880611  
2.987636157  
3.591977119  
1.952602777  
-0.9554836215  
-3.686880938  
-4.845932275  
-3.588502321  
0.06738582921  
5.228446691  
10.41481069  
14.05191615  
14.99846666  
12.93172056  
8.460249859  
2.926608367  
-2.03348507  
-5.027811112  
-5.361378697  
-3.257180595  
0.2279610309  
3.563326264  
5.260453662  
4.376047291  
0.8379355278  
-4.510570775  
-10.1608269  
-14.40210497  
-15.85021529  
-13.87570001  
-8.800580912  
-1.807530437  
5.404747943  
11.10961913  
14.03437756  
13.69404732  
10.48606441  
5.530482969  
0.316419047  
-3.731302279  
-5.635536796  
-5.094447799  
-2.501007288  
1.23330159  
4.982716576  
7.740755544  
8.885626835  
8.309202554  
6.387540285  
3.818322474  
1.385590203  
-0.2743779964  
-0.8410404707  
-0.3724690102  
0.7425664195  
1.918772829  
2.55089147  
2.183720211  
0.6345539109  
-1.956542113  
-5.15415674  
-8.321421893  
-10.75743306  
-11.84972745  
-11.21261089  
-8.785455023  
-4.871008786  
-0.1025903438  
4.659747945  
8.490457864  
10.58981791  
10.46696985  
8.07193724  
3.839356825  
-1.377100684  
-6.475718686  
-10.35122294  
-12.15750272  
-11.52219447  
-8.652977254  
-4.299623946  
0.427441234  
4.341177023  
6.492099415  
6.427060318  
4.317951125  
0.9189617794  
-2.641649985  
-5.181250671  
-5.805558364  
-4.175988818  
-0.6220511254  
3.937792502  
8.248140079  
11.07156475  
11.54465105  
9.43119711  
5.197481728  
-0.113820804  
-5.175024488  
-8.744898555  
-10.01116903  
-8.803866693  
-5.618629052  
-1.446524826  
2.534703904  
5.312165133  
6.325093123  
5.602850434  
3.716514835  
1.565486944  
0.0711876045  
-0.1230883683  
1.147892655  
3.531068841  
6.281392229  
8.508241679  
9.458787975  
8.746437417  
6.453960766  
3.084456803  
-0.6158175308  
-3.898061552  
-6.23266943  
-7.440680538  
-7.698063242  
-7.421468435  
-7.084613979  
-7.035688654  
-7.381659483  
-7.977174575  
-8.514917117  
-8.67593329  
-8.276725279  
-7.352523414  
-6.142240964  
-4.980041662  
-4.136537249  
-3.674853513  
-3.384172998  
-2.826301421  
-1.488610199  
1.005403843  
4.702913051  
9.220802348  
13.78428475  
17.40610803  
19.15805282  
18.45144258  
15.23575781  
10.04741431  
3.887652072  
-2.036613523  
-6.630374034  
-9.189142956  
-9.554272704  
-8.101799249  
-5.576216023  
-2.830481982  
-0.5614617654  
0.8729020971  
1.500655749  
1.642710306  
1.72442136  
2.068410846  
2.748290094  
3.557202733  
4.100155273  
3.971822877  
2.948858052  
1.119849961  
-1.101174203  
-3.088841964  
-4.21154655  
-4.056099439  
-2.591118135  
-0.2079863688  
2.379870648  
4.349407745  
5.022925935  
4.081156662  
1.664035618  
-1.673240316  
-5.132466342  
-7.914236258  
-9.449084474  
-9.544149186  
-8.402722069  
-6.518570065  
-4.48867307  
-2.812729295  
-1.747549095  
-1.260556209  
-1.088711606  
-0.8716638298  
-0.3040042075  
0.750515787  
2.221002472  
3.87388591  
5.413977304  
6.596315532  
7.302218257  
7.55098675  
7.44755947  
7.094215955  
6.510012987  
5.598531925  
4.184036177  
2.106408569  
-0.6617970715  
-3.926158385  
-7.252560076  
-10.03990686  
-11.66894172  
-11.68254706  
-9.937683484  
-6.675292185  
-2.480198386  
1.860233526  
5.555782884  
8.008877189  
8.945624992  
8.44518535  
6.865716089  
4.70009564  
2.416151525  
0.337216712  
-1.400823082  
-2.81164318  
-3.967349281  
-4.901070153  
-5.549974309  
-5.765713213  
-5.388443214  
-4.350950466  
-2.763493285  
-0.9345149309  
0.6934408669  
1.678648606  
1.740175644  
0.8816659611  
-0.5747537737  
-2.068209546  
-2.974783233  
-2.823167854  
-1.474396527  
0.8031735756  
3.399057307  
5.552767327  
6.612460354  
6.271527777  
4.696824088  
2.495681667  
0.5231610029  
-0.4121013166  
0.1541568307  
2.144756273  
4.920317666  
7.453450635  
8.650525711  
7.721056977  
4.473608583  
-0.5638314735  
-6.247542792  
-11.12292813  
-13.84181375  
-13.56503679  
-10.22496758  
-4.564708082  
2.060556767  
8.06097919  
12.05450093  
13.24179947  
11.60405228  
7.869861621  
3.269005461  
-0.8458941045  
-3.392373584  
-3.849547116  
-2.368094002  
0.3222865769  
3.167475863  
5.119716737  
5.442523639  
3.903292758  
0.8075452732  
-3.120827209  
-6.964568577  
-9.869393398  
-11.25712717  
-10.94269436  
-9.136218473  
-6.346427668  
-3.2263996  
-0.4112836002  
1.609724342  
2.56325549  
2.400951311  
1.262453588  
-0.5853021225  
-2.811304706  
-5.072862236  
-7.053443578  
-8.489292376  
-9.190290258  
-9.058172459  
-8.100610873  
-6.435936241  
-4.282538409  
-1.930148865  
0.3046612737  
2.130913758  
3.332921743  
3.807019605  
3.578668093  
2.798360582  
1.718808996  
0.6582817375  
-0.04531294508  
-0.0858980772  
0.7569857315  
2.567094723  
5.251447538  
8.523323452  
11.92090429  
14.86983836  
16.78770018  
17.21423493  
15.93777876  
13.08105282  
9.113114136  
4.770119055  
0.8927860211  
-1.784084002  
-2.834169219  
-2.272925039  
-0.5742515847  
1.445892348  
2.855322345  
2.880877093  
1.152440219  
-2.161283819  
-6.373603015  
-10.4594631  
-13.3461313  
-14.22990883  
-12.82173979  
-9.443286333  
-4.939546514  
-0.4313399663  
3.017644887  
4.715615944  
4.539622772  
2.951275567  
0.8254830784  
-0.8531107017  
-1.327654733  
-0.3301456015  
1.82064636  
4.318518409  
6.136241499  
6.37367567  
4.574279365  
0.9055699864  
-3.858093779  
-8.548737193  
-11.94922624  
-13.16159121  
-11.88357424  
-8.506425152  
-4.003048454  
0.3586667913  
3.388645105  
4.319328413  
3.018654568  
0.01037888118  
-3.698987673  
-6.928510697  
-8.669709293  
-8.367726968  
-6.057390953  
-2.32265095  
1.897499074  
5.589071313  
7.941060315  
8.541072975  
7.44015617  
5.082259868  
2.135012335  
-0.7157932718  
-2.94222973  
-4.272701992  
-4.695967082  
-4.386618208  
-3.591463606  
-2.523495254  
-1.300448164  
0.05655682765  
1.57341394  
3.250233939  
4.999743378  
6.624580844  
7.844739613  
8.366896217  
7.972032554  
6.591719446  
4.347969752  
1.544288829  
-1.388900022  
-3.97825108  
-5.798461451  
-6.54901723  
-6.102767393  
-4.521649574  
-2.04251611  
0.9601739983  
4.028184221  
6.685100261  
8.509901836  
9.212758511  
8.702341735  
7.128773216  
4.883973203  
2.545767694  
0.7641467038  
0.1058784412  
0.891691457  
3.07146059  
6.18166247  
9.412639104  
11.78434298  
12.3952909  
10.68147042  
6.610119875  
0.7437580564  
-5.857931833  
-11.88476419  
-16.11121504  
-17.72817649  
-16.57342749  
-13.18700546  
-8.666215556  
-4.354648631  
-1.451761959  
-0.6578243904  
-1.962938349  
-4.648877923  
-7.509437532  
-9.228026427  
-8.800781297  
-5.876185691  
-0.9041295123  
4.956933127  
10.15334859  
13.18110334  
13.03136701  
9.503706101  
3.291948373  
-4.185339399  
-11.16198662  
-16.00007961  
-17.62730766  
-15.81148358  
-11.19753987  
-5.102885946  
0.8630817657  
5.241368208  
7.10091471  
6.249519423  
3.229935376  
-0.882636944  
-4.809855384  
-7.424236738  
-8.027766628  
-6.486413913  
-3.2004131  
1.060393595  
5.391960598  
8.986857221  
11.2984721  
12.10706576  
11.49173912  
9.740299413  
7.24117919  
4.395706711  
1.570372709  
-0.9140419225  
-2.776436778  
-3.777160534  
-3.743731387  
-2.619477668  
-0.5164642876  
2.255872155  
5.211953028  
7.771218866  
9.386649767  
9.687057344  
8.588791499  
6.337050537  
3.456429498  
0.6186081921  
-1.537331856  
-2.579407401  
-2.399082629  
-1.233559231  
0.4129178782  
1.924272276  
2.756422375  
2.594041506  
1.434600659  
-0.4218103094  
-2.468638191  
-4.141263045  
-4.970839725  
-4.699406837  
-3.328347809  
-1.095703049  
1.600508252  
4.302603713  
6.585888119  
8.12205747  
8.707097285  
8.261361377  
6.816865586  
4.505058776  
1.549926003  
-1.739361094  
-4.98839507  
-7.80100005  
-9.827649122  
-10.84632249  
-10.83144351  
-9.982511153  
-8.691986316  
-7.449989736  
-6.706343493  
-6.729479375  
-7.509028762  
-8.739918879  
-9.902019664  
-10.4179117  
-9.842844138  
-8.025918464  
-5.186509554  
-1.874693688  
1.178581192  
3.278428303  
3.982331335  
3.24534923  
1.444681981  
-0.7275609245  
-2.471313695  
-3.119790744  
-2.337557815  
-0.2120468604  
2.789467488  
5.980327829  
8.676206483  
10.40212289  
11.01553608  
10.70681632  
9.882440185  
8.977987699  
8.2727878  
7.776897261  
7.234284348  
6.242962117  
4.448699593  
1.739634693  
-1.634433132  
-5.070362185  
-7.756190274  
-8.911922538  
-8.050283551  
-5.169741647  
-0.8105017071  
4.053485779  
8.260804082  
10.77600742  
10.97602753  
8.822348862  
4.866817367  
0.09011470832  
-4.376683279  
-7.562607295  
-8.90712586  
-8.379601199  
-6.439816462  
-3.860949316  
-1.476773444  
0.06606189957  
0.4769343052  
-0.1329257321  
-1.3307941  
-2.533068999  
-3.205454321  
-3.028130365  
-1.978090177  
-0.3107720929  
1.543860772  
3.130709028  
4.114108142  
4.37369536  
4.026818501  
3.37719872  
2.811377629  
2.67715032  
3.179528271  
4.320871216  
5.897002251  
7.545539849  
8.830741883  
9.342906691  
8.790201507  
7.064813295  
4.271723158  
0.7155164552  
-3.152493073  
-6.817944117  
-9.803014487  
-11.7624409  
-12.55464547  
-12.26929417  
-11.20076236  
-9.769725213  
-8.409891125  
-7.449200014  
-7.020120679  
-7.028629395  
-7.196103566  
-7.166053821  
-6.645223298  
-5.533531065  
-3.996043612  
-2.444597857  
-1.423968984  
-1.429569606  
-2.710258194  
-5.121364039  
-8.084029269  
-10.67859929  
-11.85959763  
-10.74002405  
-6.866155424  
-0.400107299  
7.850996174  
16.57899178  
24.26176012  
29.5205893  
31.45221658  
29.84466737  
25.21749064  
18.67573135  
11.6191497  
5.387841178  
0.9413467597  
-1.343727766  
-1.708671846  
-0.8798455122  
0.1853804139  
0.5960813893  
-0.2169659075  
-2.356700316  
-5.458871684  
-8.825101307  
-11.64305138  
-13.22555624  
-13.19992073  
-11.59751209  
-8.825348233  
-5.53572819  
-2.437341022  
-0.1044732132  
1.162486861  
1.390067618  
0.8894056931  
0.1368862898  
-0.3836682871  
-0.3301550933  
0.3996251003  
1.64675509  
3.050187255  
4.166134381  
4.611099887  
4.185397283  
2.939849787  
1.164977459  
-0.6951033086  
-2.179136246  
-2.954420288  
-2.926329178  
-2.275430235  
-1.406869766  
-0.8235062819  
-0.959098751  
-2.022880818  
-3.906518356  
-6.18780545  
-8.236695221  
-9.396702487  
-9.188706251  
-7.47351919  
-4.518959771  
-0.9445382617  
2.445287569  
4.892147439  
5.909058042  
5.428952788  
3.827195428  
1.807752097  
0.1860491422  
-0.3644931303  
0.4775886149  
2.582152222  
5.409691346  
8.181090646  
10.11902399  
10.68229047  
9.717794123  
7.483855472  
4.542742284  
1.564808753  
-0.8845709558  
-2.500643218  
-3.286270351  
-3.480594489  
-3.40433012  
-3.287778513  
-3.153793826  
-2.806193353  
-1.932270236  
-0.2814092912  
2.151923521  
5.020127252  
7.645662632  
9.185630782  
8.894249706  
6.398379791  
1.888032203  
-3.854785966  
-9.615211342  
-14.05625156  
-16.09092477  
-15.20018689  
-11.5937634  
-6.158822374  
-0.2090066956  
4.88885566  
8.093281352  
8.953639078  
7.682630424  
5.020472074  
1.944543685  
-0.6717658078  
-2.333624563  
-3.042158922  
-3.221702255  
-3.491930394  
-4.374348764  
-6.044520272  
-8.223355749  
-10.24947985  
-11.30847172  
-10.73730671  
-8.293870695  
-4.292101486  
0.450726244  
4.842928872  
7.850482824  
8.82264872  
7.702705866  
5.053144226  
1.886206883  
-0.6455808401  
-1.59965781  
-0.5242448547  
2.415086534  
6.496064032  
10.66044233  
13.81963771  
15.14907083  
14.28638532  
11.38587124  
7.030219691  
2.043735971  
-2.725466575  
-6.588450858  
-9.120809277  
-10.18090641  
-9.861639738  
-8.41248537  
-6.167016737  
-3.49516401  
-0.7787848097  
1.606327548  
3.32153024  
4.118463848  
3.904854484  
2.797145941  
1.128681631  
-0.6076450428  
-1.880255316  
-2.273668054  
-1.627623197  
-0.1081933708  
1.823473141  
3.545080051  
4.472039803  
4.255698646  
2.910270651  
0.8186075447  
-1.391659246  
-3.06275422  
-3.73751832  
-3.321762427  
-2.115158086  
-0.69402594  
0.3152124025  
0.489448679  
-0.2081663006  
-1.391618498  
-2.385976952  
-2.491715404  
-1.286000247  
1.154075967  
4.200832584  
6.83489276  
7.974825333  
6.871646032  
3.429058722  
-1.67457865  
-7.125376979  
-11.34892624  
-13.01058459  
-11.47849562  
-7.088199096  
-1.10513269  
4.622389654  
8.223133341  
8.402998476  
4.89070408  
-1.422821989  
-8.708791691  
-14.7296981  
-17.51414042  
-15.96776616  
-10.22753794  
-1.645730876  
7.593582029  
15.10722208  
18.99913217  
18.39025896  
13.63493843  
6.168224145  
-1.955037313  
-8.675121302  
-12.50142014  
-12.87387124  
-10.21719195  
-5.696679386  
-0.7785992204  
3.247047074  
5.624716065  
6.268828615  
5.657168353  
4.547258279  
3.636433485  
3.295532171  
3.468190534  
3.75909646  
3.661396439  
2.822805019  
1.239371993  
-0.7022609052  
-2.352163469  
-3.045169846  
-2.373523519  
-0.3773461658  
2.423991319  
5.17765122  
6.972467001  
7.146905381  
5.519773959  
2.460142435  
-1.230206584  
-4.58162064  
-6.776116128  
-7.409570831  
-6.605112369  
-4.939499007  
-3.2107208  
-2.131538444  
-2.0596426  
-2.861729972  
-3.96086527  
-4.551116283  
-3.903628162  
-1.655391251  
2.022854997  
6.441536708  
10.58851176  
13.44226601  
14.29679565  
12.98825115  
9.946543587  
6.054221625  
2.359864931  
-0.2580497289  
-1.364974623  
-1.091626315  
-0.06435257196  
0.830056178  
0.7649343379  
-0.727735116  
-3.579908647  
-7.189177167  
-10.59842767  
-12.79451063  
-13.0294927  
-11.06239534  
-7.246531596  
-2.43773662  
2.24480697  
5.72901487  
7.276604646  
6.662591476  
4.200876328  
0.6184914326  
-3.173527453  
-6.336961348  
-8.312980338  
-8.922595215  
-8.34299297  
-6.9821758  
-5.304380273  
-3.669273067  
-2.237280683  
-0.9662286624  
0.3090882181  
1.751227523  
3.399477814  
5.101635832  
6.525577475  
7.24941725  
6.901274946  
5.301993922  
2.561928514  
-0.9033622235  
-4.448776181  
-7.348689724  
-8.978629543  
-8.978409333  
-7.350330021  
-4.464221579  
-0.9672742298  
2.377094631  
4.878075999  
6.084088966  
5.884446254  
4.521747439  
2.514960375  
0.5163399736  
-0.8586021702  
-1.183861076  
-0.3210360028  
1.55877614  
4.030294182  
6.528356432  
8.489612423  
9.485663792  
9.31648503  
8.044955724  
5.968925249  
3.541988746  
1.264958061  
-0.425535698  
-1.246769925  
-1.120570899  
-0.177342168  
1.283780514  
2.867394125  
4.170428425  
4.868458557  
4.782937037  
3.916714546  
2.451277169  
0.7062371186  
-0.9312489191  
-2.093246512  
-2.516059862  
-2.104756241  
-0.9616287702  
0.6298902755  
2.264430338  
3.504991734  
3.983710116  
3.488562583  
2.013726683  
-0.2400524963  
