-2.306821694  
-3.663182287  
-4.88002876  
-5.564199848  
-5.421033999  
-4.363807966  
-2.565008988  
-0.4272098337  
1.523481291  
2.792140687  
3.070053094  
2.338621798  
0.8841106118  
-0.7872632818  
-2.111372755  
-2.655049425  
-2.268896593  
-1.149252193  
0.2180100258  
1.2203276  
1.338631833  
0.3520206862  
-1.546208946  
-3.769458695  
-5.500637992  
-5.953468567  
-4.651660352  
-1.632507233  
2.500643984  
6.70803964  
9.798105279  
10.78659659  
9.219753686  
5.355141589  
0.1332528642  
-5.063762778  
-8.801808236  
-10.01812974  
-8.347575954  
-4.246831265  
1.128129028  
6.259461059  
9.719238483  
10.59682076  
8.768378798  
4.923353599  
0.3388656689  
-3.526836096  
-5.492893193  
-5.020542509  
-2.368634372  
1.507772283  
5.280231416  
7.684227607  
7.927875197  
5.939802456  
2.378212382  
-1.597451059  
-4.712739808  
-5.992145729  
-5.063796063  
-2.257124089  
1.53299686  
5.163148772  
7.626904371  
8.376003333  
7.469513959  
5.505031171  
3.362798642  
1.858487844  
1.431029848  
1.977974827  
2.897382787  
3.321359925  
2.457711817  
-0.08290426811  
-4.093053066  
-8.780829659  
-12.99002434  
-15.55732731  
-15.68764481  
-13.22125704  
-8.702621482  
-3.227250254  
1.882512332  
5.465643881  
6.848017947  
6.002635066  
3.499721306  
0.2735012418  
-2.707222566  
-4.74903883  
-5.621014769  
-5.563136151  
-5.125557911  
-4.907539468  
-5.297736128  
-6.312595495  
-7.590009024  
-8.536024336  
-8.565407558  
-7.342768474  
-4.931844097  
-1.795635209  
1.354103186  
3.803259509  
5.087264098  
5.155620686  
4.387793931  
3.453242595  
3.065054482  
3.715363809  
5.487604465  
8.013183968  
10.58852254  
12.411223  
12.85203394  
11.66731743  
9.07878138  
5.695118367  
2.30643952  
-0.3734328471  
-1.925212622  
-2.328005431  
-1.917135115  
-1.218039877  
-0.7228196488  
-0.6951677995  
-1.076621257  
-1.527415502  
-1.583864148  
-0.8699696349  
0.7195454591  
2.937031347  
5.235189495  
6.939781156  
7.480718084  
6.597709434  
4.444751982  
1.553481774  
-1.333935139  
-3.50477008  
-4.504825169  
-4.27686393  
-3.161272905  
-1.761090195  
-0.721626517  
-0.5042205444  
-1.234214204  
-2.674707939  
-4.331267705  
-5.645282101  
-6.202573048  
-5.880233275  
-4.879336132  
-3.634626976  
-2.638362212  
-2.246795358  
-2.543287546  
-3.309593759  
-4.115419318  
-4.49132693  
-4.11853902  
-2.962634575  
-1.299341282  
0.37889513  
1.541778073  
1.819235514  
1.144660002  
-0.2110008353  
-1.728367787  
-2.820550877  
-3.04031448  
-2.238061878  
-0.6132169691  
1.359194741  
3.099082703  
4.125723657  
4.221004771  
3.492368661  
2.314466061  
1.174142614  
0.4796718303  
0.4081256327  
0.8497193229  
1.470192488  
1.866243742  
1.752021463  
1.10115605  
0.1843387743  
-0.5182690842  
-0.5018820988  
0.5483375886  
2.595758629  
5.210797389  
7.674504035  
9.198968574  
9.191101208  
7.466536363  
4.334095921  
0.5147356298  
-3.082739237  
-5.654625245  
-6.762145003  
-6.465321015  
-5.280641945  
-3.974524949  
-3.26422344  
-3.53359144  
-4.669042518  
-6.080941956  
-6.91057019  
-6.355261281  
-3.998454339  
-0.02416873912  
4.769194416  
9.173890697  
11.93882372  
12.17974851  
9.696159177  
5.083105471  
-0.4091123355  
-5.231727443  
-8.002174901  
-7.929522297  
-5.063193936  
-0.2827077833  
4.970893316  
9.137642247  
11.01473872  
10.11491272  
6.794642334  
2.114890387  
-2.516293597  
-5.800371482  
-6.955225844  
-5.942646178  
-3.447685859  
-0.6235747088  
1.308125591  
1.467458271  
-0.3981449978  
-3.842092649  
-7.877875234  
-11.31002236  
-13.12289351  
-12.79821183  
-10.46014596  
-6.807418071  
-2.863786698  
0.3625618019  
2.193761702  
2.467712634  
1.539018505  
0.1053037915  
-1.071646663  
-1.446802265  
-0.8748274806  
0.3671679459  
1.720344188  
2.592587439  
2.620264513  
1.843907739  
0.7287842064  
0.01648004598  
0.4544064861  
2.495770089  
6.076861841  
10.55640138  
14.84978052  
17.72653102  
18.18324758  
15.77545692  
10.80030343  
4.265350346  
-2.356243066  
-7.517662013  
-10.0245102  
-9.36996613  
-5.879930345  
-0.6252428563  
4.873220097  
9.060363941  
10.76357459  
9.49274244  
5.54312334  
-0.1198290355  
-6.151008884  
-11.20063306  
-14.26346264  
-14.9063753  
-13.319973  
-10.19512372  
-6.476274562  
-3.075125018  
-0.6322064458  
0.6090699428  
0.792248433  
0.3225275821  
-0.318809435  
1.652819271  
-3.17268376  
-6.78898063  
-8.659761078  
-8.788380203  
-7.647889188  
-5.963141686  
-4.430341129  
-3.477827809  
-3.152394714  
-3.165579676  
-3.072996167  
-2.509640909  
-1.3838034  
0.0508022851  
1.276997058  
1.721595915  
1.008683754  
-0.8423485916  
-3.358247227  
-5.727216012  
-7.057513932  
-6.692525745  
-4.469158381  
-0.8209423868  
3.321482201  
6.809100455  
8.643903362  
8.314475452  
5.98034751  
2.436367345  
-1.137464052  
-3.561027087  
-4.04613355  
-2.462727101  
0.6129192318  
4.087276236  
6.714887951  
7.518681209  
6.124613876  
2.898083216  
-1.164287366  
-4.752330529  
-6.664760149  
-6.197608643  
-3.372349968  
1.068615694  
5.89438772  
9.767477422  
11.65038113  
11.10779801  
8.413171611  
4.434139669  
0.3427043056  
-2.751009982  
-4.12392366  
-3.626705321  
-1.684378934  
0.8754126339  
3.100461059  
4.20528138  
3.787402417  
1.912287985  
-0.9433323414  
-4.056279113  
-6.668909315  
-8.182685974  
-8.284112773  
-6.982466355  
-4.56783926  
-1.517828752  
1.613101686  
4.294501785  
6.097227457  
6.745709009  
6.149434111  
4.41627001  
1.844136313  
-1.116815294  
-3.937465715  
-6.114331314  
-7.286658366  
-7.334221634  
-6.420497407  
-4.956171355  
-3.481156586  
-2.492498034  
-2.269996291  
-2.76037399  
-3.568482059  
-4.07178895  
-3.631999871  
-1.839455586  
1.293080049  
5.261767195  
9.166194512  
11.95156128  
12.73029844  
11.08161518  
7.226878104  
2.013330954  
-3.301455001  
-7.406025236  
-9.324342972  
-8.714308389  
-5.976962321  
-2.136640697  
1.474089834  
3.626894028  
3.577044112  
1.289176848  
-2.561413496  
-6.809798516  
-10.17081914  
-11.63618688  
-10.77239689  
-7.828266793  
-3.625863773  
0.719838222  
4.153307929  
5.984980986  
6.056031921  
4.718807798  
2.655364569  
0.6102276956  
-0.86242423  
-1.549848343  
-1.585984725  
-1.32362105  
-1.135114246  
-1.226628163  
-1.540868477  
-1.784726374  
-1.566800215  
-0.5852610851  
1.213792773  
3.57584386  
6.004830914  
7.935738074  
8.947561508  
8.932275198  
8.149010549  
7.134505132  
6.495780663  
6.658462186  
7.6658484  
9.110576141  
10.23612594  
10.1846103  
8.312017832  
4.462480718  
-0.8990284778  
-6.752550254  
-11.77916083  
-14.73397367  
-14.82087008  
-11.94941264  
-6.78956342  
-0.6033114157  
5.097288403  
8.9619692  
10.16000492  
8.579571003  
4.816527024  
-0.03282716248  
-4.701696158  
-8.099641979  
-9.57389172  
-9.018158392  
-6.815947645  
-3.658399452  
-0.3110313628  
2.590335976  
4.656285614  
5.754432597  
5.936286434  
5.329980348  
4.053229391  
2.18318561  
-0.211443329  
-3.001866844  
-5.938303261  
-8.638663767  
-10.64742828  
-11.55373595  
-11.12893172  
-9.429917283  
-6.822084173  
-3.902313603  
-1.338865798  
0.3226589409  
0.8224977691  
0.261726622  
-0.939276832  
-2.187107854  
-2.917421805  
-2.783409714  
-1.765310435  
-0.1629832342  
1.525111135  
2.792630795  
3.31676098  
3.080635782  
2.381468763  
1.719884132  
1.608776021  
2.369637905  
3.990032683  
6.095626014  
8.050765431  
9.156957657  
8.884021217  
7.056464805  
3.931847625  
0.1435645045  
-3.474598073  
-6.125982563  
-7.274950195  
-6.787195234  
-4.945283541  
-2.339673167  
0.3245722345  
2.43996982  
3.659690554  
3.963386131  
3.61235364  
3.017816789  
2.57320282  
2.509772925  
2.82295854  
3.289641322  
3.564391179  
3.316559385  
2.358653454  
0.72243457  
-1.340544097  
-3.430547008  
-5.116428262  
-6.057774863  
-6.094127746  
-5.276787297  
-3.83927294  
-2.121938306  
-0.4783755479  
0.8073074391  
1.571418928  
1.782547226  
1.520555653  
0.9373410816  
0.2153025819  
-0.46550288  
-0.9484972776  
-1.11366359  
-0.8888038833  
-0.2626658676  
0.7020476198  
1.863308754  
3.011448686  
3.90381837  
4.320015495  
4.125455607  
3.323715629  
2.077333787  
0.6838513613  
-0.4926584861  
-1.11876479  
-0.9897764681  
-0.09747077391  
1.356913671  
3.012631519  
4.4504239  
5.315007377  
5.420758755  
4.805888718  
3.71571258  
2.518138394  
1.57685574  
1.12253241  
1.164451188  
1.473396384  
1.644622841  
1.224378461  
-0.137316278  
-2.554395649  
-5.834813849  
-9.49697622  
-12.87127179  
-15.2604962  
-16.11567118  
-15.17940774  
-12.55810621  
-8.704334207  
-4.315086641  
-0.173635215  
3.023935291  
4.814555737  
5.052954011  
3.919351726  
1.854004072  
-0.5602204849  
-2.735738942  
-4.205441964  
-4.70841575  
-4.221296066  
-2.934263455  
-1.183087366  
0.64290799  
2.194028195  
3.233608684  
3.677099207  
3.591031145  
3.155437964  
2.60135627  
2.140262766  
1.903657816  
1.908134964  
2.054766594  
2.162750156  
2.028158792  
1.491566522  
0.4954636275  
-0.8854480866  
-2.450737131  
-3.916972759  
-4.985545343  
-5.416807064  
-5.089457562  
-4.028022954  
-2.390645767  
-0.4212342294  
1.619126608  
3.520372989  
5.170448354  
6.567190055  
7.792700476  
8.959915189  
10.15010708  
11.36291977  
12.49628758  
13.36356695  
13.74296647  
13.44355021  
12.36672457  
10.54353117  
8.135966942  
5.402129387  
2.636339965  
0.1028604385  
-2.016928464  
-3.649333331  
-4.820228259  
-5.61995792  
-6.155464364  
-6.506915463  
-6.703272562  
-6.723676944  
-6.522047097  
-6.064256926  
-5.363158107  
-4.497905547  
-3.609745784  
-2.87452365  
-2.459921913  
-2.480240285  
-2.962138502  
-3.831191256  
-4.922823817  
-6.014390586  
-6.869862114  
-7.286141458  
-7.130817658  
-6.364324979  
-5.043794248  
-3.309980344  
-1.361568555  
0.5773849487  
2.291076826  
3.601430447  
4.389396714  
4.605331862  
4.267296657  
3.448108484  
2.254229197  
0.8015938703  
-0.8052805611  
-2.485089606  
-4.179005415  
-5.838034787  
-7.403497728  
-8.789055093  
-9.873343046  
-10.50952883  
-10.55247221  
-9.897186677  
-8.516712035  
-6.485392187  
-3.976680004  
-1.232108551  
1.491879124  
3.983645825  
6.122720717  
7.89547357  
9.372119667  
10.65057204  
11.78576503  
12.73094999  
13.31634332  
13.27992918  
12.34775456  
10.34227946  
7.283939721  
3.44828444  
-0.648680904  
-4.343535826  
-6.977906272  
-8.069755335  
-7.452547199  
-5.336957839  
-2.270634055  
0.9983076693  
3.718011866  
5.33350809  
5.63152342  
4.785394415  
3.28601364  
1.780069228  
0.8658914047  
0.9104715746  
1.944164475  
3.664167845  
5.542413681  
6.999853325  
7.588218554  
7.119525082  
5.702823306  
3.680437022  
1.490886888  
-0.4893331139  
-2.066700449  
-3.270519233  
-4.298320218  
-5.388998852  
-6.673730349  
-8.064786281  
-9.23049139  
-9.674588394  
-8.90011444  
-6.60526629  
-2.843037024  
1.915805312  
6.847728365  
10.95950097  
13.33969049  
13.40442324  
11.06241158  
6.747757488  
1.309581086  
-4.208395333  
-8.831863001  
-11.88541288  
-13.12288261  
-12.72754213  
-11.19344546  
-9.135620416  
-7.095855344  
-5.406332772  
-4.148388279  
-3.207493929  
-2.39148739  
-1.558990047  
-0.7054674505  
0.02558056232  
0.4073575008  
0.2408073567  
-0.5361916289  
-1.788892631  
-3.203075585  
-4.377269875  
-4.957210391  
-4.761946777  
-3.852241152  
-2.512279495  
-1.147895243  
-0.1366215651  
0.3153603749  
0.2546364627  
-0.03325518065  
-0.1318954733  
0.3403508387  
1.567187938  
3.436021426  
5.545691163  
7.324531653  
8.222572794  
7.912578273  
6.427757356  
4.182858126  
1.86397651  
0.21800997  
-0.1908711465  
0.8239535881  
2.993515836  
5.662504748  
7.987240474  
9.199823843  
8.852442507  
6.961047044  
4.000341763  
0.7513051522  
-1.948396976  
-3.468427855  
-3.577095742  
-2.49783685  
-0.8145050062  
0.7399923571  
1.538408543  
1.270606194  
0.0412656954  
-1.676629818  
-3.213520835  
-3.938957383  
-3.479658636  
-1.846352977  
0.5712027536  
3.135517907  
5.170488007  
6.174948416  
5.968374954  
4.722765706  
2.875992698  
0.9634743388  
-0.5681630115  
-1.498464356  
-1.875551431  
-1.954391624  
-2.06065991  
-2.436670838  
-3.130827519  
-3.973747937  
-4.649808123  
-4.835333459  
-4.348152944  
-3.247753948  
-1.842959099  
-0.5987276534  
0.02766380959  
-0.2377544501  
-1.364348121  
-2.99908752  
-4.565622924  
-5.451525081  
-5.221758088  
-3.784197618  
-1.446685239  
1.159411638  
3.268959539  
4.2264406  
3.7033977  
1.817120757  
-0.8907476939  
-3.611338799  
-5.512533516  
-5.992531156  
-4.862877073  
-2.404103512  
0.7212709274  
3.668227782  
5.656466233  
6.188203247  
5.172200277  
2.922582028  
0.0420290587  
-2.765683131  
-4.890707317  
-5.9603671  
-5.894238428  
-4.867404152  
-3.208698016  
-1.278555068  
0.6289527067  
2.33145201  
3.747294709  
4.847810432  
5.604831977  
5.963415246  
5.854306054  
5.239491549  
4.166238907  
2.798267563  
1.400431424  
0.2726353504  
-0.3480405705  
-0.3806087266  
0.05126441003  
0.6427198075  
1.004920082  
0.8085327269  
-0.0757739326  
-1.494081997  
-3.022331341  
-4.083440067  
-4.138664634  
-2.893189757  
-0.444484442  
2.685091308  
5.655458831  
7.534223309  
7.577195238  
5.47777177  
1.503105585  
-3.533532077  
-8.465277357  
-12.07818112  
-13.44333766  
-12.17584457  
-8.542487085  
-3.385477672  
2.114298772  
6.762484045  
9.66702322  
10.45185844  
9.310000147  
6.889064054  
4.054533254  
1.61188863  
0.07718012849  
-0.4352474786  
-0.1815353448  
0.3637146932  
0.7185110773  
0.5853232061  
-0.04345135035  
-0.8998100617  
-1.563446814  
-1.644275468  
-0.9540759503  
0.3976975728  
2.020655764  
3.368393537  
3.927821026  
3.405501983  
1.843804153  
-0.3762532766  
-2.64919364  
-4.3390292  
-4.987419898  
-4.464821017  
-3.0123216  
-1.158997119  
0.4578776849  
1.30905907  
1.152604827  
0.1150711317  
-1.353364285  
-2.635131036  
-3.160325466  
-2.608113476  
-1.02627023  
1.171932871  
3.333383115  
4.772433407  
4.991966031  
3.846024639  
1.591366511  
-1.188047797  
-3.75830478  
-5.456837131  
-5.887271307  
-5.027642823  
-3.221367094  
-1.058705247  
0.809187889  
1.862403593  
1.851049089  
0.841977772  
-0.8329363439  
-2.701351503  
-4.300960166  
-5.305291599  
-5.587821758  
-5.212611762  
-4.366658454  
-3.268041721  
-2.08840657  
-0.9177718572  
0.2211510037  
1.32406998  
2.351239151  
3.199511755  
3.718809128  
3.770425815  
3.303655675  
2.41522065  
1.358636916  
0.4879851055  
0.1464704346  
0.5351246662  
1.610645746  
3.057302547  
4.355817221  
4.938590235  
4.387286071  
2.60772239  
-0.08268381388  
-2.996326368  
-5.246871292  
-6.007651051  
-4.780560299  
-1.588840626  
2.974673964  
7.870267785  
11.87802847  
13.93413542  
13.43663209  
10.42617785  
5.583168878  
0.03862296801  
-4.945874665  
-8.332275293  
-9.586143814  
-8.797804046  
-6.610036657  
-3.979342366  
-1.850554017  
-0.8512632942  
-1.104619855  
-2.2189709  
-3.453883276  
-4.00371269  
-3.301289018  
-1.23817973  
1.773753488  
4.921553471  
7.252694764  
7.992793536  
6.814118299  
3.965044933  
0.2157126712  
-3.365168184  
-5.732566964  
-6.184673006  
-4.578849165  
-1.376501378  
2.496171498  
5.926591097  
7.945611371  
8.006773314  
6.13106658  
2.877247279  
-0.8471867703  
-4.070697587  
-6.047482101  
-6.463981672  
-5.503339836  
-3.755422248  
-2.007944424  
-0.9887681906  
-1.140493024  
-2.49399517  
-4.673599437  
-7.024776035  
-8.81897864  
-9.470248672  
-8.6991657  
-6.600026763  
-3.598659787  
-0.3209508199  
2.58400153  
4.613249318  
5.526084839  
5.380262813  
4.486280299  
3.299797979  
2.286528333  
1.797123515  
1.982897626  
2.769584191  
3.890462403  
4.96601267  
5.60793123  
5.521761204  
4.584503584  
2.88011697  
0.6852076258  
-1.59205343  
-3.506603585  
-4.683485724  
-4.911904954  
-4.202323177  
-2.789920584  
-1.08004222  
0.4536907255  
1.394133532  
1.495338134  
0.7544329669  
-0.5822265615  
-2.084021907  
-3.256854398  
-3.686841117  
-3.165372295  
-1.757560056  
0.2083125871  
2.229445903  
3.770509881  
4.417254304  
3.995842016  
2.622045715  
0.6659764349  
-1.355967251  
-2.92803092  
-3.675876213  
-3.459527854  
-2.393421705  
-0.7924811618  
0.9336170242  
2.401170346  
3.349659256  
3.688373399  
3.485016339  
2.909501657  
2.160110078  
1.401912492  
0.7384011986  
0.2207855016  
-0.1177228914  
-0.2260897958  
-0.02160931145  
0.5891897305  
1.659140952  
3.139237136  
4.836842473  
6.41918786  
7.473040413  
7.61009043  
6.587818334  
4.40530426  
1.337511821  
-2.110483239  
-5.321692131  
-7.72478612  
-8.942767451  
-8.885306329  
-7.754733868  
-5.964113934  
-3.995531648  
-2.2472074  
-0.9217560637  
0.006774509798  
0.737701485  
1.522884778  
2.526946671  
3.722850307  
4.864959983  
5.553978166  
5.374292445  
4.056541599  
1.606688269  
-1.64789508  
-5.117535105  
-8.10075723  
-9.980097337  
-10.40003547  
-9.368254147  
-7.245984722  
-4.629945377  
-2.164471844  
-0.3457105963  
0.6179775135  
0.8446661083  
0.7063058735  
0.6722966081  
1.124505566  
2.207805189  
3.767178588  
5.392147129  
6.5525109  
6.778584456  
5.824759791  
3.761666648  
0.9669817646  
-1.980996229  
-4.471086111  
-6.033381693  
-6.46484294  
-5.869088846  
-4.602325588  
-3.147610817  
-1.960866988  
-1.338024837  
-1.342207152  
-1.807794562  
-2.412654418  
-2.789535431  
-2.63879158  
-1.80887817  
-0.3257082104  
1.62948504  
3.778292428  
5.815790984  
7.471696744  
8.548690939  
8.936043105  
8.605829981  
7.602536464  
6.034170955  
4.066486836  
1.915369218  
-0.1703152081  
-1.940480698  
-3.188049254  
-3.795133444  
-3.765197286  
-3.226119802  
-2.396880322  
-1.52315519  
-0.7998321528  
-0.3059965799  
0.02314922625  
0.3735828773  
0.9819637704  
2.037872248  
3.59103595  
5.496993994  
7.424132081  
8.925705459  
9.558755701  
9.014986268  
7.222889123  
4.387868242  
0.9557507025  
-2.491111453  
-5.375046642  
-7.260157741  
-7.945967048  
-7.492959831  
-6.17726126  
-4.393678483  
-2.540833154  
-0.9248604237  
0.2913355098  
1.084085122  
1.520511633  
1.690432462  
1.647766268  
1.38430037  
0.8440569123  
-0.03033657016  
-1.240842054  
-2.692777174  
-4.189450984  
-5.469533068  
-6.277752298  
-6.446312527  
-5.959035706  
-4.97457259  
-3.797601295  
-2.80343289  
-2.336532783  
-2.612037983  
-3.648962878  
-5.254692831  
-7.065536107  
-8.632342972  
-9.528020286  
-9.448559782  
-8.28196975  
-6.129027377  
-3.272872588  
-0.1076127355  
2.954257928  
5.571622453  
7.539756713  
8.815860883  
9.500843593  
9.784336293  
9.869159227  
9.896893687  
9.896140425  
9.769597555  
9.325777501  
8.348697904  
6.686913804  
4.335456302  
1.483336539  
-1.493511461  
-4.09968148  
-5.835982488  
-6.334609072  
-5.475352257  
-3.445504267  
-0.7191546023  
2.046342253  
4.173728721  
5.145615599  
4.748687499  
3.137378864  
0.7939901592  
-1.607181274  
-3.394005663  
-4.09149394  
-3.557830438  
-2.018509026  
0.01305722723  
1.903917347  
3.10535649  
3.326171635  
2.618968523  
1.351207341  
0.07100588862  
-0.6869538246  
-0.5896516998  
0.3760292374  
1.895413163  
3.431161094  
4.405111043  
4.393978977  
3.271169312  
1.245903038  
-1.213018848  
-3.540699517  
-5.267787091  
-6.171196377  
-6.329759538  
-6.065225855  
-5.79131315  
-5.827899575  
-6.251692145  
-6.842632938  
-7.151174404  
-6.666881086  
-5.029760542  
-2.206690996  
1.436055809  
5.199104067  
8.241740724  
9.840162598  
9.626510591  
7.725486616  
4.736850793  
1.562845012  
-0.8678019261  
-1.891067768  
-1.318454819  
0.5034006974  
2.805999207  
4.649756204  
5.231094404  
4.145659684  
1.521814732  
-2.018632043  
-5.558445014  
-8.175797026  
-9.232333755  
-8.565124998  
-6.522306774  
-3.834409386  
-1.367235382  
0.1604513204  
0.4020595206  
-0.519848526  
-2.071740851  
-3.498362867  
-4.077617884  
-3.357314172  
-1.29960416  
1.70813956  
4.972977651  
7.70300579  
9.233400335  
9.203564715  
7.637728902  
4.914915026  
1.648564074  
-1.479893377  
-3.882154957  
-5.177393684  
-5.239489774  
-4.180263738  
-2.289221919  
0.04334080575  
2.397721849  
4.379891253  
5.661205971  
6.01008931  
5.321738842  
3.644650496  
1.194124304  
-1.661493299  
-4.45249472  
-6.696605962  
-8.008517393  
-8.200774298  
-7.342357829  
-5.749465919  
-3.902225622  
-2.305562331  
-1.33384086  
-1.108519666  
-1.451581833  
-1.935582819  
-2.02031975  
-1.236566327  
0.6407117453  
3.48700161  
6.828675965  
9.954575949  
12.10853924  
12.7060695  
11.50946293  
8.707547048  
4.875261528  
0.824863408  
-2.606920158  
-4.773186906  
-5.371608159  
-4.498477244  
-2.592450465  
-0.2909080971  
1.754553177  
3.049008467  
3.365812249  
2.774573336  
1.587308091  
0.2470347246  
-0.804481005  
-1.242877757  
-0.9345333329  
0.04405607394  
1.436620617  
2.872458821  
3.948154935  
4.308835049  
3.716861826  
2.100548136  
-0.4217591873  
-3.545833758  
-6.816831456  
-9.695816287  
-11.65212199  
-12.26824808  
-11.33649395  
-8.922921144  
-5.377511724  
-1.28021369  
2.67100699  
5.80679681  
7.632156536  
7.933052373  
6.814641906  
4.660257957  
2.022837548  
-0.5200416488  
-2.506344045  
-3.686534709  
-4.053484826  
-3.802993455  
-3.243656899  
-2.688666633  
-2.364229892  
-2.359956784  
-2.629569639  
-3.032398809  
-3.393721302  
-3.559265451  
-3.426252065  
-2.946417832  
-2.109853571  
-0.9262170392  
0.5810076603  
2.360532098  
4.305707144  
6.230152921  
7.866511661  
8.901625192  
9.047075831  
8.127287024  
6.155476468  
3.366431216  
0.1861250516  
-2.861143987  
-5.284408295  
-6.756095026  
-7.196812035  
-6.783672342  
-5.876001484  
-4.881320372  
-4.107146387  
-3.651528241  
-3.373687827  
-2.958675796  
-2.055887669  
-0.4426926481  
1.847854062  
4.486808905  
6.919255405  
8.528057537  
8.839695941  
7.701728639  
5.366703531  
2.44629975  
-0.2573446216  
-1.993085505  
-2.297436128  
-1.146914544  
1.028012839  
3.476532167  
5.368351057  
6.064242199  
5.326949168  
3.401326567  
0.9351995098  
-1.234591579  
-2.361052425  
-2.038456572  
-0.3423622811  
2.189035029  
4.726896919  
6.420694188  
6.675540898  
5.346764718  
2.788281654  
-0.2601061784  
-2.908283044  
-4.396405732  
-4.329286136  
-2.79032027  
-0.3018428372  
2.350302528  
4.366580505  
5.17465541  
4.584446754  
2.812091373  
0.3730173895  
-2.112280594  
-4.129269539  
-5.424887453  
-6.057993471  
-6.333951607  
-6.653256607  
-7.332891898  
-8.466332984  
-9.872211959  
-11.14877032  
-11.81345221  
-11.47733896  
-9.992742948  
-7.522500888  
-4.507140696  
-1.541234733  
0.7992589299  
2.121442925  
2.318735662  
1.581789762  
0.3176142431  
-0.9923868619  
-1.945884856  
-2.333561646  
-2.178263232  
-1.691030865  
-1.164410202  
-0.8440216766  
-0.8253205512  
-1.012041382  
-1.150239372  
-0.9249499338  
-0.08458016257  
1.451517803  
3.541183098  
5.843323815  
7.911929183  
9.33073567  
9.84484892  
9.445700238  
8.380078368  
7.078022678  
6.020462806  
5.587260749  
5.933497308  
6.934006099  
8.215475808  
9.268401988  
9.605804515  
8.920109895  
7.188765192  
4.693770323  
1.94618604  
-0.4638673227  
-2.047110512  
-2.569325007  
-2.130196673  
-1.138894486  
-0.1898815074  
0.1258661331  
-0.5829966389  
-2.366995305  
-4.897461691  
-7.548543568  
-9.579773204  
-10.366231  
-9.605424594  
-7.433601359  
-4.409530629  
-1.363806453  
0.8455867132  
1.598653107  
0.7166926185  
-1.463935087  
-4.177070004  
-6.451382527  
-7.409616124  
-6.551210578  
-3.928572667  
-0.1573608542  
3.748695512  
6.672967579  
7.733357154  
6.558537939  
3.416058185  
-0.8501213531  
-5.056662012  
-8.021852892  
-8.907304637  
-7.456526738  
-4.058760848  
0.3787934741  
4.707514505  
7.874330906  
9.21395292  
8.608327659  
6.470187549  
3.565288494  
0.7393205173  
-1.356321725  
-2.44948797  
-2.686298252  
-2.519395481  
-2.492436163  
-3.002207812  
-4.12522542  
-5.570870264  
-6.777296291  
-7.115406224  
-6.128059498  
-3.719265252  
-0.2254482775  
3.658363557  
7.074753878  
9.258121062  
9.763136554  
8.593041021  
6.187601531  
3.277654588  
0.6567873881  
-1.0539124  
-1.572933801  
-1.008145909  
0.2185592596  
1.537721815  
2.427876579  
2.572910859  
1.932377146  
0.7100394955  
-0.7567999179  
-2.138085402  
-3.225828645  
-3.981284974  
-4.502169103  
-4.930477343  
-5.345067656  
-5.688724392  
-5.764933903  
-5.310751291  
-4.120103069  
-2.168905804  
0.3112441031  
2.848196153  
4.839344384  
5.727492052  
5.186576595  
3.253420146  
0.3560468819  
-2.778503711  
-5.314423578  
-6.539617929  
-6.069085905  
-3.955623572  
-0.6729582904  
3.023315094  
6.313289982  
8.541017738  
9.383881908  
8.913886079  
7.537298774  
5.837990285  
4.379067103  
3.528000127  
3.359536242  
3.662683401  
4.042845423  
4.079565667  
3.484202355  
2.20466596  
0.4444890178  
-1.406674393  
-2.904519072  
-3.697682163  
-3.642112909  
-2.845753776  
-1.631188534  
-0.4309584207  
0.3486772031  
0.4510994571  
-0.1587058402  
-1.294237229  
-2.616730004  
-3.749141568  
-4.397521259  
-4.441619371  
-3.967590971  
-3.234380975  
-2.585921625  
-2.337231822  
-2.669594641  
-3.566356837  
-4.808279606  
-6.029677925  
-6.81899657  
-6.835074677  
-5.906176865  
-4.083958284  
-1.637297667  
1.012483211  
3.3972858  
5.119934622  
5.951748251  
5.883470167  
5.115952707  
3.993847491  
2.901636371  
2.15208194  
1.899417145  
2.102444197  
2.548019528  
2.927320691  
2.941260976  
2.402283539  
1.300707575  
-0.1853105282  
-1.739440747  
-3.000707939  
-3.671003238  
-3.602209744  
-2.835414458  
-1.580762159  
-0.1465696337  
1.156521343  
2.102454669  
2.597712527  
2.675219838  
2.439785228  
1.989759255  
1.349710296  
0.4458729669  
-0.8598295682  
-2.684920779  
-5.021101465  
-7.652096334  
-10.13560064  
-11.87163929  
-12.25006496  
-10.83925  
-7.55726678  
-2.764575852  
2.764136868  
7.995947168  
11.88947865  
13.67078517  
13.05361601  
10.33371345  
6.321550539  
2.126082456  
-1.15141088  
-2.724506726  
-2.338060469  
-0.3279356701  
2.494808358  
5.100351454  
6.558811262  
6.323624206  
4.393393688  
1.304239729  
-2.042215431  
-4.659198516  
-5.774911772  
-5.05971519  
-2.712838496  
0.6132091257  
4.02105631  
6.64005502  
7.874684836  
7.5548964  
5.94823439  
3.639449991  
1.32489008  
-0.4071092959  
-1.239175775  
-1.184298209  
-0.5323552425  
0.2872824034  
0.8722664073  
0.9826469235  
0.6005532172  
-0.1001186584  
-0.8548416923  
-1.436445776  
-1.75835461  
-1.912973604  
-2.130965183  
-2.677630453  
-3.726638721  
-5.260311251  
-7.036660672  
-8.639726083  
-9.599914942  
-9.545635202  
-8.335269882  
-6.123733548  
-3.338637523  
-0.5703345953  
1.59180994  
2.727172155  
2.704351991  
1.717780404  
0.2297547891  
-1.164375042  
-1.907743385  
-1.64065858  
-0.3022601346  
1.850972283  
4.311777244  
6.452394087  
7.681875053  
7.589528114  
6.040605494  
3.205327629  
-0.4800999916  
-4.406218584  
-7.912933531  
-10.41527304  
-11.50877191  
-11.0377895  
-9.118154673  
-6.113033695  
-2.567151685  
0.8904260126  
3.660381616  
5.285957304  
5.544332003  
4.497249339  
2.486604962  
0.07022632636  
-2.094033412  
-3.394363756  
-3.409480812  
-2.016447775  
0.5675361855  
3.824317572  
7.049880882  
9.519836816  
10.66493491  
10.21161911  
8.250355669  
5.212929384  
1.764254393  
-1.362468984  
-3.542949627  
-4.404058624  
-3.894477467  
-2.268027315  
0.0107231784  
2.407211902  
4.460614321  
5.888731025  
6.626382859  
6.791999408  
6.600223302  
6.255054111  
5.862843632  
5.396026314  
4.719602454  
3.66947431  
2.152509307  
0.2291704747  
-1.855745545  
-3.711742586  
-4.904083797  
-5.088501162  
-4.135391281  
-2.199780461  
0.291748707  
2.74037711  
4.535444277  
5.229074395  
4.670517175  
3.055540868  
0.8710891935  
-1.251906573  
-2.734654426  
-3.234960773  
-2.760633505  
-1.672817352  
-0.5740503751  
-0.1128259137  
-0.7645409166  
-2.658705088  
-5.510159124  
-8.680905832  
-11.35841079  
-12.79859906  
-12.559444  
-10.6516353  
-7.556654091  
-4.102742413  
-1.233238192  
0.2643264108  
-0.01307803526  
-1.966676384  
-5.025326501  
-8.312282006  
-10.89811899  
-12.06328582  
-11.49228896  
-9.344296182  
-6.184194988  
-2.801091808  
0.02583764316  
1.741377555  
2.146020915  
1.412896164  
-0.00458338145  
-1.534993956  
-2.66314758  
-3.060203057  
-2.63394516  
-1.494324258  
0.1407012319  
2.055428289  
4.117811599  
6.302450008  
8.651168949  
11.19297058  
13.86137072  
16.4480004  
18.61680714  
19.97913763  
20.20551388  
19.13463149  
16.83949274  
13.62517443  
9.956752006  
6.340809046  
3.200009831  
0.7819728878  
-0.8696078221  
-1.876893568  
-2.442325988  
-2.751384684  
-2.901694602  
-2.884174186  
-2.619926901  
-2.033582535  
-1.128787784  
-0.03063024102  
1.026778983  
1.766581365  
1.965194345  
1.53984272  
0.5902411944  
-0.626791413  
-1.785293964  
-2.610567012  
-2.986664045  
-3.007136249  
-2.944248577  
-3.141824598  
-3.867269255  
-5.177248364  
-6.851218774  
-8.426263815  
-9.331696181  
-9.084799999  
-7.4830496  
-4.723493672  
-1.399629732  
1.635477576  
3.506187303  
3.581616031  
1.688870446  
-1.799388569  
-6.037765285  
-9.92640174  
-12.41352736  
-12.79325104  
-10.90950445  
-7.204833788  
-2.599726604  
1.760898194  
4.818356406  
5.877426291  
4.772495178  
1.881087204  
-2.009999226  
-5.937976293  
-9.023365129  
-10.68022063  
-10.72336239  
-9.354133258  
-7.043822471  
-4.361862529  
-1.80628307  
0.3143289236  
1.920548157  
3.124354387  
4.138259432  
5.168287718  
6.326959759  
7.590572232  
8.807764631  
9.749968842  
10.1838219  
9.943029873  
8.981329393  
7.396179813  
5.420953703  
3.38946721  
1.679953093  
0.6470030138  
0.5510802914  
1.496677303  
3.391712762  
5.94062037  
8.679878706  
11.05659587  
12.53919621  
12.73753871  
11.50227081  
8.973901616  
5.562457315  
1.85695615  
-1.51491251  
-4.039656371  
-5.439759088  
-5.728312438  
-5.180215295  
-4.229902173  
-3.329316676  
-2.812706243  
-2.811911498  
-3.247622054  
-3.894732836  
-4.493340174  
-4.86070069  
-4.960109338  
-4.900094588  
-4.865411954  
-5.009428024  
-5.354622993  
-5.746981679  
-5.89033071  
-5.455131495  
-4.224570632  
-2.221457714  
0.2389936455  
2.602098428  
4.22619048  
4.589735799  
3.48303937  
1.113477865  
-1.921469465  
-4.795217224  
-6.701109851  
-7.109158777  
-5.942503692  
-3.60886693  
-0.8697399831  
1.414002924  
2.576667465  
2.381773716  
1.112257677  
-0.5191456311  
-1.613919156  
-1.406329553  
0.4514911368  
3.737282884  
7.695234365  
11.2538506  
13.35560698  
13.2899847  
10.91956005  
6.724569284  
