1.847508759  
3.243853189  
4.042179611  
4.081446977  
3.362814302  
2.042481212  
0.3957600974  
-1.239968335  
-2.532865502  
-3.222978771  
-3.175620922  
-2.411586487  
-1.107006804  
0.4397097906  
1.8701277  
2.846527103  
3.13418862  
2.664910612  
1.562986111  
0.1220184569  
-1.266847557  
-2.220363854  
-2.475230463  
-1.973839851  
-0.8947174571  
0.3876561713  
1.408329074  
1.755812587  
1.212103272  
-0.1568746402  
-1.994745557  
-3.742431641  
-4.800648479  
-4.721184139  
-3.367348556  
-0.9887487134  
1.821036349  
4.279639312  
5.642637513  
5.434335808  
3.609324887  
0.5894337732  
-2.842128431  
-5.762520652  
-7.38129662  
-7.278167282  
-5.529946434  
-2.683530324  
0.4193649872  
2.911421829  
4.176536817  
4.043447742  
2.831135554  
1.228963414  
0.0494748156  
-0.06468331013  
1.119040336  
3.319021529  
5.810888795  
7.655719806  
8.013013622  
6.436089374  
3.050689318  
-1.446249788  
-5.972839632  
-9.378188518  
-10.78952939  
-9.880515137  
-6.975047733  
-2.953198927  
1.011032505  
3.7972733  
4.662664567  
3.442616539  
0.5702224763  
-3.084695747  
-6.498765418  
-8.805703122  
-9.535264623  
-8.709392494  
-6.774889092  
-4.406733646  
-2.257196822  
-0.7394872592  
0.08245669461  
0.4673034136  
0.8516679087  
1.647102928  
3.05646428  
4.977123709  
7.024711474  
8.666186291  
9.411507329  
8.993001717  
7.467229453  
5.203232459  
2.762566512  
0.7152001924  
-0.5424660976  
-0.903390843  
-0.5604136604  
0.08878110149  
0.6046203642  
0.6751467032  
0.2297649599  
-0.5432906231  
-1.280075165  
-1.59155459  
-1.223849577  
-0.1669892555  
1.329498529  
2.840989768  
3.921481604  
4.269542587  
3.843991703  
2.884413467  
1.826087311  
1.137859512  
1.140763119  
1.873923569  
3.059106219  
4.181000261  
4.659159538  
4.053863809  
2.234267918  
-0.5516848799  
-3.733435537  
-6.584755473  
-8.447544332  
-8.93784168  
-8.064306016  
-6.218245159  
-4.037676665  
-2.190819376  
-1.152234567  
-1.047847628  
-1.622050926  
-2.338718368  
-2.582253752  
-1.89031453  
-0.1382905681  
2.388832719  
5.064242009  
7.106940949  
7.829092637  
6.862335874  
4.288577849  
0.6316051885  
-3.288864709  
-6.594535662  
-8.601891225  
-9.011756131  
-7.97684174  
-6.029115951  
-3.894111148  
-2.254663458  
-1.540946766  
-1.812616874  
-2.76679832  
-3.863679616  
-4.523509385  
-4.327407733  
-3.155967085  
-1.222819374  
1.003146192  
2.956213862  
4.156915032  
4.358247322  
3.608915685  
2.217626419  
0.6366430403  
-0.6909377006  
-1.465946814  
-1.605292379  
-1.231542644  
-0.5905879678  
0.06649017312  
0.5899223143  
0.9851904937  
1.395055552  
2.018705531  
3.001801692  
4.342992093  
5.856901341  
7.212634282  
8.037919152  
8.052947544  
7.184376381  
5.614490714  
3.74196317  
2.062032279  
1.003952438  
0.7814322403  
1.310431892  
2.227697275  
3.00938782  
3.15365609  
2.366437857  
0.6852814991  
-1.50581606  
-3.582187555  
-4.875374456  
-4.898680683  
-3.526026175  
-1.060919303  
1.833364638  
4.32591298  
5.674437269  
5.463858781  
3.748285324  
1.046774985  
-1.810118784  
-3.937040549  
-4.672954524  
-3.792896942  
-1.583042559  
1.246556951  
3.78447944  
5.204174684  
5.021195186  
3.237902447  
0.3291211191  
-2.925216071  
-5.703532753  
-7.413343414  
-7.8780124  
-7.376680614  
-6.524161429  
-6.032112924  
-6.433753029  
-7.867855319  
-9.998907709  
-12.10511129  
-13.30927164  
-12.87845809  
-10.49306505  
-6.393587999  
-1.351590802  
3.53204979  
7.142120215  
8.679931399  
7.906094124  
5.218038914  
1.536702965  
-1.963400728  
-4.197745804  
-4.483912827  
-2.728302769  
0.5660637612  
4.467872487  
7.905287321  
9.981816374  
10.22415936  
8.691141249  
5.919260314  
2.73199193  
-0.01960282017  
-1.700701105  
-2.047780589  
-1.195340952  
0.4212323662  
2.242812355  
3.777748037  
4.742602627  
5.110839099  
5.063185201  
4.868365451  
4.745389946  
4.761649789  
4.804477925  
4.634644224  
3.998898128  
2.756898013  
0.972547369  
-1.067229564  
-2.917139433  
-4.102578137  
-4.270911229  
-3.31429526  
-1.422113403  
0.9559460295  
3.226168384  
4.810992236  
5.304203397  
4.574734437  
2.789920315  
0.3547398576  
-2.210609953  
-4.415092031  
-5.919294344  
-6.602054579  
-6.557000542  
-6.027580409  
-5.307375728  
-4.640722387  
-4.155067588  
-3.843046754  
-3.594196341  
-3.259813999  
-2.724854055  
4.503403903  
2.224650876  
-0.3749227181  
-2.573255965  
-3.716432575  
-3.430547008  
-1.757198352  
0.8363377919  
3.581841498  
5.635111261  
6.332049862  
5.394418253  
3.018466076  
-0.183177247  
-3.368349945  
-5.720847149  
-6.692258983  
-6.153071249  
-4.406798142  
-2.066911365  
0.1584077949  
1.699300354  
2.297107334  
2.062076746  
1.401768985  
0.8505630026  
0.8632520597  
1.645488064  
3.078201814  
4.758284513  
6.136687575  
6.702323957  
6.146954729  
4.456346111  
1.901881056  
-1.056917022  
-3.918086546  
-6.276702496  
-7.910797068  
-8.790655436  
-9.019645821  
-8.74076039  
-8.053842505  
-6.980512685  
-5.49064599  
-3.57573687  
-1.332141645  
0.9896015572  
3.001376313  
4.265886756  
4.432337462  
3.372222976  
1.262604304  
-1.421142331  
-4.010889161  
-5.822439591  
-6.349192321  
-5.409924929  
-3.201295912  
-0.2366785981  
2.808932552  
5.296801691  
6.800245752  
7.202526369  
6.689263013  
5.645067832  
4.496916822  
3.563199452  
2.962081613  
2.607934322  
2.289892933  
1.79534668  
1.02495666  
0.05068614957  
-0.9076514029  
-1.578179382  
-1.765637525  
-1.45846847  
-0.8662703433  
-0.365462714  
-0.3668802801  
-1.151220172  
-2.734359677  
-4.817597402  
-6.84954514  
-8.186532239  
-8.30118437  
-6.968317625  
-4.361482761  
-1.021927737  
2.295174752  
4.849481737  
6.144117678  
6.077300321  
4.965041035  
3.426325177  
2.169209962  
1.750278184  
2.389224391  
3.901445564  
5.770828419  
7.336591881  
8.028807814  
7.570631509  
6.077075022  
4.016141955  
2.045776156  
0.7828288939  
0.5835400634  
1.410895763  
2.834485924  
4.163489525  
4.668790967  
3.820964094  
1.466621935  
-2.112744993  
-6.275873689  
-10.20349442  
-13.12646238  
-14.52802701  
-14.26027835  
-12.54599495  
-9.875749891  
-6.842669467  
-3.973496137  
-1.609536411  
0.1313702364  
1.312151248  
2.081598393  
2.571369058  
2.827049453  
2.797924177  
2.384439898  
1.518599217  
0.2395205351  
-1.271293711  
-2.714165173  
-3.750410136  
-4.109789003  
-3.687353611  
-2.593025831  
-1.132983047  
0.2744527604  
1.22282216  
1.441698201  
0.8808405289  
-0.272614238  
-1.648839541  
-2.803466345  
-3.344316402  
-3.037333376  
-1.860861014  
0.004375247591  
2.241120023  
4.491816852  
6.452384052  
7.934887323  
8.883698625  
9.347221102  
9.422282517  
9.196153569  
8.709365466  
7.952321585  
6.89447597  
5.531587672  
3.929285535  
2.242203186  
0.696701149  
-0.4613398827  
-1.038968965  
-0.9655339451  
-0.3346833324  
0.5981992591  
1.467418311  
1.886666624  
1.554137265  
0.3441442323  
-1.641545892  
-4.079756151  
-6.491588549  
-8.354016299  
-9.230646562  
-8.888499975  
-7.36947774  
-4.995353339  
-2.301174739  
0.08973274391  
1.619987961  
1.9430333  
1.020097924  
-0.8590895894  
-3.141780839  
-5.151289078  
-6.266377557  
-6.094385364  
-4.59020985  
-2.085088342  
0.7880266631  
3.257490054  
4.62354046  
4.459636496  
2.747224179  
-0.09749271265  
-3.317411473  
-6.007623112  
-7.357066307  
-6.872167714  
-4.5189332  
-0.7416878912  
3.648790673  
7.68746456  
10.50805247  
11.56531972  
10.76414469  
8.460519203  
5.337563904  
2.196385318  
-0.2741389353  
-1.680042447  
-2.005337707  
-1.57542206  
-0.9182151378  
-0.5713320716  
-0.8985258935  
-1.973160772  
-3.562889753  
-5.216136166  
-6.418266756  
-6.764256332  
-6.09133263  
-4.530332151  
-2.462330699  
-0.3983948124  
1.175806966  
1.93942428  
1.81673201  
0.9768846002  
-0.2407719188  
-1.445647771  
-2.316627125  
-2.684754347  
-2.55440628  
-2.062725951  
-1.398971619  
-0.7181536697  
-0.0826635741  
0.5474479118  
1.27520042  
2.197689204  
3.338150264  
4.609151303  
5.824116154  
6.754782735  
7.212903363  
7.123574421  
6.559122293  
5.716617109  
4.843705222  
4.138680124  
3.663141323  
3.30413187  
2.806702312  
1.872530392  
0.2942378788  
-1.921941958  
-4.493639695  
-6.891991258  
-8.465959096  
-8.63071394  
-7.064047698  
-3.846463078  
0.5065011462  
5.140169259  
9.065263629  
11.41550394  
11.6827446  
9.857533411  
6.429797287  
2.246564925  
-1.731811886  
-4.703193908  
-6.239766654  
-6.38273831  
-5.588232398  
-4.544749646  
-3.923969593  
-4.148030923  
-5.250328185  
-6.875276225  
-8.415424046  
-9.237612325  
-8.919162244  
-7.411057572  
-5.069442235  
-2.54175301  
-0.5443240882  
0.3927524973  
0.1241031996  
-1.041605469  
-2.431416953  
-3.232577681  
-2.779634765  
-0.8074008173  
2.419468478  
6.151196133  
9.365773088  
11.08686984  
10.70564002  
8.199971715  
4.174630436  
-0.2979520453  
-3.991881258  
-5.900779818  
-5.551690791  
-3.158433413  
0.4374148027  
4.022487847  
6.385890815  
6.694691039  
4.752480526  
1.059765004  
-3.342012912  
-7.192424426  
-9.397346872  
-9.356251849  
-7.13040756  
-3.403281673  
0.7485647182  
4.196118273  
6.099058908  
6.139971449  
4.582436382  
2.143174113  
-0.2711135156  
-1.869985012  
-2.226646575  
-1.388858834  
0.1753568024  
1.769613487  
2.726547504  
2.640282947  
1.496586723  
-0.3380569322  
-2.257333366  
-3.63104647  
-4.018398927  
-3.305823288  
-1.726263405  
0.240005108  
2.042134531  
3.24750277  
3.676676975  
3.44116136  
2.877153334  
2.405377775  
2.371148877  
2.922299512  
3.96538698  
5.20995865  
6.278575842  
6.838430511  
6.706140723  
5.891242729  
4.569492292  
3.004220024  
1.451858648  
0.09024384751  
-1.004981062  
-1.833345947  
-2.412088934  
-2.721516667  
-2.684556365  
-2.195700584  
-1.190830959  
0.2719414919  
1.959954527  
3.474938462  
4.334315602  
4.107294436  
2.563476967  
-0.2189205123  
-3.829439888  
-7.604492166  
-10.79249398  
-12.75710244  
-13.15457232  
-12.02704462  
-9.779861589  
-7.049302125  
-4.504019496  
-2.646050675  
-1.677086486  
-1.47273933  
-1.669558756  
-1.830027482  
-1.623661255  
-0.957557009  
-0.008826877199  
0.8522971817  
1.219380393  
0.827577871  
-0.3155163491  
-1.897527361  
-3.383851029  
-4.18973156  
-3.88319732  
-2.347449469  
0.1562380101  
3.050324078  
5.609857098  
7.183412697  
7.392874478  
6.245682981  
4.123029149  
1.649551236  
-0.5099879576  
-1.857924209  
-2.205939105  
-1.70735179  
-0.7731064807  
0.09508149315  
0.4938264954  
0.2633424578  
-0.4597401423  
-1.297069991  
-1.768267853  
-1.464740164  
-0.1970272607  
1.933467262  
4.55964593  
7.158410746  
9.204811755  
10.31831938  
10.35509227  
9.421828034  
7.814933061  
5.913271159  
4.065161884  
2.507160617  
1.335963869  
0.53273486  
0.01987130584  
-0.2791284894  
-0.4028091778  
-0.3504964627  
-0.1117036045  
0.2927626961  
0.7818212087  
1.215035401  
1.427202682  
1.284436431  
0.738639318  
-0.1439199321  
-1.194963374  
-2.196353415  
-2.95443885  
-3.368816412  
-3.468450798  
-3.3995066  
-3.367416509  
-3.553538262  
-4.037231191  
-4.753204806  
-5.501499849  
-6.008159444  
-6.015801561  
-5.372005539  
-4.084139916  
-2.321635872  
-0.3661379464  
1.471089909  
2.933779296  
3.877228833  
4.278961717  
4.204475476  
3.747137939  
2.971229777  
1.884952828  
0.4566793678  
-1.331885176  
-3.419655768  
-5.619593501  
-7.619129442  
-9.038098094  
-9.531768299  
-8.906422547  
-7.205758025  
-4.732438735  
-1.989297284  
0.447873569  
2.088939539  
2.669183431  
2.223728542  
1.070504475  
-0.2943095632  
-1.354831686  
-1.736010784  
-1.313255004  
-0.235738378  
1.142426911  
2.397335016  
3.188491215  
3.376321058  
3.06362926  
2.547794012  
2.202174514  
2.329709835  
3.040953006  
4.199547438  
5.454118925  
6.345408594  
6.451935328  
5.525241573  
3.570821989  
0.8505309984  
-2.190604511  
-5.045658637  
-7.273951205  
-8.596172692  
-8.931443262  
-8.373457965  
-7.123750579  
-5.412314927  
-3.435483381  
-1.329433706  
0.8196279707  
2.943319262  
4.959448982  
6.760573476  
8.230650217  
9.282496504  
9.896966679  
10.14167509  
10.15445576  
10.09174947  
10.05862914  
10.04809072  
9.917522629  
9.418764361  
8.278778223  
6.307538172  
3.496572818  
0.07089825975  
-3.529668507  
-6.741049038  
-9.013790538  
-9.959099508  
-9.456719186  
-7.690487779  
-5.100347011  
-2.266195869  
0.2397837034  
1.987218594  
2.769784497  
2.616631941  
1.73855096  
0.4352226099  
-1.000282108  
-2.34760837  
-3.479264891  
-4.338654314  
-4.896846744  
-5.11597923  
-4.941545309  
-4.33041926  
-3.302616165  
-1.990839394  
-0.6587341426  
0.3314655906  
0.6019645681  
-0.1282397333  
-1.938158287  
-4.645463503  
-7.819519281  
-10.87013622  
-13.18967652  
-14.3067959  
-14.00477744  
-12.36810985  
-9.744348123  
-6.636022699  
-3.559697836  
-0.9182866016  
1.074657988  
2.400550437  
3.179267752  
3.580306459  
3.740642089  
3.722224243  
3.522964891  
3.131064529  
2.593012828  
2.058711718  
1.775741204  
2.025833304  
3.021952572  
4.803938954  
7.176116201  
9.718823163  
11.88060723  
13.12810312  
13.10710343  
11.76055429  
9.36058476  
6.439204516  
3.63643114  
1.513476907  
0.3915479741  
0.2690310625  
0.8435520067  
1.629738349  
2.131116984  
2.006718919  
1.176095119  
-0.170701669  
-1.657312889  
-2.865413625  
-3.484753348  
-3.414362554  
-2.780191316  
-1.866605976  
-0.991722848  
-0.3773399643  
-0.06538562721  
0.08578252859  
0.3235662646  
0.8725652819  
1.807162806  
2.978525546  
4.030149814  
4.503091315  
3.997376401  
2.332683135  
-0.3516270223  
-3.598035659  
-6.740120543  
-9.087551916  
-10.1270097  
-9.67202823  
-7.911117362  
-5.338008113  
-2.588381273  
-0.2396059052  
1.357688409  
2.159382002  
2.394320337  
2.433638354  
2.614007497  
3.082312936  
3.721195819  
4.185150092  
4.036011131  
2.929346133  
0.7829087879  
-2.137477544  
-5.251750071  
-7.814808534  
-9.135963095  
-8.797473632  
-6.799254425  
-3.579952418  
0.09516685601  
3.345352468  
5.418222142  
5.89008319  
4.76197651  
2.425969722  
-0.480993443  
-3.282721514  
-5.459137637  
-6.768999438  
-7.265705775  
-7.210479521  
-6.922648658  
-6.626799311  
-6.354739063  
-5.937839057  
-5.090759941  
-3.553251108  
-1.234959729  
1.693672052  
4.8026464  
7.501591921  
9.207755907  
9.528539726  
8.397367481  
6.115643606  
3.283332309  
0.6367597582  
-1.157700965  
-1.690925292  
-0.9218691665  
0.821533212  
2.95076899  
4.800160697  
5.828664658  
5.778798967  
4.745691718  
3.137404963  
1.540846212  
0.5355620887  
0.5123176957  
1.550681074  
3.391244863  
5.509543559  
7.268873588  
8.106597077  
7.699525977  
6.060571657  
3.53901413  
0.7242715443  
-1.719590673  
-3.241887507  
-3.562659281  
-2.75445089  
-1.224345784  
0.4002299874  
1.451390793  
1.416642302  
0.09530342393  
-2.330333164  
-5.332152486  
-8.174666895  
-10.11848244  
-10.63252113  
-9.553913535  
-7.147303934  
-4.042560115  
-1.064684698  
0.9981395528  
1.622371958  
0.7055840767  
-1.396806008  
-3.968749654  
-6.139206301  
-7.137203799  
-6.520814888  
-4.31061626  
-0.9859406717  
2.656360318  
5.738483926  
7.561113531  
7.80539377  
6.614432395  
4.529161155  
2.299860754  
0.6349789318  
-0.03036437484  
0.3303428517  
1.341192304  
2.369997357  
2.76571306  
2.106674708  
0.3738130796  
-2.013677813  
-4.317587946  
-5.72004031  
-5.606041527  
-3.794891149  
-0.6396895945  
3.044756874  
6.209800062  
7.888844823  
7.502378637  
5.053793926  
1.150278848  
-3.162257267  
-6.702021731  
-8.499162647  
-8.08065758  
-5.603674657  
-1.796701157  
2.271321708  
5.519398788  
7.175836637  
6.991952341  
5.283684131  
2.793346325  
0.4219306712  
-1.076765938  
-1.338794397  
-0.4913317997  
0.916766319  
2.126943136  
2.450074447  
1.516158102  
-0.5904480726  
-3.355257845  
-6.007580937  
-7.783478822  
-8.187134871  
-7.160969898  
-5.106156457  
-2.74615126  
-0.8791975379  
-0.1035014765  
-0.6083016829  
-2.102207417  
-3.904397668  
-5.169881726  
-5.175176641  
-3.570366811  
-0.5141208376  
3.353610117  
7.093853386  
9.748284278  
10.62794037  
9.520383684  
6.751875647  
3.087879784  
-0.4936539371  
-3.08316951  
-4.087380782  
-3.371107431  
-1.256919102  
1.607077874  
4.460212522  
6.650265199  
7.793243988  
7.828825795  
6.967107748  
5.55963723  
3.950800003  
2.367027595  
0.8815398061  
-0.5404014859  
-1.943978406  
-3.284451072  
-4.374488445  
-4.910497912  
-4.576576912  
-3.190995578  
-0.8382106584  
2.071821815  
4.854020666  
6.708213879  
6.948348283  
5.231073088  
1.706602191  
-2.966308285  
-7.75937296  
-11.53697902  
-13.36904139  
-12.80151229  
-10.0000419  
-5.71813308  
-1.093597835  
2.669992945  
4.643750654  
4.434562678  
2.288712526  
-0.9926805065  
-4.300032351  
-6.548228011  
-6.995305243  
-5.45173237  
-2.31984265  
1.544263581  
5.099947089  
7.437293976  
8.041647725  
6.929027568  
4.615846024  
1.938095825  
-0.219446867  
-1.198301338  
-0.7619132095  
0.8444404193  
2.982318373  
4.824790196  
5.611239392  
4.874636529  
2.57582919  
-0.8895325271  
-4.806504514  
-8.338682511  
-10.74754643  
-11.57123906  
-10.71768341  
-8.455380356  
-5.315452425  
-1.94137129  
1.067660156  
3.278784399  
4.488095864  
4.719541011  
4.173931642  
3.152377924  
1.979283265  
0.9429462181  
0.2607378663  
0.06572424231  
0.4058282996  
1.246797479  
2.474902671  
3.901499365  
5.275985645  
6.31381187  
6.741702957  
6.354804409  
5.073128428  
2.980672505  
0.3321168948  
-2.48089098  
-5.000853175  
-6.798624892  
-7.568299394  
-7.198262586  
-5.798869343  
-3.677851535  
-1.26821145  
0.974106061  
2.677150987  
3.637496612  
3.860825655  
3.548260567  
3.031936332  
2.676342316  
2.770857483  
3.441464018  
4.605295678  
5.981203717  
7.155582073  
7.688376275  
7.233206236  
5.640601641  
3.016161088  
-0.2841470871  
-3.72378531  
-6.705463012  
-8.711675588  
-9.429477564  
-8.825455815  
-7.149115314  
-4.861914884  
-2.510270997  
-0.5776093805  
0.6421060181  
1.11195375  
1.039919646  
0.790012703  
0.7435363552  
1.154074223  
2.043374517  
3.17411021  
4.112173654  
4.362682011  
3.539116202  
1.512109872  
-1.51183391  
-5.011466355  
-8.271251944  
-10.56913211  
-11.37714593  
-10.51448626  
-8.205334711  
-5.022002834  
-1.728510665  
0.9297968954  
2.428546569  
2.599172113  
1.657920716  
0.1232228138  
-1.350624937  
-2.171219593  
-1.977540532  
-0.7326624111  
1.283178558  
3.570609259  
5.564858213  
6.79563224  
7.005912235  
6.199312708  
4.610446558  
2.616854394  
0.6265124512  
-1.02246823  
-2.122988455  
-2.611320355  
-2.538920531  
-2.023835072  
-1.204309272  
-0.2103935547  
0.8427325274  
1.847538062  
2.696988182  
3.289577558  
3.550179554  
3.459451164  
3.076464583  
2.538474168  
2.029081388  
1.719319726  
1.699747026  
1.92959894  
2.227083413  
2.312596661  
1.897652369  
0.7935355848  
-0.99747205  
-3.243805752  
-5.519721044  
-7.310108283  
-8.156293998  
-7.797349262  
-6.259478159  
-3.860868308  
-1.126309571  
1.363667913  
3.141314975  
3.982686233  
3.957600266  
3.382050091  
2.690029616  
2.269941824  
2.323410975  
2.796846875  
3.41046693  
3.774599843  
3.551183604  
2.601017353  
1.060998604  
-0.6804754985  
-2.105630998  
-2.747032852  
-2.362517916  
-1.042104725  
0.7947915194  
2.516595767  
3.476312275  
3.224180909  
1.665279888  
-0.8920908748  
-3.81591075  
-6.334097647  
-7.764072635  
-7.714637217  
-6.196127598  
-3.605511084  
-0.5946098482  
2.132356571  
4.024000283  
4.823523055  
4.604812647  
3.698146486  
2.538671353  
1.495817152  
0.7456159238  
0.2298004018  
-0.2875758299  
-1.091332602  
-2.365642076  
-4.082220812  
-5.97044669  
-7.583303182  
-8.437895891  
-8.181594043  
-6.724734768  
-4.291512039  
-1.368582611  
1.433839047  
3.563408679  
4.689665413  
4.796284129  
4.171134371  
3.297813123  
2.68491205  
2.689581174  
3.393302628  
4.570192738  
5.757723613  
6.406734007  
6.062677583  
4.521061003  
1.909091476  
-1.330822698  
-4.549860722  
-7.060910647  
-8.317187189  
-8.051617521  
-6.341008055  
-3.58167743  
-0.3878677203  
2.556522324  
4.653228666  
5.514607004  
5.032430731  
3.380975857  
0.9609875462  
-1.696909581  
-4.045036628  
-5.62391341  
-6.14116746  
-5.512963332  
-3.864732662  
-1.495070792  
1.187867087  
3.744527361  
5.78205824  
7.018343507  
7.320912012  
6.714862558  
5.360703942  
3.509660675  
1.448988699  
-0.5487113662  
-2.260728127  
-3.528701314  
-4.254510859  
-4.386245352  
-3.905658224  
-2.826399981  
-1.205988276  
0.8337872384  
3.090062173  
5.2798617  
7.068995256  
8.129601608  
8.215376352  
7.233842868  
5.291448784  
2.692213624  
-0.116958944  
-2.644518144  
-4.471218217  
-5.352647792  
-5.276281625  
-4.454486499  
-3.254157095  
-2.083643811  
-1.27157199  
-0.9751537362  
-1.146392406  
-1.565868121  
-1.931739209  
-1.973517919  
-1.552282029  
-0.7137022201  
0.3235232965  
1.239572561  
1.721177956  
1.568803631  
0.7674841701  
-0.5020727914  
-1.915516835  
-3.102708982  
-3.759562472  
-3.738332418  
-3.088800069  
-2.039327566  
-0.9260259413  
-0.09386618369  
0.1994071621  
-0.1511495002  
-1.078824602  
-2.373897898  
-3.74664468  
-4.903415072  
-5.613912445  
-5.753962746  
-5.317723572  
-4.402681732  
-3.176819604  
-1.838791427  
-0.5796622787  
0.4490340872  
1.159234936  
1.541424883  
1.668858241  
1.687473361  
1.788278324  
2.162368617  
2.944868418  
4.16105313  
5.692207083  
7.277643833  
8.561374208  
9.178509098  
8.861737679  
7.537373523  
5.378398366  
2.79090679  
0.3288346765  
-1.445375107  
-2.116964758  
-1.545371977  
0.08017570714  
2.277971798  
4.398129265  
5.800198627  
6.032232901  
4.957127668  
2.787375858  
0.01754890627  
-2.723997929  
-4.857216583  
-6.00910042  
-6.100576442  
-5.337663864  
-4.115196301  
-2.870186523  
-1.937296287  
-1.455751789  
-1.356739664  
-1.430125417  
-1.44025228  
-1.243128336  
-0.8577101173  
-0.4622833605  
-0.3162449129  
-0.6373092851  
-1.482981237  
-2.685897996  
-3.874422807  
-4.578887121  
-4.391072737  
-3.122035078  
-0.8998292782  
1.833722837  
4.434732948  
6.247052088  
6.810585479  
6.018626656  
4.168260048  
1.881322023  
-0.08433155871  
-1.076117467  
-0.763983219  
0.7377401874  
2.886444892  
4.864515013  
5.825143775  
5.155877697  
2.678565985  
-1.276515594  
-5.945891077  
-10.3350998  
-13.48720268  
-14.73775996  
-13.88233937  
-11.21090886  
-7.404615094  
-3.331420797  
0.1949221841  
2.620984394  
3.768103369  
3.829497152  
3.261054286  
2.607572573  
2.321988151  
2.632299372  
3.491776864  
4.619749972  
5.612397927  
6.083764933  
5.791806943  
4.712830163  
3.046232762  
1.153444736  
-0.546625414  
-1.693119076  
-2.07740068  
-1.692396714  
-0.7275929687  
0.4851983848  
1.55887056  
2.148473865  
2.036487228  
1.187751486  
-0.2368627426  
-1.910587331  
-3.409120894  
-4.30446365  
-4.266168548  
-3.148964992  
-1.046347048  
1.705586499  
4.580602446  
6.965348951  
8.293940933  
8.18463392  
6.544649653  
3.613437934  
-0.07238857593  
-3.789977268  
-6.793803844  
-8.492484883  
-8.592984665  
-7.172456231  
-4.655958965  
-1.703437617  
0.9650651337  
2.758835454  
3.36819288  
2.836074541  
1.529583084  
0.02035124578  
-1.090963571  
-1.354488515  
-0.6026324532  
1.004713367  
3.033292961  
4.908602882  
6.089620308  
6.229478377  
5.27511106  
3.477099053  
1.308524747  
-0.6807129449  
-2.028599304  
-2.49435423  
-2.120654878  
-1.207534897  
-0.2082468182  
0.418972903  
0.3564617242  
-0.4748357875  
-1.894040115  
-3.520483374  
-4.89486043  
-5.622490315  
-5.493964854  
-4.546545827  
-3.049043342  
-1.416991419  
-0.08632227534  
0.614437122  
0.5543997337  
-0.1727757774  
-1.290255287  
-2.431078282  
-3.250929306  
-3.524373515  
-3.195847601  
-2.373324922  
-1.272329362  
-0.1339482586  
0.8523743024  
1.594636362  
2.099458474  
2.433147358  
2.662547502  
2.803053676  
2.797773588  
2.538925488  
1.924743196  
0.9292851987  
-0.3451978879  
-1.65977871  
-2.685941823  
-3.099074736  
-2.689877583  
-1.454658266  
0.371498565  
2.358095053  
3.993230665  
4.836863667  
4.665205721  
3.556915307  
1.88758333  
0.2275934379  
-0.8294002738  
-0.8550890278  
0.2687076624  
2.298577469  
4.692022845  
6.767592701  
7.913088432  
7.774830394  
6.36532881  
4.052713127  
1.434373652  
-0.8633171809  
-2.391268845  
-3.018782345  
-2.959762725  
-2.673729902  
-2.67551803  
-3.321206311  
-4.64871504  
-6.334811083  
-7.79090581  
-8.370792987  
-7.621294183  
-5.486964307  
-2.390419082  
0.8514821574  
3.260473694  
4.010689842  
2.722693286  
-0.3633696579  
-4.4026586  
-8.157636347  
-10.35199213  
-10.06211902  
-7.024376211  
-1.757603235  
4.545418504  
10.33324822  
14.12862948  
14.95145727  
12.60525532  
7.740568594  
1.675657672  
-3.972296759  
-7.736019947  
-8.695409448  
-6.709737812  
-2.423343967  
2.947644284  
7.975814105  
11.41856888  
12.53406383  
11.23212806  
8.030241832  
3.844803713  
-0.3053364723  
-3.586783854  
-5.546616377  
-6.167431483  
-5.783934235  
-4.906059621  
-4.01826627  
-3.424196841  
-3.182547879  
-3.143734985  
-3.060951216  
-2.725807856  
-2.07480964  
-1.228192934  
-0.4503222224  
-0.05019893931  
-0.2614157011  
-1.146228907  
-2.557767575  
-4.172368065  
-5.579267432  
-6.396142429  
-6.372289201  
-5.44805102  
-3.755986624  
-1.56944015  
0.7793681106  
2.982567267  
4.815585831  
6.158274458  
6.979888018  
7.302233139  
7.1609772  
6.582389203  
5.583727364  
4.193872274  
2.481693742  
0.5761378461  
-1.334492665  
-3.028217727  
-4.293875128  
-4.98053241  
-5.035205965  
-4.515716463  
-3.573627018  
-2.411964564  
-1.230589792  
-0.1757698035  
0.691060842  
1.396588003  
2.030754797  
2.701849856  
3.485288001  
4.381458673  
5.295561029  
6.046669624  
6.405890424  
6.15601654  
5.159095137  
3.41494725  
1.093689443  
-1.470609603  
-3.830442521  
-5.514297252  
-6.138593789  
-5.51641175  
-3.733194075  
-1.163009235  
1.589288553  
3.816175593  
4.881207644  
4.396429335  
2.353811199  
-0.8327891969  
-4.398427079  
-7.403694376  
-8.978092629  
-8.566898277  
-6.110528456  
-2.098443458  
2.528314679  
6.609131648  
9.07234421  
9.235545037  
7.01020829  
2.94668667  
-1.90006571  
-6.251445584  
-8.955623587  
-9.307449098  
-7.244686153  
-3.362522568  
1.258384212  
5.359894664  
7.859710719  
8.146740811  
6.233956094  
2.728431731  
-1.366106415  
-4.949413024  
-7.134538581  
-7.475914447  
-6.053989125  
-3.40211551  
-0.3107428324  
2.420837311  
4.204376692  
4.789727204  
4.270794737  
2.984881283  
1.354346895  
-0.2658672919  
-1.680307197  
-2.858373461  
-3.862817679  
-4.741617513  
-5.436846968  
-5.755892704  
-5.423816393  
-4.200966453  
-2.020652742  
0.9110847042  
4.102075971  
6.866564361  
8.504742424  
8.516101407  
6.775986623  
3.611524428  
-0.2573707889  
-3.902946536  
-6.448937371  
-7.325416033  
-6.437988451  
-4.194713141  
-1.377975082  
1.102005986  
2.496447978  
2.45908024  
1.161463281  
-0.7565102366  
-2.388395  
-2.854422591  
-1.595532624  
1.424058378  
5.670896665  
10.17046368  
13.77375014  
15.48400995  
14.74673037  
11.61661001  
6.751974317  
1.238256258  
-3.707409326  
-7.06432549  
-8.274653396  
-7.373337315  
-4.9480505  
-1.945702072  
0.6139503895  
1.932107235  
1.64725337  
-0.08533177425  
-2.668330326  
-5.263091539  
-7.052256029  
-7.484411008  
-6.429211609  
-4.200497257  
-1.445591689  
1.061123726  
2.655081177  
2.9765831  
2.066686085  
0.338193496  
-1.565501058  
-2.977399909  
-3.414694165  
-2.723849734  
-1.12023837  
0.8870888432  
2.659463623  
3.628770886  
3.471155223  
2.201337074  
0.1604436636  
-2.096023067  
-3.972522475  
-5.014117466  
-5.036851866  
-4.16870955  
-2.791269943  
-1.404005021  
-0.457156443  
-0.2078335468  
-0.6448494143  
-1.504201852  
-2.367054474  
-2.805396235  
-2.526157697  
-1.466657363  
0.1880722424  
2.068684726  
3.741417959  
4.842464057  
5.181857966  
4.784332703  
3.857754558  
2.705159197  
1.615231544  
0.771884126  
0.2144403587  
-0.1403007312  
-0.4267770044  
-0.7415728823  
-1.074648745  
-1.291110523  
-1.174217889  
-0.5161062551  
0.7770307607  
2.606605371  
4.664225388  
6.489183399  
7.588430349  
7.583387398  
6.336080847  
4.011327118  
1.050744476  
-1.93753767  
-4.342114112  
-5.715371981  
-5.893248557  
-5.031127377  
-3.545573032  
-1.981044361  
-0.8436541604  
-0.4532405264  
-0.8578738392  
-1.834177884  
-2.969598887  
-3.798009811  
-3.945228753  
-3.240572287  
-1.763376389  
0.1852003149  
2.172205913  
3.755062606  
4.599718108  
4.563230761  
3.722263583  
2.345342702  
0.8212297543  
-0.4353687536  
-1.077684175  
-0.9011461023  
0.1140401467  
1.796670133  
3.81333229  
5.72683263  
7.075882194  
7.464918476  
6.649874646  
4.603381399  
1.542794853  
-2.091216385  
-5.708647344  
-8.686775941  
-10.5060529  
-10.87254863  
-9.793160764  
-7.578990257  
-4.770550589  
-2.000862482  
0.16769407  
1.386701175  
1.602783489  
1.051408655  
0.164782386  
-0.5776674091  
-0.8088574353  
-0.3924463852  
0.5382383068  
1.633045097  
2.451426787  
2.619421989  
1.963707321  
0.5769498359  
-1.207878378  
-2.925195271  
-4.129154056  
-4.537806658  
-4.119174373  
-3.089758007  
-1.826901267  
-0.7268486615  
-0.05966701392  
0.1266370564  
0.01787091525  
-0.04367129594  
0.3014185991  
1.277923176  
2.866852493  
4.779703894  
6.528413028  
7.57010156  
7.479659139  
6.093188693  
3.574783155  
0.3845641749  
-2.84145163  
-5.460696058  
-6.988965858  
-7.21092228  
-6.206265033  
-4.290769611  
-1.898851882  
0.548794643  
2.74833061  
4.557005931  
5.972642573  
7.066309061  
7.901465952  
8.474547203  
8.70028654  
8.445350326  
7.593792609  
6.11539872  
4.107552096  
1.792324486  
-0.5313888926  
-2.563286553  
-4.076966173  
-4.96829873  
-5.261374317  
-5.07361909  
-4.557427157  
-3.843913162  
-3.011932834  
-2.093376225  
-1.109187782  
-0.1162991257  
0.7602326712  
1.330404906  
1.383932136  
0.7643637915  
-0.5538504647  
-2.416825265  
-4.495415733  
-6.348973952  
-7.53435007  
-7.728331124  
-6.824909512  
-4.975085924  
-2.554778589  
-0.06946271391  
1.975675331  
3.200900643  
3.436140659  
2.742752974  
1.372413501  
-0.3176916064  
-1.962646806  
-3.270060555  
-4.062926285  
-4.281658174  
-3.956978302  
-3.173533543  
-2.042600326  
-0.6926394069  
0.7262772644  
2.037825557  
3.050052197  
3.589538613  
3.554069562  
2.965425354  
1.997082741  
0.9556356175  
0.2094987102  
0.07918157951  
0.7221076947  
2.053549571  
3.738725664  
5.270116639  
6.114754702  
5.888995807  
