-5.847524856  
-9.246424184  
-12.15020189  
-13.68140835  
-13.29894422  
-10.99560801  
-7.323128796  
-3.236995291  
0.186827689  
2.07060483  
1.987397194  
0.07096047377  
-3.044880793  
-6.429823915  
-9.133033372  
-10.44334649  
-10.05786772  
-8.118669418  
-5.12243968  
-1.746574894  
1.344788855  
3.654909506  
4.931861113  
5.164285638  
4.518679799  
3.255938814  
1.662119411  
0.01189964559  
-1.438186957  
-2.445999352  
-2.792826267  
-2.319044082  
-0.9818952386  
1.087311495  
3.558290346  
5.935416652  
7.656912799  
8.240412255  
7.433096039  
5.315185678  
2.314789873  
-0.8818914847  
-3.506436022  
-4.920737385  
-4.801134766  
-3.234968474  
-0.6969102071  
2.089234614  
4.360446121  
5.530254462  
5.343749767  
3.926669796  
1.719690302  
-0.6731705666  
-2.666840715  
-3.847226063  
-4.048093131  
-3.338814507  
-1.942764709  
-0.1297277997  
1.869484908  
3.893289959  
5.819982962  
7.504009935  
8.721272736  
9.165402447  
8.51557727  
6.56298761  
3.351131509  
-0.731493917  
-4.960585752  
-8.410279657  
-10.19062379  
-9.723260085  
-6.965875241  
-2.501289689  
2.556638319  
6.831200959  
9.056844731  
8.449833492  
4.959313262  
-0.6862661212  
-7.161179729  
-12.90499505  
-16.55860479  
-17.34086952  
-15.24972775  
-11.02649957  
-5.897755642  
-1.18037007  
2.121074116  
3.594683402  
3.491815767  
2.571442069  
1.778171404  
1.869210729  
3.121418651  
5.22062873  
7.371469219  
8.589033853  
8.070127552  
5.513589556  
1.275714822  
-3.697186794  
-8.140879059  
-10.86139634  
-11.11044062  
-8.822432007  
-4.633761305  
0.3221667743  
4.775372044  
7.714785632  
8.687572226  
7.904689029  
6.121550439  
4.339032211  
3.430566467  
3.825027252  
5.354719174  
7.320171901  
8.748521685  
8.755449631  
6.884815262  
3.307129858  
-1.194466358  
-5.450419608  
-8.271036814  
-8.833132561  
-6.959486424  
-3.198086789  
1.326770389  
5.245587338  
7.352568456  
6.963914196  
4.114712927  
-0.4636017598  
-5.573091263  
-9.909992828  
-12.4415552  
-12.68378334  
-10.80069525  
-7.504998866  
-3.802891179  
-0.6716459896  
1.226004657  
1.705339311  
1.06016958  
-0.08574348999  
-1.016302894  
-1.16607772  
-0.2905486284  
1.484110984  
3.735807988  
5.908536441  
7.499024001  
8.203260086  
7.978242876  
7.007862685  
5.596453971  
4.036800591  
2.504231624  
1.014306877  
-0.5450988028  
-2.325369006  
-4.410848881  
-6.738235553  
-9.07391264  
-11.05867375  
-12.30392638  
-12.50485775  
-11.53075154  
-9.461954468  
-6.56318324  
-3.205691543  
0.2317044816  
3.447161325  
6.258191201  
8.591938683  
10.43428927  
11.76473346  
12.50881527  
12.5324935  
11.68510584  
9.877152673  
7.16305418  
3.793830314  
0.2124892556  
-3.016658875  
-5.330736801  
-6.309825661  
-5.795104867  
-3.946177321  
-1.217244155  
1.744355913  
4.250484844  
5.733813146  
5.874977254  
4.662463003  
2.372903562  
-0.5175584355  
-3.46159062  
-5.970735529  
-7.712494312  
-8.552846865  
-8.540875103  
-7.849477572  
-6.697151887  
-5.27784777  
-3.719271169  
-2.077706073  
-0.3642840354  
1.412345495  
3.205616638  
4.908668384  
6.357971886  
7.361364755  
7.741017196  
7.377737258  
6.243805543  
4.415832905  
2.065548509  
-0.5677108157  
-3.215147094  
-5.61839969  
-7.563598734  
-8.904505349  
-9.572756711  
-9.575545502  
-8.98294591  
-7.908097329  
-6.484277619  
-4.843340677  
-3.099970736  
-1.345289198  
0.3488549835  
1.916807166  
3.282698573  
4.348682144  
4.996023364  
5.104284787  
4.587929304  
3.442376371  
1.785176349  
-0.1247086832  
-1.903737185  
-3.102516782  
-3.299806053  
-2.212379882  
0.2075675633  
3.717414205  
7.793965707  
11.71530943  
14.70235219  
16.08969313  
15.48444993  
12.87137994  
8.634264167  
3.484039097  
-1.691610115  
-6.021471425  
-8.839367191  
-9.82151161  
-9.039722238  
-6.919764502  
-4.118980085  
-1.357629159  
0.7512567152  
1.830831761  
1.799035498  
0.8482561874  
-0.6410291604  
-2.223159981  
-3.510171421  
-4.261498787  
-4.419748044  
-4.088888072  
-3.467934701  
-2.764822253  
-2.118911218  
-1.555840087  
-0.9873526844  
-0.2545204451  
0.8001853474  
2.254997981  
4.049929136  
5.966504517  
7.655350926  
8.707762479  
8.754992891  
7.570585628  
5.148667799  
1.735512518  
-2.197719877  
-6.038990624  
-9.159438928  
-11.04946546  
-11.43396024  
-10.33711089  
-8.078543704  
-5.199186035  
-1.469946695  
-4.053250707  
-6.043374484  
-7.339567043  
-7.89875822  
-7.755466318  
-7.039945433  
-5.976142752  
-4.847259282  
-3.930503514  
-3.418470907  
-3.35488805  
-3.612356755  
-3.927473019  
-3.988375629  
-3.548697511  
-2.528403115  
-1.062539074  
0.5256514033  
1.824794156  
2.47856524  
2.323216437  
1.468207649  
0.2850381189  
-0.7003429529  
-0.9817902481  
-0.2578734039  
1.436797084  
3.704196859  
5.877538871  
7.215357028  
7.137296327  
5.426451351  
2.330080222  
-1.479326187  
-5.076951677  
-7.543576075  
-8.23107724  
-6.954182059  
-4.04917203  
-0.2814123159  
3.369638033  
5.981914001  
6.936759636  
6.067736421  
3.672891435  
0.3948915659  
-2.986321739  
-5.779418468  
-7.556272971  
-8.226904228  
-8.00197701  
-7.267369033  
-6.42173585  
-5.735415875  
-5.276403437  
-4.92169877  
-4.441011129  
-3.615137076  
-2.341928467  
-0.6906241259  
1.113188065  
2.763257084  
3.978343025  
4.597674489  
4.631441881  
4.249359236  
3.713507746  
3.28160089  
3.116494539  
3.234209246  
3.507780695  
3.723692293  
3.669097004  
3.217845196  
2.384792378  
1.32984921  
0.3110136496  
-0.3970307544  
-0.5914503096  
-0.208355721  
0.6519280236  
1.747662421  
2.758013663  
3.365411836  
3.334682238  
2.56910312  
1.132079853  
-0.7667658827  
-2.813942447  
-4.651170348  
-5.938985033  
-6.414794172  
-5.938204685  
-4.518782921  
-2.322313302  
0.3472952564  
3.09162757  
5.483917803  
7.148967938  
7.841822136  
7.506336531  
6.295742102  
4.544305322  
2.691327546  
1.172879385  
0.3082285274  
0.2126733956  
0.7636921166  
1.633688492  
2.383432675  
2.591633224  
1.983786864  
0.5220506418  
-1.571753103  
-3.868547591  
-5.84594851  
-7.031403257  
-7.133386073  
-6.123302296  
-4.245589657  
-1.954759559  
0.2010915084  
1.7167128  
2.249021266  
1.689860025  
0.1779655999  
-1.94645501  
-4.226665754  
-6.188886243  
-7.432255774  
-7.692783543  
-6.874896149  
-5.053153566  
-2.451545299  
0.5918387028  
3.669660524  
6.35748677  
8.271796302  
9.129986559  
8.803926636  
7.35462847  
5.034988464  
2.252374986  
-0.507261887  
-2.779872013  
-4.224377273  
-4.696431244  
-4.272321031  
-3.213793245  
-1.882885457  
-0.6324079855  
0.2930441761  
0.8129315116  
1.004707228  
1.038334684  
1.075571568  
1.172420795  
1.224370852  
0.9807808439  
0.1308642043  
-1.563119344  
-4.130224731  
-7.303695348  
-10.52200115  
-13.03158028  
-14.07162143  
-13.09171877  
-9.937655559  
-4.944691896  
1.098243214  
7.11319265  
11.98738527  
14.84911204  
15.28813399  
13.45723265  
10.02444318  
5.988136241  
2.406460151  
0.1172147889  
-0.4735876251  
0.5232447377  
2.542059879  
4.749521963  
6.299769788  
6.58244101  
5.392615677  
2.976286022  
-0.05769729392  
-2.929452178  
-4.924706063  
-5.605880112  
-4.9363741  
-3.283169324  
-1.298737595  
0.2820166338  
0.8699311592  
0.2082181626  
-1.537158568  
-3.810867049  
-5.818066127  
-6.750607563  
-6.027546967  
-3.482736279  
0.5545183974  
5.311810249  
9.749413699  
12.81626915  
13.720095  
12.14004158  
8.323911551  
3.04146088  
-2.596772457  
-7.409534524  
-10.43368789  
-11.15583374  
-9.625566524  
-6.421089619  
-2.478224142  
1.168631151  
3.661018409  
4.530359093  
3.793569909  
1.907454778  
-0.3997414121  
-2.365774451  
-3.427904032  
-3.382627213  
-2.425917446  
-1.065986343  
0.05982687224  
0.4033748621  
-0.3110969688  
-1.996484845  
-4.232022602  
-6.400246151  
-7.885520085  
-8.268985865  
-7.457084126  
-5.703390137  
-3.518627793  
-1.499944219  
-0.1359470285  
0.349227968  
0.06336117236  
-0.5949540005  
-1.071024368  
-0.8381152798  
0.4276545573  
2.735407333  
5.762967664  
8.937625602  
11.58668202  
13.11120283  
13.13292926  
11.57628049  
8.669739733  
4.875428145  
0.7744491238  
-3.056662148  
-6.147315353  
-8.193695467  
-9.076448521  
-8.844892053  
-7.682843756  
-5.868990116  
-3.737910023  
-1.640818061  
0.09807176799  
1.231032845  
1.636680235  
1.35705168  
0.6051490245  
-0.2700843157  
-0.8629745397  
-0.8204445087  
0.04701898025  
1.687860538  
3.79553663  
5.87158358  
7.355100476  
7.784711546  
6.944674206  
4.94740654  
2.221486238  
-0.5974084352  
-2.843845401  
-4.01591182  
-3.924462859  
-2.750098941  
-0.9876351895  
0.7068182074  
1.719659949  
1.671051028  
0.5337079114  
-1.358049859  
-3.411419331  
-4.957461081  
-5.455269117  
-4.654745221  
-2.669263435  
0.06091912891  
2.899187637  
5.193436858  
6.450798993  
6.455316129  
5.299098203  
3.326390052  
1.016687469  
-1.151410458  
-2.813477405  
-3.78088028  
-4.043059421  
-3.723274591  
-3.013385813  
-2.114375821  
-1.200213433  
-0.4080222489  
0.1555779203  
0.4082390399  
0.2987302709  
-0.17074313  
-0.9169521589  
-1.761375643  
-2.447102273  
-2.694372643  
-2.285635208  
-1.154762861  
0.5531838554  
2.481194593  
4.131228241  
4.994998415  
4.709127626  
3.185568881  
0.67063945  
-2.294444926  
-5.0079658  
-6.801112596  
-7.23233555  
-6.220647126  
-4.072779596  
-1.392162946  
1.103949339  
2.801896278  
3.373760302  
2.86503283  
1.659447123  
0.3334324026  
-0.5500990162  
-0.6383676662  
0.09142542953  
1.329929153  
2.551640893  
3.208608958  
2.934154255  
1.684901935  
-0.2298065353  
-2.243391301  
-3.721339025  
-4.180250324  
-3.461218537  
-1.796684748  
0.25453031  
1.984759776  
2.769837732  
2.279408178  
0.5949748812  
-1.804273653  
-4.184152274  
-5.78067414  
-6.034960378  
-4.762520959  
-2.204013863  
1.055978936  
4.27259023  
6.76476634  
8.106982508  
8.228946028  
7.396417902  
6.086551367  
4.80552219  
3.913111529  
3.513399702  
3.445298493  
3.370755827  
2.924772977  
1.871116263  
0.2076151264  
-1.815744616  
-3.771186266  
-5.192705629  
-5.731435793  
-5.272823287  
-3.97582308  
-2.22179215  
-0.4918031947  
0.7850768283  
1.361276243  
1.235620212  
0.6343111771  
-0.08254942793  
-0.5547791355  
-0.5497830835  
-0.04138710739  
0.7849398522  
1.599592223  
2.04399733  
1.853404423  
0.9464232764  
-0.5467663496  
-2.32411987  
-4.00331916  
-5.233094398  
-5.787668131  
-5.615645802  
-4.831665716  
-3.658936576  
-2.346457799  
-1.091293551  
0.008132390344  
0.9546811643  
1.81486938  
2.659033102  
3.504570242  
4.285297953  
4.859469759  
5.054407027  
4.732013233  
3.851579949  
2.506701195  
0.9214662672  
-0.5955577726  
-1.727246635  
-2.231783253  
-2.009815041  
-1.135289436  
0.1588031163  
1.535462257  
2.633904119  
3.153096673  
2.917047129  
1.906567141  
0.2522015472  
-1.806320327  
-3.980603049  
-5.996812113  
-7.645542759  
-8.807706896  
-9.453396082  
-9.618321764  
-9.36807634  
-8.762744834  
-7.833199101  
-6.576176183  
-4.969214922  
-3.000415629  
-0.7031822311  
1.816075493  
4.368200895  
6.696274164  
8.515494802  
9.5708697  
9.69942619  
8.880414715  
7.258100245  
5.127270313  
2.880771754  
0.9288136941  
-0.3913294055  
-0.89215656  
-0.5779959991  
0.3608244179  
1.60215392  
2.781136506  
3.590102485  
3.860852317  
3.605122163  
3.000811007  
2.327729255  
1.872338265  
1.831125355  
2.243434741  
2.975794648  
3.763684277  
4.298020525  
4.328558865  
3.750143183  
2.642442811  
1.248738032  
-0.1006015995  
-1.095332264  
-1.547497561  
-1.453425651  
-0.9932286646  
-0.4664039114  
-0.1842712756  
-0.3558635414  
-1.007535415  
-1.96631209  
-2.915751803  
-3.507771705  
-3.493127108  
-2.824597901  
-1.693988526  
-0.485239367  
0.3454530902  
0.4250845326  
-0.3975135946  
-1.979838952  
-3.910752227  
-5.630732745  
-6.612661244  
-6.54510734  
-5.455304334  
-3.72527949  
-1.987804516  
-0.9286481929  
-1.05492969  
-2.504694833  
-4.964038795  
-7.726706156  
-9.886443082  
-10.60846239  
-9.397645576  
-6.277751125  
-1.820069481  
2.994956918  
7.047409044  
9.400328902  
9.576950641  
7.705878182  
4.486164531  
0.9792461776  
-1.711215907  
-2.774493872  
-1.939657313  
0.443114343  
3.513420677  
6.170918935  
7.422359664  
6.698383418  
4.04190922  
0.1092942308  
-4.016850783  
-7.146365488  
-8.334691211  
-7.163336733  
-3.863528713  
0.7525439658  
5.529706398  
9.303052258  
11.22541019  
10.99216271  
8.900145105  
5.72919546  
2.488432878  
0.1083952572  
-0.8270875987  
-0.2313974224  
1.490881549  
3.596614112  
5.250151671  
5.784456462  
4.89898098  
2.739326921  
-0.157983473  
-3.031664316  
-5.118197267  
-5.864008764  
-5.068907545  
-2.926854957  
0.03818645095  
3.11467721  
5.579750579  
6.861808226  
6.652443989  
4.949462921  
2.032810057  
-1.609595368  
-5.382148988  
-8.685296942  
-11.00654053  
-11.99032476  
-11.48382556  
-9.557626975  
-6.499342754  
-2.777197634  
1.027783174  
4.316907282  
6.583629194  
7.516820281  
7.071827313  
5.486411806  
3.22997037  
0.8918472711  
-0.9667452256  
-1.959003866  
-1.975479126  
-1.211623742  
-0.1082713896  
0.7809817484  
0.9584068229  
0.137165759  
-1.664634967  
-4.120745432  
-6.686823072  
-8.7571465  
-9.840065203  
-9.698009534  
-8.408687478  
-6.329170121  
-3.975652503  
-1.858792128  
-0.3287855035  
0.5192726504  
0.8494906274  
0.9989775486  
1.332196218  
2.087097055  
3.267662291  
4.622199028  
5.717929402  
6.089284998  
5.411191127  
3.638155445  
1.059301502  
-1.754201954  
-4.097938435  
-5.335573028  
-5.090311783  
-3.365191691  
-0.5520979944  
2.675965458  
5.557724642  
7.462490451  
8.067003112  
7.435205009  
5.976547731  
4.297283499  
2.993546471  
2.45368466  
2.734320047  
3.550404578  
4.382299701  
4.66426839  
3.99172798  
2.277792193  
-0.1942957575  
-2.842511245  
-4.960223982  
-5.938094407  
-5.462039752  
-3.622401834  
-0.8975010801  
1.984855905  
4.264739724  
5.377347711  
5.117600177  
3.689725491  
1.62677648  
-0.3925614588  
-1.769056185  
-2.175527263  
-1.653660253  
-0.583762212  
0.4612151816  
0.9271259208  
0.4829887977  
-0.8523450218  
-2.705940115  
-4.472526036  
-5.522713931  
-5.427925943  
-4.125032331  
-1.962324793  
0.3928732251  
2.158620978  
2.690274348  
1.69801075  
-0.642454287  
-3.724866538  
-6.685071802  
-8.658512363  
-9.041767583  
-7.675482009  
-4.891116603  
-1.407630798  
1.887781402  
4.204205905  
5.072899353  
4.465027877  
2.768356212  
0.6366986873  
-1.233255922  
-2.321431685  
-2.428355658  
-1.700340634  
-0.5348237723  
0.5938778662  
1.321974638  
1.528145926  
1.363532541  
1.171412814  
1.328958975  
2.072020744  
3.370481864  
4.903668565  
6.149376092  
6.558619671  
5.756212037  
3.696029728  
0.7135524892  
-2.54760626  
-5.315504932  
-6.919596172  
-6.995956567  
-5.600742122  
-3.194443961  
-0.501894303  
1.706526944  
2.842111173  
2.66180572  
1.3199084  
-0.7036657609  
-2.769103883  
-4.278101932  
-4.844396031  
-4.381447061  
-3.086721485  
-1.338449023  
0.4505566397  
1.966432083  
3.069084608  
3.788054537  
4.250825597  
4.580600078  
4.81059116  
4.853049952  
4.537210211  
3.700821249  
2.296433647  
0.4652641407  
-1.457946651  
-3.020091128  
-3.784646982  
-3.481192807  
-2.115139324  
0.005717874352  
2.343736505  
4.284296965  
5.320975265  
5.21170888  
4.052740578  
2.244014667  
0.3564174849  
-1.055137214  
-1.630022882  
-1.311658765  
-0.35236485  
0.7869748572  
1.606603653  
1.747595394  
1.119336696  
-0.06869922912  
-1.380979672  
-2.309220193  
-2.451651194  
-1.656812633  
-0.0836376063  
1.841083482  
3.55179183  
4.515268263  
4.387072552  
3.104059913  
0.8876979104  
-1.836049336  
-4.567351402  
-6.866869477  
-8.450629407  
-9.22078903  
-9.233458026  
-8.627657736  
-7.551230184  
-6.11580493  
-4.396558206  
-2.470166312  
-0.4657649941  
1.403590651  
2.854128777  
3.59528519  
3.42699819  
2.334918992  
0.5430626097  
-1.505527391  
-3.245614996  
-4.141172484  
-3.846046595  
-2.320874656  
0.1357859942  
2.957807806  
5.465614098  
7.057828718  
7.380368299  
6.419296615  
4.488408415  
2.117287743  
-0.1214581806  
-1.787333895  
-2.691278987  
-2.921300271  
-2.769570612  
-2.590643826  
-2.64402587  
-2.979104397  
-3.404675266  
-3.554674671  
-3.02704568  
-1.546305387  
0.9087096568  
4.058792946  
7.378834688  
10.23692032  
12.07284621  
12.55719945  
11.67858981  
9.73113261  
7.20796773  
4.638092278  
2.422312595  
0.7233428101  
-0.5542520827  
-1.689853195  
-3.006292244  
-4.713609567  
-6.792859361  
-8.962184936  
-10.7397418  
-11.58563754  
-11.07848802  
-9.070217452  
-5.768587814  
-1.71891297  
2.313226669  
5.526754794  
7.286192084  
7.283477165  
5.61665041  
2.765053925  
-0.5310215256  
-3.453484067  
-5.304775009  
-5.671914055  
-4.517495913  
-2.17843345  
0.7239778166  
3.438691229  
5.266542082  
5.726710698  
4.670572846  
2.317962186  
-0.791899512  
-3.923988428  
-6.318349108  
-7.370074696  
-6.776974451  
-4.619215486  
-1.349452627  
2.307874629  
5.527325541  
7.583850871  
8.035193107  
6.837634101  
4.362116178  
1.302416133  
-1.504299057  
-3.299364825  
-3.608079392  
-2.371897425  
0.03110661658  
2.886030411  
5.335939614  
6.618944744  
6.281637704  
4.30846333  
1.129694027  
-2.495131269  
-5.685997118  
-7.684760972  
-8.062896056  
-6.836570008  
-4.457642246  
-1.684442356  
0.6302414692  
1.774258416  
1.369638521  
-0.5267559506  
-3.439872893  
-6.602279185  
-9.152314728  
-10.35052359  
-9.758595951  
-7.338039174  
-3.449107792  
1.243200733  
5.926960492  
9.822885968  
12.3424396  
13.19058638  
12.3957804  
10.26832811  
7.304432715  
4.063419845  
1.048520848  
-1.382592466  
-3.060882889  
-3.998210369  
-4.336670822  
-4.272572097  
-3.977933699  
-3.542098876  
-2.950216169  
-2.105020123  
-0.8858088177  
0.7731665337  
2.810191917  
4.995586134  
6.942311957  
8.173138527  
8.232887522  
6.818631802  
3.891630494  
-0.2643989985  
-5.062373905  
-9.712024008  
-13.38182983  
-15.38418127  
-15.33594473  
-13.25089282  
-9.537444872  
-4.900889143  
-0.175609271  
3.867533668  
6.687072656  
8.06718846  
8.122619902  
7.217757884  
5.830152778  
4.40317242  
3.232772339  
2.419348881  
1.89257585  
1.4926492  
1.073557925  
0.5886271  
0.1267428867  
-0.1134038519  
0.09887882044  
0.9251005774  
2.370272856  
4.242261168  
6.175048947  
7.711897677  
8.424449632  
8.031959695  
6.48461759  
3.986079063  
0.9489198851  
-2.10340869  
-4.659694962  
-6.335174725  
-6.947656957  
-6.539252116  
-5.34369049  
-3.713745061  
-2.031895629  
-0.6282413006  
0.2761674087  
0.5923180694  
0.3544851317  
-0.3109822461  
-1.226933172  
-2.20559208  
-3.080261275  
-3.725665594  
-4.067500532  
-4.083368657  
-3.797473233  
-3.270879484  
-2.588875741  
-1.847176442  
-1.139286579  
-0.547398033  
-0.1383012542  
0.03624571081  
-0.06239021447  
-0.4587555304  
-1.155684265  
-2.119298919  
-3.260769662  
-4.423533247  
-5.386786316  
-5.89350592  
-5.704194359  
-4.667103825  
-2.786087966  
-0.2619153239  
2.51438657  
5.02633319  
6.747468623  
7.281499588  
6.487949099  
4.552093272  
1.969526694  
-0.5612433017  
-2.316476884  
-2.748847817  
-1.65441306  
0.748310869  
3.857496426  
6.841272802  
8.865422514  
9.33057378  
8.04797025  
5.29889405  
1.757102996  
-1.704529867  
-4.265505636  
-5.390682008  
-4.973126935  
-3.343221785  
-1.1427135  
0.8946364629  
2.18415499  
2.474894286  
1.918191639  
0.998769519  
0.3521980256  
0.5298944467  
1.790251463  
3.985934787  
6.586087942  
8.828157047  
9.951887931  
9.441381648  
7.198447432  
3.592412963  
-0.6294028439  
-4.543020654  
-7.299622763  
-8.352709108  
-7.595309833  
-5.371319318  
-2.3638599  
0.6006048909  
2.772002835  
3.65771071  
3.119169787  
1.36696824  
-1.132042826  
-3.799090392  
-6.093669358  
-7.6296631  
-8.234070902  
-7.945372768  
-6.965636169  
-5.589224135  
-4.130373642  
-2.864523835  
-1.988634025  
-1.59852461  
-1.679034143  
-2.105183625  
-2.656850317  
-3.051875633  
-3.000376475  
-2.275908016  
-0.7895908367  
1.354185104  
3.843029409  
6.197730221  
7.868890485  
8.370010936  
7.412747056  
5.004293238  
1.47397852  
-2.584792009  
-6.445843772  
-9.419854302  
-11.0140657  
-11.03578371  
-9.610599363  
-7.113442614  
-4.038610724  
-0.8540983923  
2.110912426  
4.710212994  
6.947184369  
8.883947474  
10.53487951  
11.79240208  
12.42081268  
12.12729536  
10.68798304  
8.082165885  
4.579517942  
0.7373369196  
-2.705964999  
-5.017964328  
-5.685305893  
-4.583632619  
-2.043875375  
1.215386771  
4.277345547  
6.285187138  
6.691001786  
5.416700653  
2.873796342  
-0.1675000333  
-2.821311017  
-4.365969995  
-4.472360366  
-3.307539904  
-1.479504405  
0.1606650874  
0.797388236  
-0.07806393749  
-2.489544518  
-5.948226544  
-9.584768249  
-12.40119545  
-13.56527826  
-12.65765754  
-9.797505834  
-5.610541717  
-1.05161828  
2.862706749  
5.331076732  
5.973340717  
4.909553627  
2.695793259  
0.1432080683  
-1.920909165  
-2.878340164  
-2.468809125  
-0.8266520476  
1.595403855  
4.183622641  
6.349765932  
7.691204455  
8.08208314  
7.676602439  
6.83211832  
5.981183717  
5.492731656  
5.561380374  
6.152506315  
7.013598326  
7.744767979  
7.907614791  
7.144365689  
5.278941432  
2.377107629  
-1.247656149  
-5.084702484  
-8.523988564  
-10.98207997  
-12.03062146  
-11.49898423  
-9.525935657  
-6.544311667  
-3.196807181  
-0.1978437517  
1.828385376  
2.494288216  
1.740949685  
-0.1512833631  
-2.640069965  
-5.068011196  
-6.83979912  
-7.579166912  
-7.219226809  
-5.998396051  
-4.362866189  
-2.806392372  
-1.699658261  
-1.166594929  
-1.051206283  
-0.9891248248  
-0.562166087  
0.5162899596  
2.251634443  
4.312687203  
6.100356311  
6.928488535  
6.264543394  
3.951858784  
0.3341867601  
-3.771123708  
-7.259174811  
-9.038690202  
-8.362918016  
-5.088425923  
0.2247437379  
6.414154164  
12.00003189  
15.57939281  
16.21747342  
13.72078415  
8.707678174  
2.450570864  
-3.468691999  
-7.592617115  
-8.986016462  
-7.48317642  
-3.713921154  
1.096268506  
5.490295266  
8.198726133  
8.491387356  
6.36145525  
2.494513362  
-1.960089814  
-5.740625568  
-7.839173434  
-7.775300626  
-5.702538059  
-2.326333923  
1.330953311  
4.239555049  
5.651078518  
5.284322887  
3.362673824  
0.5052213909  
-2.48296755  
-4.850348332  
-6.095243636  
-6.066802374  
-4.953003921  
-3.174523141  
-1.229853524  
0.4538565734  
1.61918464  
2.203895851  
2.298757587  
2.065189329  
1.65025547  
1.132129222  
0.5132521649  
-0.2422130673  
-1.147725349  
-2.139990064  
-3.057173997  
-3.662753927  
-3.710276968  
-3.02821926  
-1.595523277  
0.4197862053  
2.675468669  
4.723202019  
6.113093667  
6.506308879  
5.764788134  
3.993388628  
1.522945207  
-1.161365503  
-3.528014412  
-5.116632802  
-5.636989644  
-5.027111336  
-3.458891965  
-1.292153071  
1.010446009  
2.987142925  
4.275919992  
4.686896075  
4.233217843  
3.114966003  
1.661121573  
0.2442807467  
-0.8109676135  
-1.303464603  
-1.196156464  
-0.612355847  
0.2103177823  
0.9944440287  
1.50370086  
1.606089014  
1.300657364  
0.7004487698  
-0.02140679444  
-0.7028213922  
-1.255097917  
-1.692823607  
-2.118667411  
-2.666865299  
-3.425491204  
-4.367782424  
-5.322576155  
-6.00233188  
-6.087388168  
-5.343441479  
-3.733497481  
-1.482009675  
0.9398092534  
2.914905837  
3.846093491  
3.340544913  
1.355605135  
-1.744776981  
-5.249591803  
-8.268173224  
-9.962813797  
-9.780907306  
-7.617663695  
-3.858675869  
0.7135082884  
5.123850671  
8.461661102  
10.11518568  
9.916544309  
8.157636041  
5.477444755  
2.659986776  
0.4075827532  
-0.841648713  
-1.000790282  
-0.3072765326  
0.7991703215  
1.846509845  
2.489581606  
2.608444909  
2.320211151  
1.90975912  
1.711088055  
1.98435686  
2.829975437  
4.163609607  
5.751898098  
7.28765641  
8.472851824  
9.080621058  
8.981456556  
8.136710687  
6.576465866  
4.382865052  
1.692510553  
-1.283602121  
-4.239507958  
-6.777765893  
-8.457081967  
-8.887318419  
-7.852257569  
-5.420916256  
-2.001237726  
1.699197152  
4.813621852  
6.53067199  
6.325151908  
4.132689843  
0.4056567207  
-3.979766531  
-7.949016697  
-10.52600293  
-11.11261267  
-9.662629624  
-6.691942011  
-3.117918256  
0.02377302889  
1.89550905  
2.105717459  
0.8087235645  
-1.374445861  
-3.585301452  
-5.027735774  
-5.235728617  
-4.218142379  
-2.433293789  
-0.6059100801  
0.5457357738  
0.5735550734  
-0.5404726827  
-2.384892691  
-4.277976906  
-5.525829188  
-5.683402726  
-4.721159155  
-3.034458937  
-1.290758666  
-0.1701866335  
-0.09599218584  
-1.057128125  
-2.593292822  
-3.953737389  
-4.37650996  
-3.387870072  
-1.010351324  
2.202668949  
5.327591134  
7.377546515  
7.651704457  
6.003480815  
2.92843155  
-0.5669007844  
-3.277897229  
-4.194456968  
-2.84060698  
0.5559806906  
5.125140534  
9.627934764  
12.85170303  
13.99305497  
12.89964509  
10.09053761  
6.552033706  
3.383766226  
1.42109198  
0.9665102741  
1.722359127  
2.944061162  
3.753662702  
3.49583422  
2.003554321  
-0.3260249293  
-2.675551976  
-4.120242007  
-3.995224075  
-2.180791722  
0.8040434602  
3.942037899  
6.050559053  
6.194309147  
4.03340577  
-0.01895486063  
-4.891412902  
-9.177302536  
-11.58120522  
-11.34032198  
-8.47817969  
-3.80372656  
1.34539045  
5.530169654  
7.665572265  
7.352624163  
4.978857754  
1.558000156  
-1.631970548  
-3.486391119  
-3.438161199  
-1.628032936  
1.17091578  
3.841416759  
5.317931958  
4.951539974  
2.719722083  
-0.7860994617  
-4.583622785  
-7.649255997  
-9.268759637  
-9.266829413  
-8.039330402  
-6.383031715  
-5.188730057  
-5.10985367  
-6.324350513  
-8.472038063  
-10.78605138  
-12.36843363  
-12.5103288  
-10.94357374  
-7.93650424  
-4.202586844  
-0.6559147621  
1.900089063  
3.043011332  
2.869021472  
1.952617422  
1.144304242  
1.275788631  
2.871218439  
5.958437373  
10.03899127  
14.2228264  
17.48141537  
18.93844163  
18.11015692  
15.02844091  
10.21956304  
4.556094331  
-0.9657161397  
-5.456039001  
-8.308846436  
-9.290276883  
-8.532110228  
-6.450847252  
-3.627379346  
-0.6826564227  
1.825550719  
3.474494308  
4.018572744  
3.408618793  
1.793220822  
-0.4987772583  
-3.000001811  
-5.174875399  
-6.515568187  
-6.649075679  
-5.430780909  
-2.996293009  
0.2499840707  
3.715092622  
6.751256756  
8.809401937  
9.569829125  
9.011960889  
7.402559206  
5.206609182  
2.949073966  
1.070608382  
-0.1791059842  
-0.7805201345  
-0.9092235234  
-0.8446082606  
-0.8572087303  
-1.113987472  
-1.631396407  
-2.286858099  
-2.878085293  
-3.203974073  
-3.136135921  
-2.657232853  
-1.857564388  
-0.8980731484  
0.04049761705  
0.8006138254  
1.268864182  
1.373620856  
1.070564225  
0.3329785546  
-0.8398598188  
-2.394277973  
-4.186005818  
-5.958233646  
-7.35626005  
-7.989920726  
-7.535912226  
-5.852276967  
-3.065143923  
0.4102776424  
3.935139346  
6.791599046  
8.370246704  
8.344276891  
6.772865075  
4.094826224  
1.00758137  
-1.735362337  
-3.546080452  
-4.171579064  
-3.754316394  
-2.762650562  
-1.813676779  
-1.448174959  
-1.934914578  
-3.172523854  
-4.723975537  
-5.972814298  
-6.347118525  
-5.532606082  
-3.598944632  
-0.9929944803  
1.600840802  
3.48592758  
4.186314936  
3.605718159  
2.056490178  
0.1482432324  
-1.424521067  
-2.120305644  
-1.729357539  
-0.4297344667  
1.298591294  
2.869131613  
3.820963817  
4.000294051  
3.621686637  
3.18256075  
3.258772809  
4.254536413  
6.20011171  
8.677317045  
10.90999674  
11.99849701  
11.22423873  
8.321524552  
3.619858639  
-2.000064112  
-7.332381845  
-11.18831873  
-12.74775923  
-11.80710208  
-8.841787816  
-4.860935843  
-1.098562965  
1.361068698  
1.905387081  
0.5616903599  
-2.039001561  
-4.886597257  
-6.928922466  
-7.41030378  
-6.103186185  
-3.36168742  
0.01426883954  
3.053724242  
4.934336233  
5.241338737  
4.083710519  
2.035018784  
-0.0750583517  
-1.44464909  
-1.563224896  
-0.3694047826  
1.744310059  
4.075204816  
5.849345418  
6.474066972  
5.721418884  
3.786442664  
1.207788817  
-1.316353494  
-3.151613539  
-3.915581581  
-3.572075667  
-2.407193632  
-0.9033284287  
0.4400322351  
1.275112437  
1.508174292  
1.304950564  
1.00340295  
0.9692425403  
1.447491769  
2.462277451  
3.798454786  
5.06962101  
5.847633691  
5.808718385  
4.846963385  
3.117833829  
0.9981280663  
-1.024040524  
-2.49369572  
-3.122653151  
-2.871778729  
-1.958472024  
-0.7894000317  
0.1592299689  
0.4772078713  
-0.06757821743  
-1.470624149  
-3.498820038  
-5.758248479  
-7.798942434  
-9.225550752  
-9.784259226  
-9.405849858  
-8.199070258  
-6.402669927  
-4.314685304  
-2.221182838  
-0.3434680546  
1.185522273  
2.315280851  
3.050907894  
3.419358249  
3.442778012  
3.128584572  
2.478619163  
1.512137028  
0.2919369482  
-1.058714479  
-2.35811015  
-3.390779346  
-3.950886485  
-3.893652871  
-3.180092885  
-1.900767118  
-0.2689139959  
1.418739871  
2.846063134  
3.751469234  
3.992699157  
3.584512595  
2.697486003  
1.615958745  
0.6641028559  
0.1183091055  
0.1288474386  
0.6725993283  
1.551529743  
2.440077458  
2.971705394  
2.843752264  
1.913602499  
0.259805231  
-1.810619049  
-3.814657224  
-5.19642704  
-5.458375564  
-4.289559485  
-1.659080843  
2.150303295  
6.579786137  
10.89784657  
14.34764045  
16.3053641  
16.4129541  
14.65384513  
11.3537015  
7.105996311  
2.640472477  
-1.333667196  
-4.272188631  
-5.894110451  
-6.212521665  
-5.494541229  
-4.165410147  
-2.68560048  
-1.435356476  
-0.6367746698  
-0.3308996747  
-0.4100597652  
-0.6892360262  
-0.9895709577  
-1.205411827  
-1.333830012  
-1.459828399  
-1.70635801  
-2.170563414  
-2.872000497  
-3.73346856  
-4.60238063  
-5.304761567  
-5.710936908  
-5.786473371  
-5.606670431  
-5.326148941  
-5.112621028  
-5.069055832  
-5.175356135  
-5.276031619  
-5.124990473  
-4.47738324  
-3.198840115  
-1.35205249  
0.7760350299  
2.725687455  
3.987523164  
4.16360763  
3.115306969  
1.045442696  
-1.520907989  
-3.861839388  
-5.260076411  
-5.222352249  
-3.64777315  
-0.8876137262  
2.330196375  
5.096976622  
6.585617337  
6.301525918  
4.244405692  
0.9277940344  
-2.754304425  
-5.777447615  
-7.280388618  
-6.814690005  
-4.475185626  
-0.8719448014  
3.047459128  
6.271494666  
8.01195123  
7.920329105  
6.172084411  
3.398775328  
0.494144003  
-1.643809371  
-2.357243303  
-1.390813034  
1.067534898  
4.467882875  
8.066652771  
11.12518276  
13.07986983  
13.64165367  
12.80994587  
10.81433144  
8.016725925  
4.811865939  
1.555233808  
