4.888010909  
2.090736744  
-0.9672202758  
-3.505457902  
-4.856175207  
-4.674716374  
-3.054950284  
-0.5109739027  
2.171030406  
4.165165874  
4.849479483  
3.984099798  
1.768385009  
-1.238994191  
-4.308300159  
-6.771533713  
-8.222244724  
-8.617242887  
-8.249369741  
-7.605100261  
-7.16048974  
-7.190009221  
-7.657896841  
-8.232041086  
-8.416457573  
-7.755060431  
-6.032305576  
-3.394955939  
-0.3451025103  
2.400882114  
4.14479109  
4.452959682  
3.330227778  
1.256147245  
-0.9374182811  
-2.314740737  
-2.13391612  
-0.09743138047  
3.528451946  
7.9686715  
12.15567794  
15.0411951  
15.90580865  
14.56880677  
11.43297447  
7.352497937  
3.3691398  
0.403111436  
-1.002787957  
-0.8079843921  
0.5639750517  
2.403360199  
3.963948333  
4.69647105  
4.389196473  
3.176529134  
1.426053609  
-0.4421212771  
-2.128247473  
-3.550130543  
-4.829925466  
-6.181702931  
-7.752069576  
-9.486104134  
-11.08231053  
-12.06542573  
-11.95812543  
-10.48971841  
-7.759197619  
-4.280223194  
-0.8748406264  
1.562425851  
2.357695601  
1.308032967  
-1.203952865  
-4.282971543  
-6.770933499  
-7.601348234  
-6.145866667  
-2.437757457  
2.806146937  
8.37872641  
12.93349334  
15.38218673  
15.21135107  
12.61635175  
8.411963872  
3.753195284  
-0.2370458308  
-2.807350465  
-3.772077235  
-3.500965524  
-2.717026616  
-2.182756248  
-2.392487947  
-3.384052439  
-4.737521159  
-5.759004507  
-5.778589071  
-4.448209054  
-1.923848008  
1.142361907  
3.805106994  
5.156062074  
4.663609542  
2.396403032  
-0.9573017888  
-4.292029759  
-6.447200436  
-6.60745297  
-4.601411764  
-0.9900142635  
3.0942945  
6.310442381  
7.555060066  
6.341621526  
2.981244463  
-1.500756306  
-5.689414973  
-8.239989569  
-8.319894722  
-5.883787441  
-1.688054759  
2.961379944  
6.643848362  
8.295103202  
7.556165913  
4.882497099  
1.377361997  
-1.593222341  
-2.872688116  
-1.912865778  
1.035504139  
5.004806108  
8.636869133  
10.64289058  
10.24168333  
7.428913704  
2.987538934  
-1.763457648  
-5.397574803  
-6.844182157  
-5.734331586  
-2.517230842  
1.687586563  
5.450561625  
7.485138032  
7.046813347  
4.152983978  
-0.4401219503  
-5.487205092  
-9.642744781  
-11.86123701  
-11.68417936  
-9.332189651  
-5.587329456  
-1.518010774  
1.855272228  
3.84452795  
4.24577927  
3.324719827  
1.66061476  
-0.08374431323  
-1.381477941  
-1.979167334  
-1.917791757  
-1.446832726  
-0.878017371  
-0.4414440874  
-0.1987463396  
-0.04073915264  
0.2380255888  
0.824440856  
1.781263698  
2.993391348  
4.185880701  
5.004938043  
5.129592013  
4.372204983  
2.732986126  
0.3934086354  
-2.342489779  
-5.131581088  
-7.666486699  
-9.716650506  
-11.12849645  
-11.7973999  
-11.63700771  
-10.57163574  
-8.564840599  
-5.677089076  
-2.12655418  
1.681879739  
5.188248954  
7.778470985  
8.93598017  
8.401050585  
6.283696752  
3.083846785  
-0.4017544785  
-3.270376491  
-4.752102421  
-4.426648271  
-2.350121009  
0.9517702503  
4.627361605  
7.739875131  
9.53421383  
9.649019346  
8.209426574  
5.772962004  
3.146714264  
1.133865785  
0.2887800992  
0.7556423367  
2.237882007  
4.103652286  
5.5903407  
6.041875744  
5.105390304  
2.829843306  
-0.3576491564  
-3.783311054  
-6.719873487  
-8.580268362  
-9.055824515  
-8.165164829  
-6.210284521  
-3.664668641  
-1.035245314  
1.258345547  
2.956284956  
3.972584612  
4.360860914  
4.255529549  
3.814464989  
3.181493236  
2.473781064  
1.786575234  
1.201034774  
0.7823931697  
0.5640956359  
0.5242850688  
0.5688113681  
0.535873091  
0.2302313474  
-0.5174056905  
-1.782953801  
-3.497840715  
-5.436784253  
-7.255764895  
-8.574391512  
-9.08001353  
-8.620818402  
-7.256108605  
-5.244497553  
-2.970867661  
-0.8339310653  
0.8695792102  
2.025761229  
2.722290339  
3.198628647  
3.744797568  
4.583702009  
5.778027236  
7.194449901  
8.538245065  
9.446965327  
9.611327202  
8.881929731  
7.325328998  
5.210493055  
2.930621103  
0.887294936  
-0.6237489481  
-1.487577117  
-1.782702922  
-1.730857261  
-1.605160217  
-1.631749269  
-1.9204913  
-2.4480237  
-3.095700523  
-3.723865654  
-4.250069672  
-4.697634811  
-5.192783901  
-5.908970306  
-6.978608788  
-8.406732314  
-10.02282179  
-11.49489104  
-12.40806708  
-12.38606595  
-11.21665655  
-8.938124505  
-5.854645641  
-2.471052703  
0.6358064847  
2.970443615  
-4.92921768  
-4.640293472  
-3.385991136  
-0.6497937635  
3.622303368  
8.918975867  
14.2549404  
18.43653644  
20.42067025  
19.65164405  
16.26420666  
11.08220617  
5.407315803  
0.6595321382  
-2.021301135  
-2.091483058  
0.2580561513  
4.179395089  
8.432815401  
11.75427452  
13.21166692  
12.4444172  
9.721534437  
5.81184319  
1.717707339  
-1.637971101  
-3.673510207  
-4.283491379  
-3.816072056  
-2.91230943  
-2.268118497  
-2.398381136  
-3.475582327  
-5.286560577  
-7.311380349  
-8.891271282  
-9.429059398  
-8.561461361  
-6.256898252  
-2.818806726  
1.196976734  
5.11982401  
8.31572484  
10.31410411  
10.88430438  
10.05288151  
8.068326165  
5.329771772  
2.299581136  
-0.5823900315  
-2.969955425  
-4.659256832  
-5.610765964  
-5.942933606  
-5.898085942  
-5.784364794  
-5.902092268  
-6.467798048  
-7.552470072  
-9.050301297  
-10.68901764  
-12.08335922  
-12.82185153  
-12.56688684  
-11.14309735  
-8.590727355  
-5.169481649  
-1.311299047  
2.4658677  
5.661357531  
7.886980807  
8.932645401  
8.790508224  
7.63723955  
5.784121142  
3.610384964  
1.49569552  
-0.2361285721  
-1.355875158  
-1.749141642  
-1.419919972  
-0.4800359464  
0.8739344388  
2.395094114  
3.829640723  
4.963787896  
5.665135603  
5.907416298  
5.769219512  
5.403321102  
4.98244951  
4.636683606  
4.403168616  
4.207799237  
3.889544461  
3.263793461  
2.205765875  
0.7247320222  
-1.00102637  
-2.648151079  
-3.831393843  
-4.224564654  
-3.680892974  
-2.309687105  
-0.4764610138  
1.283072886  
2.415462558  
2.523555432  
1.505296671  
-0.3926090383  
-2.631284886  
-4.536047339  
-5.507463928  
-5.220278695  
-3.743084942  
-1.534174078  
0.6920066903  
2.19013713  
2.430697176  
1.286929238  
-0.902935964  
-3.424626208  
-5.40533231  
-6.093650267  
-5.112691707  
-2.602694663  
0.7971852506  
4.127401516  
6.394461532  
6.876939578  
5.354772134  
2.188670701  
-1.776671235  
-5.456297393  
-7.840254714  
-8.282939096  
-6.678563556  
-3.471859695  
0.4939952439  
4.239403592  
6.934804163  
8.121855187  
7.804347172  
6.388754068  
4.503786152  
2.766148146  
1.57376859  
0.9941460157  
0.7800532419  
0.4998284065  
-0.2691699438  
-1.755249238  
-3.881349151  
-6.266819699  
-8.340650703  
-9.526298983  
-9.434374372  
-7.997598322  
-5.502795833  
-2.50975009  
0.3156765935  
2.399035318  
3.421548027  
3.399674227  
2.657340129  
1.703488451  
1.057620068  
1.081167427  
1.868555548  
3.23055406  
4.771646008  
6.032735648  
6.650353408  
6.479634361  
5.641329065  
4.478240509  
3.435806102  
2.905415973  
3.080852215  
3.874224471  
4.919916659  
5.668662288  
5.546976205  
4.137298442  
1.327139137  
-2.617242063  
-7.077234862  
-11.20632185  
-14.12388341  
-15.13027283  
-13.8880146  
-10.5211743  
-5.604970438  
-0.04528371634  
5.123796996  
8.974522751  
10.89322037  
10.70841031  
8.7071627  
5.536892983  
2.020682396  
-1.062448213  
-3.171569456  
-4.11938546  
-4.079740471  
-3.489550666  
-2.879081234  
-2.685588031  
-3.109568836  
-4.058479495  
-5.193920347  
-6.064215495  
-6.275875678  
-5.644193406  
-4.270030382  
-2.514708831  
-0.8800348235  
0.166121427  
0.3579907793  
-0.2664393489  
-1.368929044  
-2.422343089  
-2.894248748  
-2.440075662  
-1.037141481  
0.9910327254  
3.073806155  
4.586292534  
5.071580591  
4.414294429  
2.900927732  
1.139247852  
-0.1424678822  
-0.3520703494  
0.7413875978  
2.895257222  
5.439801857  
7.477301405  
8.174469182  
7.053917335  
4.186016883  
0.2114365857  
-3.821738776  
-6.761388269  
-7.702282883  
-6.273000821  
-2.765151246  
1.939664987  
6.625026393  
10.09794488  
11.5374356  
10.72373255  
8.077264036  
4.498627588  
1.065246112  
-1.313916006  
-2.172390441  
-1.601742066  
-0.1758136482  
1.284459148  
2.020912802  
1.614353547  
0.1322587266  
-1.901311553  
-3.701129136  
-4.512004268  
-3.893593806  
-1.898935858  
0.9166356759  
3.661593803  
5.394949092  
5.438114557  
3.607312715  
0.2882344273  
-3.673140471  
-7.228918227  
-9.45318862  
-9.82685024  
-8.392111492  
-5.728648109  
-2.761388228  
-0.4639417534  
0.4461887599  
-0.2760530577  
-2.341466144  
-5.03433636  
-7.450360298  
-8.785241319  
-8.580949759  
-6.853459206  
-4.066198054  
-0.9639745503  
1.673974516  
3.279556959  
3.661397633  
3.04018969  
1.947280733  
1.023987542  
0.7899731647  
1.45725456  
2.850054921  
4.456021145  
5.59223265  
5.633425494  
4.230597558  
1.451234466  
-2.203856929  
-5.91510097  
-8.758966117  
-9.962332927  
-9.123698511  
-6.337536351  
-2.185060548  
2.408149716  
6.410139588  
8.952045332  
9.55578764  
8.257627241  
5.593195619  
2.447014656  
-0.1934235523  
-1.512583286  
-1.095540806  
0.9531140746  
4.034313123  
7.218405277  
9.504116672  
10.10157189  
8.660310223  
5.377355068  
0.9531749144  
-3.593898323  
-7.203707975  
-9.062963046  
-8.824246726  
-6.692308924  
-3.352822618  
0.235145596  
3.121449039  
4.637994817  
4.581541842  
3.252146037  
1.337182626  
-0.3220218407  
-1.007946181  
-0.3624933229  
1.492834636  
3.989508016  
6.286982871  
7.535549094  
7.145290115  
4.977826123  
1.401972352  
-2.803008142  
-6.665924728  
-9.296444118  
-10.12952195  
-9.069654451  
-6.495749569  
-3.131156543  
0.1760117968  
2.692155029  
3.984973724  
4.006149951  
3.053688439  
1.635934226  
0.2880683368  
-0.5974461307  
-0.8746701491  
-0.656040765  
-0.2378984007  
0.02711301686  
-0.1365913922  
-0.8332293227  
-1.967958842  
-3.288520556  
-4.475418806  
-5.245714253  
-5.434498761  
-5.029623965  
-4.153997273  
-3.008476499  
-1.800581855  
-0.6859748688  
0.2584725376  
1.025445671  
1.641698994  
2.125449426  
2.456650664  
2.573196561  
2.39422329  
1.860114733  
0.9719456799  
-0.1867505205  
-1.455959663  
-2.632405582  
-3.519226921  
-3.975537138  
-3.949718957  
-3.48659294  
-2.707905916  
-1.774556076  
-0.843974818  
-0.03603133715  
0.5840446744  
1.004286219  
1.251307542  
1.370785455  
1.41101089  
1.413723152  
1.41169054  
1.429208155  
1.481169322  
1.568877386  
1.674553757  
1.759590987  
1.771780797  
1.663547688  
1.417558189  
1.070494583  
0.7231044725  
0.5267977661  
0.6442943055  
1.191998646  
2.181042318  
3.478746984  
4.809380534  
5.802889746  
6.085076336  
5.387472806  
3.645334305  
1.051598303  
-1.955329486  
-4.77404085  
-6.776052775  
-7.461217061  
-6.590817191  
-4.260741276  
-0.8927302412  
2.856300261  
6.244454283  
8.616236582  
9.551697526  
8.956692327  
7.073915083  
4.41505503  
1.633784187  
-0.6279518431  
-1.883820188  
-1.905817062  
-0.7659845463  
1.188248794  
3.416573975  
5.3069719  
6.310322262  
6.061597983  
4.463651813  
1.715911613  
-1.720153543  
-5.215086904  
-8.108583054  
-9.861793456  
-10.18997335  
-9.140942715  
-7.094415613  
-4.675054948  
-2.594954852  
-1.462858101  
-1.611029661  
-2.990804693  
-5.172370126  
-7.456284676  
-9.071016258  
-9.402446443  
-8.187535892  
-5.61100407  
-2.270260928  
0.9867392814  
3.305912675  
4.080976685  
3.138169611  
0.792432987  
-2.245073938  
-5.081002654  
-6.908658156  
-7.246133667  
-6.067403715  
-3.784601228  
-1.088927901  
1.295043222  
2.857582572  
3.469298062  
3.406910177  
3.230405335  
3.554713784  
4.796665349  
6.988173072  
9.725063574  
12.27462481  
13.80954298  
13.69047954  
11.70020584  
8.146206723  
3.791801901  
-0.366220839  
-3.402628323  
-4.750960163  
-4.376926619  
-2.779047681  
-0.8153341141  
0.5866160428  
0.739327658  
-0.5786131515  
-3.055449806  
-5.959128822  
-8.390208167  
-9.587674686  
-9.183110554  
-7.317215461  
-4.580365311  
-1.799555024  
0.2534523642  
1.131249005  
0.8641584702  
-0.05504015666  
-0.849773802  
-0.7404475595  
0.7687570359  
3.69514821  
7.541681265  
11.4333214  
14.3813209  
15.58901987  
14.69977813  
11.90774603  
7.897833744  
3.636893706  
0.08516630119  
-2.079785749  
-2.641645368  
-1.875513333  
-0.427854314  
0.9087620284  
1.450776472  
0.8286757434  
-0.9171061712  
-3.370643499  
-5.884942469  
-7.784283917  
-8.559601272  
-8.000728765  
-6.234121787  
-3.666301517  
-0.860704998  
1.609282857  
3.288393365  
3.919034398  
3.462211441  
2.068085787  
0.01603980407  
-2.353631159  
-4.699665808  
-6.723827407  
-8.19925362  
-8.987463278  
-9.047439033  
-8.436672781  
-7.300953002  
-5.849623272  
-4.31689571  
-2.916060243  
-1.79860141  
-1.031569199  
-0.6018699492  
-0.4467676073  
-0.4990102962  
-0.7275587616  
-1.154395004  
-1.836095649  
-2.813053201  
-4.044640351  
-5.358570877  
-6.442433814  
-6.893500253  
-6.322272497  
-4.483172861  
-1.39029362  
2.625747882  
6.949927635  
10.80733762  
13.45273967  
14.37290954  
13.44022568  
10.9662752  
7.632476315  
4.311971535  
1.831833756  
0.7449562798  
1.179866672  
2.813950872  
4.977999136  
6.859834634  
7.744935609  
7.22172225  
5.292078861  
2.358390637  
-0.9028145069  
-3.736938149  
-5.515230481  
-5.88716752  
-4.842700887  
-2.677113474  
0.1184107536  
2.997823362  
5.48689925  
7.262260154  
8.171451245  
8.205358513  
7.448717003  
6.036208852  
4.131419898  
1.929159956  
-0.333460073  
-2.378703025  
-3.919090642  
-4.719375209  
-4.673425975  
-3.86658115  
-2.592131957  
-1.302451711  
-0.4975100095  
-0.5782358818  
-1.709945302  
-3.743960798  
-6.231141152  
-8.532826532  
-10.00200947  
-10.18145532  
-8.956002732  
-6.607402474  
-3.749216122  
-1.15727331  
0.4546898154  
0.6457045879  
-0.620707406  
-2.96462435  
-5.700761604  
-8.036978812  
-9.298178373  
-9.107318255  
-7.471191318  
-4.750826563  
-1.533578841  
1.546271805  
3.97895809  
5.491049253  
6.070367659  
5.908394263  
5.291949338  
4.489735998  
3.675497314  
2.910556192  
2.182572502  
1.47439834  
0.8260795166  
0.3577368456  
0.2394102895  
0.6180441535  
1.53226411  
2.853747654  
4.286422548  
5.433702172  
5.917335837  
5.509150461  
4.22807118  
2.363116039  
0.4067153579  
-1.086389676  
-1.672176732  
-1.165886049  
0.2850320494  
2.231637494  
4.052313238  
5.14129008  
5.09757318  
3.853484835  
1.700544415  
-0.7967190818  
-2.972320449  
-4.261418362  
-4.369793378  
-3.357060033  
-1.608615502  
0.2927519828  
1.752779425  
2.349037308  
1.953718044  
0.7590902946  
-0.7989908341  
-2.191224151  
-2.967663577  
-2.89675458  
-2.02717375  
-0.655756462  
0.7839789702  
1.872680847  
2.343838624  
2.164349032  
1.531652718  
0.7904856672  
0.2990476888  
0.2908475163  
0.7796449119  
1.540478054  
2.174840754  
2.240560591  
1.405628543  
-0.4231978161  
-3.039296434  
-5.964751824  
-8.563688225  
-10.20964265  
-10.45938972  
-9.182765601  
-6.609943034  
-3.280958121  
0.08996191754  
2.798268469  
4.330236079  
4.490947491  
3.443571671  
1.64937199  
-0.2739422408  
-1.734723086  
-2.338181668  
-1.996238038  
-0.9445955362  
0.3379448546  
1.284413537  
1.423364665  
0.536789669  
-1.255336116  
-3.510529552  
-5.576834728  
-6.77209618  
-6.578220749  
-4.794160911  
-1.602940437  
2.466996211  
6.674898276  
10.25652551  
12.61399703  
13.4526653  
12.82787542  
11.09253452  
8.766344594  
6.370697938  
4.281813554  
2.646540063  
1.383224319  
0.2615054993  
-0.9709158509  
-2.460896822  
-4.167052426  
-5.850324251  
-7.141151185  
-7.660167909  
-7.151344375  
-5.582485652  
-3.179248271  
-0.3810444801  
2.267234536  
4.253470166  
5.224064602  
5.06067555  
3.889031589  
2.023575013  
-0.1285244431  
-2.170280771  
-3.793325339  
-4.813443293  
-5.163030523  
-4.856432526  
-3.952049614  
-2.532245475  
-0.7098536576  
1.34578707  
3.38331068  
5.068227553  
6.022920261  
5.908167854  
4.527408907  
1.920540157  
-1.589373631  
-5.422802277  
-8.848704075  
-11.14689045  
-11.78562797  
-10.56361216  
-7.672805207  
-3.660690653  
0.6997484965  
4.596138446  
7.366017158  
8.63650403  
8.378217352  
6.865019726  
4.560432304  
1.972499585  
-0.4750588188  
-2.517988361  
-4.057927529  
-5.111009644  
-5.729441736  
-5.933874194  
-5.686286624  
-4.913673231  
-3.569848948  
-1.705287451  
0.4900500628  
2.69632476  
4.530714753  
5.652785077  
5.872055573  
5.217350478  
3.938916765  
2.437530245  
1.141531581  
0.3729784682  
0.2498425975  
0.6598629314  
1.316546727  
1.877940077  
2.085025166  
1.867826277  
1.377711701  
0.9305310854  
0.8782465976  
1.454744608  
2.653840821  
4.189071209  
5.55756887  
6.193645396  
5.663787219  
3.836820481  
0.9671997268  
-2.343867829  
-5.304695297  
-7.161594172  
-7.427905982  
-6.039007311  
-3.380852025  
-0.1802483984  
2.709739275  
4.560889698  
4.976799615  
3.98966635  
2.017787675  
-0.2986412925  
-2.325027512  
-3.644081569  
-4.17889254  
-4.186166437  
-4.124063742  
-4.443611816  
-5.380224546  
-6.823017611  
-8.313601233  
-9.18135972  
-8.774145878  
-6.708181343  
-3.050900804  
1.630519734  
6.380221247  
10.09798448  
11.84651089  
11.12910674  
8.052303543  
3.321956329  
-1.928439312  
-6.428304152  
-9.095768557  
-9.306639177  
-7.033778288  
-2.824629752  
2.367359791  
7.441051716  
11.41813768  
13.65192863  
13.92567156  
12.42907431  
9.638413583  
6.150261305  
2.524693349  
-0.8188025017  
-3.634432591  
-5.821189061  
-7.360838059  
-8.258164174  
-8.510796644  
-8.118198672  
-7.119498016  
-5.635943441  
-3.891042118  
-2.190589392  
-0.8618533242  
-0.1691644972  
-0.2348805515  
-0.9953647896  
-2.210876488  
-3.529669602  
-4.587350225  
-5.109428265  
-4.983151488  
-4.275023319  
-3.189071599  
-1.98175327  
-0.86447717  
0.07089210046  
0.8764841287  
1.713706755  
2.771647692  
4.16830263  
5.871418615  
7.67018632  
9.212243224  
10.09825374  
10.00609678  
8.805175959  
6.62269517  
3.837386625  
0.9980982429  
-1.312250988  
-2.629686706  
-2.735651835  
-1.720470027  
0.03491703521  
1.954752164  
3.416237562  
3.909983692  
3.171235  
1.248732639  
-1.504780445  
-4.516039616  
-7.12624387  
-8.743524653  
-8.976615435  
-7.719711142  
-5.171504244  
-1.78707635  
1.823657033  
5.026574305  
7.293623158  
8.304946458  
8.00228662  
6.584123207  
4.445904501  
2.08040488  
-0.03815060342  
-1.559251686  
-2.326266393  
-2.395774852  
-2.002666117  
-1.481241566  
-1.163987882  
-1.285549145  
-1.918142515  
-2.955810445  
-4.15105991  
-5.19220235  
-5.797804279  
-5.799669217  
-5.189632313  
-4.116971218  
-2.838935203  
-1.641754746  
-0.7584273533  
-0.3097232829  
-0.2859773591  
-0.572429318  
-1.005406706  
-1.436044988  
-1.776483498  
-2.011330326  
-2.171870582  
-2.286406589  
-2.331237165  
-2.20792797  
-1.763193078  
-0.850152809  
0.5891927958  
2.453408974  
4.457340919  
6.175679597  
7.15284984  
7.051357152  
5.791206511  
3.628180586  
1.132448798  
-0.9415988633  
-1.866789113  
-1.176809761  
1.151989032  
4.636304598  
8.373210434  
11.26749369  
12.34095537  
11.03441212  
7.408133232  
2.171467183  
-3.478729193  
-8.173210452  
-10.75169297  
-10.59883824  
-7.83260001  
-3.284372175  
1.727887328  
5.769474697  
7.693344122  
6.959382842  
3.774424674  
-0.9864028328  
-6.049628091  
-10.11947931  
-12.24425844  
-12.06332569  
-9.865160738  
-6.448138559  
-2.837490659  
0.04500565044  
1.651733783  
1.937682841  
1.314392899  
0.4558382977  
0.0304785531  
0.4545643263  
1.750094013  
3.551166904  
5.249741097  
6.223806358  
6.064609217  
4.722763744  
2.524177637  
0.05395218908  
-2.047053537  
-3.298762835  
-3.534759866  
-2.939297051  
-1.958777033  
-1.123036731  
-0.8431472761  
-1.259378384  
-2.193398732  
-3.220136789  
-3.83113469  
-3.628478504  
-2.478018539  
-0.5661448027  
1.660053601  
3.646873337  
4.925835654  
5.273436313  
4.781058852  
3.810266853  
2.850708296  
2.333380645  
2.468304092  
3.166726861  
4.077010205  
4.721492136  
4.684191228  
3.779687121  
2.13934446  
0.1803144501  
-1.534827266  
-2.499552707  
-2.453936505  
-1.494049197  
-0.0570214026  
1.218068701  
1.70901176  
1.034668333  
-0.7941059937  
-3.352447032  
-5.921070709  
-7.711780003  
-8.126001659  
-6.960360136  
-4.489034295  
-1.392341463  
1.448643306  
3.227079945  
3.467078633  
2.179099882  
-0.1368926961  
-2.643055011  
-4.423435458  
-4.771270873  
-3.414953587  
-0.6134867455  
2.906908848  
6.15491529  
8.153683158  
8.215446275  
6.132948965  
2.236650853  
-2.69286794  
-7.626723134  
-11.54368608  
-13.67003755  
-13.64325733  
-11.56520991  
-7.942749442  
-3.542356145  
0.7965372374  
4.341276781  
6.599624572  
7.385397112  
6.81341476  
5.236742501  
3.148486204  
1.072553715  
-0.5352899871  
-1.360879273  
-1.271049058  
-0.3167334417  
1.297194661  
3.267465644  
5.261399982  
6.984627728  
8.232640239  
8.914543844  
9.044357355  
8.704461796  
7.994805569  
6.986639961  
5.698852309  
4.107299325  
2.185104669  
-0.04121809775  
-2.443709306  
-4.777355078  
-6.711916502  
-7.909658168  
-8.128760814  
-7.318659505  
-5.670771861  
-3.598602612  
-1.642809471  
-0.3227697698  
0.022286156  
-0.6491938175  
-2.048207873  
-3.625967845  
-4.734209682  
-4.829810159  
-3.660114399  
-1.367229958  
1.527934902  
4.264005133  
6.062155343  
6.366583287  
5.026565847  
2.359915845  
-0.9262869767  
-3.936968526  
-5.852141909  
-6.170815915  
-4.859691315  
-2.35991229  
0.5502239417  
2.993526534  
4.258629095  
4.00925826  
2.37493581  
-0.1016529321  
-2.639970262  
-4.461519509  
-5.018403775  
-4.14162104  
-2.068691305  
0.650003443  
3.329000341  
5.349154047  
6.319661712  
6.155852952  
5.05884413  
3.415836566  
1.663106908  
0.1603637186  
-0.8854158423  
-1.431198082  
-1.553940334  
-1.379935919  
-1.021344034  
-0.545525741  
0.01523468744  
0.6255856405  
1.205602368  
1.612426818  
1.660969976  
1.181454323  
0.09361093747  
-1.53306211  
-3.461718992  
-5.32799509  
-6.731000375  
-7.348978334  
-7.041514624  
-5.90202793  
-4.239436587  
-2.491267089  
-1.094015496  
-0.3517318468  
-0.3452988196  
-0.9118357303  
-1.700789226  
-2.288245412  
-2.312489081  
-1.587860684  
-0.1622591052  
1.697231379  
3.582915986  
5.062337303  
5.795263654  
5.61861579  
4.579388626  
2.913254493  
0.9824748239  
-0.8045383056  
-2.069803456  
-2.523773522  
-2.000363539  
-0.4729863712  
1.941439646  
4.986431648  
8.279966442  
11.34583687  
13.6699043  
14.78235654  
14.35566863  
12.29607999  
8.799769628  
4.347998146  
-0.3706389623  
-4.601210525  
-7.694930087  
-9.266592149  
-9.28948973  
-8.095242015  
-6.273308988  
-4.496238021  
-3.321679911  
-3.031846581  
-3.561080668  
-4.535212671  
-5.410421977  
-5.666575495  
-4.991499963  
-3.394885474  
-1.213641278  
0.9935671207  
2.627620254  
3.245540871  
2.706644659  
1.219409706  
-0.7261428233  
-2.517366424  
-3.615550982  
-3.724602821  
-2.876773304  
-1.409251636  
0.1572009619  
1.294009609  
1.634499408  
1.081700599  
-0.1782236918  
-1.755473595  
-3.195822297  
-4.127543011  
-4.364713841  
-3.934594334  
-3.026685837  
-1.890466366  
-0.7266895575  
0.3827601884  
1.478994132  
2.66486694  
4.0066562  
5.443585042  
6.748832582  
7.56671451  
7.520928949  
6.359137945  
4.081242552  
0.9996104992  
-2.300020564  
-5.09496402  
-6.722660054  
-6.778118207  
-5.247461774  
-2.531275267  
0.6544597024  
3.473001046  
5.199247403  
5.419739289  
4.140362556  
1.771239968  
-1.0030726  
-3.425054364  
-4.874189835  
-5.023173779  
-3.898592664  
-1.83678569  
0.6412386603  
2.989301309  
4.777705958  
5.776901916  
5.967033064  
5.484112831  
4.53339957  
3.307172179  
1.936314114  
0.4872107657  
-1.004872062  
-2.48925398  
-3.867105055  
-4.991225162  
-5.70106791  
-5.878931432  
-5.502699641  
-4.670438747  
-3.582870762  
-2.486595769  
-1.597338231  
-1.031589138  
-0.7730299181  
-0.6875571192  
-0.5823183362  
-0.2869815715  
0.2736681162  
1.044108961  
1.854179669  
2.482056247  
2.741175728  
2.558439844  
2.013604187  
1.32367947  
0.7765087597  
0.636625225  
1.056893499  
2.027446485  
3.379520495  
4.841475521  
6.125092537  
7.009649166  
7.393233431  
7.294580636  
6.808944755  
6.040084981  
5.040186108  
3.78595057  
2.203770049  
0.235251033  
-2.084649203  
-4.573268418  
-6.900105319  
-8.652151252  
-9.45018811  
-9.079054002  
-7.584486646  
-5.296141589  
-2.759193657  
-0.5884166865  
0.712364767  
0.906876169  
0.1045733259  
-1.270359608  
-2.614052782  
-3.341001153  
-3.080765211  
-1.80706508  
0.146064495  
2.189097686  
3.669701993  
4.089416433  
3.270963986  
1.418525008  
-0.9508077453  
-3.182171194  
-4.705321921  
-5.227921968  
-4.83231405  
-3.941023435  
-3.161087861  
-3.059478108  
-3.946421241  
-5.741950998  
-7.973651809  
-9.909605231  
-10.78485261  
-10.04789244  
-7.546585487  
-3.592719453  
1.115507416  
5.687292386  
9.286420416  
11.35326666  
11.73389676  
10.68142044  
8.737895086  
6.543524982  
4.64073558  
3.337401194  
2.668345841  
2.456922551  
2.442707053  
2.419945207  
2.331398198  
2.2829464  
2.477312737  
3.097898868  
4.193637386  
5.615598854  
7.03583437  
8.046476065  
8.304516355  
7.667611887  
6.266469366  
4.480599435  
2.818829765  
1.741983057  
1.488854962  
1.969276208  
2.767621676  
3.263345103  
2.834226996  
1.077536791  
-2.024997826  
-6.056800543  
-10.25300277  
-13.70188049  
-15.60113301  
-15.4901518  
-13.38616441  
-9.78230792  
-5.509203957  
-1.50404821  
1.44100738  
2.875375909  
2.775741675  
1.502323509  
-0.3515211115  
-2.16163564  
-3.460034518  
-4.049199321  
-4.014365464  
-3.640335738  
-3.270312101  
-3.160681076  
-3.382549043  
-3.800762384  
-4.13200405  
-4.055989875  
-3.33717638  
-1.913825798  
0.07440749122  
2.325804161  
4.465043983  
6.147914787  
7.147143425  
7.394591953  
6.973017274  
6.06877504  
4.908534816  
3.704288525  
2.622456107  
1.779106465  
1.250593251  
1.08297168  
1.286800358  
1.814771301  
2.532919748  
3.205534192  
3.514053114  
3.119979003  
1.764066236  
-0.6246390823  
-3.847855788  
-7.421842903  
-10.64669994  
-12.7557495  
-13.11107701  
-11.39102826  
-7.711025522  
-2.634114648  
2.941538791  
7.993542989  
11.62780228  
13.30028689  
12.94244424  
10.95255737  
8.05615428  
5.079107617  
2.704346374  
1.287735443  
0.7889928996  
0.8356804897  
0.8945644258  
0.489625335  
-0.6089322794  
-2.289775916  
-4.132482577  
-5.555886729  
-6.032017098  
-5.291678673  
-3.449367873  
-1.001183229  
1.30868175  
2.71319926  
2.668352111  
1.040015103  
-1.830292207  
-5.204865468  
-8.152683882  
-9.814587056  
-9.649891974  
-7.589484613  
-4.049946274  
0.1932795057  
4.232189764  
7.280957443  
8.88130844  
8.998507422  
7.983995814  
6.423088376  
4.921434957  
3.900975455  
3.470474753  
3.409536139  
3.267490153  
2.541808824  
0.8761966958  
-1.78651726  
-5.146097314  
-8.600425449  
-11.39865613  
-12.84636436  
-12.50225512  
-10.309384  
-6.624051708  
-2.135319278  
2.301124913  
5.868497716  
7.978898848  
8.399562719  
7.286435286  
5.121813949  
2.577341266  
0.3409863034  
-1.047239299  
-1.311636497  
-0.484782589  
1.125961207  
3.035493705  
4.713626771  
5.718994545  
5.801978356  
4.953726713  
3.392493103  
1.493815843  
-0.3156968337  
-1.673045506  
-2.37262882  
-2.415501206  
-2.001970778  
-1.469990692  
-1.196015541  
-1.485035527  
-2.479711016  
-4.113538996  
-6.121146357  
-8.102951178  
-9.626114115  
-10.33342816  
-10.02970106  
-8.722237598  
-6.605925546  
-4.000383331  
-1.26075451  
1.30908358  
3.514611557  
5.284816872  
6.643169594  
7.651476263  
8.351801464  
8.731366357  
8.725349924  
8.2567942  
7.296639627  
5.916984439  
4.310879748  
2.763069908  
1.574518239  
0.9628588495  
0.9736795376  
1.438364379  
2.001634697  
2.219248944  
1.701056581  
0.2554996636  
-2.013756852  
-4.697005166  
-7.166009186  
-8.740506497  
-8.886655832  
-7.386619668  
-4.424064557  
-0.554676901  
3.433670628  
6.730916171  
8.721280319  
9.139303537  
8.11728179  
6.110960158  
3.730149149  
1.532261792  
-0.1512560871  
-1.297307582  
-2.155831945  
-3.111464047  
-4.493317483  
-6.403202987  
-8.627216988  
-10.66734966  
-11.88774298  
-11.72910359  
-9.918618159  
-6.601350271  
-2.343326173  
2.001332254  
5.520916974  
7.502141768  
7.629511551  
6.063599763  
3.373552822  
0.3475243111  
-2.254845531  
-3.925071117  
-4.530559812  
-4.30326841  
-3.701983699  
-3.202199879  
-3.092574805  
-3.353907228  
-3.666108215  
-3.541660645  
-2.536856656  
-0.4617959835  
2.492190289  
5.761760114  
8.563745734  
10.14470091  
10.04456746  
8.281595053  
5.388264401  
2.2761799  
-0.03447430881  
-0.7375384398  
0.4887466804  
3.354586521  
7.021304707  
10.33978014  
12.19316633  
11.83770604  
9.134759879  
4.601276144  
-0.7366488812  
-5.640378633  
-9.012384573  
-10.19786626  
-9.144599984  
-6.378447954  
-2.811363464  
0.5499144821  
2.898786497  
3.83650243  
3.435483089  
2.151416033  
0.6262382411  
-0.5439198453  
-0.9970923057  
-0.6931801085  
0.1165873471  
1.014133002  
1.578889875  
1.530101475  
0.8000001801  
-0.4784969774  
-2.052214509  
-3.654871813  
-5.09406374  
-6.284792987  
-7.222857254  
-7.919204251  
-8.333931433  
-8.348591423  
-7.797750173  
-6.552792039  
-4.624221352  
-2.234858287  
0.1778891242  
2.048124255  
2.838868993  
2.222318424  
0.218826813  
-2.761772979  
-6.002984646  
-8.67262628  
-10.06582656  
-9.821245364  
-8.035834179  
-5.234501235  
-2.199240336  
0.2888484388  
1.709001922  
1.972806347  
1.447616753  
0.8204743082  
0.8469609148  
2.070773233  
4.611943645  
8.099542717  
11.77553963  
14.73678156  
16.23298077  
15.91743641  
13.96237977  
10.99713491  
7.88942113  
5.445745242  
4.136600296  
3.944512438  
4.390463237  
4.730896868  
4.255977359  
2.581709743  
-0.1717620952  
-3.385163777  
-6.133725209  
-7.507134661  
-6.945936631  
-4.474824158  
-0.7452142568  
3.136606626  
5.945751035  
6.730966095  
5.132166518  
1.514694842  
-3.128554012  
-7.478742404  
-10.29948954  
-10.81875011  
-8.959345768  
-5.343929708  
-1.075647696  
2.629395792  
4.833269318  
5.160442166  
3.882942514  
1.783591645  
-0.1495697231  
-1.087895719  
-0.6579500313  
0.9330263356  
2.982470195  
4.555053027  
4.827422949  
3.392563299  
0.4168388452  
-3.404558076  
-7.077043179  
-9.639931377  
-10.48722429  
-9.565235847  
-7.380478754  
-4.818041388  
-2.836242905  
-2.145102494  
-2.979576278  
-5.043113881  
-7.635796679  
-9.91618928  
-11.19998736  
-11.18775839  
-10.04172315  
-8.287636578  
-6.581783763  
-5.432354788  
-4.981052316  
