2.844386251  
3.785623639  
4.907947418  
6.157678894  
7.289443835  
7.94441217  
7.778083647  
6.590655905  
4.413952425  
1.525528399  
-1.613775802  
-4.477237005  
-6.606330488  
-7.720199747  
-7.76962162  
-6.924022489  
-5.501482824  
-3.867886896  
-2.338007607  
-1.107027784  
-0.2286065892  
0.3603211452  
0.7819320764  
1.149250861  
1.510237123  
1.821242219  
1.956786413  
1.751611981  
1.061977815  
-0.1718392557  
-1.880299698  
-3.851151618  
-5.755113065  
-7.208709864  
-7.862811023  
-7.497252362  
-6.097368241  
-3.888999577  
-1.315577821  
1.046231383  
2.619290652  
2.978165522  
1.981185625  
-0.1578313077  
-2.887173672  
-5.431191361  
-6.980280947  
-6.91135032  
-4.978623058  
-1.4165113  
3.083651598  
7.527527393  
10.86826808  
12.28812517  
11.43165018  
8.520260733  
4.309230132  
-0.1067972112  
-3.588272389  
-5.262022375  
-4.758787264  
-2.306546239  
1.348559223  
5.170195935  
8.139954906  
9.552404466  
9.20827163  
7.448789049  
5.02400358  
2.839250722  
1.661365722  
1.877160715  
3.378451867  
5.606428093  
7.737033139  
8.945083639  
8.66165786  
6.744265341  
3.50970236  
-0.3748798664  
-4.102008405  
-6.963877678  
-8.545257928  
-8.811542976  
-8.071496585  
-6.836370909  
-5.629774721  
-4.815423339  
-4.499398918  
-4.53421197  
-4.614958084  
-4.425972267  
-3.780708456  
-2.702796566  
-1.419837247  
-0.2745524823  
0.4115706237  
0.4697550366  
-0.03983653971  
-0.8373777586  
-1.517339619  
-1.695489319  
-1.157447459  
0.04460493575  
1.583776715  
2.946021288  
3.588210418  
3.117173054  
1.432039997  
-1.217161824  
-4.275852083  
-7.024749275  
-8.773026591  
-9.048323057  
-7.728575918  
-5.078477211  
-1.681769357  
1.709381734  
4.36421875  
5.749820884  
5.648184299  
4.187090094  
1.783151882  
-0.9809470773  
-3.50744411  
-5.321317553  
-6.161227614  
-6.005920251  
-5.037365007  
-3.558437056  
-1.892887891  
-0.2968291471  
1.095353289  
2.27945281  
3.346524878  
4.418733567  
5.577508435  
6.807024537  
7.971608362  
8.836205429  
9.127067726  
8.617868253  
7.217596286  
5.033362955  
2.385089011  
-0.240017221  
-2.289474013  
-3.28331193  
-2.953306056  
-1.343915096  
1.159323464  
3.891940636  
6.057167085  
6.925876173  
6.03936605  
3.358082459  
-0.69092478  
-5.290318678  
-9.421308258  
-12.12024988  
-12.73531104  
-11.11081722  
-7.643426687  
-3.188354561  
1.163612023  
4.379063289  
5.763075885  
5.147519347  
2.930753405  
-0.04461370164  
-2.741593261  
-4.233763427  
-3.975634518  
-1.958594974  
1.293455538  
4.886460369  
7.826748419  
9.31750269  
8.99177222  
7.012802891  
4.013682391  
0.89767849  
-1.437387267  
-2.365451089  
-1.708885653  
0.2252187533  
2.755451422  
5.044204706  
6.353001402  
6.255849356  
4.747878604  
2.221843872  
-0.6725911707  
-3.236325215  
-4.926817313  
-5.499341186  
-5.045048484  
-3.923167748  
-2.618828735  
-1.579627835  
-1.086397771  
-1.197311653  
-1.775765402  
-2.582357307  
-3.389990723  
-4.075981056  
-4.656920941  
-5.256116899  
-6.020374818  
-7.022678438  
-8.192893613  
-9.307843324  
-10.04921745  
-10.11114569  
-9.318871778  
-7.713293672  
-5.566242786  
-3.314717995  
-1.431060316  
-0.2700124595  
0.055883364  
-0.2719856565  
-0.8214148474  
-1.03847227  
-0.4248846494  
1.291182797  
4.045477279  
7.425705888  
10.76413167  
13.30941571  
14.4284358  
13.78011475  
11.41241426  
7.757145528  
3.527282532  
-0.4516551259  
-3.428531043  
-4.883391808  
-4.618747549  
-2.77158393  
0.2450803116  
3.845929727  
7.391106892  
10.29114746  
12.08348165  
12.47765617  
11.37533401  
8.873596569  
5.256394935  
0.9725098539  
-3.406459423  
-7.254068058  
-9.982238883  
-11.14787105  
-10.55049011  
-8.293390059  
-4.784842421  
-0.669476234  
3.3004989  
6.425375477  
8.208365978  
8.455614343  
7.298189745  
5.13127323  
2.49064358  
-0.09457234994  
-2.227842324  
-3.713716711  
-4.553639867  
-4.879588541  
-4.857310322  
-4.600149278  
-4.128078652  
-3.387098459  
-2.31852329  
-0.9458954917  
0.5623203205  
1.889070627  
2.637221496  
2.454549721  
1.174209151  
-1.08209775  
-3.88370384  
-6.573738503  
-8.440241765  
-8.927822325  
-7.823019545  
-5.349363507  
-2.133437468  
0.9567324566  
3.057331568  
3.565086118  
2.323908894  
-0.3190926376  
-3.609256426  
-6.604633294  
-8.453697181  
-8.644337121  
-7.146776936  
-4.407017619  
-1.317277992  
2.103354424  
3.613358894  
2.742501978  
-0.2645807922  
-4.538942501  
-8.844281285  
-11.91930226  
-12.80775596  
-11.09064616  
-6.969565393  
-1.194205364  
5.13252319  
10.81272079  
14.80932366  
16.44459684  
15.50797328  
12.26459577  
7.376234957  
1.759287877  
-3.590457092  
-7.776895575  
-10.16005232  
-10.46707947  
-8.839498682  
-5.805124387  
-2.173657868  
1.130847043  
3.271618309  
3.693257745  
2.261981283  
-0.6869963163  
-4.414468832  
-7.946330861  
-10.30956009  
-10.77675989  
-9.054874085  
-5.365936723  
-0.395750459  
4.877403241  
9.428030376  
12.43569144  
13.47560106  
12.59736148  
10.27461272  
7.245893345  
4.297494223  
2.053453333  
0.8322525748  
0.6064100968  
1.068117091  
1.771692831  
2.302165794  
2.414611248  
2.101887093  
1.573720559  
1.159605352  
1.171694165  
1.775079177  
2.908542832  
4.281190286  
5.445745638  
5.92543364  
5.3556812  
3.598537709  
0.7969361437  
-2.645795891  
-6.154355152  
-9.112844995  
-11.00402079  
-11.5214414  
-10.62875784  
-8.555591729  
-5.735645215  
-2.705942081  
0.00684919086  
1.987122536  
2.998183034  
3.007226829  
2.168048075  
0.7707900756  
-0.8266558211  
-2.269999965  
-3.269413078  
-3.641437374  
-3.328762739  
-2.399182227  
-1.027800114  
0.5325999616  
1.988661905  
3.047854171  
3.461521515  
3.066523815  
1.820806638  
-0.1736368388  
-2.668085383  
-5.291102038  
-7.601662498  
-9.166895938  
-9.651943896  
-8.902618501  
-6.998715392  
-4.25908115  
-1.189212985  
1.623274005  
3.644477416  
4.5284894  
4.213478883  
2.949433158  
1.243856086  
-0.2659277489  
-0.9832518414  
-0.5199586802  
1.186093376  
3.839771914  
6.856180099  
9.511103125  
11.13374137  
11.28759552  
9.887861228  
7.221835697  
3.867428146  
0.5347730807  
-2.121582012  
-3.665137886  
-3.969225173  
-3.21612654  
-1.810780155  
-0.2419044863  
1.062767415  
1.842629943  
2.043657441  
1.78775044  
1.292345349  
0.775438917  
0.3820568868  
0.1558580425  
0.05919442448  
0.02481468578  
0.01042044785  
0.02791142642  
0.1320478858  
0.3729835179  
0.7354815189  
1.096709024  
1.229984071  
0.8646707541  
-0.2114200112  
-2.041777081  
-4.427288303  
-6.925880898  
-8.940355574  
-9.878057816  
-9.337388097  
-7.260716802  
-3.997844837  
-0.2487763024  
3.107745612  
5.255126897  
5.678276205  
4.326400238  
1.644560915  
-1.541488322  
-4.256931323  
-5.658291596  
-5.278131436  
-3.159491002  
0.1609196781  
3.81509072  
6.86106648  
8.556150858  
8.563379313  
7.031090263  
4.526073534  
1.846249957  
-0.2255324766  
-1.149855977  
-0.7740243945  
0.6471984934  
2.551355791  
4.250248973  
5.134070687  
4.836168016  
3.314590823  
0.8358894044  
-2.12251552  
-5.013045493  
-7.355848996  
-8.835870024  
-9.339643164  
-8.934094128  
-7.806779335  
-6.194623652  
-4.325261434  
-2.38450753  
-0.5106430025  
1.193864255  
2.646376458  
3.774483483  
4.516843871  
4.831784184  
4.707184239  
4.165699819  
3.263323928  
2.083788975  
0.7337553887  
-0.6577050412  
-1.936484363  
-2.924148225  
-3.43115075  
-3.289231508  
-2.401794866  
-0.8004530152  
1.313003392  
3.562213138  
5.44538602  
6.438129128  
6.130233747  
4.359714296  
1.300540313  
-2.532016046  
-6.373010317  
-9.381605274  
-10.85386772  
-10.41463166  
-8.129733598  
-4.500604944  
-0.3375230895  
3.454727479  
6.116895598  
7.230027923  
6.807487811  
5.258929613  
3.24128121  
1.446946673  
0.3976395693  
0.3075691551  
1.054109112  
2.256665367  
3.428563289  
4.144711376  
4.166891072  
3.48830424  
2.291501909  
0.8465039096  
-0.603393105  
-1.919547672  
-3.079466091  
-4.122002545  
-5.05629698  
-5.781846945  
-6.064454891  
-5.590580781  
-4.089120486  
-1.477813478  
2.025338227  
5.879513012  
9.313177863  
11.51571083  
11.87410938  
10.17786275  
6.71882852  
2.243489872  
-2.237392356  
-5.727859445  
-7.528305374  
-7.429113566  
-5.752901938  
-3.231189977  
-0.7564672014  
0.9076212498  
1.361393953  
0.6724954781  
-0.6836080918  
-2.020496569  
-2.702240856  
-2.375472146  
-1.09033595  
0.7300836186  
2.456858363  
3.494399599  
3.501640105  
2.512731463  
0.9127458868  
-0.7215552478  
-1.854724073  
-2.209671922  
-1.883756998  
-1.31569584  
-1.110966025  
-1.787734778  
-3.538241998  
-6.098941135  
-8.786508683  
-10.69790521  
-11.0121829  
-9.291403861  
-5.673084197  
-0.8799540193  
3.966407831  
7.673931854  
9.345604171  
8.661662792  
5.983244445  
2.240502594  
-1.360227765  
-3.715285971  
-4.165057118  
-2.687381065  
0.1175099811  
3.241199266  
5.605568645  
6.411315273  
5.382262958  
2.829493541  
-0.4778633192  
-3.583195129  
-5.65722831  
-6.249683809  
-5.397199185  
-3.560428971  
-1.423581171  
0.3643800171  
1.411669648  
1.692064068  
1.508085516  
1.33176956  
1.589660513  
2.476495171  
3.868200518  
5.365342027  
6.448254962  
6.683343069  
5.901623179  
4.281649186  
2.305108452  
0.6004091437  
-0.2694816756  
0.0009713464264  
1.355690321  
3.395726196  
5.511557276  
7.079685809  
7.653366424  
7.082502931  
5.526210356  
3.362193312  
1.034288576  
-1.100376518  
-2.867106066  
-4.280660247  
-5.469023834  
-6.553140566  
-7.538961728  
-8.272307593  
-8.4803247  
-7.886560237  
-6.354241523  
-3.997279345  
-1.207363343  
1.424564895  
3.273912578  
3.881436158  
3.115257506  
1.234673531  
-1.173214624  
-3.368692589  
-4.690694524  
-4.766792322  
-3.630133313  
-1.702698787  
0.3496797196  
1.840632664  
2.2878428  
1.562140786  
-0.08829778433  
-2.143278289  
-4.00405032  
-5.203028556  
-5.553681877  
-5.188150828  
-4.472684008  
-3.836788073  
-3.583978479  
-3.758531025  
-4.120999616  
-4.243538046  
-3.68977086  
-2.210278674  
0.1232551737  
2.901307123  
5.490456016  
7.242177889  
7.723362072  
6.883973905  
5.096770889  
3.048003744  
1.511337504  
1.080612925  
1.954668387  
3.852273951  
6.091763606  
7.81318182  
8.270339304  
7.094021664  
4.435338596  
0.9375568548  
-2.457410196  
-4.805484468  
-5.46200777  
-4.288420825  
-1.695694441  
1.489004527  
4.286943022  
5.875237001  
5.835860062  
4.266681747  
1.722883206  
-0.9855637768  
-3.067659015  
-4.002754146  
-3.68747327  
-2.435056073  
-0.8360645655  
0.4639392678  
0.9887744242  
0.5810910399  
-0.5696621728  
-2.021936742  
-3.257523747  
-3.86977945  
-3.696541066  
-2.854174148  
-1.668106463  
-0.5338603698  
0.2337342634  
0.5046210703  
0.3541420485  
-0.001633590393  
-0.3232931851  
-0.4653137744  
-0.4418079757  
-0.411931569  
-0.5906269286  
-1.122967786  
-1.977931053  
-2.912357424  
-3.52943105  
-3.41795425  
-2.323579493  
-0.2852323014  
2.322803206  
4.871381438  
6.663070361  
7.166235653  
6.214813416  
4.097451144  
1.493813933  
-0.7321114482  
-1.819766703  
-1.38535946  
0.4162491209  
2.905764517  
5.077275024  
5.924172127  
4.790317845  
1.628937361  
-2.923783109  
-7.696379316  
-11.3154501  
-12.6264266  
-11.07071189  
-6.89723005  
-1.135002674  
4.673068636  
8.900299064  
10.30301435  
8.384144805  
3.544647912  
-3.021742353  
-9.6571465  
-14.69208608  
-16.88808793  
-15.74394188  
-11.58478639  
-5.421404291  
1.364342356  
7.404481528  
11.68388176  
13.74058525  
13.68543225  
12.05828922  
9.586791905  
6.936545092  
4.5337302  
2.507110315  
0.75032878  
-0.9366592418  
-2.691808385  
-4.484319181  
-6.096523719  
-7.197176162  
-7.473679424  
-6.769342064  
-5.171170618  
-3.013078346  
-0.7910671932  
0.981122725  
1.926412071  
1.916381496  
1.103873767  
-0.1330754285  
-1.315283776  
-2.012003886  
-1.967010976  
-1.162260813  
0.1972947548  
1.767601334  
3.186412308  
4.18976457  
4.687060257  
4.773732876  
4.681978604  
4.689328605  
5.016266254  
5.744666782  
6.779993861  
7.865584584  
8.64260105  
8.73830367  
7.860771463  
5.879438835  
2.876075152  
-0.8427961215  
-4.77496246  
-8.291207374  
-10.73696533  
-11.55483956  
-10.40969674  
-7.292038742  
-2.572855136  
3.013301191  
8.468621363  
12.70846891  
14.78463017  
14.10740073  
10.61002031  
4.805706902  
-2.289818944  
-9.363564131  
-15.09529512  
-18.46202506  
-18.97736531  
-16.79954306  
-12.67578603  
-7.735696758  
-3.189563994  
-0.01538023508  
1.277971748  
0.7465737773  
-1.05638768  
-3.286084783  
-5.082424724  
-5.831346461  
-5.332626884  
-3.827637009  
-1.886095913  
-0.1952987518  
0.6756653499  
0.4596568648  
-0.7333258477  
-2.467808209  
-4.13710727  
-5.16339892  
-5.174718853  
-4.101860791  
-2.16874935  
0.2119180193  
2.593713885  
4.643117786  
6.225255746  
7.401783112  
8.348331866  
9.229693301  
10.08657424  
10.78287983  
11.0388409  
10.54152147  
9.09298902  
6.739052162  
3.824836406  
0.9468709445  
-1.193013462  
-1.991230094  
-1.139721564  
1.248657895  
4.6321998  
8.159432332  
10.88483771  
12.01979725  
11.14567051  
8.327011987  
4.093281975  
-0.7031755823  
-5.109083673  
-8.307043722  
-9.801462135  
-9.506992889  
-7.724718944  
-5.024833679  
-2.079395066  
0.5024591293  
2.2925638  
3.091846767  
2.910522767  
1.903199311  
0.2914333237  
-1.697005331  
-3.856351879  
-5.99995655  
-7.941776935  
-9.483110975  
-10.42097485  
-10.58240342  
-9.874899691  
-8.333147292  
-6.140395499  
-3.610281022  
-1.128797862  
0.9290793478  
2.283413195  
2.808004706  
2.54589749  
1.678517934  
0.4610865094  
-0.8520390767  
-2.066144135  
-3.070561734  
-3.824336881  
-4.31435919  
-4.508133902  
-4.325509234  
-3.6460409  
-2.353808276  
-0.4052294186  
2.106415146  
4.918369579  
7.61797534  
9.717910095  
10.77112091  
10.49383675  
8.859226576  
6.130290259  
2.817327642  
-0.4325550581  
-2.98592764  
-4.373013294  
-4.396356365  
-3.16913482  
-1.074321117  
1.341785377  
3.510436937  
4.976632348  
5.49530123  
5.065686691  
3.900982278  
2.348144137  
0.7848365569  
-0.4766059109  
-1.2541781  
-1.518072514  
-1.371030808  
-0.9997257906  
-0.6151476763  
-0.399048968  
-0.4677789645  
-0.8570893887  
-1.524849885  
-2.365192254  
-3.227812663  
-3.939062733  
-4.324751006  
-4.236329427  
-3.581031838  
-2.352942637  
-0.6575196827  
1.280828827  
3.137767415  
4.539015982  
5.136730932  
4.697665904  
3.18086696  
0.7806293135  
-2.084053207  
-4.839956048  
-6.879855751  
-7.706477142  
-7.063719351  
-5.017909068  
-1.961873337  
1.466279264  
4.534386897  
6.601071758  
7.285444374  
6.573548388  
4.828273084  
2.694729197  
0.9226174945  
0.1521344701  
0.7230282748  
2.562802044  
5.189859026  
7.835652546  
9.655253091  
9.968603776  
8.463248046  
5.297994071  
1.073953234  
-3.322466441  
-6.961934687  
-9.130493354  
-9.527793234  
-8.345329326  
-6.199683865  
-3.939080318  
-2.380510085  
-2.056937054  
-3.05222713  
-4.975633191  
-7.085095633  
-8.522498533  
-8.588520733  
-6.971547135  
-3.858436299  
0.1085047215  
4.015932148  
6.948146587  
8.256015507  
7.741862082  
5.7027495  
2.819916291  
-0.06852171603  
-2.236973186  
-3.296003791  
-3.29770686  
-2.689481595  
-2.13299788  
-2.249878715  
-3.38002518  
-5.434684781  
-7.895257389  
-9.960749243  
-10.79766214  
-9.811964487  
-6.855123033  
-2.297232325  
3.056814787  
8.181772704  
12.10951017  
14.18314627  
14.21114371  
12.47883972  
9.621898241  
6.410004187  
3.515303768  
1.340574837  
-0.04262532005  
-0.8359742906  
-1.36859136  
-1.924094201  
-2.607241081  
-3.298850463  
-3.712653035  
-3.528838305  
-2.550156081  
-0.8180110363  
1.359178788  
3.480621073  
5.007710723  
5.545158049  
4.984086503  
3.554397848  
1.764646413  
0.2466629963  
-0.4444871961  
-0.008679045503  
1.502322186  
3.700964968  
5.986512425  
7.73191311  
8.472031078  
8.031571105  
6.553526309  
4.424161675  
2.126221063  
0.07529678807  
-1.50250558  
-2.611086269  
-3.434102611  
-4.218826671  
-5.142726589  
-6.216627267  
-7.263258141  
-7.980492006  
-8.065638543  
-7.352785512  
-5.908824249  
-4.04756007  
-2.250766005  
-1.019379701  
-0.7049609352  
-1.381033381  
-2.80230922  
-4.470624618  
-5.789802269  
-6.260187326  
-5.648421885  
-4.074672226  
-1.985836396  
-0.02075821306  
1.190717081  
1.23073406  
0.03314422872  
-2.085170616  
-4.511777429  
-6.517495191  
-7.470593365  
-7.020230567  
-5.194019981  
-2.382617419  
0.7802371952  
3.60230292  
5.524471306  
6.262860169  
5.863139152  
4.65758003  
3.145076782  
1.835467396  
1.106505817  
1.113444928  
1.771814888  
2.810361287  
3.871154749  
4.622964243  
4.854530317  
4.524287837  
3.758367456  
2.803675258  
1.953588318  
1.467813106  
1.505938352  
2.088013661  
3.088006777  
4.259249802  
5.286023266  
5.852139162  
5.714883519  
4.770854512  
3.099337372  
0.9700504766  
-1.193137803  
-2.892318013  
-3.667799948  
-3.219364902  
-1.505812587  
1.207860125  
4.376833463  
7.279860776  
9.181261206  
9.513710503  
8.033493537  
4.902902675  
0.6715064958  
-3.844864864  
-7.759042812  
-10.33017141  
-11.14428848  
-10.20715852  
-7.923464382  
-4.969591576  
-2.09875141  
0.0630648055  
1.170062892  
1.215450366  
0.4834737871  
-0.5838411753  
-1.556998089  
-2.167704147  
-2.386211015  
-2.403131547  
-2.525112083  
-3.023915445  
-3.995240512  
-5.281060914  
-6.488108369  
-7.102200276  
-6.664223474  
-4.950332497  
-2.093975922  
1.396816354  
4.741663594  
7.086544662  
7.743861388  
6.403023611  
3.246413064  
-1.068464347  
-5.561280086  
-9.176788022  
-11.06065069  
-10.78630365  
-8.468851259  
-4.733417988  
-0.5460957531  
3.04617242  
5.19540087  
5.475916637  
3.991353214  
1.337894571  
-1.564331804  
-3.724499967  
-4.350031848  
-3.059607424  
0.01502751414  
4.263031813  
8.752592616  
12.46946329  
14.57242123  
14.59958206  
12.5741393  
8.985639072  
4.655675006  
0.526329501  
-2.571796773  
-4.112045077  
-3.977372696  
-2.456609353  
-0.1383142747  
2.26391208  
4.10427388  
4.963036044  
4.729794686  
3.594472948  
1.955799107  
0.2802452825  
-1.042952265  
-1.806593661  
-2.020650209  
-1.871803462  
-1.625951381  
-1.510391586  
-1.618180452  
-1.868818791  
-2.039734869  
-1.858101714  
-1.121011158  
0.1992094746  
1.904369503  
3.597187079  
4.782585275  
5.014876303  
4.045002624  
1.919279099  
-1.005521235  
-4.14046711  
-6.816231329  
-8.464260094  
-8.772701255  
-7.76920968  
-5.804972265  
-3.445101875  
-1.299966958  
0.1495939191  
0.6788453326  
0.3594232813  
-0.4962844498  
-1.464818563  
-2.169683521  
-2.413568001  
-2.240242499  
-1.906212846  
-1.773267423  
-2.160217224  
-3.206097066  
-4.793345777  
-6.559163924  
-7.993404522  
-8.592070915  
-8.016555979  
-6.206706813  
-3.410865718  
-0.1234137229  
3.049796974  
5.554945229  
7.031632187  
7.390214113  
6.805657085  
5.636512707  
4.301177927  
3.155077307  
2.408118015  
2.104234505  
2.160677078  
2.443113094  
2.841414187  
3.313908529  
3.883426696  
4.590277618  
5.426678052  
6.286381443  
6.958370328  
7.176016585  
6.709503276  
5.468880108  
3.575990927  
1.370455959  
-0.6637863406  
-2.035924236  
-2.408291552  
-1.724257315  
-0.2549873906  
1.460072811  
2.769003779  
3.114993341  
2.229363106  
0.2433102089  
-2.325822808  
-4.718623881  
-6.16925773  
-6.16052277  
-4.614935777  
-1.954417336  
0.9995761483  
3.262891837  
3.993988482  
2.773325454  
-0.2339058171  
-4.289527448  
-8.273388918  
-11.00215665  
-11.58233217  
-9.690303882  
-5.691737177  
-0.5600203015  
4.385817324  
7.848026854  
8.913788604  
7.308120969  
3.462179436  
-1.62090746  
-6.659434923  
-10.45556665  
-12.21794448  
-11.75067623  
-9.458419968  
-6.174971726  
-2.876439425  
-0.3730371981  
0.9239981375  
1.091655703  
0.6201885658  
0.2065602792  
0.4895035538  
1.815233173  
4.109547159  
6.895124393  
9.444555823  
11.01616647  
11.09457118  
9.558537733  
6.724183179  
3.252526143  
-0.04636695025  
-2.449071164  
-3.520567685  
-3.221745367  
-1.894036738  
-0.1317736816  
1.413112736  
2.231097762  
2.098942244  
1.127477966  
-0.2947366567  
-1.637648893  
-2.39908638  
-2.25397787  
-1.140618703  
0.7360410148  
2.977209818  
5.109969422  
6.713640898  
7.515224396  
7.430417411  
6.546645215  
5.063219618  
3.215151563  
1.20838943  
-0.8140589069  
-2.769599132  
-4.605914278  
-6.261571046  
-7.63766565  
-8.595016428  
-8.980578756  
-8.674909772  
-7.643960353  
-5.97602314  
-3.88878476  
-1.700635858  
0.2285695979  
1.572790952  
2.111750042  
1.780945278  
0.6870510792  
-0.9149755862  
-2.677235376  
-4.233325725  
-5.274584201  
-5.611254608  
-5.205713583  
-4.171491323  
-2.739386649  
-1.198969586  
0.1711505204  
1.168472001  
1.712309175  
1.85914847  
1.783557198  
1.728417173  
1.936074684  
2.577406422  
3.697366895  
5.192377626  
6.827296282  
8.289324357  
9.265897831  
9.526110682  
8.983347918  
7.721185521  
5.974501095  
4.070375479  
2.344932279  
1.05936027  
0.338452163  
0.1481284214  
0.3167089446  
0.5916387879  
0.7135604801  
0.4855407361  
-0.1814682253  
-1.256900805  
-2.611294247  
-4.058257371  
-5.401634659  
-6.473071709  
-7.151696799  
-7.366375155  
-7.088235344  
-6.323908326  
-5.117161454  
-3.559578439  
-1.803133297  
-0.06250760404  
1.404077201  
2.33962054  
2.55165489  
1.976277154  
0.7194401893  
-0.9450202331  
-2.629351801  
-3.929208239  
-4.538497522  
-4.345669221  
-3.476774168  
-2.264726129  
-1.147523448  
-0.5230710226  
-0.6063276863  
-1.338200684  
-2.382501293  
-3.220227523  
-3.317688462  
-2.317515437  
-0.1893225259  
2.714877658  
5.727742896  
8.044458138  
8.961951684  
8.10642128  
5.57517326  
1.942255162  
-1.881365398  
-4.896224254  
-6.298502854  
-5.713331979  
-3.304508046  
0.2745703202  
4.074524746  
7.128521555  
8.729553462  
8.62151762  
7.047594997  
4.64586293  
2.23091915  
0.5354106813  
-0.004607007575  
0.6453061612  
2.148997932  
3.946372809  
5.457263648  
6.267942875  
6.236404945  
5.485682526  
4.297671961  
2.957142153  
1.613296483  
0.2178465197  
-1.432823541  
-3.566486579  
-6.267848118  
-9.346774107  
-12.30470031  
-14.4282573  
-14.99178559  
-13.50654995  
-9.930611365  
-4.759228398  
1.048760905  
6.299484258  
9.884267979  
11.09330446  
9.821324174  
6.595246567  
2.410178462  
-1.576939228  
-4.398764162  
-5.560369488  
-5.16146355  
-3.819179564  
-2.419611901  
-1.784432312  
-2.368142514  
-4.091293486  
-6.368253935  
-8.320492256  
-9.101008433  
-8.21516232  
-5.722393583  
-2.243021286  
1.238413847  
3.709785959  
4.493028149  
3.502950314  
1.307061485  
-1.043698724  
-2.364496091  
-1.753021326  
1.068403938  
5.606464907  
10.70570978  
14.88786935  
16.81805873  
15.74785421  
11.78757625  
5.911652569  
-0.3141528117  
-5.203979425  
-7.475070096  
-6.65599188  
-3.246375992  
1.427873197  
5.623221782  
7.725576989  
6.764695259  
2.733706084  
-3.388024221  
-9.917498483  
-14.96931741  
-17.02061962  
-15.36609924  
-10.32516053  
-3.141817583  
4.386360289  
10.43165046  
13.64983326  
13.53037477  
10.48526422  
5.663034053  
0.5596604217  
-3.443018692  
-5.465616797  
-5.332217439  
-3.536321061  
-1.001702113  
1.268230859  
2.529488657  
2.514544408  
1.465231565  
-0.01445169947  
-1.220655755  
-1.626606678  
-1.074594172  
0.181385655  
1.590647193  
2.530137817  
2.552140934  
1.56340915  
-0.1295796753  
-1.925186408  
-3.142971189  
-3.273979965  
-2.17522385  
-0.1384697072  
2.192359205  
4.02796649  
4.694267429  
3.857861497  
1.639700783  
-1.421267267  
-4.541339292  
-6.94277548  
-8.096932794  
-7.878579303  
-6.581479102  
-4.793476229  
-3.17724158  
-2.234408362  
-2.135261022  
-2.672162509  
-3.351188757  
-3.587961869  
-2.937389697  
-1.275089525  
1.135003665  
3.71296869  
5.752711831  
6.665505924  
6.193843571  
4.520684358  
2.233255094  
0.1487906651  
-0.944030104  
-0.5452515301  
1.379301468  
4.36313138  
7.560349008  
9.987594834  
10.8128717  
9.60294834  
6.454415903  
1.970107096  
-2.909499065  
-7.166503364  
-9.978097074  
-10.92130215  
-10.05396104  
-7.855949891  
-5.05758844  
-2.414302756  
-0.4985033042  
0.4312385592  
0.4525030549  
-0.1020010541  
-0.7918449551  
-1.228367203  
-1.193694501  
-0.6854792931  
0.1182729705  
0.9523582049  
1.57597  
1.860786007  
1.826034331  
1.612895463  
1.41363905  
1.386591895  
1.591400382  
1.969291521  
2.374481334  
2.642599356  
2.667636115  
2.455635791  
2.132213193  
1.898596782  
1.950738777  
2.390749333  
3.164233669  
4.049192012  
4.704719214  
4.766967249  
3.962824323  
2.204596172  
-0.3658263366  
-3.398864695  
-6.419606868  
-8.945433772  
-10.60278392  
-11.20777852  
-10.78794347  
-9.542033292  
-7.755263007  
-5.701086471  
-3.563798992  
-1.407360183  
0.8014799041  
3.127562694  
5.586539992  
8.081888247  
10.38667944  
12.18110364  
13.13656397  
13.01951888  
11.77940396  
9.588155246  
6.813557132  
3.929971633  
1.391260258  
-0.4953286363  
-1.653787348  
-2.25336648  
-2.644327532  
-3.232561335  
-4.330615064  
-6.031898039  
-8.149778928  
-10.24473361  
-11.7364256  
-12.07111871  
-10.89662618  
-8.192575557  
-4.315070851  
0.06141786744  
4.092697924  
6.965462915  
8.095825991  
7.271782408  
4.70125271  
0.953862748  
-3.185736377  
-6.911168017  
-9.580872455  
-10.84861486  
-10.7067302  
-9.437232706  
-7.492420995  
-5.345326466  
-3.356219534  
-1.692939375  
-0.3235688192  
0.9238221201  
2.260160343  
3.830096575  
5.638159547  
7.529397086  
9.228180397  
10.41950915  
10.84403749  
10.37524546  
9.055044038  
7.079288369  
4.741853837  
2.358812005  
0.1988568811  
-1.55884222  
-2.83029336  
-3.601372394  
-3.88843697  
-3.705799532  
-3.056314291  
-1.949850427  
-0.4408290874  
1.33435237  
3.141820484  
4.672102155  
5.601141099  
5.676382144  
4.80154579  
3.090088017  
0.8643953226  
-1.406250962  
-3.216097646  
-4.151883144  
-4.002549958  
-2.815993177  
-0.884579053  
1.337052508  
3.357202396  
4.777274559  
5.387807302  
5.202919067  
4.42619291  
3.363318834  
2.313431305  
1.476410457  
0.9059006572  
0.5203054685  
0.1628682006  
-0.315297596  
-0.9825347973  
-1.792543  
-2.601422749  
-3.228494053  
-3.536269147  
-3.497248886  
-3.219572893  
-2.918845922  
-2.843829494  
-3.181851132  
-3.978769697  
-5.104642378  
-6.280886231  
-7.162981141  
-7.452326884  
-6.999296258  
-5.861045913  
-4.292218202  
-2.669317408  
-1.372488003  
-0.6636492448  
-0.6019891721  
-1.025826076  
-1.607857391  
-1.96617933  
-1.794839607  
-0.9710536701  
0.3960008385  
1.990605438  
3.38186913  
4.151815905  
4.020216603  
2.928636259  
1.060414015  
-1.205892447  
-3.392050766  
-5.034289072  
-5.783609972  
-5.468172966  
-4.108407722  
-1.890687557  
0.8841296676  
3.858370434  
6.667353042  
8.976161762  
10.5065966  
11.06144816  
10.55100686  
9.019922488  
6.664808074  
3.828884387  
0.9625717562  
-1.451497748  
-2.997120639  
-3.422692635  
-2.709388966  
-1.084525217  
1.030100165  
3.124936542  
4.735521676  
5.561809219  
5.536620568  
4.821130492  
3.729149555  
2.606211663  
1.705587767  
1.105104849  
0.6948458088  
0.2406899691  
-0.4991251902  
-1.647720455  
-3.122479879  
-4.623867682  
-5.710936804  
-5.942938534  
-5.041033584  
-3.013770245  
-0.199122339  
2.797939155  
5.258784496  
6.550396027  
6.308413538  
4.545142076  
1.64682156  
-1.740012998  
-4.897298605  
-7.239120278  
-8.465721073  
-8.620146332  
-8.032602307  
-7.174846264  
-6.476426786  
-6.166174741  
-6.192697254  
-6.249980839  
-5.898252345  
-4.738153161  
-2.578643816  
0.4586123012  
3.934422146  
7.190307212  
9.520445212  
10.36509678  
9.467864134  
6.951484487  
3.292640142  
-0.7936122244  
-4.524335129  
-7.226039843  
-8.473206912  
-8.157483514  
-6.478673013  
-3.869880691  
-0.88334398  
1.931539619  
4.13105115  
5.443806743  
5.795697728  
5.296725946  
4.198546102  
2.833167177  
1.543016127  
0.6122316582  
0.2094818972  
0.3528871046  
0.9064534645  
1.61288427  
2.159692281  
2.26557117  
1.765471105  
0.6693137413  
-0.8263531149  
-2.382399902  
-3.60847238  
-4.176921264  
-3.924721613  
-2.909834845  
-1.40113091  
0.1981220477  
1.470957559  
2.113458306  
2.026042755  
1.338672276  
0.3613722203  
-0.522960359  
-0.9863722876  
-0.8600647027  
-0.1794373438  
0.8439168976  
1.910294339  
2.744994821  
3.192561173  
3.256179703  
3.068314996  
2.80661708  
2.591960399  
2.414204334  
2.121489707  
1.483810076  
0.3102810352  
-1.425759994  
-3.508359097  
-5.489100298  
-6.79678109  
-6.919100494  
-5.597149244  
-2.961138308  
0.4505753685  
3.810545644  
6.232929039  
7.04698673  
6.023467789  
3.47322701  
0.1759406264  
-2.847591084  
-4.651888225  
-4.670603206  
-2.906226613  
0.06127032918  
3.254807966  
5.614022488  
6.340580194  
5.160293743  
2.413602079  
-1.0571613  
-4.186741358  
-6.038639945  
-6.110841225  
-4.492516362  
-1.819660827  
0.9532498988  
2.885368698  
3.369764809  
2.331366303  
0.2354436945  
-2.093624666  
-3.777116422  
-4.201043318  
-3.236191656  
-1.281569789  
0.8831147715  
2.382390519  
2.565127085  
1.245452791  
-1.221374898  
-4.055019067  
-6.316740082  
-7.232154688  
-6.456276105  
-4.188266068  
-1.0972686  
1.912121422  
4.009894494  
4.715942179  
4.04460219  
2.470833463  
0.7350587569  
-0.438626639  
-0.6065585818  
0.2438793526  
1.709545144  
3.143235795  
3.914567146  
3.660469564  
2.430439172  
0.6716086186  
-0.9410664674  
-1.765842998  
-1.448041294  
-0.06995668284  
1.862177461  
3.593065722  
4.39349247  
3.835603517  
1.965971453  
-0.6905160725  
-3.30236125  
-5.021200977  
-5.287828041  
-4.044413676  
-1.774122103  
0.6508840092  
2.26449035  
2.34487416  
0.6793372262  
-2.337110657  
-5.806076194  
-8.600708725  
-9.721138205  
-8.613543211  
-5.349081054  
-0.6068919824  
4.529110521  
8.889332578  
11.5483731  
12.06216682  
10.54519148  
7.577076812  
3.984733075  
0.5827752844  
-2.03930594  
-3.620761554  
-4.207158932  
-4.032652633  
-3.369305988  
-2.410524533  
-1.233330226  
0.1548726501  
1.71879848  
3.304215521  
4.608373237  
5.240100637  
4.85687913  
3.328050688  
0.8541760714  
-2.018753596  
-4.516271458  
-5.860128737  
-5.53197777  
-3.483969782  
-0.2134713101  
3.340102819  
6.058812062  
6.994611334  
5.691817924  
2.373546961  
-2.079115374  
-6.361379592  
-9.128250692  
-9.411146062  
-6.936062174  
-2.238926992  
3.464386976  
8.61899533  
11.78152404  
12.04334673  
9.297365719  
4.267476718  
-1.706918364  
-7.064114434  
-10.47088402  
-11.19588868  
-9.297515536  
-5.576760882  
