1.626958294  
0.8571978405  
-0.2619056882  
-1.283446893  
-1.782809995  
-1.504021585  
-0.4523279191  
1.096242289  
2.67110537  
3.74508378  
3.891343418  
2.911696993  
0.8985165398  
-1.786310518  
-4.606819421  
-6.992823385  
-8.483057958  
-8.832157246  
-8.055188449  
-6.402963738  
-4.281085802  
-2.139454062  
-0.3636382516  
0.8051476361  
1.305902443  
1.247452971  
0.8611033599  
0.4323390511  
0.2288001246  
0.4389143364  
1.130797909  
2.236296539  
3.561533241  
4.822558723  
5.702070654  
5.919514072  
5.302521325  
3.844003147  
1.728155976  
-0.6874003735  
-2.936980173  
-4.550046662  
-5.169360055  
-4.652171003  
-3.122462428  
-0.9525897786  
1.328099537  
3.177334896  
4.197151583  
4.256398511  
3.537092804  
2.484046941  
1.666770232  
1.591976406  
2.524013974  
4.372175108  
6.686136137  
8.768359067  
9.874937314  
9.446207654  
7.295699948  
3.69594004  
-0.6703492412  
-4.88377394  
-8.037223037  
-9.48630563  
-9.025801631  
-6.938916864  
-3.905518022  
-0.7991318553  
1.563651552  
2.644503689  
2.310080446  
0.8307449166  
-1.240340371  
-3.262116523  
-4.70784628  
-5.309829553  
-5.105015901  
-4.375616687  
-3.514629676  
-2.869613349  
-2.621635766  
-2.739795932  
-3.02167759  
-3.197955674  
-3.056754169  
-2.538055074  
-1.761933006  
-0.9809307843  
-0.4765071222  
-0.4408512556  
-0.8908793086  
-1.648770739  
-2.39812634  
-2.795959639  
-2.599378718  
-1.759682498  
-0.4480683754  
0.9980071703  
2.189826431  
2.823202864  
2.786713402  
2.203651917  
1.392560166  
0.760014032  
0.6630715448  
1.288811775  
2.59159012  
4.307614746  
6.039174701  
7.377373598  
8.020655953  
7.850550605  
6.943731015  
5.523316117  
3.873581252  
2.252727433  
0.8349611935  
-0.3020896663  
-1.148986347  
-1.716524203  
-1.996315898  
-1.952000224  
-1.54692843  
-0.7950199429  
0.1922863953  
1.192032038  
1.906291266  
2.045892979  
1.435860049  
0.1030096438  
-1.693037796  
-3.507456978  
-4.830805663  
-5.248397553  
-4.585764705  
-2.986998333  
-0.8921858526  
1.086560051  
2.354721194  
2.529222209  
1.569744604  
-0.2009169748  
-2.199281456  
-3.775571653  
-4.435586746  
-4.013352415  
-2.732384658  
-1.130540701  
0.1291546203  
0.4982173422  
-0.2506127611  
-1.924339336  
-3.957280968  
-5.593738844  
-6.146066859  
-5.240061585  
-2.961215247  
0.1525868573  
3.27423739  
5.554658864  
6.404760568  
5.695471796  
3.805266539  
1.495687026  
-0.3457763631  
-1.009767632  
-0.212771178  
1.797294604  
4.316110702  
6.416022015  
7.260442874  
6.394341587  
3.912363386  
0.4464120874  
-3.025389538  
-5.486800121  
-6.207902158  
-4.97972297  
-2.182800844  
1.331507988  
4.50671112  
6.406218448  
6.492445124  
4.772169386  
1.766313382  
-1.67915282  
-4.67316875  
-6.555301864  
-7.077612056  
-6.43815413  
-5.16370197  
-3.890071489  
-3.121019729  
-3.050383036  
-3.506966109  
-4.036956569  
-4.090412923  
-3.243062595  
-1.374026421  
1.263080774  
4.100498841  
6.427606687  
7.615386923  
7.319341841  
5.594449699  
2.885838689  
-0.1000983101  
-2.601267278  
-4.016400105  
-4.06594361  
-2.851110055  
-0.79882067  
1.483840655  
3.395879979  
4.510549461  
4.676698089  
4.028876976  
2.911635497  
1.749070369  
0.9043749795  
0.5728559184  
0.7374786027  
1.194255204  
1.633225568  
1.745784135  
1.324544969  
0.3276084504  
-1.107842891  
-2.702226734  
-4.106873181  
-4.992527049  
-5.130335779  
-4.447013367  
-3.043569734  
-1.1757473  
0.797991816  
2.489411982  
3.559723169  
3.789583474  
3.126004671  
1.696111599  
-0.2163157941  
-2.228106538  
-3.936678094  
-5.005536021  
-5.235608895  
-4.605065673  
-3.267566053  
-1.509521208  
0.3220228744  
1.90112458  
2.992208478  
3.489076076  
3.415810568  
2.893920761  
2.090461269  
1.166859371  
0.2458804506  
-0.5944074495  
-1.302539194  
-1.824600614  
-2.082148879  
-1.972245601  
-1.395052028  
-0.3016475114  
1.256290825  
3.097763471  
4.922934052  
6.368475039  
7.096827602  
6.893967131  
5.743455427  
3.849007087  
1.592536177  
-0.5645023427  
-2.208852693  
-3.092977213  
-3.204093587  
-2.76069368  
-2.135594025  
-1.729049748  
-1.832855462  
-2.530488289  
-3.667307213  
-4.90187824  
-5.822294829  
-6.089020727  
-5.556016922  
-4.328502979  
-2.7364689  
-1.231276767  
-0.238887673  
-0.01835185022  
-0.5730574291  
-1.645078403  
-2.795408623  
-3.54431032  
-3.525953364  
3.458039415  
1.94022463  
-0.1874481626  
-2.528821209  
-4.575258959  
-5.841429159  
-6.004686452  
-5.003527182  
-3.061983778  
-0.6299508809  
1.743300665  
3.562983113  
4.521255241  
4.566516474  
3.888944978  
2.830005244  
1.749248955  
0.8959669283  
0.3308024659  
-0.07580748423  
-0.5692480447  
-1.388927994  
-2.645191549  
-4.242347872  
-5.879416458  
-7.132641235  
-7.594098129  
-7.019324051  
-5.431619247  
-3.143563654  
-0.6835009153  
1.353141982  
2.481683077  
2.478071775  
1.451718456  
-0.1833153821  
-1.830538906  
-2.888283867  
-2.926259332  
-1.806811893  
0.2847699899  
2.906495823  
5.497058965  
7.5376162  
8.686125692  
8.84484471  
8.146412783  
6.872140165  
5.337851559  
3.790467441  
2.350646059  
1.016609501  
-0.2800487151  
-1.59534058  
-2.906942339  
-4.090817403  
-4.951670748  
-5.296047798  
-5.018909381  
-4.167899209  
-2.956747008  
-1.717824227  
-0.8066908412  
-0.4901415369  
-0.8566589898  
-1.781515232  
-2.960228164  
-4.000437393  
-4.542002958  
-4.3655468  
-3.4541528  
-1.989737171  
-0.2884872418  
1.299617254  
2.491239194  
3.136546528  
3.233478627  
2.891211212  
2.263630088  
1.483680057  
0.626701464  
-0.2833175708  
-1.23054786  
-2.150684866  
-2.892228684  
-3.22156954  
-2.880555095  
-1.682525972  
0.3864868806  
3.102635549  
6.008776363  
8.500617054  
9.977842676  
10.01797386  
8.517842993  
5.752943881  
2.328058803  
-0.9735393304  
-3.401455149  
-4.447443902  
-3.98790247  
-2.31403433  
-0.03878608379  
2.091374978  
3.421263361  
3.577945817  
2.568537193  
0.7558116766  
-1.277680939  
-2.930298784  
-3.779820942  
-3.714787027  
-2.957027816  
-1.970586615  
-1.290116984  
-1.328041433  
-2.225900328  
-3.799477359  
-5.595217933  
-7.038136534  
-7.621312085  
-7.074078354  
-5.454086074  
-3.134337389  
-0.6909911813  
1.270403464  
2.294040936  
2.202509546  
1.137402282  
-0.4960485973  
-2.15782081  
-3.331437572  
-3.661983938  
-3.034592105  
-1.576635535  
0.4073428854  
2.538688654  
4.468097494  
5.947501085  
6.854373919  
7.172270031  
6.947230902  
6.245894882  
5.135962472  
3.695905818  
2.044647742  
0.3700758993  
-1.066902854  
-1.967476997  
-2.067499762  
-1.227912491  
0.488684664  
2.787980814  
5.18138111  
7.09083089  
7.997260906  
7.591025889  
5.87734757  
3.199696199  
0.1669319917  
-2.500884361  
-4.167095524  
-4.458078534  
-3.374676035  
-1.300833143  
1.095490855  
3.042385164  
3.874231529  
3.21238418  
1.065370807  
-2.178485027  
-5.861644693  
-9.237215462  
-11.66518256  
-12.76942402  
-12.51324349  
-11.17665339  
-9.247626761  
-7.263875342  
-5.653920885  
-4.623725034  
-4.119098504  
-3.870229452  
-3.500202088  
-2.661660682  
-1.159521149  
0.9760871098  
3.486166604  
5.947173862  
7.882789832  
8.890382092  
8.747172657  
7.468548277  
5.305472854  
2.684733928  
0.1102800766  
-1.947646218  
-3.148070393  
-3.338345793  
-2.566463423  
-1.048764161  
0.8943853545  
2.91628311  
4.715427469  
6.085427569  
6.935011639  
7.278288485  
7.20255084  
6.825635  
6.255811042  
5.564999626  
4.781181136  
3.899938567  
2.909431168  
1.819279773  
0.6827450593  
-0.396503152  
-1.277268309  
-1.811667233  
-1.886440301  
-1.46319775  
-0.6050895203  
0.520083407  
1.664478215  
2.549208774  
2.927052338  
2.643305272  
1.678304005  
0.158922723  
-1.665966437  
-3.481431679  
-4.980266855  
-5.935497739  
-6.252186592  
-5.984371389  
-5.31250845  
-4.487981524  
-3.760717065  
-3.310957509  
-3.204855876  
-3.38644873  
-3.707326595  
-3.983798479  
-4.062744362  
-3.87478434  
-3.457473547  
-2.941036526  
-2.501476627  
-2.296734442  
-2.407608839  
-2.803945232  
-3.348553333  
-3.838907038  
-4.07379324  
-3.923012313  
-3.376261595  
-2.553209174  
-1.669041576  
-0.9644155649  
-0.6212519327  
-0.6917191226  
-1.06500171  
-1.485502469  
-1.620198208  
-1.157023947  
0.09466440998  
2.132412531  
4.741016658  
7.532949856  
10.03888441  
11.82311228  
12.59098905  
12.25796428  
10.96150241  
9.014517809  
6.816333065  
4.7491943  
3.091159998  
1.969211869  
1.362164454  
1.146252666  
1.162901275  
1.282433854  
1.441082309  
1.640313581  
1.912544041  
2.270626751  
2.664988826  
2.969577817  
3.006780212  
2.605930806  
1.675763985  
0.2633447528  
-1.425901844  
-3.060839681  
-4.265968758  
-4.729813551  
-4.307011834  
-3.079941668  
-1.35624949  
0.4019916164  
1.699935534  
2.147523211  
1.571365222  
0.06574938302  
-2.034358126  
-4.251394759  
-6.104924091  
-7.250030524  
-7.571354422  
-7.203508886  
-6.471941152  
-5.773701564  
-5.437101856  
-5.606146676  
-6.187934646  
-6.880965767  
-7.276184593  
-6.998756683  
-5.844927202  
-3.869085533  
-1.391397069  
1.078935337  
2.983212826  
3.874113986  
3.549426111  
2.118090823  
-0.02161266132  
-2.285551018  
-4.058552566  
-4.855577605  
-4.443445699  
-2.890101957  
-0.5306052574  
2.136514478  
4.589497494  
6.418491019  
7.418034908  
7.614250034  
7.224802412  
6.569489186  
5.962335694  
5.618869566  
5.604649913  
5.836298719  
6.129184045  
6.272070888  
6.102420843  
5.558079568  
4.690607209  
3.638937788  
2.574946188  
1.640890936  
0.9003476981  
0.3189109813  
-0.2192188964  
-0.8643847211  
-1.739589468  
-2.883631251  
-4.217952696  
-5.549059673  
-6.608003784  
-7.117645901  
-6.870034533  
-5.792668403  
-3.984481925  
-1.709750474  
0.651250096  
2.684496641  
4.037865029  
4.5060761  
4.082307505  
2.961414685  
1.491574404  
0.08482796176  
-0.8914577054  
-1.213715298  
-0.8643152861  
-0.03784966291  
0.9127887719  
1.578085117  
1.614448981  
0.8531980237  
-0.6366081377  
-2.552420011  
-4.431952452  
-5.778432374  
-6.203022113  
-5.543230927  
-3.921143901  
-1.721638014  
0.5062274488  
2.198296854  
2.932472386  
2.547841028  
1.189887315  
-0.7324812535  
-2.665931634  
-4.072307714  
-4.5808327  
-4.087115276  
-2.769813938  
-1.021689522  
0.681209606  
1.929170921  
2.498842565  
2.405792011  
1.874694255  
1.24013079  
0.8143685944  
0.7695134149  
1.076110477  
1.520286093  
1.793601276  
1.623355309  
0.8955727068  
-0.2761127019  
-1.564762234  
-2.527931168  
-2.759144377  
-2.042203605  
-0.4532271157  
1.629851687  
3.62109101  
4.899619367  
5.009401509  
3.82107879  
1.600021099  
-1.047331108  
-3.338461789  
-4.544285055  
-4.213671801  
-2.322508622  
0.7016116176  
4.090324675  
6.95025791  
8.519801143  
8.389660198  
6.620550545  
3.722730053  
0.5042419167  
-2.16546414  
-3.605013733  
-3.509643034  
-2.025023366  
0.3112622175  
2.737925861  
4.49341922  
5.026490692  
4.133552665  
1.988374865  
-0.9355889977  
-4.01790125  
-6.666809176  
-8.464171474  
-9.241191058  
-9.072426285  
-8.202725163  
-6.940990269  
-5.560433527  
-4.236516483  
-3.035606  
-1.946928331  
-0.9353442922  
0.01207608941  
0.8660119576  
1.567332581  
2.06234515  
2.340577053  
2.453927975  
2.504492172  
2.603056308  
2.814536029  
3.114627232  
3.379746921  
3.420417846  
3.050883605  
2.17155092  
0.8327430131  
-0.7482454935  
-2.2298673  
-3.240554947  
-3.49611514  
-2.900622469  
-1.593616928  
0.07747884028  
1.656000071  
2.716855065  
3.004216154  
2.519329608  
1.526340287  
0.470582271  
-0.166756531  
-0.03123554899  
0.978743889  
2.6654416  
4.582510372  
6.168511683  
6.921006828  
6.554863259  
5.093045616  
2.859943395  
0.3792807362  
-1.790005691  
-3.226347539  
-3.770532443  
-3.563229995  
-2.984310583  
-2.515456676  
-2.572211596  
-3.360590282  
-4.804037866  
-6.56252013  
-8.135218542  
-9.011910154  
-8.824223542  
-7.450546384  
-5.045699817  
-1.991937952  
1.207592907  
4.05622672  
6.173144509  
7.356763255  
7.592867029  
7.017317055  
5.85583132  
4.365505333  
2.795047033  
1.367391897  
0.2759005698  
-0.3207331798  
-0.3167514632  
0.3077851158  
1.45109512  
2.87128276  
4.205942181  
5.039557687  
5.010253445  
3.928441127  
1.86806748  
-0.8074594069  
-3.506348476  
-5.551200424  
-6.369074908  
-5.673538048  
-3.579260293  
-0.6055282561  
2.442894824  
4.690233644  
5.439434321  
4.381877731  
1.700198314  
-1.971870471  
-5.724922944  
-8.633888214  
-10.02394942  
-9.66038594  
-7.803480634  
-5.112055801  
-2.427311932  
-0.5068265306  
0.2059709576  
-0.2960881375  
-1.606989514  
-3.064573191  
-3.986446347  
-3.904569741  
-2.720191024  
-0.7288202648  
1.490466893  
3.281191075  
4.139093519  
3.886209291  
2.73032046  
1.190486397  
-0.08461573498  
-0.5424274867  
0.08140715556  
1.670186264  
3.763834086  
5.713631779  
6.900846881  
6.944795907  
5.830096312  
3.910898537  
1.791875893  
0.1272929628  
-0.5934884177  
-0.2021622578  
1.10182549  
2.827478924  
4.363287684  
5.183717946  
5.021202665  
3.946742261  
2.334355536  
0.7241796951  
-0.3671898698  
-0.6240180097  
-0.03696965637  
1.096919904  
2.277505048  
2.971224235  
2.789344997  
1.615724155  
-0.3563514859  
-2.687364005  
-4.830697265  
-6.299731146  
-6.807967863  
-6.338852108  
-5.127268654  
-3.564745297  
-2.064682553  
-0.9348036087  
-0.2982132159  
-0.08528069151  
-0.09282761868  
-0.08431415949  
0.10759229  
0.5130243688  
1.013866927  
1.390610939  
1.407444981  
0.9033075264  
-0.1439686907  
-1.602315181  
-3.222626643  
-4.713695631  
-5.827555372  
-6.425685597  
-6.504664418  
-6.175204187  
-5.605167642  
-4.94930454  
-4.291906867  
-3.622709678  
-2.853369515  
-1.866983479  
-0.5812828976  
0.9982713034  
2.755246081  
4.477786779  
5.908313074  
6.811169945  
7.036373732  
6.559503071  
5.486177013  
4.021404434  
2.415076422  
0.9015536021  
-0.348384161  
-1.250552481  
-1.801964826  
-2.053167108  
-2.071024541  
-1.906362502  
-1.57747603  
-1.073667489  
-0.3752523176  
0.5193099417  
1.570621415  
2.689261877  
3.744537277  
4.588858927  
5.0902069  
5.162695019  
4.7861613  
4.009532666  
2.937957136  
1.708554853  
0.4625610289  
-0.6781056692  
-1.624206212  
-2.320776169  
-2.739463146  
-2.867141975  
-2.697198177  
-2.22845875  
-1.4733483  
-0.4727569632  
0.6884723476  
1.873300486  
2.898567632  
3.559030506  
3.667664333  
3.104696814  
1.863097579  
0.07645599967  
-1.98277353  
-3.940602986  
-5.391431369  
-5.987831167  
-5.529759385  
-4.029685938  
-1.733225852  
0.9157758957  
3.362941724  
5.066467148  
5.626793611  
4.889584546  
2.993263159  
0.3454905917  
-2.468625062  
-4.824934113  
-6.209855177  
-6.341735128  
-5.231440169  
-3.166505337  
-0.6246562538  
1.857189541  
3.820004254  
4.986458228  
5.303409088  
4.914842032  
4.079166389  
3.062062125  
2.042874203  
1.066471135  
0.05568263313  
-1.122608185  
-2.564231374  
-4.244351718  
-5.978270714  
-7.445675187  
-8.275073216  
-8.162707623  
-6.986057767  
-4.871113782  
-2.186060726  
0.5423309323  
2.767283648  
4.073496552  
4.293333455  
3.549246278  
2.207118589  
0.7541452335  
-0.3598387831  
-0.8658671638  
-0.7565984139  
-0.276973182  
0.172743042  
0.1894544161  
-0.4761734671  
-1.812824402  
-3.529457336  
-5.133205725  
-6.08087069  
-5.955239153  
-4.608027633  
-2.221097465  
0.7361917278  
3.641559489  
5.903832321  
7.137102442  
7.2684017  
6.54380885  
5.431358984  
4.453373169  
4.004434132  
4.216348149  
4.915972503  
5.690854765  
6.041401617  
5.568612742  
4.133510811  
1.932518991  
-0.5400801657  
-2.634571533  
-3.749984292  
-3.535394285  
-2.02263098  
0.3551144555  
2.869200136  
4.697520129  
5.163606904  
3.941539972  
1.164819821  
-2.594189069  
-6.469278416  
-9.528310566  
-11.01880912  
-10.56211705  
-8.243406377  
-4.576209766  
-0.3562982901  
3.54990303  
6.421444189  
7.845173824  
7.785007571  
6.547601957  
4.663434013  
2.723701155  
1.221465556  
0.4389637535  
0.4053052633  
0.9264018496  
1.668817282  
2.267039364  
2.421903832  
1.965510832  
0.8815533315  
-0.7157208537  
-2.629778037  
-4.638506072  
-6.54224914  
-8.192481683  
-9.498506007  
-10.41664029  
-10.93037624  
-11.03055344  
-10.70240081  
-9.922867914  
-8.668133547  
-6.928819837  
-4.728880007  
-2.143645471  
0.6878452032  
3.560920398  
6.217752818  
8.376239043  
9.773836572  
10.22025771  
9.648172831  
8.14821144  
5.97498836  
3.515924817  
1.223499469  
-0.4775779543  
-1.287450427  
-1.106941202  
-0.06925786848  
1.485359091  
3.089804039  
4.266758065  
4.651539771  
4.087268002  
2.66490606  
0.6959616021  
-1.374866767  
-3.091942485  
-4.110200812  
-4.280818003  
-3.67730284  
-2.557076203  
-1.273568118  
-0.1685809266  
0.5208242536  
0.7134716716  
0.4815007915  
0.001226025953  
-0.5201933989  
-0.9133912656  
-1.086441898  
-1.024677745  
-0.7569373615  
-0.3084728667  
0.3339702763  
1.225045612  
2.426363928  
3.94724936  
5.687003578  
7.408731332  
8.765898285  
9.383844471  
8.975822831  
7.455717743  
5.004456201  
2.058035112  
-0.790667017  
-2.95397226  
-4.027630341  
-3.926513702  
-2.927822086  
-1.599147281  
-0.6262010364  
-0.5904917721  
-1.76806405  
-4.018194472  
-6.805091051  
-9.353235494  
-10.89190102  
-10.9117133  
-9.347842513  
-6.624593562  
-3.539506473  
-1.017796436  
0.1872058064  
-0.2494680732  
-2.097841241  
-4.623557885  
-6.805981788  
-7.658736574  
-6.551798151  
-3.43083987  
1.1396952  
6.127708533  
10.33410346  
12.74950681  
12.85460024  
10.76918062  
7.203576251  
3.229717753  
-0.05313450054  
-1.84998482  
-1.893821139  
-0.4932671547  
1.605103926  
3.488307562  
4.388483173  
3.930362948  
2.235428188  
-0.1458041496  
-2.443066515  
-3.940064295  
-4.216440016  
-3.276180467  
-1.522950469  
0.4025547478  
1.860427842  
2.437346392  
2.080311333  
1.093523197  
0.003998135453  
-0.6512261949  
-0.5361622799  
0.3528373477  
1.683306036  
2.910852018  
3.484814136  
3.059196563  
1.630797295  
-0.4469364327  
-2.580637921  
-4.143127158  
-4.69512636  
-4.142781322  
-2.773925394  
-1.159289789  
0.04693545957  
0.3368661657  
-0.4720735103  
-2.171916638  
-4.235196965  
-5.996624144  
-6.880913184  
-6.596718451  
-5.229478161  
-3.202574  
-1.123046681  
0.4314514278  
1.108260847  
0.8895571912  
0.08031937814  
-0.8172896963  
-1.294324322  
-1.019474479  
0.04909549186  
1.662750639  
3.388668799  
4.780215772  
5.545272867  
5.648451356  
5.309188596  
4.897932646  
4.771796317  
5.114575141  
5.844980911  
6.631566469  
7.012392825  
6.577114459  
5.143756368  
2.86190198  
0.1989892521  
-2.191942475  
-3.681203142  
-3.876772749  
-2.768308106  
-0.7477575447  
1.504497684  
3.232336851  
3.845058885  
3.106066244  
1.20566683  
-1.305879162  
-3.701355435  
-5.312794525  
-5.741174627  
-4.970582718  
-3.352183202  
-1.468764591  
0.06892459206  
0.8214623434  
0.6477850204  
-0.2795087551  
-1.56880199  
-2.773159313  
-3.559396586  
-3.819855807  
-3.688249657  
-3.458326525  
-3.440869532  
-3.817148466  
-4.547199339  
-5.369529409  
-5.893495978  
-5.750059215  
-4.743888139  
-2.948732249  
-0.7083584359  
1.460036274  
3.02726449  
3.621901188  
3.148621152  
1.813876724  
0.05099562667  
-1.627366137  
-2.796124679  
-3.245012636  
-3.02282567  
-2.386470591  
-1.677447948  
-1.174428301  
-0.9780275962  
-0.9707858385  
-0.8664076937  
-0.328820954  
0.8843914306  
2.808368835  
5.230095085  
7.736262007  
9.833456817  
11.09829344  
11.30501251  
10.48722601  
8.914976543  
6.998869109  
5.158170302  
3.700492176  
2.753375676  
2.266299894  
2.074047917  
1.989745933  
1.886794887  
1.736541757  
1.589322307  
1.511885302  
1.513732308  
1.500502531  
1.28170553  
0.6368493745  
-0.5824249218  
-2.355380918  
-4.444580588  
-6.426784718  
-7.803149464  
-8.158194832  
-7.314574672  
-5.426529721  
-2.971663714  
-0.6336966404  
0.8932432764  
1.118689664  
-0.08183731428  
-2.412421712  
-5.232666873  
-7.743547342  
-9.225977242  
-9.256382072  
-7.830383212  
-5.35556425  
-2.517192496  
-0.06217481952  
1.427682169  
1.700385312  
0.8863360361  
-0.5724256294  
-2.08636685  
-3.116368589  
-3.337738735  
-2.718195316  
-1.490422199  
-0.03770823043  
1.259371625  
2.156543284  
2.611959723  
2.765197051  
2.843581068  
3.037811423  
3.399639603  
3.804674334  
3.997250422  
3.701556042  
2.756367464  
1.219774934  
-0.6005747604  
-2.210030511  
-3.066973857  
-2.756011204  
-1.136164472  
1.587676109  
4.89715716  
8.089629498  
10.46496756  
11.51218855  
11.03865804  
9.204258695  
6.454320229  
3.377424417  
0.5366351019  
-1.671977871  
-3.092330374  
-3.797160176  
-4.006069445  
-3.96859691  
-3.856862338  
-3.705123287  
-3.414106133  
-2.81364887  
-1.756781136  
-0.2086939029  
1.702361788  
3.690583803  
5.372879293  
6.364246467  
6.378384969  
5.303894057  
3.235858102  
0.4572638558  
-2.620981178  
-5.543047441  
-7.893085607  
-9.364541059  
-9.803524604  
-9.223476498  
-7.79362008  
-5.806115881  
-3.627043056  
-1.636378751  
-0.1632902386  
0.5742658357  
0.5139483754  
-0.2348798256  
-1.412166077  
-2.665892753  
-3.638136267  
-4.057639045  
-3.812679227  
-2.980732793  
-1.802631238  
-0.6060272166  
0.2997175793  
0.7238199159  
0.6556497456  
0.2652626981  
-0.1590423762  
-0.3157441151  
-0.001011314232  
0.8148007178  
1.974303256  
3.190476465  
4.154596405  
4.654691187  
4.658396953  
4.325391376  
3.940179709  
3.78693968  
4.013112369  
4.537096085  
5.043328869  
5.0780591  
4.220928399  
2.275175797  
-0.5948454047  
-3.838889719  
-6.634202347  
-8.115082385  
-7.65248025  
-5.092714764  
-0.8694288522  
4.061758777  
8.460945773  
11.15096137  
11.3700758  
9.018242083  
4.71299851  
-0.371430661  
-4.839688651  
-7.485876254  
-7.652668392  
-5.425986712  
-1.602569429  
2.560593274  
5.736554405  
6.935348017  
5.799429185  
2.69598975  
-1.419575654  
-5.320897037  
-7.903206491  
-8.523666855  
-7.181839572  
-4.487336415  
-1.432574632  
0.9482693763  
1.918340717  
1.264143999  
-0.661156536  
-3.083526089  
-5.086180132  
-5.921396592  
-5.250431682  
-3.2348828  
-0.4566382828  
2.297174091  
4.303767289  
5.133817638  
4.764441184  
3.544819342  
2.03681716  
0.7957474451  
0.1741458793  
0.2183279699  
0.68972015  
1.195001728  
1.368853697  
1.035252376  
0.2837515482  
-0.5683193632  
-1.111850033  
-1.025619539  
-0.2275873211  
1.064281994  
2.389787823  
3.205744524  
3.089847857  
1.91312739  
-0.08623892658  
-2.360781253  
-4.228817244  
-5.10868913  
-4.730230169  
-3.246581162  
-1.202263607  
0.637263278  
1.540442473  
1.063835176  
-0.7814285508  
-3.510046464  
-6.300199081  
-8.245982383  
-8.643343948  
-7.216507367  
-4.211423628  
-0.3265548028  
3.495489773  
6.347300047  
7.61761353  
7.153074004  
5.274803255  
2.652336321  
0.08293539597  
-1.748260582  
-2.45075778  
-2.001812213  
-0.6980946963  
0.9849086453  
2.568549638  
3.718460868  
4.317111913  
4.446562503  
4.300889522  
4.072092848  
3.859019131  
3.63508497  
3.283497232  
2.679566735  
1.780011154  
0.6766288894  
-0.4130138742  
-1.218312565  
-1.524422115  
-1.272504078  
-0.6071010944  
0.1551577875  
0.6313511066  
0.5180318705  
-0.2762161445  
-1.564107406  
-2.910809941  
-3.760881732  
-3.623564267  
-2.255219725  
0.225331884  
3.33311736  
6.333233155  
8.444693683  
9.068835402  
7.96911909  
5.343831634  
1.767711601  
-1.978564607  
-5.135480004  
-7.175071054  
-7.928329126  
-7.592538289  
-6.622622122  
-5.549272067  
-4.789618825  
-4.515821075  
-4.623789822  
-4.807032511  
-4.702774153  
-4.052544401  
-2.816043122  
-1.196117496  
0.4331492906  
1.666559555  
2.221852835  
2.048125287  
1.346115888  
0.4910220849  
-0.1145029628  
-0.2022554924  
0.2468228113  
0.9814767268  
1.565294504  
1.541683511  
0.6212420896  
-1.176912858  
-3.485032103  
-5.669367511  
-7.014660577  
-6.95298401  
-5.261728961  
-2.163146307  
1.711297439  
5.484697837  
8.277595662  
9.454935928  
8.800915659  
6.569168786  
3.396413246  
0.1109154907  
-2.500921587  
-3.896790722  
-3.891055222  
-2.652298683  
-0.5999404251  
1.754101282  
3.95907495  
5.723397094  
6.932273753  
7.593815773  
7.750277296  
7.402537688  
6.487093924  
4.919467958  
2.68619162  
-0.0577294752  
-2.937123386  
-5.388952761  
-6.786367519  
-6.625282967  
-4.714616973  
-1.301022966  
2.926531048  
6.971092924  
9.773731137  
10.50357122  
8.804013918  
4.915292551  
-0.37122115  
-5.919919117  
-10.56053301  
-13.40775928  
-14.09335911  
-12.83975087  
-10.35397517  
-7.578101773  
-5.377742238  
-4.26947701  
-4.274178659  
-4.94106483  
-5.530766743  
-5.293514977  
-3.747937225  
-0.8669272835  
2.891009434  
6.714612121  
9.692001361  
11.0982026  
10.62352144  
8.468997433  
5.279993214  
1.942444039  
-0.689326204  
-2.043902402  
-1.983313782  
-0.8086367975  
0.8743013944  
2.378152986  
3.16788224  
3.026747712  
2.102279068  
0.8230447298  
-0.2783638833  
-0.7698485527  
-0.4784786564  
0.4515183562  
1.61928624  
2.521988164  
2.74644061  
2.128507807  
0.8232121855  
-0.7395124346  
-1.998456183  
-2.454732866  
-1.848977368  
-0.261812702  
1.896375485  
4.00279515  
5.40772927  
5.627461696  
4.483177051  
2.144008344  
-0.9348858797  
-4.153921633  
-6.940799286  
-8.896215176  
-9.870206891  
-9.952261771  
-9.388937296  
-8.466389078  
-7.404114819  
-6.297826748  
-5.127593413  
-3.820779659  
-2.33788161  
-0.7409551642  
0.7880377071  
1.990983041  
2.625887055  
2.572780674  
1.910141853  
0.9265687416  
0.0543531384  
-0.2600430366  
0.2911360068  
1.752569009  
3.85626772  
6.071060111  
7.743692636  
8.293000105  
7.398718085  
5.124762829  
1.934391929  
-1.413330906  
-4.060025757  
-5.282313679  
-4.695844947  
-2.368598156  
1.190827778  
5.167507311  
8.658494554  
10.91221767  
11.52036806  
10.50866552  
8.303280414  
5.586551112  
3.08750883  
1.370367962  
0.6826914949  
0.905249818  
1.614130754  
2.23207727  
2.220405144  
1.252495545  
-0.682604342  
-3.275414067  
-5.988661886  
-8.2169113  
-9.463876728  
-9.484318409  
-8.349670131  
-6.420326579  
-4.235759262  
-2.357461083  
-1.212456373  
-0.9832173907  
-1.574301392  
-2.662008374  
-3.808207078  
-4.600975636  
-4.777983873  
-4.295700567  
-3.325593629  
-2.18204145  
-1.208064102  
-0.6575896126  
-0.6130846159  
-0.9649714983  
-1.458425485  
-1.790724872  
-1.725322102  
-1.18308506  
-0.2784310077  
0.7137173468  
1.450824911  
1.645433489  
1.17614257  
0.1476338065  
-1.124041737  
-2.200496527  
-2.658777725  
-2.234359615  
-0.9215540499  
1.00518209  
3.061470058  
4.697725081  
5.475706198  
5.221084981  
4.100539929  
2.592996599  
1.356921069  
1.028890616  
2.012753623  
4.325184676  
7.549615155  
10.91970625  
13.51466799  
14.51366989  
13.43620257  
10.29652636  
5.623519029  
0.3357558962  
-4.495664065  
-7.930201413  
-9.406007918  
-8.88161179  
-6.830479624  
-4.090868931  
-1.615888435  
-0.1976372715  
-0.246257915  
-1.687318  
-4.00496267  
-6.414387602  
-8.108986459  
-8.506437124  
-7.420080852  
-5.106269528  
-2.177111  
0.5910325918  
2.492092234  
3.09551428  
2.36091244  
0.6305938563  
-1.493073829  
-3.343193036  
-4.393437128  
-4.408548421  
-3.49536188  
-2.042349587  
-0.5713348767  
0.4475634129  
0.7562568764  
0.3921751391  
-0.3313912795  
-0.9404522374  
-0.9723166863  
-0.147372345  
1.516370836  
3.684788514  
5.793429981  
7.212614884  
7.44149635  
6.27109403  
3.865294342  
0.7336419536  
-2.39752377  
-4.778333942  
-5.836698871  
-5.329371544  
-3.400180127  
-0.5309198125  
2.597729343  
5.292158324  
7.023536097  
7.547122237  
6.932909999  
5.50551252  
3.71862847  
2.007634513  
0.6675547668  
-0.2078366197  
-0.7121910691  
-1.049938848  
-1.428925648  
-1.963003815  
-2.619665531  
-3.230418997  
-3.558589585  
-3.398507961  
-2.668818608  
-1.464506319  
-0.04675413735  
1.228401307  
2.019733975  
2.111751126  
1.488235156  
0.341627595  
-0.9871094093  
-2.119772435  
-2.766814542  
-2.825326553  
-2.414794999  
-1.836471244  
-1.467676093  
-1.624670894  
-2.439472831  
-3.792817945  
-5.328277367  
-6.546664771  
-6.953686402  
-6.215771257  
-4.275335016  
-1.388476319  
1.928287108  
5.02755237  
7.298966873  
8.326159522  
7.987501222  
6.473344075  
4.218355696  
1.772848631  
-0.3460390647  
-1.779077824  
-2.391865068  
-2.270532213  
-1.656016634  
-0.8448330137  
-0.09192561481  
0.4535159811  
0.7630549536  
0.8974346211  
0.9473475088  
0.9735765316  
0.9712150542  
0.8713191403  
0.5776309224  
0.02191123099  
-0.7858140513  
-1.733791723  
-2.623249705  
-3.21811239  
-3.313328495  
-2.798258497  
-1.693222355  
-0.1468321496  
1.604412386  
3.299770693  
4.719244891  
5.728784202  
6.292838801  
6.454116751  
6.292337124  
5.880651812  
5.257750446  
4.42579698  
3.372779784  
2.107055373  
0.6864146025  
-0.7740084355  
-2.121803363  
-3.209914279  
-3.945831081  
-4.326710769  
-4.443530016  
-4.448442932  
-4.493976392  
-4.66513245  
-4.930691685  
-5.135537463  
-5.042442134  
-4.413924808  
-3.108829378  
-1.160108766  
1.196279251  
3.557088115  
5.446726498  
6.445399818  
6.311325546  
5.057468404  
2.956163435  
0.4673906925  
-1.888810499  
-3.676693168  
-4.660645131  
-4.856122367  
-4.500163887  
-3.952518198  
-3.561289548  
-3.538720041  
-3.889109073  
-4.412954256  
-4.785195974  
-4.679843856  
-3.896961633  
-2.446733463  
-0.559773928  
1.381823305  
2.970457892  
3.913077994  
4.136107436  
3.816511896  
3.324470578  
3.093195919  
3.457263271  
4.513734155  
6.055502552  
7.60481601  
8.543212294  
8.302324337  
6.558306809  
3.368337037  
-0.7973939403  
-5.144711693  
-8.745845028  
-10.78022709  
-10.75801084  
-8.661679705  
-4.963424797  
-0.5109298029  
3.688313219  
6.725119398  
8.018103827  
7.451880476  
5.387435466  
2.544385864  
-0.2094485266  
-2.100526562  
-2.656088036  
-1.818550084  
0.06087271897  
2.343037632  
4.29788044  
5.318799763  
5.092725657  
3.67880367  
1.476383217  
-0.9045193015  
-2.829444291  
-3.826309615  
-3.718337493  
-2.66582564  
-1.107262074  
0.3799913632  
1.256071996  
1.178964683  
0.1018065423  
-1.719896432  
-3.810762128  
-5.620633152  
-6.687240368  
-6.767359924  
-5.898336774  
-4.373924657  
-2.644847567  
-1.177037343  
-0.3122231631  
-0.1732597749  
-0.6412260466  
-1.408003375  
-2.084465769  
-2.327851341  
-1.94748571  
-0.9568690053  
0.4412832465  
1.928168619  
3.173152995  
3.933484486  
4.117643179  
3.794617327  
3.15092308  
2.414935418  
1.778065327  
1.341243629  
1.103797619  
0.9945801727  
0.9287526354  
0.8639096867  
0.8301202734  
0.9194416124  
1.237560416  
1.836720125  
2.65873025  
3.515385113  
4.121147246  
4.173614747  
