-7.551237447  
-5.972056606  
-3.836853726  
-1.790309824  
-0.4917303139  
-0.4074202984  
-1.655531061  
-3.9547335  
-6.695113327  
-9.110121461  
-10.49558222  
-10.40675583  
-8.772444415  
-5.893369292  
-2.330632907  
1.274154587  
4.384856035  
6.702010846  
8.200574147  
9.070376876  
9.590196272  
9.98843849  
10.34526551  
10.57232367  
10.47436071  
9.864185366  
8.68098739  
7.060156119  
5.32133641  
3.873481443  
3.069196571  
3.062763943  
3.728301691  
4.674945702  
5.361554695  
5.276435818  
4.121657241  
1.936599757  
-0.8861689172  
-3.703582112  
-5.813276111  
-6.671702673  
-6.066886623  
-4.18778514  
-1.566725201  
1.085901186  
3.099240272  
4.039518229  
3.823216146  
2.711596438  
1.193693507  
-0.1973188224  
-1.068124108  
-1.286004481  
-0.997647616  
-0.5453096833  
-0.3166179217  
-0.5870699861  
-1.414788713  
-2.62566682  
-3.891921921  
-4.871467973  
-5.352599989  
-5.346722385  
-5.091708693  
-4.962495784  
-5.321116607  
-6.362044423  
-8.011959425  
-9.924207177  
-11.57422817  
-12.42545052  
-12.10888713  
-10.55354913  
-8.021244109  
-5.032204174  
-2.205959676  
-0.07104920279  
1.092459511  
1.325747289  
0.9572234917  
0.4765416904  
0.3622833664  
0.9230218805  
2.204441745  
3.990071936  
5.889710822  
7.479690931  
8.443459519  
8.664254098  
8.241969414  
7.435161544  
6.555953698  
5.860170494  
5.473121055  
5.374348191  
5.440024405  
5.519118559  
5.508045225  
5.391787829  
5.235989992  
5.136758862  
5.153774522  
5.259815133  
5.332987181  
5.19926466  
4.710344011  
3.824408448  
2.653036362  
1.448376985  
0.5275182586  
0.1568023883  
0.4377527393  
1.239960556  
2.212495121  
2.878266017  
2.784910555  
1.662710006  
-0.4661531137  
-3.268740742  
-6.184850461  
-8.589200114  
-9.980200114  
-10.13217879  
-9.15908569  
-7.467372273  
-5.613991798  
-4.118470047  
-3.294193524  
-3.157260741  
-3.443707433  
-3.72738412  
-3.59489525  
-2.813710009  
-1.432192943  
0.2250412974  
1.665219468  
2.400244693  
2.122129137  
0.8177878347  
-1.218204122  
-3.477580839  
-5.405347692  
-6.579841618  
-6.841658663  
-6.326154364  
-5.389673035  
-4.45860111  
-3.858628541  
-3.688829316  
-3.788508238  
-3.810269504  
-3.372839861  
-2.236384339  
-0.43291115  
1.701290677  
3.609955801  
4.694593358  
4.527361998  
3.025447669  
0.5234656848  
-2.287096769  
-4.538414485  
-5.433492134  
-4.483450508  
-1.660435072  
2.58194074  
7.426955162  
11.91490916  
15.19749749  
16.75057348  
16.48535908  
14.73210595  
12.11028913  
9.332674819  
7.006383215  
5.489096833  
4.835599547  
4.838333561  
5.13626857  
5.348807767  
5.189933388  
4.531067998  
3.402814127  
1.947366266  
0.3476120033  
-1.238291425  
-2.715816152  
-4.059225595  
-5.289560384  
-6.4405319  
-7.528179718  
-8.534546966  
-9.407041603  
-10.06821624  
-10.42835133  
-10.39594586  
-9.886679085  
-8.83598929  
-7.220674358  
-5.089959072  
-2.597914211  
-0.02147699147  
2.254043824  
3.793656535  
4.2128914  
3.298509232  
1.113649652  
-1.953466484  
-5.228434492  
-7.884749407  
-9.149587382  
-8.529214462  
-5.986620462  
-2.009159405  
2.469371546  
6.286097062  
8.355427707  
7.981409089  
5.083881742  
0.2654620365  
-5.310452583  
-10.20540041  
-13.08006658  
-13.05269397  
-9.939039863  
-4.304165254  
2.689439485  
9.593204813  
15.052924  
18.14894171  
18.60081049  
16.78367113  
13.56066895  
9.990100146  
7.000290672  
5.130478907  
4.410912368  
4.40942435  
4.419776122  
3.725368318  
1.8528437  
-1.261882176  
-5.241494432  
-9.372264188  
-12.80803201  
-14.80820669  
-14.93915228  
-13.18404087  
-9.936570977  
-5.888701212  
-1.850665794  
1.443846066  
3.49653449  
4.131930692  
3.500858077  
2.009781989  
0.2021213048  
-1.375616196  
-2.292379157  
-2.313923636  
-1.436216861  
0.1294940434  
2.012552965  
3.76731035  
4.970692764  
5.315929224  
4.685077141  
3.184698142  
1.133940334  
-0.9972684412  
-2.690884281  
-3.503725971  
-3.18196914  
-1.736761772  
0.5424544529  
3.145499277  
5.459473034  
6.918875803  
7.148659876  
6.060997998  
3.878306693  
1.075419764  
-1.74317808  
-3.99656329  
-5.268208403  
-5.396224741  
-4.490791582  
-2.878738959  
-0.9965702351  
0.7331464106  
2.004954343  
2.68579251  
2.812391728  
2.539913372  
2.065377626  
1.554629422  
1.096627387  
0.6962492121  
0.3016600553  
-1.843787864  
-1.239163996  
-0.5264006239  
-0.2300869311  
-0.7567577073  
-2.244526392  
-4.500247424  
-7.048553568  
-9.279311952  
-10.6459153  
-10.8481035  
-9.936670608  
-8.302660465  
-6.552213684  
-5.307318453  
-4.998575601  
-5.719979186  
-7.195543503  
-8.870140506  
-10.09473192  
-10.34362588  
-9.389902908  
-7.379008868  
-4.775050347  
-2.19818072  
-0.2092353835  
0.8834476041  
1.127235527  
0.9015157939  
0.7743777808  
1.289172197  
2.756005051  
5.122779298  
7.973757513  
10.65944472  
12.51523524  
13.09369511  
12.32850332  
10.56982781  
8.474413014  
6.78423677  
6.067781065  
6.513460498  
7.849510945  
9.423074216  
10.41699193  
10.13440461  
8.255335938  
4.975784115  
0.9769485157  
-2.771635063  
-5.314854336  
-6.022792979  
-4.806159253  
-2.162012983  
0.9698605858  
3.497227528  
4.520289747  
3.619639187  
0.9928419978  
-2.606144841  
-6.10636131  
-8.461079688  
-8.980396775  
-7.547470034  
-4.648911938  
-1.210816465  
1.704473069  
3.240730878  
3.017392862  
1.239640628  
-1.384223976  
-3.887518923  
-5.368797709  
-5.286781177  
-3.630769367  
-0.9139101445  
2.003577992  
4.198259338  
4.977994338  
4.090362781  
1.780316995  
-1.314858693  
-4.39023514  
-6.736151586  
-7.948678447  
-8.019357977  
-7.281041671  
-6.238288209  
-5.350579539  
-4.850834304  
-4.665951301  
-4.466500993  
-3.823968948  
-2.413652539  
-0.1840160522  
2.574818238  
5.294094614  
7.303163065  
8.059523074  
7.350142468  
5.389650103  
2.775343818  
0.3084259616  
-1.261891702  
-1.486262962  
-0.3703720704  
1.617626112  
3.693461741  
5.011195763  
4.943223043  
3.293765483  
0.3751075332  
-3.079380053  
-6.137917369  
-7.957036151  
-8.040286024  
-6.386843444  
-3.484467583  
-0.1519270488  
2.715978513  
4.418087206  
4.646366205  
3.555642972  
1.687434033  
-0.2213150074  
-1.478763127  
-1.649929906  
-0.6749429042  
1.13748661  
3.231205373  
4.99248762  
5.944110793  
5.882383583  
4.91861308  
3.419752376  
1.875311819  
0.7385077896  
0.2932251239  
0.5852295717  
1.431906484  
2.498723289  
3.411349689  
3.865360868  
3.7015441  
2.930183285  
1.705921531  
0.2692668498  
-1.12262093  
-2.255462872  
-2.995600329  
-3.303849811  
-3.230714918  
-2.900597532  
-2.490327981  
-2.202960294  
-2.234775572  
-2.734195062  
-3.756296745  
-5.223410831  
-6.907331402  
-8.448100875  
-9.4165777  
-9.414339201  
-8.189178854  
-5.733450819  
-2.330968875  
1.47152556  
4.971888222  
7.477912932  
8.488295616  
7.837306963  
5.757417512  
2.83537039  
-0.1321257006  
-2.34627649  
-3.220007086  
-2.536311814  
-0.504794568  
2.30033032  
5.102424446  
7.136831024  
7.854897285  
7.059628561  
4.937346584  
1.982310713  
-1.156591686  
-3.856363394  
-5.672425577  
-6.421238761  
-6.176810002  
-5.194033193  
-3.794245982  
-2.257051031  
-0.7551548285  
0.6508770383  
1.965521608  
3.186592844  
4.245090201  
4.986716023  
5.207264199  
4.731072091  
3.502482326  
1.652167363  
-0.493562715  
-2.473348621  
-3.809224564  
-4.148509789  
-3.383405847  
-1.706382943  
0.4220847738  
2.389631694  
3.600955434  
3.650501313  
2.446788867  
0.249747871  
-2.391879959  
-4.786190351  
-6.285155684  
-6.459493999  
-5.21206101  
-2.799292087  
0.2425105941  
3.242085037  
5.566412458  
6.773751149  
6.706880512  
5.506378105  
3.547560444  
1.325268092  
-0.6775331104  
-2.101104772  
-2.774052455  
-2.722154242  
-2.127667651  
-1.258175659  
-0.3889268712  
0.2603119492  
0.5613234261  
0.4841928132  
0.08120172816  
-0.5412535957  
-1.252079932  
-1.919395846  
-2.427057834  
-2.685830114  
-2.642486644  
-2.288704332  
-1.668629103  
-0.8812635356  
-0.07292737045  
0.5831233996  
0.9188066152  
0.8092503396  
0.207322256  
-0.8355218718  
-2.169597077  
-3.570621883  
-4.782147118  
-5.566716914  
-5.753081072  
-5.267878892  
-4.144759054  
-2.510337678  
-0.5526734887  
1.517958005  
3.505393456  
5.25287105  
6.653804097  
7.649584313  
8.219709563  
8.370626745  
8.128337119  
7.536472961  
6.658080826  
5.576938688  
4.394079402  
3.21720364  
2.144043189  
1.244049777  
0.5446025759  
0.02731409825  
-0.3628958989  
-0.6976686295  
-1.039887742  
-1.421452733  
-1.832073356  
-2.223693537  
-2.530050059  
-2.69544279  
-2.703109226  
-2.592909612  
-2.460770558  
-2.437829325  
-2.653675256  
-3.193580896  
-4.062231007  
-5.165442142  
-6.316763763  
-7.26919773  
-7.765347352  
-7.594280396  
-6.641463637  
-4.919982081  
-2.575884988  
0.1331729394  
2.880816103  
5.326890898  
7.17325926  
8.210122161  
8.345411961  
7.613637684  
6.164398912  
4.233910639  
2.105082538  
0.06287280526  
-1.647920902  
-2.855658385  
-3.480132278  
-3.532852712  
-3.099521175  
-2.30875517  
-1.295006227  
-0.1658752952  
1.016161533  
2.231073665  
3.477305032  
4.733702181  
5.920991815  
6.879264542  
7.375536832  
7.147365554  
5.976749198  
3.776294209  
0.661283158  
-3.019799875  
-6.715685049  
-9.767303502  
-11.55127711  
-11.63831409  
-9.923316832  
-6.686633025  
-2.561270873  
1.594341685  
4.891144059  
6.623176375  
6.442859895  
4.448107083  
1.154564192  
-2.641690994  
-6.073834242  
-8.427511558  
-9.31413838  
-8.745363529  
-7.089446309  
-4.926115453  
-2.847407354  
-1.268169873  
-0.3060026089  
0.2324361937  
0.7565806815  
1.721801402  
3.441828128  
5.947413867  
8.939845939  
11.8567292  
14.03048968  
14.88923879  
14.13527116  
11.84329429  
8.446389159  
4.613922866  
1.060632138  
-1.652127169  
-3.26012789  
-3.841068221  
-3.749471357  
-3.466912367  
-3.420088427  
-3.828572456  
-4.632844491  
-5.525048159  
-6.069874336  
-5.872616095  
-4.735966872  
-2.751535872  
-0.2944587411  
2.077797846  
3.789451237  
4.419810358  
3.830135918  
2.203983536  
-0.01036170548  
-2.235177243  
-3.932116506  
-4.751417936  
-4.616795803  
-3.723734594  
-2.457144974  
-1.25916305  
-0.4912734668  
-0.333390888  
-0.7476309449  
-1.511930696  
-2.306539917  
-2.821707801  
-2.851669119  
-2.348215535  
-1.422692041  
-0.3022514875  
0.7409981863  
1.46448361  
1.712887039  
1.447557495  
0.7462428332  
-0.2203366888  
-1.225297071  
-2.027023559  
-2.409894318  
-2.221889574  
-1.407243899  
-0.03017762259  
1.717268651  
3.531639324  
5.044298258  
5.895585499  
5.824585452  
4.752548113  
2.833616896  
0.450606134  
-1.853460075  
-3.498494403  
-4.016671129  
-3.187212632  
-1.115437746  
1.772139192  
4.821570981  
7.312214645  
8.641051653  
8.478249592  
6.848936628  
4.117882349  
0.8831117056  
-2.188004886  
-4.530041655  
-5.807791564  
-5.967206447  
-5.201238551  
-3.850793633  
-2.28054835  
-0.7741723085  
0.5177357757  
1.566310093  
2.40413373  
3.04890018  
3.448550971  
3.474830565  
2.97065054  
1.832575897  
0.09279002094  
-2.037997995  
-4.192369964  
-5.934232731  
-6.888002983  
-6.865150421  
-5.941152659  
-4.450251124  
-2.892922055  
-1.781995477  
-1.476683968  
-2.060507248  
-3.306169134  
-4.741853928  
-5.798872962  
-5.992421147  
-5.075295257  
-3.113584491  
-0.4601877536  
2.362646866  
4.829388785  
6.567710136  
7.452175257  
7.606070615  
7.316373897  
6.898583928  
6.565607004  
6.351766229  
6.12041581  
5.650172136  
4.763044541  
3.44002421  
1.873014679  
0.4256507922  
-0.4889112267  
-0.5711193094  
0.2226283799  
1.616982098  
3.066932549  
3.91268966  
3.593848685  
1.851644951  
-1.152470038  
-4.848544969  
-8.403923119  
-10.96108345  
-11.89257183  
-10.99015359  
-8.525605381  
-5.162572976  
-1.748320242  
0.9458560071  
2.450362545  
2.716503837  
2.093609989  
1.17722938  
0.5847592214  
0.7377067747  
1.724617729  
3.287948527  
4.933181743  
6.115608482  
6.434542923  
5.765216228  
4.284152224  
2.384708425  
0.5201474049  
-0.9628470204  
-1.93610837  
-2.506498584  
-2.934488601  
-3.491165388  
-4.314351173  
-5.324938075  
-6.240737393  
-6.686046019  
-6.355707357  
-5.168066105  
-3.34182532  
-1.358111273  
0.188107499  
0.7994001517  
0.2742283411  
-1.184333841  
-2.99830685  
-4.383966463  
-4.610615505  
-3.263443961  
-0.4181658651  
3.339194609  
7.063529031  
9.730768026  
10.55893926  
9.264980353  
6.170469486  
2.117731619  
-1.779945032  
-4.475026186  
-5.301115075  
-4.165552374  
-1.55842771  
1.621961737  
4.366918365  
5.878651677  
5.80988579  
4.34639781  
2.111559319  
-0.06789355169  
-1.450540407  
-1.623860817  
-0.6224245972  
1.113551326  
2.917231326  
4.143052945  
4.39360157  
3.646547194  
2.241078565  
0.7345633342  
-0.3139170899  
-0.5522633877  
0.03930473328  
1.149494362  
2.260020148  
2.844139946  
2.565199  
1.402046071  
-0.3439538354  
-2.161695721  
-3.520542937  
-4.067592321  
-3.759481844  
-2.880221627  
-1.938035071  
-1.477932372  
-1.87720361  
-3.197381062  
-5.146295338  
-7.165037252  
-8.610649969  
-8.971806909  
-8.043239119  
-5.999054525  
-3.340082066  
-0.7335241063  
1.200365964  
2.082680006  
1.886956666  
0.9317093534  
-0.2404706917  
-1.054427203  
-1.099420113  
-0.2664750779  
1.217482365  
2.867045018  
4.099121334  
4.423129174  
3.599434929  
1.717752341  
-0.8253106618  
-3.438102149  
-5.497271297  
-6.512124268  
-6.243486981  
-4.74819351  
-2.344619549  
0.4826887966  
3.207181828  
5.378561653  
6.708126884  
7.107907184  
6.6842356  
5.69629297  
4.493941904  
3.447855624  
2.881230847  
3.009393823  
3.893081896  
5.412654319  
7.271879961  
9.03840301  
10.22181336  
10.3798687  
9.232004734  
6.751108719  
3.2042419  
-0.877475894  
-4.801535254  
-7.869282722  
-9.545322304  
-9.594395237  
-8.144772621  
-5.656434118  
-2.79977215  
-0.2777632875  
1.357407711  
1.839763879  
1.237847221  
-0.09628985733  
-1.658561676  
-2.961067504  
-3.682679043  
-3.754816409  
-3.357782433  
-2.833219999  
-2.545946844  
-2.744347497  
-3.467392003  
-4.529043584  
-5.583414863  
-6.246188829  
-6.229131593  
-5.441075379  
-4.021500431  
-2.296855161  
-0.6764029006  
0.4755641378  
0.9477088456  
0.7350296627  
0.02317868396  
-0.8863303052  
-1.680302171  
-2.129476554  
-2.143380474  
-1.769263312  
-1.141681277  
-0.4074311945  
0.3414850029  
1.099149023  
1.929190999  
2.908612082  
4.057074939  
5.283869934  
6.379180805  
7.05977857  
7.058121509  
6.225546973  
4.612188324  
2.491342213  
0.3133055505  
-1.402911444  
-2.209919611  
-1.86197558  
-0.3938934182  
1.876989644  
4.428035428  
6.665547165  
8.076682599  
8.355102186  
7.465700063  
5.633401771  
3.264421279  
0.8277423162  
-1.265914359  
-2.753117598  
-3.55356266  
-3.750095142  
-3.527753632  
-3.097285549  
-2.629636724  
-2.220102135  
-1.887683369  
-1.60218845  
-1.322973299  
-1.031798522  
-0.7474912024  
-0.519335046  
-0.4051989669  
-0.4459756897  
-0.6479791779  
-0.9802091193  
-1.3861664  
-1.803612155  
-2.182797045  
-2.495419989  
-2.731736554  
-2.889397914  
-2.96175928  
-2.933660831  
-2.788678362  
-2.525515746  
-2.175213342  
-1.808465821  
-1.524816034  
-1.422575367  
-1.557341911  
-1.904111403  
-2.340085843  
-2.660379648  
-2.628222977  
-2.048222748  
-0.8406002126  
0.9095274303  
2.948559966  
4.903974336  
6.377090589  
7.053435639  
6.796907442  
5.696536597  
4.0480832  
2.272809771  
0.7962606139  
-0.07630940071  
-0.2489047366  
0.1403287155  
0.7668071424  
1.225123991  
1.159286371  
0.3763994477  
-1.09176987  
-2.997808959  
-4.953675782  
-6.546091283  
-7.454450773  
-7.534070975  
-6.840547722  
-5.591579961  
-4.083490613  
-2.593790108  
-1.303673246  
-0.2649181499  
0.5818782527  
1.350038822  
2.136484388  
2.967713209  
3.783486958  
4.463577315  
4.885065477  
4.984923158  
4.799925115  
4.464537435  
4.164204316  
4.060014177  
4.213838865  
4.545403763  
4.842721372  
4.82818078  
4.261020567  
3.041007399  
1.274180575  
-0.7281175703  
-2.523964152  
-3.670374974  
-3.867490475  
-3.068857776  
-1.517297805  
0.3114903998  
1.84525602  
2.59134828  
2.297027567  
1.040591064  
-0.7797127661  
-2.559898691  
-3.674861889  
-3.676737284  
-2.444098967  
-0.2333055548  
2.386538737  
4.696783484  
6.041044427  
6.020289232  
4.610868896  
2.169353266  
-0.6764127714  
-3.215155584  
-4.860101648  
-5.313165962  
-4.636860113  
-3.215532177  
-1.622530879  
-0.4384219651  
-0.07836194915  
-0.6808189536  
-2.087539063  
-3.914116665  
-5.682009473  
-6.9656486  
-7.507327159  
-7.267209868  
-6.400124494  
-5.175903448  
-3.877285158  
-2.71332963  
-1.77648394  
-1.052274994  
-0.4697092725  
0.03432777346  
0.4668913421  
0.768483601  
0.8446588252  
0.6254821529  
0.1258244492  
-0.5223817352  
-1.084904362  
-1.287833632  
-0.9094397475  
0.130712044  
1.719304586  
3.556631503  
5.227016713  
6.313383941  
6.52059339  
5.767628884  
4.217764084  
2.235992634  
0.2869368514  
-1.193807138  
-1.913544328  
-1.786086187  
-0.927596009  
0.4090329987  
1.933943034  
3.416062076  
4.74001434  
5.905398336  
6.972662071  
7.981037008  
8.875647123  
9.478203566  
9.519483442  
8.727588661  
6.942776213  
4.216121635  
0.8511332932  
-2.635399859  
-5.62976258  
-7.583494837  
-8.171442932  
-7.393623244  
-5.584602323  
-3.323111519  
-1.267304074  
0.0337436426  
0.2928151591  
-0.4468973252  
-1.848435615  
-3.408976279  
-4.634501636  
-5.201246796  
-5.04896535  
-4.375187755  
-3.534695806  
-2.882372067  
-2.618331423  
-2.694353088  
-2.819532924  
-2.567721779  
-1.551842953  
0.3962467531  
3.107318575  
6.066835865  
8.530597225  
9.734621253  
9.135621223  
6.604256252  
2.504793848  
-2.370963538  
-7.001582912  
-10.40886949  
-11.92337305  
-11.36101202  
-9.056456919  
-5.744079207  
-2.325423438  
0.4020746101  
1.969116242  
2.342015627  
1.883491853  
1.185276559  
0.8329176242  
1.184427282  
2.238193145  
3.63406149  
4.785594696  
5.09659467  
4.186395485  
2.045562765  
-0.9325821806  
-4.056989756  
-6.546445765  
-7.771002405  
-7.447106691  
-5.72184126  
-3.118948064  
-0.3655333463  
1.842118996  
3.055514566  
3.202326612  
2.585384103  
1.755402442  
1.302905975  
1.64128212  
2.854883295  
4.663160989  
6.512018344  
7.76067299  
7.900568187  
6.732953089  
4.446476096  
1.570081455  
-1.182080456  
-3.122171331  
-3.788216805  
-3.069563254  
-1.222528021  
1.222439342  
3.626132576  
5.421620418  
6.253551751  
6.036997601  
4.927623266  
3.225868385  
1.258196669  
-0.7184189742  
-2.55682289  
-4.198254681  
-5.608958604  
-6.711643278  
-7.349956688  
-7.30926408  
-6.392007088  
-4.520553007  
-1.824913071  
1.326316771  
4.3756138  
6.701818525  
7.786917685  
7.371394371  
5.544664028  
2.735678892  
-0.399008049  
-3.157853452  
-4.990674076  
-5.645809197  
-5.220524919  
-4.099396986  
-2.803331481  
-1.802476544  
-1.358488622  
-1.450980235  
-1.812810694  
-2.059648132  
-1.864809947  
-1.113111838  
0.0261175806  
1.138263216  
1.705661516  
1.304951666  
-0.2110933005  
-2.615994816  
-5.338269388  
-7.615586935  
-8.728952503  
-8.24096201  
-6.156733426  
-2.948671961  
0.5701473891  
3.488615923  
5.080651364  
5.036884397  
3.567446739  
1.338730444  
-0.7391177501  
-1.807848795  
-1.345153749  
0.6554992679  
3.669364128  
6.796847394  
9.043963802  
9.638509846  
8.281600161  
5.254392692  
1.345664768  
-2.377508799  
-4.884663186  
-5.485143487  
-4.027411375  
-0.9361184696  
2.920129489  
6.48550054  
8.817147887  
9.338344644  
7.972812105  
5.128571577  
1.547109357  
-1.926880533  
-4.580402952  
-6.002295771  
-6.145783334  
-5.278319564  
-3.849272099  
-2.328077142  
-1.068130449  
-0.2356025401  
0.1848980509  
0.3240493701  
0.3361846264  
0.3216389889  
0.2915193616  
0.1828994635  
-0.08897681523  
-0.5690646519  
-1.220935444  
-1.924332519  
-2.513149614  
-2.837301683  
-2.821479032  
-2.494737098  
-1.976853074  
-1.425539829  
-0.9655454924  
-0.6294803739  
-0.3371183358  
0.07444786247  
0.7775718218  
1.863962687  
3.273199218  
4.771329718  
5.99458391  
6.549760134  
6.140906549  
4.679608474  
2.338604869  
-0.4744513991  
-3.219942021  
-5.376223542  
-6.589261227  
-6.772704069  
-6.124117827  
-5.050206425  
-4.024377055  
-3.423350038  
-3.397633257  
-3.820331499  
-4.333118327  
-4.475577406  
-3.85545426  
-2.302403994  
0.04806455214  
2.771692219  
5.271786663  
6.95968876  
7.442089232  
6.653879345  
4.891466634  
2.732507091  
0.8643595484  
-0.1267755108  
0.05954394612  
1.338125956  
3.255891923  
5.123943501  
6.22524157  
6.035533831  
4.390619923  
1.548895347  
-1.87051233  
-5.056578633  
-7.232993789  
-7.876527697  
-6.863941788  
-4.505535555  
-1.456626076  
1.46673129  
3.514593896  
4.208392988  
3.467757634  
1.62523397  
-0.6730070835  
-2.650984135  
-3.619614363  
-3.167217613  
-1.27351999  
1.6813112  
5.012594289  
7.904750374  
9.616277044  
9.663444846  
7.9374204  
4.727850618  
0.6501620207  
-3.502491409  
-6.944308277  
-9.073381922  
-9.598284536  
-8.587125461  
-6.431329392  
-3.737014582  
-1.173461317  
0.6831350811  
1.473284247  
1.117738656  
-0.1903892871  
-2.058057486  
-4.006663679  
-5.596446034  
-6.528202968  
-6.697482584  
-6.190537044  
-5.227930154  
-4.076125829  
-2.955695116  
-1.97463997  
-1.106777039  
-0.2206919849  
0.8513729661  
2.228308019  
3.90798418  
5.734230181  
7.417271844  
8.605196562  
8.987224949  
8.398031528  
6.889840653  
4.746799079  
2.432281414  
0.4796954874  
-0.6449631061  
-0.6704929111  
0.3993602953  
2.277835068  
4.463853653  
6.36992596  
7.474129553  
7.453609388  
6.262035934  
4.129887333  
1.489085321  
-1.154113417  
-3.359137941  
-4.86206105  
-5.625459842  
-5.814814773  
-5.712449211  
-5.599634319  
-5.647059334  
-5.850425625  
-6.032452879  
-5.910265732  
-5.205067588  
-3.756634577  
-1.603107693  
1.00222901  
3.644826518  
5.857534195  
7.249719822  
7.615297258  
6.984669766  
5.603900623  
3.848369825  
2.099988824  
0.6290928278  
-0.4794634042  
-1.331545845  
-2.159276195  
-3.209850553  
-4.627033847  
-6.367878429  
-8.1858093  
-9.68898535  
-10.45711924  
-10.17941602  
-8.768006746  
-6.408161808  
-3.526433767  
-0.6843570409  
1.570585103  
2.851134097  
3.02908847  
2.257730746  
0.9134644377  
-0.5222236564  
-1.601486556  
-2.025960977  
-1.70612656  
-0.7511144162  
0.6002870418  
2.077921111  
3.470866604  
4.679310844  
5.713339242  
6.645194858  
7.53894059  
8.389017084  
9.094402839  
9.480030097  
9.35776918  
8.603109258  
7.216764945  
5.345619052  
3.252602529  
1.244599467  
-0.416243988  
-1.585605079  
-2.267722822  
-2.592851605  
-2.750730355  
-2.906377018  
-3.131564965  
-3.379556038  
-3.513918714  
-3.380636432  
-2.894755971  
-2.105208783  
-1.208165999  
-0.4978174747  
-0.267747565  
-0.6967238298  
-1.761772835  
-3.214792589  
-4.638179164  
-5.566994719  
-5.640046664  
-4.729210171  
-3.000737376  
-0.8834200456  
1.050656786  
2.256909434  
2.386119787  
1.394543493  
-0.4400527747  
-2.601687963  
-4.49096975  
-5.600210573  
-5.651975439  
-4.658173871  
-2.88533475  
-0.744385278  
1.351507251  
3.108814148  
4.413600876  
5.313553056  
5.936882378  
6.387202113  
6.661966349  
6.631572603  
6.090720951  
4.862927675  
2.915298922  
0.4332212032  
-2.182743666  
-4.407115039  
-5.742319005  
-5.882991896  
-4.832091092  
-2.922634828  
-0.7304158967  
1.098242345  
2.048030942  
1.89708243  
0.783437188  
-0.8487046737  
-2.405177593  
-3.34600706  
-3.365458096  
-2.484205201  
-1.021512884  
0.5407650119  
1.75039827  
2.359817287  
2.416242444  
2.230512767  
2.234158787  
2.777999231  
3.950537163  
5.490751689  
6.837603711  
7.308731715  
6.351204743  
3.776060286  
-0.1117728728  
-4.544475944  
-8.485365635  
-10.9303537  
-11.22065642  
-9.262044688  
-5.57367024  
-1.144717411  
2.85866923  
5.442727678  
6.078482754  
4.842501765  
2.362274235  
-0.4118426026  
-2.528223605  
-3.339331381  
-2.689256538  
-0.9250500918  
1.26385439  
3.114044601  
4.064441199  
3.941100934  
2.987418145  
1.73486866  
0.7685635668  
0.4800153433  
0.9029655621  
1.695844996  
2.278343979  
2.070577018  
0.7433651127  
-1.617806451  
-4.501922934  
-7.125122638  
-8.695991174  
-8.698748982  
-7.089974889  
-4.333258961  
-1.253473864  
1.242212173  
2.47961462  
2.256362661  
0.9162754399  
-0.771690848  
-1.891458001  
-1.719246257  
-0.004686202576  
2.908138688  
6.167235223  
8.682429231  
9.489623144  
8.086676889  
4.626130959  
-0.102347736  
-4.896181708  
-8.497895492  
-9.970099153  
-8.966761976  
-5.816967674  
-1.401498758  
3.128859224  
6.694869626  
8.578051145  
8.570379871  
6.95075652  
4.316335846  
1.344304991  
-1.423232804  
-3.696756672  
-5.429541915  
-6.70417008  
-7.579909671  
-7.978545853  
-7.666871297  
-6.350269386  
-3.841338719  
-0.230656004  
4.021313203  
8.126959422  
11.15513423  
12.30568694  
11.18423174  
7.97700627  
3.453225332  
-1.221842423  
-4.814397883  
-6.390069863  
-5.603287444  
-2.81065333  
1.033275993  
4.668262637  
6.916588879  
7.042990578  
4.971324779  
1.290703814  
-2.946591247  
-6.565111792  
-8.630641325  
-8.721130183  
-7.021260124  
-4.219275605  
-1.251017145  
1.015661285  
2.048242758  
1.783574723  
0.5939860964  
-0.8895993562  
-2.025278384  
-2.387003298  
-1.893151398  
-0.7999665547  
0.4260249158  
1.299938874  
1.499155173  
0.967014428  
-0.09218105251  
-1.315044798  
-2.329728679  
-2.891572127  
-2.950415683  
-2.627331811  
-2.117476849  
-1.56673761  
-0.9804929568  
-0.2089844495  
0.9791066034  
2.761866116  
5.12412418  
7.775286259  
10.16985463  
11.63781832  
11.58912383  
9.724379465  
6.1755884  
1.520426949  
-3.345097055  
-7.441832474  
-9.977999473  
-10.5681111  
-9.328907113  
-6.821531232  
-3.860705389  
-1.256078343  
0.4273841592  
1.011694718  
0.7081710363  
-0.01301372894  
-0.6326110654  
-0.7917428909  
-0.4240532295  
0.2359624581  
0.7682441817  
0.7598925885  
0.0004350616138  
-1.396359466  
-2.993482542  
-4.159192806  
-4.281095945  
-2.992038493  
-0.3282279513  
3.237964445  
6.90586311  
9.763173242  
11.04353455  
10.34420753  
7.737490271  
3.745096502  
-0.8110959632  
-5.030929854  
-8.160727126  
-9.756301979  
-9.744977918  
-8.383013216  
-6.137385914  
-3.539878818  
-1.061322367  
0.9624991092  
2.346746421  
3.031371927  
3.040969595  
2.456224264  
1.408511567  
0.09085835561  
-1.234853943  
-2.256603872  
-2.668131221  
-2.254082068  
-0.9773606529  
0.9681326128  
3.170901865  
5.09273656  
6.219767984  
6.230042261  
5.120619182  
3.243778358  
1.227937849  
-0.2031449916  
-0.4623614907  
0.6907331173  
3.034102745  
5.908044733  
8.383577972  
9.530249767  
8.704104901  
5.765962376  
1.158429438  
-4.187786525  
-9.095007446  
-12.45751874  
-13.5437819  
-12.19215155  
-8.84316545  
-4.401842424  
0.02503803795  
3.435173488  
5.188983386  
5.146860238  
3.652987949  
1.38182793  
-0.8956483576  
-2.548256023  
-3.250809572  
-3.035436898  
-2.223299666  
-1.270811819  
-0.5893144376  
-0.4010429237  
-0.677176202  
-1.172811571  
-1.539981637  
-1.474602046  
-0.8442031922  
0.2475560265  
1.480514574  
2.414075114  
2.627375512  
1.858309136  
0.09806043132  
-2.387010005  
-5.11149904  
-7.487750365  
-8.969668343  
-9.184597242  
-8.020007466  
-5.645787762  
-2.470613387  
0.9530881786  
4.050306584  
6.34190636  
7.534925122  
7.567617583  
6.603160434  
4.976918959  
3.11133081  
1.418336623  
0.2110831644  
-0.3557541637  
-0.3042623049  
0.1930978165  
0.8769365958  
1.484132765  
1.82760781  
1.849559112  
1.63179904  
1.359096231  
1.245900492  
1.449378386  
1.997703904  
2.759709531  
3.470096316  
3.806706455  
3.498293814  
2.42887482  
0.7027716299  
-1.355486955  
-3.272801303  
-4.553895743  
-4.826438285  
-3.960217482  
-2.121098229  
0.2609311783  
2.604139767  
4.336818675  
5.060729389  
4.666617817  
3.365875595  
1.627807619  
0.04082863544  
-0.8606731015  
-0.7518011201  
0.3910013744  
2.287505048  
4.438588725  
6.270110615  
7.290754527  
7.216946966  
6.030751206  
3.959291155  
1.389097657  
-1.252476454  
-3.609502219  
-5.470299707  
-6.784077334  
-7.62495549  
-8.124070501  
-8.398758224  
-8.50522891  
-8.429347828  
-8.114174947  
-7.508733456  
-6.615258246  
-5.51402366  
-4.354571285  
-3.31584846  
-2.549966216  
-2.130665644  
-2.02597719  
-2.105722902  
-2.182062795  
-2.069668711  
-1.645510257  
-0.8888114721  
0.1111662272  
1.180891457  
2.112471484  
2.721289798  
2.893870504  
2.613014409  
1.955510182  
1.066415368  
0.1202025498  
-0.7188763925  
-1.326918732  
-1.635617258  
-1.632635551  
-1.351119384  
-0.8538066969  
-0.2163805666  
0.4872894567  
1.197210232  
1.876443149  
2.516544082  
3.137380092  
3.779057901  
4.485069572  
5.278810106  
6.139431907  
6.985771807  
7.677074245  
8.035602611  
7.889484578  
7.126300621  
5.741891905  
3.867308185  
1.761099803  
-0.2363930345  
-1.778101259  
-2.595496827  
-2.56966011  
-1.76607507  
-0.4208215334  
1.119741947  
2.489321371  
3.395822752  
3.691585605  
3.399360427  
2.687682882  
1.805273536  
0.9967792297  
0.4273234038  
0.1392849713  
0.05307919232  
0.008565342749  
-0.1696669485  
-0.6068732998  
-1.334863129  
-2.283940855  
-3.309998326  
-4.244307013  
-4.946520128  
-5.341918924  
-5.431439037  
-5.274345503  
-4.953948895  
-4.542495482  
-4.080161537  
-3.575720025  
-3.026135177  
-2.44345804  
-1.873759353  
-1.396144832  
-1.098854696  
-1.040576033  
-1.213402427  
-1.525854229  
-1.818244765  
-1.910589706  
-1.669383115  
-1.069599803  
-0.2265559766  
0.6195793007  
1.168040035  
1.153730699  
0.4449516508  
-0.8919483139  
-2.587140572  
-4.228824702  
-5.376609043  
-5.692528673  
-5.047079538  
-3.563563184  
-1.583120111  
0.4409677791  
2.086574886  
3.096353619  
3.455900687  
3.388193025  
3.263863372  
3.45602761  
4.18863679  
5.431495211  
6.881080493  
8.038512201  
8.363224873  
7.454455725  
5.201387143  
1.851061405  
-2.031458564  
-5.701905469  
-8.433808846  
-9.713864398  
-9.376015708  
-7.634093157  
-5.005023222  
-2.149014337  
0.3216841303  
2.005849006  
2.799980272  
2.887015473  
2.637888138  
2.464127175  
2.673108837  
3.373076566  
4.455034543  
5.650634766  
6.639220805  
7.162252091  
7.103998484  
6.512778859  
5.560773214  
4.463549072  
3.394423935  
2.42866969  
1.538847207  
0.6408086001  
-0.3314359695  
-1.356226186  
-2.293168625  
-2.908663673  
-2.953533845  
-2.266003163  
-0.8604846176  
1.035535104  
3.017530126  
4.608079389  
5.398390661  
5.180200771  
4.020993718  
2.252423041  
0.370628425  
-1.122074572  
-1.882673002  
