-3.0592054  
-3.548723197  
-3.386431209  
-2.860849702  
-2.301477578  
-1.935740127  
-1.792943758  
-1.690327034  
-1.306290671  
-0.3145987913  
1.468720932  
3.979130556  
6.877892417  
9.619776956  
11.59547862  
12.30476991  
11.50587955  
9.293832116  
6.083081608  
2.499807372  
-0.7829741684  
-3.217747522  
-4.512031607  
-4.679890117  
-4.005341986  
-2.934586389  
-1.934058882  
-1.358833827  
-1.369293102  
-1.916030459  
-2.790351185  
-3.717585359  
-4.458994846  
-4.888152677  
-5.018650867  
-4.977382814  
-4.9359702  
-5.026174799  
-5.269563082  
-5.546613475  
-5.61742076  
-5.189718407  
-4.014899829  
-1.983296261  
0.8108767103  
4.05693232  
7.275471236  
9.917686026  
11.49264203  
11.68991251  
10.46467409  
8.06071314  
4.96246008  
1.7857876  
-0.8658412811  
-2.542957176  
-3.05200888  
-2.490113925  
-1.203295193  
0.3198680967  
1.588613768  
2.243873525  
2.146984603  
1.398294694  
0.2823244249  
-0.8408617947  
-1.661460754  
-2.021056507  
-1.955799382  
-1.66820866  
-1.438934307  
-1.510873174  
-1.988203259  
-2.787961974  
-3.663235233  
-4.290887667  
-4.392437755  
-3.843060163  
-2.726323463  
-1.311022969  
0.04491592788  
1.030110909  
1.504250567  
1.561549605  
1.503104853  
1.721028915  
2.531520996  
4.017153211  
5.94092626  
7.773678587  
8.838251669  
8.530868783  
6.54814891  
3.039166896  
-1.378709382  
-5.758995412  
-9.08670292  
-10.58247936  
-9.952252676  
-7.49658231  
-4.036493364  
-0.6717720112  
1.555666523  
1.986531934  
0.5507945087  
-2.213460142  
-5.337686522  
-7.740453077  
-8.580956375  
-7.531451115  
-4.878163452  
-1.417546319  
1.816164393  
3.899043709  
4.322873774  
3.154626393  
0.9975414125  
-1.230134511  
-2.619909716  
-2.587530562  
-1.068278848  
1.472904612  
4.216709316  
6.285249569  
7.051751749  
6.354123743  
4.538154745  
2.318047372  
0.5077954166  
-0.2771076649  
0.1614805447  
1.543988529  
3.231672343  
4.478519705  
4.72195468  
3.803480308  
2.03624444  
0.0930814058  
-1.244783292  
-1.385922393  
-0.1628018631  
2.086825626  
4.624480467  
6.566346964  
7.198040732  
6.233869267  
3.924278854  
0.9694086218  
-1.732658533  
-3.413098462  
-3.715810367  
-2.831711091  
-1.431093071  
-0.4141823071  
-0.566964921  
-2.246002742  
-5.208431481  
-8.653719591  
-11.46928414  
-12.59908751  
-11.40905651  
-7.922049375  
-2.838989838  
2.663669972  
7.292546882  
10.03056362  
10.43230209  
8.724176582  
5.681315976  
2.331110916  
-0.4071822297  
-2.017834481  
-2.516937992  
-2.374481095  
-2.267395247  
-2.762386914  
-4.052069029  
-5.846973931  
-7.46701854  
-8.100818876  
-7.13716909  
-4.443862301  
-0.4853716542  
3.772517005  
7.146688309  
8.616034339  
7.666489344  
4.481334655  
-0.09167220638  
-4.788594929  
-8.311543077  
-9.718059874  
-8.689895893  
-5.596355066  
-1.338963107  
2.961511174  
6.323352628  
8.184788122  
8.517571614  
7.74670303  
6.520081615  
5.423670899  
4.752896921  
4.424738192  
4.058202127  
3.185034186  
1.502386751  
-0.93683786  
-3.676371574  
-5.977492452  
-7.069358714  
-6.438718912  
-4.050924753  
-0.4160867948  
3.531729333  
6.707644558  
8.211601504  
7.61284737  
5.086147186  
1.353214401  
-2.550103735  
-5.601022785  
-7.100615458  
-6.865548207  
-5.241762341  
-2.944154074  
-0.7861951525  
0.6011601206  
0.9627399107  
0.4619410963  
-0.4326458088  
-1.165533407  
-1.330030985  
-0.8309068778  
0.08580607309  
0.943625556  
1.240971644  
0.6694484037  
-0.7409295885  
-2.607371275  
-4.318794286  
-5.254364121  
-5.015160352  
-3.582022889  
-1.338894224  
1.049980951  
2.86711698  
3.592433297  
3.087356221  
1.645349017  
-0.110593306  
-1.448190429  
-1.786214829  
-0.9026143578  
0.9837493861  
3.287377658  
5.261020991  
6.259791005  
5.972235958  
4.537544763  
2.50754436  
0.6657242596  
-0.2356236986  
0.2684122973  
2.191425769  
5.077651842  
8.13431459  
10.4693426  
11.35640955  
10.44307894  
7.839632868  
4.067226539  
-0.1100625462  
-3.909648867  
-6.738331616  
-8.322091976  
-8.726831788  
-8.27706992  
-7.411776762  
-6.532247495  
-5.892578067  
-5.562016378  
-5.459627074  
-5.435828508  
-5.361778362  
-5.189804256  
-4.963824126  
-4.781074239  
-4.72626591  
-4.809398489  
-4.935653259  
-4.921774485  
-4.554407216  
-3.669104519  
-2.220597116  
-0.3179668393  
1.788965076  
3.768553428  
5.292693513  
6.121568869  
13.69610686  
15.73401686  
14.64581781  
10.87333513  
5.599736919  
0.3993469855  
-3.223454175  
-4.267900096  
-2.514928971  
1.429434928  
6.332352004  
10.70845644  
13.25388838  
13.20989386  
10.55209832  
5.958115335  
0.574853463  
-4.334133978  
-7.749429685  
-9.157189266  
-8.640777427  
-6.788725226  
-4.462317861  
-2.506034618  
-1.495156131  
-1.595404134  
-2.567645048  
-3.901428625  
-5.020910617  
-5.48802629  
-5.13540747  
-4.091141591  
-2.697711049  
-1.363925971  
-0.4092297145  
0.0420345733  
0.0808728012  
-0.05329297394  
-0.09560454804  
0.1165410975  
0.5629393465  
1.040073104  
1.242412149  
0.8952886215  
-0.1118991086  
-1.645619094  
-3.337019837  
-4.683740591  
-5.21424553  
-4.659064146  
-3.06701945  
-0.8199055381  
1.468099384  
3.140551195  
3.71979379  
3.085653834  
1.547828996  
-0.2206517554  
-1.377533992  
-1.17899211  
0.7605010638  
4.299909734  
8.754587695  
13.04589635  
15.98191716  
16.59183335  
14.41689532  
9.670364858  
3.215074032  
-3.640219316  
-9.471287461  
-13.10370409  
-13.91011039  
-11.95622634  
-7.956471079  
-3.055290298  
1.499628236  
4.696223031  
6.011939708  
5.513156119  
3.778175469  
1.674595074  
0.06399652273  
-0.4740705775  
0.1841080801  
1.683952346  
3.323034737  
4.28948397  
3.931858759  
1.976618027  
-1.372398461  
-5.48063572  
-9.458885004  
-12.41365939  
-13.6962446  
-13.07743789  
-10.79937164  
-7.493555972  
-3.993690682  
-1.101014779  
0.6290416566  
1.019760753  
0.2926963093  
-1.024849914  
-2.271463909  
-2.849263036  
-2.390820027  
-0.851333877  
1.493841409  
4.138590072  
6.491590656  
8.034786628  
8.452164168  
7.698165265  
5.993866406  
3.758678959  
1.500498388  
-0.305422323  
-1.319769742  
-1.403350701  
-0.6324788799  
0.7324886202  
2.314202478  
3.704343373  
4.550499544  
4.627579264  
3.881392982  
2.43729024  
0.5727859406  
-1.340747675  
-2.916406972  
-3.834678842  
-3.91349939  
-3.149457818  
-1.71950631  
0.05882501914  
1.800596957  
3.142969524  
3.828945771  
3.763883603  
3.030109963  
1.856122165  
0.5494532534  
-0.5875976755  
-1.335571132  
-1.607526002  
-1.45840364  
-1.054083306  
-0.6121832734  
-0.3343124593  
-0.3506692701  
-0.6921425793  
-1.294944257  
-2.031664568  
-2.754711796  
-3.335657965  
-3.6880056  
-3.769124898  
-3.56634614  
-3.078728429  
-2.307012706  
-1.259576444  
0.02648272477  
1.458951512  
2.873904446  
4.043076486  
4.711758115  
4.662055149  
3.784629508  
2.135061404  
-0.04786205792  
-2.375033448  
-4.388464786  
-5.672004905  
-5.960398076  
-5.213357197  
-3.629994461  
-1.596393124  
0.4201224251  
1.998991247  
2.87785646  
3.013084571  
2.571072439  
1.854402718  
1.188362972  
0.8064906699  
0.7741635704  
0.9762893272  
1.173099698  
1.104345987  
0.6047437838  
-0.3112390871  
-1.427560261  
-2.378876882  
-2.762424064  
-2.273562681  
-0.819390063  
1.429477393  
4.06932996  
6.569269295  
8.420229226  
9.279490998  
9.06336519  
7.957185691  
6.33893908  
4.641934905  
3.203036483  
2.148720678  
1.35937482  
0.5261255347  
-0.7171276683  
-2.630729512  
-5.23219833  
-8.235767161  
-11.09560471  
-13.1459229  
-13.79818458  
-12.73430865  
-10.03273696  
-6.182667841  
-1.975601707  
1.698209613  
4.08970722  
4.795440482  
3.863594353  
1.76804413  
-0.7427146209  
-2.875910427  
-4.033123676  
-3.983109584  
-2.915107333  
-1.356487608  
0.01826684422  
0.6252977211  
0.1784828308  
-1.202330409  
-3.018858574  
-4.55096356  
-5.09345982  
-4.1971983  
-1.835549356  
1.560264573  
5.212313464  
8.222060137  
9.842100459  
9.708004414  
7.955628415  
5.184286885  
2.27466894  
0.1168664713  
-0.6664907252  
0.08589283972  
2.025778917  
4.40977819  
6.341294573  
7.063560138  
6.209792871  
3.929023447  
0.8453004  
-2.138770698  
-4.132320775  
-4.547124276  
-3.29405988  
-0.8191861199  
2.035348999  
4.30336754  
5.213131202  
4.448497946  
2.265332017  
-0.5790764538  
-3.065914856  
-4.250655534  
-3.58800327  
-1.139605464  
2.407322305  
5.923740128  
8.173936367  
8.20160514  
5.647437361  
0.8970690156  
-4.991503788  
-10.56511535  
-14.37844659  
-15.40490213  
-13.3339497  
-8.666967899  
-2.583592127  
3.38157529  
7.756870509  
9.525200581  
8.379212183  
4.772668589  
-0.2378679896  
-5.306429775  
-9.169702777  
-10.97026977  
-10.44456493  
-7.93428687  
-4.233981393  
-0.3334746561  
2.861573588  
4.750220347  
5.143511053  
4.243992024  
2.52256992  
0.5448355132  
-1.193871145  
-2.377830329  
-2.903545206  
-2.842898682  
-2.365513597  
-1.65682003  
-0.8616108289  
-0.06636509566  
0.6853141125  
1.363075151  
1.928080565  
2.333610002  
2.548485153  
2.589835337  
2.544464009  
2.560666159  
2.804391606  
3.390068068  
4.3104952  
5.395717398  
6.324375129  
6.694357859  
6.138078988  
4.449127854  
1.678729759  
-1.833908644  
-5.514590114  
-8.681796989  
-10.71570407  
-11.2202192  
-10.12992886  
-7.729194024  
-4.576906812  
-1.358659315  
1.290337508  
2.940547858  
3.458636982  
3.011331644  
1.987592371  
0.8679595011  
0.08349806148  
-0.09377670088  
0.3993248003  
1.434284128  
2.760416044  
4.09765758  
5.219727423  
6.002345306  
6.426509958  
6.543747915  
6.423069468  
6.103616483  
5.572310496  
4.774228629  
3.65007419  
2.184487744  
0.4451307501  
-1.404054216  
-3.122514634  
-4.441383384  
-5.126483278  
-5.037712259  
-4.168069152  
-2.652257068  
-0.7438699662  
1.231684198  
2.936130494  
4.075872512  
4.44741797  
3.964569954  
2.665899409  
0.704432044  
-1.676835234  
-4.179492031  
-6.490209723  
-8.322684722  
-9.455862215  
-9.762742239  
-9.224652115  
-7.928013656  
-6.044380952  
-3.798745663  
-1.434229091  
0.8180073113  
2.757350219  
4.21954467  
5.074172841  
5.222151811  
4.601763778  
3.207443733  
1.118155522  
-1.475689211  
-4.262299601  
-6.829865395  
-8.725385499  
-9.544476346  
-9.032178486  
-7.16602586  
-4.192373411  
-0.5971121007  
2.990001649  
5.937202938  
7.761824091  
8.247393494  
7.490796896  
5.863172874  
3.89447104  
2.116029436  
0.9098294706  
0.4118644008  
0.5000234553  
0.8691851154  
1.166858364  
1.141647237  
0.7516576577  
0.1928411153  
-0.1655639775  
0.08109846066  
1.207931903  
3.226225475  
5.829640374  
8.445234112  
10.37919237  
11.01499228  
10.00280581  
7.379851477  
3.582201528  
-0.65782934  
-4.498770665  
-7.205807316  
-8.331747686  
-7.812189846  
-5.952178044  
-3.315858189  
-0.5592969905  
1.739362652  
3.202694332  
3.700410131  
3.318135534  
2.273039038  
0.8152629337  
-0.8470576592  
-2.57631552  
-4.286952976  
-5.899766709  
-7.299391093  
-8.322192557  
-8.786711062  
-8.557950747  
-7.61914734  
-6.117480215  
-4.357125483  
-2.7317806  
-1.612669029  
-1.227622062  
-1.574377039  
-2.402932454  
-3.279771282  
-3.718618153  
-3.337799609  
-1.992690983  
0.1623972581  
2.706523903  
5.07121551  
6.709757235  
7.262600875  
6.66550108  
5.165646365  
3.241532733  
1.453989763  
0.2779717632  
-0.03006037514  
0.5121157957  
1.647920418  
2.991637925  
4.170977983  
4.951791399  
5.302647882  
5.379924556  
5.442904576  
5.732965297  
6.362646899  
7.255478501  
8.15816756  
8.720309133  
8.612761074  
7.642696005  
5.825305396  
3.388186149  
0.7082472062  
-1.796027692  
-3.77993416  
-5.057914114  
-5.633707115  
-5.670475904  
-5.416811056  
-5.118228883  
-4.945696378  
-4.96342378  
-5.141207363  
-5.3993452  
-5.662769856  
-5.899723411  
-6.128978361  
-6.394320224  
-6.719732115  
-7.06745957  
-7.320510392  
-7.30140269  
-6.824190316  
-5.762644244  
-4.109829426  
-2.005967385  
0.2777897742  
2.396747626  
4.013566059  
4.877183114  
4.875490999  
4.047586626  
2.55621365  
0.6346096981  
-1.470483223  
-3.539560312  
-5.394219003  
-6.886949967  
-7.881184463  
-8.240494712  
-7.841403054  
-6.612261122  
-4.585998395  
-1.94351166  
0.9776270932  
3.725740136  
5.828036002  
6.913119735  
6.826803295  
5.70132819  
3.948169095  
2.166831683  
0.9891885757  
0.9020013791  
2.101003306  
4.423626615  
7.385234069  
10.31211623  
12.53360079  
13.57573558  
13.29688315  
11.92271922  
9.969072554  
8.076353692  
6.807207778  
6.470729496  
7.028064322  
8.108174986  
9.127650452  
9.475658658  
8.705294423  
6.671634612  
3.574961898  
-0.1015635893  
-3.737054369  
-6.752958264  
-8.771043522  
-9.701759633  
-9.73963194  
-9.273049074  
-8.742530591  
-8.496156547  
-8.688662881  
-9.253549742  
-9.951617507  
-10.47375645  
-10.55899279  
-10.08616509  
-9.10914396  
-7.827047405  
-6.50412326  
-5.37124194  
-4.546208289  
-4.001814657  
-3.592275357  
-3.126664473  
-2.460536812  
-1.569864859  
-0.57753557  
0.280356864  
0.7390247595  
0.61166625  
-0.1201443645  
-1.267220505  
-2.463496925  
-3.262237725  
-3.270230809  
-2.27785577  
-0.341751978  
2.209940308  
4.855994945  
7.023584128  
8.251161171  
8.322690173  
7.330710882  
5.647148095  
3.809537225  
2.357211671  
1.668443237  
1.849787584  
2.712745057  
3.844992171  
4.753027354  
5.029634284  
4.491141495  
3.239008627  
1.624898588  
0.1303507818  
-0.7990472421  
-0.9092867555  
-0.2300872525  
0.929041568  
2.07946825  
2.718411087  
2.502980075  
1.373516806  
-0.41781464  
-2.385824288  
-3.974496301  
-4.748854393  
-4.550612479  
-3.561775407  
-2.25006596  
-1.209952132  
-0.9498573909  
-1.697131834  
-3.28958104  
-5.196098965  
-6.666852018  
-6.969535195  
-5.637098645  
-2.645109473  
1.543163989  
6.084561328  
9.987826839  
12.39913751  
12.85175449  
11.40010084  
8.594711919  
5.305567942  
2.45044819  
0.7157422587  
0.3592546088  
1.157035917  
2.508220335  
3.659426913  
3.970940615  
3.134155425  
1.267692531  
-1.137877277  
-3.404386917  
-4.912736929  
-5.324228034  
-4.698471111  
-3.466631921  
-2.269964675  
-1.721314674  
-2.174871327  
-3.587024775  
-5.519622925  
-7.286931296  
-8.196708861  
-7.801725667  
-6.072967723  
-3.43162531  
-0.6251925702  
1.513122764  
2.341419058  
1.6284569  
-0.3603846166  
-2.941810341  
-5.233740778  
-6.443014486  
-6.126163635  
-4.336418313  
-1.607710734  
1.219366991  
3.272465988  
3.933071303  
3.039727591  
0.9435927023  
-1.600310382  
-3.669594738  
-4.462073448  
-3.543424844  
-0.9792490999  
2.685280783  
6.58615554  
9.787022299  
11.53382924  
11.44279025  
9.572801745  
6.372419785  
2.52999388  
-1.218913125  
-4.266941062  
-6.24717226  
-7.06262462  
-6.842161883  
-5.852826104  
-4.405563213  
-2.784182831  
-1.210825879  
0.1565824596  
1.211344104  
1.887758249  
2.164276337  
2.078190858  
1.739202342  
1.325548603  
1.052013837  
1.111767347  
1.608196766  
2.501993839  
3.597968237  
4.584692095  
5.121347418  
4.947475956  
3.979548398  
2.359216843  
0.4318958105  
-1.342852587  
-2.52401775  
-2.823511219  
-2.198396161  
-0.8696422833  
0.7403207844  
2.132423961  
2.878923808  
2.748081043  
1.767423554  
0.2082898523  
-1.500000566  
-2.896099409  
-3.611963807  
-3.460464544  
-2.463840582  
-0.8230505622  
1.153019005  
3.129369184  
4.810535808  
5.974536844  
6.475706773  
6.230405976  
5.204719908  
3.418535738  
0.9679576953  
-1.945818  
-5.002121517  
-7.781069264  
-9.827609011  
-10.75080532  
-10.33252085  
-8.61000494  
-5.899770764  
-2.745767979  
0.2013614227  
2.343550837  
3.287625353  
2.944758344  
1.546054909  
-0.4309646988  
-2.402320307  
-3.840708719  
-4.412282168  
-4.04769424  
-2.93069589  
-1.414797513  
0.09927497915  
1.282830976  
1.958016798  
2.116806071  
1.883591487  
1.444323769  
0.973849167  
0.5891027682  
0.3410618937  
0.2399347106  
0.2934516304  
0.5335858927  
1.014083087  
1.776611043  
2.80044336  
3.961511716  
5.026375551  
5.694417985  
5.681763001  
4.821064748  
3.14044219  
0.887866949  
-1.515850092  
-3.587213237  
-4.920783286  
-5.314123463  
-4.832818161  
-3.790283056  
-2.645960187  
-1.854474025  
-1.716435043  
-2.282035268  
-3.340535145  
-4.498453142  
-5.317785893  
-5.464185868  
-4.812178315  
-3.47098227  
-1.724712107  
0.08693263624  
1.699055485  
3.010827173  
4.098231921  
5.145661224  
6.325157417  
7.674728939  
9.030072166  
10.04496327  
10.3013749  
9.473484566  
7.484610349  
4.593213032  
1.365719295  
-1.466539604  
-3.225604821  
-3.508493758  
-2.333616608  
-0.1551382589  
2.267910721  
4.110318024  
4.749915689  
3.975948893  
2.062933359  
-0.3194455205  
-2.333755125  
-3.264605385  
-2.772427001  
-1.023202546  
1.352709331  
3.461501197  
4.440444293  
3.747218667  
1.346459178  
-2.269306219  
-6.230818115  
-9.563553915  
-11.48765175  
-11.64654985  
-10.19103258  
-7.696571367  
-4.949413818  
-2.680480241  
-1.340680865  
-0.9923734572  
-1.346828164  
-1.923671213  
-2.264981015  
-2.119691479  
-1.528750846  
-0.7821790496  
-0.269833188  
-0.2893919407  
-0.891819969  
-1.830188225  
-2.637299503  
-2.806680985  
-2.008992679  
-0.2585623963  
2.040359035  
4.195650047  
5.45069355  
5.25482926  
3.48463795  
0.5321939254  
-2.780186729  
-5.439532686  
-6.561720226  
-5.685593614  
-2.941217926  
0.9685477614  
4.97245032  
7.958160911  
9.117542315  
8.197899995  
5.577633871  
2.142320972  
-0.9975568247  
-2.854972517  
-2.868627023  
-1.06414383  
1.972891846  
5.297242515  
7.907832581  
9.05493814  
8.454194219  
6.345483999  
3.387714144  
0.4331877694  
-1.739450461  
-2.647559209  
-2.217267122  
-0.7623982421  
1.149793576  
2.891602472  
3.959619954  
4.095419657  
3.314791404  
1.852104056  
0.05356910335  
-1.735550573  
-3.251271708  
-4.340091965  
-4.942172233  
-5.051520228  
-4.68154373  
-3.856136512  
-2.629414015  
-1.119483164  
0.4685531855  
1.853120873  
2.729203444  
2.853100335  
2.130844624  
0.6750654776  
-1.197823224  
-3.038870617  
-4.389988575  
-4.922053825  
-4.541362598  
-3.425654805  
-1.973087459  
-0.6769628498  
0.03464605759  
-0.05851217526  
-0.8927099509  
-2.137971471  
-3.305989481  
-3.913946511  
-3.650475438  
-2.488437513  
-0.7061144287  
1.191788055  
2.629219272  
3.141061709  
2.524947542  
0.9146627003  
-1.247937933  
-3.334121184  
-4.70600836  
-4.89821803  
-3.751096213  
-1.45900583  
1.477386935  
4.378715932  
6.557667529  
7.487019769  
6.92314185  
4.957487395  
1.988346561  
-1.375479469  
-4.453261497  
-6.640497783  
-7.534903328  
-7.015424792  
-5.260132966  
-2.700959712  
0.07490858013  
2.45708396  
3.950373364  
4.289652894  
3.504006724  
1.912094651  
0.04526900089  
-1.487283139  
-2.160478204  
-1.68105406  
-0.0794585316  
2.283848455  
4.805600185  
6.801754233  
7.702109586  
7.22246203  
5.462199278  
2.894450232  
0.2463585739  
-1.699805724  
-2.328849041  
-1.373261171  
1.002009034  
4.237016624  
7.526539642  
10.0381446  
11.13432173  
10.53384063  
8.367204774  
5.114361151  
1.449138918  
-1.957642002  
-4.614396812  
-6.3124083  
-7.131260001  
-7.353757624  
-7.326939878  
-7.321058742  
-7.435269234  
-7.57944235  
-7.53296639  
-7.054207226  
-5.997503929  
-4.393705495  
-2.464892784  
-0.5682893068  
0.91041529  
1.676862462  
1.61987301  
0.8450736964  
-0.3593866235  
-1.611592266  
-2.548408592  
-2.925126128  
-2.672181427  
-1.895268077  
-0.8246283384  
0.2647905525  
1.133682426  
1.634073596  
1.727019058  
1.463925688  
0.9456509314  
0.2791419963  
-0.4511769512  
-1.189074236  
-1.892253743  
-2.509968145  
-2.967262329  
-3.166798043  
-3.010707067  
-2.435203199  
-1.444100843  
-0.1263947861  
1.351767888  
2.781102076  
3.959801496  
4.744858304  
5.087263142  
5.039367674  
4.731900532  
4.327975472  
3.968763129  
3.727848942  
3.588100979  
3.447675894  
3.153020217  
2.549204356  
1.533615071  
0.09879435888  
-1.646713805  
-3.485249577  
-5.12446696  
-6.253534337  
-6.610867643  
-6.050079593  
-4.58947929  
-2.431494019  
0.05766435301  
2.410388342  
4.154333548  
4.924804076  
4.565868169  
3.190749535  
1.177957442  
-0.905705851  
-2.443688482  
-2.937518668  
-2.157737282  
-0.2304199258  
2.37419993  
4.95767376  
6.787973679  
7.318996075  
6.367725572  
4.189327884  
1.418438916  
-1.113915105  
-2.63675811  
-2.689966941  
-1.286791454  
1.07072372  
3.536925885  
5.188977465  
5.332147258  
3.74385964  
0.7714387029  
-2.756736011  
-5.786123341  
-7.379365519  
-7.036856787  
-4.88570309  
-1.667586859  
1.479368248  
3.380766995  
3.214047567  
0.7968875618  
-3.322928302  
-8.01220814  
-11.89094002  
-13.7590984  
-12.97471589  
-9.659984094  
-4.667109486  
0.6861204042  
5.025484887  
7.341125031  
7.283621485  
5.241191159  
2.177276347  
-0.7123487019  
-2.404716711  
-2.380266954  
-0.770267274  
1.723000924  
4.098765472  
5.423214682  
5.158529685  
3.342055815  
0.557312161  
-2.286919203  
-4.285818507  
-4.855932063  
-3.927564148  
-1.946251439  
0.312198076  
2.040883493  
2.702193451  
2.217392026  
0.9755034767  
-0.3403628629  
-1.042328504  
-0.7313324671  
0.5197392542  
2.168589673  
3.39837325  
3.438597968  
1.895223081  
-1.036066545  
-4.562510344  
-7.510938135  
-8.705969641  
-7.385659447  
-3.510265193  
2.150278127  
8.193785848  
12.98320118  
15.14278721  
13.99462835  
9.791803288  
3.667688777  
-2.688331644  
-7.52988542  
-9.571622796  
-8.364164081  
-4.410093003  
1.01148473  
6.251517108  
9.796528576  
10.71297087  
8.894562118  
5.043830837  
0.4061290582  
-3.647863706  
-6.051439742  
-6.346667212  
-4.775810011  
-2.144200948  
0.4857851983  
2.15910435  
2.328528193  
0.9983969633  
-1.323037235  
-3.831484471  
-5.71268283  
-6.405031781  
-5.753383961  
-4.012832918  
-1.716353918  
0.5338626259  
2.270131009  
3.285936159  
3.647967142  
3.601767239  
3.419099548  
3.254491851  
3.071117442  
2.665768326  
1.781532663  
0.260416064  
-1.829367051  
-4.14907015  
-6.155505217  
-7.263219461  
-7.050491273  
-5.436668782  
-2.76344987  
0.2576489993  
2.725590871  
3.808105365  
2.999833531  
0.2987324968  
-3.757798403  
-8.213415267  
-11.93847222  
-13.93103173  
-13.58669859  
-10.8604611  
-6.276214172  
-0.7846471992  
4.4866313  
8.518112992  
10.63975413  
10.66669273  
8.900918405  
6.009792341  
2.825304205  
0.1256237473  
-1.541219357  
-1.950241741  
-1.196158534  
0.3902489457  
2.369631055  
4.321888719  
5.937866004  
7.055593877  
7.642675001  
7.743710375  
7.420455018  
6.710509351  
5.619587046  
4.147179758  
2.331378745  
0.2904873664  
-1.760414397  
-3.531132766  
-4.715565653  
-5.073510913  
-4.510286486  
-3.127324673  
-1.223576551  
0.7587620515  
2.334112915  
3.094317253  
2.817810934  
1.535828431  
-0.4651147761  
-2.708232631  
-4.643969405  
-5.789863628  
-5.855637744  
-4.819669832  
-2.935823412  
-0.6685207611  
1.4265256  
2.843844805  
3.254267176  
2.582755832  
1.019103688  
-1.038640242  
-3.090192504  
-4.658436261  
-5.400957161  
-5.180604452  
-4.081106046  
-2.369403038  
-0.4199166663  
1.37645629  
2.695417909  
3.33723481  
3.251780963  
2.532097723  
1.384239628  
0.08324899736  
-1.076298308  
-1.829592714  
-1.987276683  
-1.473927794  
-0.3536866254  
1.164937835  
2.753077704  
4.018211  
4.58896984  
4.212632161  
2.840742061  
0.6750527571  
-1.848256918  
-4.143226088  
-5.61420232  
-5.817833674  
-4.601071749  
-2.170319365  
0.9373132884  
3.982018375  
6.218799845  
7.109748796  
6.486923771  
4.612163262  
2.108960778  
-0.2194514555  
-1.634619484  
-1.696000958  
-0.4087104508  
1.764190169  
4.033656965  
5.523792141  
5.545475081  
3.818779142  
0.5726859447  
-3.51138266  
-7.496142203  
-10.46384197  
-11.78345842  
-11.28511385  
-9.287457589  
-6.472017637  
-3.648778837  
-1.492710519  
-0.339551828  
-0.1080202331  
-0.3716323399  
-0.5516586426  
-0.1608014202  
0.9903850091  
2.699498038  
4.426841623  
5.482569704  
5.283332559  
3.589289007  
0.6366902282  
-2.885227927  
-6.012664522  
-7.788173124  
-7.555754877  
-5.175278206  
-1.086107022  
3.802343385  
8.360256933  
11.55030393  
12.70778355  
11.70434701  
8.950125916  
5.2411163  
1.50647288  
-1.461089332  
-3.208268085  
-3.700356739  
-3.26297867  
-2.417996761  
-1.677169913  
-1.365964238  
-1.533892022  
-1.973863856  
-2.333750203  
-2.272645479  
-1.602088953  
-0.3619818243  
1.19244135  
2.682907487  
3.742031236  
4.138311315  
3.847590382  
3.047960972  
2.044022337  
1.151571454  
0.5866793866  
0.39923029  
0.4728604113  
0.5878256502  
0.5202385812  
0.1387770332  
-0.537727396  
-1.342701602  
-2.022316193  
-2.330741985  
-2.124612335  
-1.422133709  
-0.4057565825  
0.6321478981  
1.381086045  
1.609708361  
1.23589276  
0.3476787617  
-0.8291850418  
-2.003162042  
-2.902313753  
-3.344939807  
-3.274987151  
-2.755895002  
-1.931361386  
-0.9717463704  
-0.02694122087  
0.7993325418  
1.449726381  
1.895002432  
2.111239109  
2.066566527  
1.725307057  
1.067897544  
0.1164160088  
-1.0482712  
-2.289120154  
-3.438663092  
-4.341176432  
-4.896732971  
-5.090271171  
-4.993482468  
-4.737091088  
-4.462427272  
-4.269587865  
-4.181321166  
-4.136398561  
-4.015267664  
-3.688506757  
-3.069716447  
-2.152507147  
-1.017181956  
0.19569463  
1.334665475  
2.290248094  
3.030030496  
3.601352587  
4.099530529  
4.613622887  
5.171673915  
5.709082259  
6.076215703  
6.086957784  
5.593644302  
4.561982983  
3.116661607  
1.536226778  
0.1921738502  
-0.5533372502  
-0.4608685445  
0.4985078133  
2.112012451  
3.965102547  
5.544972309  
6.379428256  
6.170633927  
4.883481595  
2.761187703  
0.2623087241  
-2.0631246  
-3.722524411  
-4.411780036  
-4.09123638  
-2.986253988  
-1.514291886  
-0.161461684  
0.6549142195  
0.6988512139  
-0.02676789307  
-1.290835752  
-2.706479697  
-3.84230457  
-4.34036443  
-4.00897681  
-2.867397277  
-1.133604166  
0.8380735232  
2.650240437  
3.960788346  
4.560915459  
4.41418183  
3.649036992  
2.509504091  
1.279333642  
0.2013551442  
-0.5854790335  
-1.073859718  
-1.372944908  
-1.654716015  
-2.077866328  
-2.713015071  
-3.49446365  
-4.217609982  
-4.588567314  
-4.316365286  
-3.222928074  
-1.336782782  
1.063220403  
3.476668373  
5.285372956  
5.911335125  
4.988159814  
2.495771801  
-1.186617939  
-5.334471826  
-9.034427815  
-11.40766802  
-11.84152031  
-10.16370688  
-6.706092835  
-2.23421149  
2.243010541  
5.733241992  
7.518484715  
7.337558873  
5.441437388  
2.506413826  
-0.5680504432  
-2.916215302  
-3.941941087  
-3.465918092  
-1.745168802  
0.6343054398  
2.952500244  
4.574056269  
5.122974327  
4.563665034  
3.171380921  
1.411385761  
-0.2261274092  
-1.377921147  
-1.898474682  
-1.86668606  
-1.51642563  
-1.124614312  
-0.902046351  
-0.9265732291  
-1.138275558  
-1.390466145  
-1.528665966  
-1.460635765  
-1.186888366  
-0.7802875965  
-0.326907105  
0.1412415109  
0.68580818  
1.448762313  
2.583574094  
4.154371667  
6.04510931  
7.923598003  
9.289434328  
9.605154232  
8.476306801  
5.821564688  
1.968596897  
-2.370573508  
-6.254199418  
-8.760530871  
-9.261279834  
-7.632267467  
-4.32767915  
-0.283231967  
3.333401144  
5.456209168  
5.439177127  
3.260189364  
-0.4564709382  
-4.61121673  
-7.945779881  
-9.411067991  
-8.474773371  
-5.275276632  
-0.575879425  
4.464575638  
8.632050188  
11.00294668  
11.19004569  
9.417695448  
6.410551176  
3.139052092  
0.507875209  
-0.9123249027  
-1.02814047  
-0.2039737562  
0.9036277684  
1.595127572  
1.374397207  
0.1119853368  
-1.923343672  
-4.167338159  
-5.955668013  
-6.74262623  
-6.270690806  
-4.639668647  
-2.260850883  
0.2796010573  
2.396173396  
3.658888483  
3.881215522  
3.122595814  
1.618757225  
-0.323570114  
-2.423281159  
-4.478633259  
-6.36610358  
-7.997570293  
-9.266710484  
-10.01905671  
-10.06810389  
-9.257680956  
-7.547495226  
-5.084112666  
-2.220267479  
0.5382163151  
2.65189937  
3.700539325  
3.519211787  
2.26802055  
0.4043996174  
-1.441492276  
-2.654237154  
-2.825474324  
-1.88786077  
-0.1436076538  
1.826572699  
3.34914981  
3.88090846  
3.197947745  
1.487846968  
-0.6881326691  
-2.554835709  
-3.357758595  
-2.600430863  
-0.2106747022  
3.416841232  
7.51633005  
11.15709409  
13.49885676  
14.0206099  
12.65660464  
9.80213869  
6.191467369  
2.687595631  
0.04783830714  
-1.267096111  
-1.189209252  
-0.0238690572  
1.670756688  
3.263136984  
4.230787644  
4.293777413  
3.466375012  
2.020626755  
0.3815840828  
-1.008753659  
-1.817139013  
-1.90080479  
-1.328375336  
-0.3423541084  
0.7187315243  
1.512398992  
1.773142939  
1.364563162  
0.2959477796  
-1.293216957  
-3.170841165  
-5.060146182  
-6.68800602  
-7.827460377  
-8.331274488  
-8.154730373  
-7.365504593  
-6.137499613  
-4.725743227  
-3.421978705  
-2.495473317  
-2.129465267  
-2.368286505  
-3.091208955  
-4.024899659  
-4.797474866  
-5.02555479  
-4.414704821  
-2.847256528  
-0.4319467509  
2.501862699  
5.468464318  
7.9353185  
9.450874477  
9.757021493  
8.855046604  
7.005634583  
4.661139712  
2.347184451  
0.5251790158  
-0.5267544353  
-0.7815181093  
-0.4605834996  
0.03798128776  
0.2607795016  
-0.1644981931  
-1.415965353  
-3.419506773  
-5.86190023  
-8.270888701  
-10.13905231  
-11.05614926  
-10.81272472  
-9.44673836  
-7.221924126  
-4.546720309  
-1.859604262  
0.484283276  
2.292063587  
3.556121871  
4.417880729  
5.087645071  
5.74938729  
6.483125093  
7.230941286  
7.817245187  
8.015354761  
7.636435248  
6.609142005  
5.021357524  
3.108407205  
1.190773191  
-0.41783114  
-1.500398922  
-1.993091078  
-1.988301875  
-1.68336252  
-1.293966792  
-0.9650982636  
-0.7143556843  
-0.4317565997  
0.06061431343  
0.9091092385  
2.126909703  
3.532986793  
4.763489811  
5.363538017  
4.937674728  
3.312216013  
0.6516682737  
-2.520255046  
-5.417531807  
-7.191465536  
-7.180970777  
-5.138519103  
-1.356345344  
3.357789445  
7.862620855  
10.98108752  
11.83195981  
10.09714246  
6.140018668  
0.9312310908  
-4.204834464  
-7.954272598  
-9.383666062  
-8.206115118  
-4.862371926  
-0.3910243342  
3.874573601  
6.691807198  
7.260599458  
5.436193778  
1.741293058  
-2.82103023  
-7.090055614  
-10.10076871  
-11.3554971  
-10.93043638  
-9.389491621  
-7.541877526  
-6.13122295  
-5.56532207  
-5.780189827  
-6.284788949  
-6.369679153  
-5.405079456  
-3.121210119  
0.2324085507  
3.912354246  
6.892503068  
8.197416953  
7.249195061  
4.109389984  
-0.4725549192  
-5.23242816  
-8.742130027  
-9.834643098  
-7.971418452  
-3.434240641  
2.724482249  
8.964997777  
