2.917644381  
4.964638543  
7.269138456  
9.318779719  
10.50874165  
10.34960828  
8.66339537  
5.692049818  
2.069177002  
-1.347380594  
-3.733739329  
-4.564287015  
-3.790139754  
-1.865189967  
0.3961912385  
2.087173313  
2.513922197  
1.434080552  
-0.8558579554  
-3.617988095  
-5.925331591  
-6.984594463  
-6.418682163  
-4.410357684  
-1.655014423  
0.8640658451  
2.203173125  
1.77737634  
-0.4373282657  
-3.888140912  
-7.621231286  
-10.58920651  
-11.98552534  
-11.49301617  
-9.36430537  
-6.310747897  
-3.242643373  
-0.9537571913  
0.13946151  
0.1152374929  
-0.5163671632  
-1.028985  
-0.7675459022  
0.5967879154  
2.935579438  
5.701696036  
8.122143934  
9.474861118  
9.349826414  
7.801036801  
5.335137211  
2.740419182  
0.8161123991  
0.09663002304  
0.6667361067  
2.131705412  
3.752718998  
4.701110095  
4.34517481  
2.473257168  
-0.6203796441  
-4.213513211  
-7.369966074  
-9.218525337  
-9.20734854  
-7.256351995  
-3.766521199  
0.5073609548  
4.671960372  
7.927040136  
9.744274568  
9.94863862  
8.694429972  
6.362616146  
3.427204026  
0.3394244173  
-2.538071174  
-4.941155887  
-6.677033371  
-7.591689305  
-7.561133115  
-6.518903499  
-4.510051949  
-1.743467757  
1.391296523  
4.366760133  
6.621717728  
7.70290167  
7.400673577  
5.830822392  
3.427839007  
0.8422519341  
-1.233260796  
-2.258659987  
-2.002347055  
-0.6083050635  
1.447853925  
3.501164491  
4.893787738  
5.164582331  
4.17379296  
2.126810453  
-0.5059210796  
-3.142537444  
-5.264665492  
-6.557194114  
-6.971334481  
-6.697064111  
-6.062115119  
-5.398053067  
-4.922508723  
-4.677667991  
-4.542855546  
-4.311593053  
-3.80058191  
-2.9475648  
-1.860099879  
-0.7956648262  
-0.07852105285  
0.01843033442  
-0.6143065707  
-1.856676822  
-3.363960209  
-4.64482999  
-5.191097532  
-4.621096511  
-2.79416552  
0.137595307  
3.755292866  
7.469185003  
10.65705789  
12.80652152  
13.62318708  
13.07815169  
11.38639132  
8.927314562  
6.133892138  
3.383693188  
0.9221385539  
-1.163195253  
-2.914578882  
-4.436126488  
-5.811088413  
-7.033666991  
-7.979604626  
-8.427486754  
-8.126512247  
-6.89094826  
-4.691440607  
-1.711820879  
1.651814275  
4.856998088  
7.333454962  
8.624458058  
8.511325403  
7.082773831  
4.724324499  
2.025064186  
-0.3760476017  
-1.962341601  
-2.479777166  
-2.002124436  
-0.8986695841  
0.2885348583  
1.021923064  
0.9453203196  
0.003401967127  
-1.537051799  
-3.174423572  
-4.342786262  
-4.611590732  
-3.848045632  
-2.284995899  
-0.4661051844  
0.9199296914  
1.266359108  
0.2635394664  
-1.970622613  
-4.89327372  
-7.678681483  
-9.460271221  
-9.598443648  
-7.888486206  
-4.639418652  
-0.5945649952  
3.284628379  
6.104960253  
7.307318729  
6.826693537  
5.094532636  
2.882870659  
1.041649634  
0.2160422551  
0.6374578294  
2.057445368  
3.846036519  
5.220775505  
5.528535647  
4.48401002  
2.282909729  
-0.4502366285  
-2.864073287  
-4.165789602  
-3.894688337  
-2.091663015  
0.6937967405  
3.564085866  
5.551165176  
5.922493603  
4.416959525  
1.335291651  
-2.543243374  
-6.190257688  
-8.630244127  
-9.220235751  
-7.821959787  
-4.818007157  
-0.9744584527  
2.799490792  
5.714821515  
7.306399931  
7.519134489  
6.660324122  
5.24648583  
3.805025776  
2.700980173  
2.044603861  
1.703198752  
1.402420056  
0.8718688537  
-0.02289010918  
-1.211179651  
-2.43461881  
-3.341984149  
-3.624351796  
-3.139732315  
-1.981335649  
-0.4646444494  
0.9625066505  
1.856010914  
1.911840177  
1.058025437  
-0.5261454244  
-2.467098487  
-4.308654129  
-5.640744767  
-6.204787046  
-5.945985169  
-5.002356984  
-3.641271846  
-2.169651273  
-0.8488910465  
0.1602684299  
0.8113216851  
1.148059909  
1.259114785  
1.23146331  
1.119801951  
0.9394638688  
0.6798804491  
0.3279514182  
-0.1115352382  
-0.6076171487  
-1.109213113  
-1.560528411  
-1.916865185  
-2.152542398  
-2.257399072  
-2.22471587  
-2.038357043  
-1.667981898  
-1.077735472  
-0.2472637389  
0.8028855434  
1.993286963  
3.185827926  
4.206740214  
4.888307182  
5.116824334  
4.870243198  
4.230889421  
3.366441216  
2.483333466  
1.766894124  
1.328018098  
1.174594688  
1.217706865  
1.310481883  
1.305813291  
1.112335179  
0.7285504426  
0.242800804  
-0.2007821091  
-0.4578656648  
-0.4406108461  
-0.1545752221  
0.2979320433  
0.7496480728  
1.024142044  
0.9957847398  
3.602706475  
5.505467646  
6.148693772  
5.664243502  
4.462263853  
3.063576658  
1.922390852  
1.299269922  
1.220485933  
1.525713216  
1.9743044  
2.362337261  
2.60381926  
2.747804996  
2.930751845  
3.289244252  
3.872602627  
4.593191491  
5.235890892  
5.524190381  
5.21821742  
4.207809541  
2.565845353  
0.5418849676  
-1.502237149  
-3.193009655  
-4.248718998  
-4.553142781  
-4.178620661  
-3.355485776  
-2.401864074  
-1.638254837  
-1.31219399  
-1.550803177  
-2.347085438  
-3.574796885  
-5.020467773  
-6.421211961  
-7.501744306  
-8.009830422  
-7.752671475  
-6.635257616  
-4.69637337  
-2.131585596  
0.7106574313  
3.370502576  
5.356729557  
6.252510908  
5.821560109  
4.083453239  
1.331443293  
-1.91927929  
-5.044076322  
-7.453421707  
-8.729082453  
-8.712544348  
-7.520707575  
-5.486986938  
-3.049813017  
-0.6268016496  
1.484400478  
3.149366473  
4.37687373  
5.252082996  
5.856045719  
6.207983992  
6.255430322  
5.915751708  
5.149414779  
4.029888934  
2.773937799  
1.710221887  
1.188710852  
1.458912982  
2.56132916  
4.276436124  
6.158181638  
7.649645408  
8.247866584  
7.664314667  
5.925343211  
3.375028963  
0.5752941939  
-1.865995777  
-3.482245669  
-4.087235355  
-3.818503302  
-3.070363458  
-2.340654752  
-2.045944061  
-2.371194818  
-3.207653945  
-4.200965649  
-4.891682918  
-4.896756747  
-4.065420189  
-2.551828254  
-0.7767658429  
0.7092162469  
1.412998453  
1.069808263  
-0.2632622256  
-2.22447375  
-4.269152156  
-5.852280966  
-6.606990265  
-6.456120431  
-5.618831617  
-4.512484589  
-3.587710836  
-3.157974612  
-3.285742781  
-3.76552787  
-4.207879931  
-4.191424455  
-3.425680446  
-1.864583726  
0.2700670462  
2.562096102  
4.542435493  
5.845484289  
6.323142547  
6.076759705  
5.399032289  
4.651810619  
4.128998605  
3.957620285  
4.07344409  
4.277157926  
4.344873812  
4.145193442  
3.712735212  
3.245667372  
3.025690539  
3.290901122  
4.112531127  
5.327422385  
6.558317218  
7.321088818  
7.184116641  
5.923320527  
3.61541829  
0.6327978757  
-2.461583071  
-5.084330959  
-6.807594135  
-7.479055619  
-7.244107778  
-6.464215296  
-5.563481237  
-4.86191294  
-4.458325552  
-4.206920205  
-3.795792873  
-2.896589063  
-1.326734891  
0.8401390959  
3.261361164  
5.41942212  
6.791904399  
7.036002416  
6.118920739  
4.34339921  
2.254892055  
0.4600780255  
-0.580438155  
-0.7115377257  
-0.13720313  
0.6525572699  
1.057316286  
0.5834407166  
-0.9732760956  
-3.443791243  
-6.330252383  
-8.962960041  
-10.71477829  
-11.19853621  
-10.3801511  
-8.57117843  
-6.307670828  
-4.161994108  
-2.556252445  
-1.642694879  
-1.289758163  
-1.172408848  
-0.9272969287  
-0.310821124  
0.7004833015  
1.903888613  
2.958204192  
3.528566512  
3.430033551  
2.712747781  
1.654418265  
0.6619292333  
0.1190957267  
0.2387937761  
0.9766237186  
2.040463815  
2.994354211  
3.419424192  
3.072788832  
1.985441526  
0.4622205843  
-1.017157111  
-1.960818075  
-2.032797095  
-1.166425959  
0.4165106869  
2.285713675  
3.950238424  
5.019280464  
5.317833862  
4.917885464  
4.078813942  
3.125324866  
2.314333021  
1.74484331  
1.34627447  
0.9480251716  
0.3990658179  
-0.3155117787  
-1.015049906  
-1.354004356  
-0.940383062  
0.4970204632  
2.95510702  
6.080047533  
9.207942452  
11.52248295  
12.28674274  
11.07627591  
7.934929809  
3.396369484  
-1.643335328  
-6.167754344  
-9.323526719  
-10.65655646  
-10.22637802  
-8.562786516  
-6.479650948  
-4.806701365  
-4.125715806  
-4.594766397  
-5.914194141  
-7.441193751  
-8.412124263  
-8.1984017  
-6.513749418  
-3.509152016  
0.2698149445  
4.044129293  
7.025661656  
8.632957028  
8.634272624  
7.180765641  
4.729720462  
1.891422277  
-0.7465747894  
-2.763115539  
-3.976881028  
-4.438327615  
-4.356165047  
-3.992873701  
-3.56839078  
-3.20188905  
-2.903500989  
-2.608362754  
-2.231509726  
-1.718219161  
-1.070511041  
-0.3430246248  
0.3850005764  
1.045877272  
1.610307527  
2.093142698  
2.536264481  
2.976818626  
3.415034008  
3.795821934  
4.012716534  
3.933987156  
3.442552249  
2.476572558  
1.057788475  
-0.7008038154  
-2.609564015  
-4.434338464  
-5.937365503  
-6.917526574  
-7.242512669  
-6.868594176  
-5.846582597  
-4.314243523  
-2.476148582  
-0.5724313126  
1.160699819  
2.533413077  
3.439524412  
3.878698866  
3.954815471  
3.84650031  
3.753736568  
3.833267876  
4.141692118  
4.606080734  
5.035719952  
5.176472575  
4.794702126  
3.765677121  
2.136751944  
0.1409238955  
-1.849084912  
-3.416545036  
-4.218621545  
-4.089013941  
-3.090415204  
-1.496767963  
0.2917950442  
1.875088354  
2.978481639  
3.534705766  
3.692202743  
3.745068839  
4.007346053  
4.675380602  
5.728311478  
6.905730411  
7.775918568  
7.876572095  
6.88302931  
4.746626969  
1.752693414  
-1.52760379  
-4.382819428  
-6.162393745  
-6.471468279  
-5.297215666  
-3.024894799  
-0.3362598057  
1.9797966  
3.246772138  
3.083507248  
1.496322451  
-1.144208193  
-4.229460414  
-7.097754497  
-9.217580452  
-10.31261227  
-10.39458031  
-9.702673505  
-8.579553124  
-7.333484869  
-6.137296323  
-4.998262832  
-3.804766842  
-2.426456361  
-0.824589429  
0.8743195051  
2.374716944  
3.285191806  
3.246720765  
2.072486796  
-0.1509354488  
-3.040258958  
-5.984672176  
-8.29182679  
-9.369320157  
-8.887723993  
-6.875894358  
-3.719409511  
-0.06223369823  
3.359727942  
5.905009857  
7.180595204  
7.122632077  
5.986101134  
4.25260552  
2.488059297  
1.193583024  
0.6909008315  
1.069454217  
2.201768061  
3.813051148  
5.576857987  
7.204687932  
8.503738511  
9.390736245  
9.865795772  
9.963225636  
9.70226706  
9.058463964  
7.967108144  
6.357546435  
4.205263948  
1.581610632  
-1.319118768  
-4.188789831  
-6.652969264  
-8.346676726  
-8.998600248  
-8.500221232  
-6.939606459  
-4.589045425  
-1.848639381  
0.8395433113  
3.083752221  
4.616655877  
5.332329634  
5.278734277  
4.611923324  
3.52995515  
2.210155391  
0.7712047467  
-0.7282007237  
-2.256544334  
-3.758703809  
-5.111847589  
-6.112177638  
-6.50677628  
-6.067982391  
-4.689683139  
-2.471970705  
0.241637101  
2.899604169  
4.854202637  
5.527530909  
4.587360684  
2.078273297  
-1.539625605  
-5.468673535  
-8.75860082  
-10.55415485  
-10.33736254  
-8.092057953  
-4.336305788  
-0.004718542321  
3.793050836  
6.072685448  
6.248904891  
4.301846926  
0.7852810506  
-3.327934099  
-6.919017706  
-9.035030732  
-9.147556421  
-7.283048929  
-3.989309575  
-0.1528500573  
3.27292542  
5.543163329  
6.316770623  
5.715643408  
4.237160403  
2.556195952  
1.286609536  
0.7821006158  
1.039706268  
1.732547959  
2.354234021  
2.420719021  
1.658140069  
0.1125308297  
-1.854100121  
-3.677329035  
-4.772730764  
-4.724677452  
-3.419189388  
-1.079387532  
1.803858327  
4.618858579  
6.806483031  
8.003617085  
8.114263941  
7.293299873  
5.858372609  
4.16825009  
2.51356418  
1.056455769  
-0.1662905883  
-1.187704905  
-2.033593589  
-2.661597635  
-2.945587764  
-2.714792601  
-1.833675668  
-0.2904790787  
1.743392448  
3.91224093  
5.742194244  
6.759228648  
6.624150875  
5.24149245  
2.805853888  
-0.2318374022  
-3.270750056  
-5.709340424  
-7.094465286  
-7.228332157  
-6.204787615  
-4.36815083  
-2.210293475  
-0.2381774313  
1.150223124  
1.749315701  
1.570765727  
0.8098251408  
-0.2310514493  
-1.236147547  
-1.961553981  
-2.290810748  
-2.250841486  
-1.988965704  
-1.720712461  
-1.663475155  
-1.972291139  
-2.692214823  
-3.737720489  
-4.904237559  
-5.910820526  
-6.466441562  
-6.346325618  
-5.460246067  
-3.893747555  
-1.906980182  
0.115036698  
1.75405767  
2.671821419  
2.714568112  
1.976366722  
0.7965541876  
-0.3164464936  
-0.8207269255  
-0.3013074833  
1.390964143  
4.066628709  
7.219203857  
10.14250328  
12.11531487  
12.60214376  
11.41040941  
8.754846312  
5.206189382  
1.536256587  
-1.496036169  
-3.35375044  
-3.862632929  
-3.24065637  
-2.008231135  
-0.8085438096  
-0.1957891688  
-0.4588139937  
-1.535673397  
-3.044626719  
-4.419230818  
-5.101720315  
-4.730882557  
-3.263794823  
-0.9936241405  
1.539619137  
3.713768372  
5.009715304  
5.157770768  
4.200887325  
2.459523948  
0.4155609753  
-1.442078838  
-2.757884581  
-3.392413872  
-3.425932062  
-3.090122592  
-2.6588912  
-2.340819095  
-2.211568373  
-2.207063438  
-2.174404295  
-1.956212734  
-1.473042065  
-0.770977663  
-0.01625101024  
0.5604778607  
0.7483766953  
0.4370199602  
-0.3371005672  
-1.395440439  
-2.471850041  
-3.296700619  
-3.680365224  
-3.566583775  
-3.037683882  
-2.271420686  
-1.466638061  
-0.7659011287  
-0.2038639139  
0.2995139896  
0.8981186808  
1.745576826  
2.914360948  
4.337430782  
5.794811076  
6.953106014  
7.449018574  
6.993931117  
5.469590051  
2.986901531  
-0.1103504825  
-3.300488211  
-5.986184855  
-7.620781548  
-7.829837684  
-6.500197992  
-3.816085003  
-0.2331118526  
3.605831845  
6.996537895  
9.31569421  
10.1492609  
9.378257314  
7.201078132  
4.084584552  
0.6527762191  
-2.462052036  
-4.769219275  
-6.031206336  
-6.305070255  
-5.899652519  
-5.258188186  
-4.799143685  
-4.763474135  
-5.118095196  
-5.551258342  
-5.568351255  
-4.664173074  
-2.520134934  
0.83835869  
4.981818311  
9.144380073  
12.41023105  
13.96973782  
13.36912269  
10.67342281  
6.484384728  
1.797397486  
-2.26785424  
-4.786097538  
-5.297784372  
-3.946785  
-1.436909047  
1.18457218  
2.853212149  
2.823638758  
0.9103319454  
-2.444463944  
-6.299623078  
-9.502686454  
-11.04720601  
-10.38816019  
-7.616450556  
-3.43780476  
1.036772556  
4.622575448  
6.410709918  
6.027386876  
3.725142639  
0.2827315535  
-3.249094172  
-5.871615399  
-6.929202959  
-6.279460776  
-4.296914272  
-1.719560798  
0.6033206404  
1.976331065  
2.052426863  
0.9022572668  
-1.051120404  
-3.19699676  
-4.936976517  
-5.85098849  
-5.779675854  
-4.808495797  
-3.175907292  
-1.153378722  
1.050003272  
3.321439238  
5.609628866  
7.84539488  
9.862172971  
11.36230509  
11.95692493  
11.27640587  
9.116811878  
5.567950884  
1.068760856  
-3.643143438  
-7.685723572  
-10.25144375  
-10.8260867  
-9.338157459  
-6.188500387  
-2.146356387  
1.859526921  
4.992407853  
6.725451353  
6.960633233  
6.015182295  
4.484483943  
3.029252491  
2.157346578  
2.069924565  
2.618347697  
3.380645614  
3.827197825  
3.517337467  
2.260732869  
0.1913366843  
-2.26779827  
-4.534347022  
-6.04657674  
-6.434315115  
-5.627381983  
-3.87004459  
-1.641093555  
0.4913270787  
2.032583037  
2.692052379  
2.444731246  
1.511141847  
0.2686739206  
-0.8729228669  
-1.591400612  
-1.732225088  
-1.329806344  
-0.5703569618  
0.2854069187  
0.991629425  
1.390394124  
1.448646768  
1.252399042  
0.9651043369  
0.7666591682  
0.7927921352  
1.091810268  
1.60858396  
2.19721164  
2.656485588  
2.777887786  
2.394688061  
1.422125554  
-0.1184654458  
-2.09543752  
-4.283173603  
-6.396751834  
-8.139869951  
-9.258354531  
-9.589582758  
-9.097493075  
-7.884423799  
-6.175022211  
-4.273467448  
-2.501918051  
-1.133561994  
-0.3359713287  
-0.1387182454  
-0.4334142882  
-1.006101538  
-1.593368839  
-1.947573107  
-1.89455338  
-1.370003356  
-0.4271505753  
0.7836205924  
2.055376713  
3.173561831  
3.960938299  
4.309380237  
4.194316838  
3.672495962  
2.867104088  
1.945228579  
1.091811134  
0.4826464362  
0.2579292379  
0.4981695632  
1.205703644  
2.296610229  
3.608161707  
4.92473109  
6.020595309  
6.711999257  
6.905681925  
6.629025795  
6.029569583  
5.339233602  
4.809120491  
4.631159595  
4.8694011  
5.423631813  
6.040402488  
6.373117098  
6.077554142  
4.916860361  
2.844992669  
0.04203860962  
-3.112105541  
-6.121210686  
-8.491487592  
-9.852613383  
-10.0467229  
-9.160400412  
-7.49172211  
-5.463793916  
-3.511803501  
-1.97735018  
-1.039756449  
-0.7007860808  
-0.821210242  
-1.191253546  
-1.607480597  
-1.929260542  
-2.097971311  
-2.117655972  
-2.011233648  
-1.775665031  
-1.359426377  
-0.6758647174  
0.349553501  
1.715933399  
3.295115358  
4.818260117  
5.916398136  
6.211596038  
5.435380453  
3.53721474  
0.7437822441  
-2.45874953  
-5.4248568  
-7.511075579  
-8.255463738  
-7.521851233  
-5.561880997  
-2.969512957  
-0.5337086631  
0.9738214278  
1.017333881  
-0.5410063142  
-3.385004732  
-6.813859881  
-9.920748767  
-11.83216978  
-11.9414741  
-10.07120845  
-6.519341732  
-1.977920756  
2.65077734  
6.486922872  
8.888708367  
9.592261172  
8.741592959  
6.807742885  
4.428375381  
2.220224835  
0.6210661835  
-0.1953641394  
-0.3136872013  
0.007843611845  
0.4655549095  
0.8355421586  
1.054044294  
1.229164228  
1.584776498  
2.360343985  
3.704071032  
5.597220599  
7.835153254  
10.07042062  
11.90230478  
12.98251982  
13.10318238  
12.24093118  
10.54719391  
8.29274315  
5.788811837  
3.31203807  
1.055894442  
-0.8812550079  
-2.475934482  
-3.743217509  
-4.70420767  
-5.372666772  
-5.765104261  
-5.925963161  
-5.950840627  
-5.989516636  
-6.21808164  
-6.782841687  
-7.732795698  
-8.966526191  
-10.21896943  
-11.10290311  
-11.20206864  
-10.19352002  
-7.963211032  
-4.676271741  
-0.7739204351  
3.110055039  
6.295350925  
8.224810415  
8.609116889  
7.503179372  
5.290097033  
2.575900878  
0.02519322331  
-1.814229988  
-2.646636603  
-2.485066787  
-1.615665634  
-0.4843171859  
0.4563861105  
0.8908815333  
0.7309037318  
0.1266170271  
-0.6010044971  
-1.081213662  
-1.026605856  
-0.33481158  
0.8729573782  
2.286775719  
3.502726643  
4.145437121  
3.978967867  
2.972009798  
1.299368246  
-0.7174139855  
-2.708518643  
-4.360616874  
-5.495052419  
-6.096885661  
-6.289002748  
-6.263336994  
-6.194225214  
-6.163626094  
-6.123110637  
-5.905208055  
-5.280981189  
-4.04622499  
-2.109701563  
0.4443895674  
3.340817556  
6.153149385  
8.39241363  
9.624322953  
9.585849345  
8.270196701  
5.955079143  
3.161915705  
0.5501596162  
-1.232126809  
-1.707282363  
-0.6969831964  
1.61435434  
4.703228641  
7.818314172  
10.15668024  
11.06310858  
10.20122898  
7.649233248  
3.890706624  
-0.3014710543  
-4.060200731  
-6.646531424  
-7.637785636  
-7.027800204  
-5.209915236  
-2.84762713  
-0.6714950409  
0.7362221488  
1.103554662  
0.5284118581  
-0.580960719  
-1.663040408  
-2.204469055  
-1.918354272  
-0.8400237647  
0.6910827347  
2.155736469  
3.041217968  
3.023869561  
2.083455517  
0.508900799  
-1.206451619  
-2.54221234  
-3.136516265  
-2.911772502  
-2.093734641  
-1.115904934  
-0.444064886  
-0.3867004024  
-0.9645690122  
-1.892756604  
-2.68784977  
-2.865309286  
-2.155366604  
-0.653830579  
1.15703125  
2.538170752  
2.739851311  
1.283996757  
-1.81717655  
-5.991202207  
-10.22254428  
-13.33218523  
-14.33656226  
-12.77007195  
-8.861141431  
-3.495693591  
2.029580196  
6.391251687  
8.639340634  
8.48371521  
6.371589362  
3.328757419  
0.6153677008  
-0.6906395403  
-0.04446684514  
2.396658031  
5.841911314  
9.147698909  
11.21391897  
11.35974122  
9.550429127  
6.398373783  
2.939619456  
0.2647966814  
-0.8662106995  
-0.2910384887  
1.500502623  
3.543559793  
4.745874004  
4.284865118  
1.915201424  
-1.921744145  
-6.226981171  
-9.769495488  
-11.49817866  
-10.89952752  
-8.17855288  
-4.200320051  
-0.210985919  
2.568038988  
3.336651766  
1.97100923  
-0.946692755  
-4.330833999  
-6.956763409  
-7.863597128  
-6.661716213  
-3.646086536  
0.3163734412  
4.081155595  
6.599206376  
7.243284327  
5.982765128  
3.35704609  
0.2670259347  
-2.336149278  
-3.755923091  
-3.748124798  
-2.553517694  
-0.7667044882  
0.9011609848  
1.876019136  
1.901968328  
1.092949136  
-0.1514854204  
-1.323585016  
-2.004603653  
-2.0065376  
-1.409329263  
-0.4875935462  
0.4358157685  
1.145056058  
1.62984817  
2.086303351  
2.819186108  
4.085020628  
5.940258792  
8.158727055  
10.25752373  
11.62999057  
11.74319606  
10.33116442  
7.513578516  
3.793794959  
-0.06867060466  
-3.272408813  
-5.205750986  
-5.619900435  
-4.687416445  
-2.928849886  
-1.034762018  
0.3553007852  
0.8427245671  
0.3676416493  
-0.8126365284  
-2.249895322  
-3.485845709  
-4.220685272  
-4.409904643  
-4.257947182  
-4.115686654  
-4.323414625  
-5.059962083  
-6.255240657  
-7.599640247  
-8.648023118  
-8.981439251  
-8.368335235  
-6.866269025  
-4.825249154  
-2.787552127  
-1.314763752  
-0.7984734055  
-1.317945955  
-2.59397167  
-4.057692718  
-5.016406908  
-4.86720651  
-3.293436005  
-0.3833011874  
3.367185871  
7.170597256  
10.15249017  
11.58701941  
11.0981395  
8.770602893  
5.140196273  
1.065739091  
-2.483083424  
-4.666234609  
-4.979909324  
-3.376868249  
-0.271345296  
3.570724701  
7.226315479  
9.844159771  
10.84957263  
10.07419351  
7.779567456  
4.57108888  
1.227137194  
-1.510107875  
-3.126127148  
-3.457069089  
-2.712406126  
-1.392935956  
-0.1287498661  
0.5159225275  
0.2148053805  
-1.020928015  
-2.844362692  
-4.674925343  
-5.870707998  
-5.920253674  
-4.597450328  
-2.034294022  
1.308996874  
4.766532201  
7.644710924  
9.402916541  
9.785086562  
8.866721414  
7.00856945  
4.736172916  
2.585257662  
0.96002517  
0.04370108086  
-0.21866555  
-0.06885612901  
0.1605213732  
0.1525603366  
-0.3092174648  
-1.298101679  
-2.746895194  
-4.484595963  
-6.287606111  
-7.926928443  
-9.200588776  
-9.950836427  
-10.07319276  
-9.525934599  
-8.343606858  
-6.649939631  
-4.658770466  
-2.650789937  
-0.9209451395  
0.295841931  
0.8994392477  
0.9711474251  
0.76690031  
0.6470327437  
0.9556319017  
1.885075917  
3.374154819  
5.08425912  
6.476212842  
6.97619241  
6.184027065  
4.054277124  
0.9800790359  
-2.265008581  
-4.727153736  
-5.563966375  
-4.338954083  
-1.218358457  
3.00761964  
7.105559252  
9.742308875  
9.893867282  
7.192361349  
2.09421623  
-4.197160404  
-10.04524061  
-13.84484837  
-14.4983593  
-11.75492707  
-6.302311817  
0.4235463881  
6.656879921  
10.82042086  
11.98226636  
10.10840997  
6.033379378  
1.162345449  
-2.995078422  
-5.305516753  
-5.350389231  
-3.514979104  
-0.8052659504  
1.538861314  
2.497896215  
1.637724594  
-0.7388498627  
-3.703644273  
-6.036426619  
-6.662882842  
-5.044864469  
-1.38790239  
3.405485333  
8.020631299  
11.1562593  
11.9459553  
10.23331611  
6.609714969  
2.205195905  
-1.693119908  
-4.06350098  
-4.469738122  
-3.173249291  
-1.004357907  
0.9573613668  
1.779500418  
1.012062177  
-1.152878248  
-3.949206051  
-6.305910399  
-7.222730352  
-6.123305579  
-3.066786178  
1.251138294  
5.705248704  
9.084446879  
10.45807768  
9.447539391  
6.32134892  
1.892527277  
-2.738447244  
-6.5054692  
-8.659845905  
-8.9320133  
-7.535823641  
-5.033639582  
-2.123407412  
0.5731661564  
2.65346554  
3.973499557  
4.591754022  
4.659092314  
4.310791526  
3.607721159  
2.546476313  
1.125096601  
-0.5745340359  
-2.334145312  
-3.810345268  
-4.615902813  
-4.446177276  
-3.203791408  
-1.0708847  
1.505340119  
3.917491626  
5.563527858  
6.019731742  
5.163170132  
3.201993281  
0.6033689182  
-2.055842336  
-4.264271811  
-5.717764497  
-6.381447156  
-6.455379027  
-6.261576121  
-6.097659258  
-6.112763239  
-6.251308718  
-6.283822351  
-5.91112305  
-4.900963862  
-3.204485581  
-1.007586569  
1.30357643  
3.252313355  
4.418456709  
4.571552803  
3.744204092  
2.221039691  
0.4484671831  
-1.102495865  
-2.07303364  
-2.307816969  
-1.873415811  
-1.003179679  
0.006507935364  
0.9082294987  
1.58326039  
2.062923182  
2.488604407  
3.030384221  
3.7986193  
4.783605392  
5.846012685  
6.76032174  
7.292996549  
7.284272182  
6.70206435  
5.648139848  
4.315738187  
2.916825044  
1.608653787  
0.4491732325  
-0.6010498245  
-1.631447933  
-2.708326897  
-3.806905205  
-4.778868092  
-5.373488562  
-5.310517229  
-4.383057738  
-2.555517103  
-0.02071891792  
2.808307343  
5.375938891  
7.112596476  
7.579089243  
6.585361618  
4.249392275  
0.9793187493  
-2.615916083  
-5.862353456  
-8.166710995  
-9.135234368  
-8.639178815  
-6.817124869  
-4.021804219  
-0.7320954206  
2.544108731  
5.353413496  
7.353069503  
8.336742843  
8.235785452  
7.106007478  
5.109067151  
2.493163524  
-0.4276896306  
-3.299858293  
-5.765786153  
-7.50961056  
-8.307502655  
-8.072510624  
-6.881395027  
-4.972822529  
-2.712210361  
-0.5267975953  
1.177158214  
2.097427682  
2.100034446  
1.249072613  
-0.2060242687  
-1.884140214  
-3.355986685  
-4.239305297  
-4.284637364  
-3.432297245  
-1.827361556  
0.2112931253  
2.26145526  
3.891895906  
4.758911759  
4.682385793  
3.682971734  
1.971200432  
-0.1088324439  
-2.16660232  
-3.860046693  
-4.972535843  
-5.450856649  
-5.394105275  
-4.997933775  
-4.472335169  
-3.960061674  
-3.483254577  
-2.937461335  
-2.137036723  
-0.8983151463  
0.8670884064  
3.082073924  
5.484872196  
7.673407301  
9.204949931  
9.723146131  
9.072881713  
7.364264647  
4.960860445  
2.390477857  
0.2019181745  
-1.189963208  
-1.622569167  
-1.228518691  
-0.3872537782  
0.4017845281  
0.6856426757  
0.2112791405  
-0.9841105707  
-2.57666649  
-4.054355951  
-4.880585141  
-4.671270215  
-3.328353582  
-1.085660519  
1.549373864  
3.941430406  
5.515541983  
5.928955952  
5.172582911  
3.570157733  
1.675552277  
0.1007230733  
-0.671718758  
-0.4331074804  
0.693486916  
2.298500396  
3.818121926  
4.711050464  
4.624828034  
3.501726354  
1.594388992  
-0.6101837534  
-2.532193913  
-3.661998063  
-3.696646659  
-2.61318514  
-0.6629528288  
1.704849136  
3.962856475  
5.631934458  
6.380366293  
6.07435951  
4.775169696  
2.693795951  
0.1237548491  
-2.626003642  
-5.281445314  
-7.6298963  
-9.524744785  
-10.87647634  
-11.63943957  
-11.80096259  
-11.37490515  
-10.39795031  
-8.925650994  
-7.026751374  
-4.777211227  
-2.257824034  
0.4407594046  
3.204710164  
5.879550075  
8.2574301  
10.07995144  
11.06471736  
10.95657501  
9.594824302  
6.978901786  
3.310914241  
-1.0037361  
-5.406425911  
-9.28036772  
-12.07042835  
-13.39782407  
-13.13890014  
-11.44565685  
-8.701786288  
-5.426293166  
-2.151978146  
0.6872877919  
2.830374106  
4.2069929  
4.901521641  
5.081034958  
4.91626599  
4.524157523  
3.950588022  
3.195411212  
2.265250064  
1.228300207  
0.2442097021  
-0.448845638  
-0.5913998959  
0.01200697449  
1.408459969  
3.445056746  
5.773322116  
7.915614192  
9.378843478  
9.784130116  
8.973810264  
7.062425754  
4.414383588  
1.553098327  
-0.9728689478  
-2.728101921  
-3.49361522  
-3.306895233  
-2.430111492  
-1.259508882  
-0.2056274018  
0.4192673224  
0.4750907376  
0.01197984103  
-0.7663713576  
-1.576635793  
-2.140537395  
-2.254354532  
-1.826239936  
-0.877704005  
0.4818537231  
2.091499957  
3.770276137  
5.334932076  
6.604854767  
7.403400902  
7.567656822  
6.974516671  
5.581550403  
3.470284897  
0.8724698509  
-1.839770827  
-4.209833929  
-5.793134522  
-6.272193225  
-5.556956637  
-3.835875196  
-1.5542714  
0.6827889367  
2.261818384  
2.725454146  
1.901426402  
-0.04537126244  
-2.657498559  
-5.316573125  
-7.424205246  
-8.577370877  
-8.683097579  
-7.975067256  
-6.925205313  
-6.077153787  
-5.854668969  
-6.407464767  
-7.546474064  
-8.792577728  
-9.526351018  
-9.193118755  
-7.498353345  
-4.529905704  
-0.765566253  
3.039939292  
6.056390622  
7.607812248  
7.361247731  
5.418126103  
2.282193289  
-1.283823511  
-4.467044914  
-6.614611153  
-7.383458678  
-6.789706777  
-5.151104107  
-2.94990278  
-0.6666156065  
1.359464291  
3.000572571  
4.325920825  
5.517003156  
6.750885057  
8.098265785  
9.474715255  
10.66170564  
11.38714921  
11.43306626  
10.72839481  
9.391130574  
7.703155898  
6.026135325  
4.688545922  
3.884160325  
3.617999467  
3.7181818  
3.908168881  
3.912250871  
3.555569483  
2.822717739  
1.854755017  
0.8873892787  
0.1547463687  
-0.2044574318  
-0.2027833622  
-0.0008735774613  
0.1536923296  
0.02263892386  
-0.5278708917  
-1.469357845  
-2.613093961  
-3.672899001  
-4.366942166  
-4.52207637  
-4.142565119  
-3.417243186  
-2.660831133  
-2.208586282  
-2.300370222  
-2.994369499  
-4.140795651  
-5.425238641  
-6.467312322  
-6.941306075  
-6.678206082  
-5.715189802  
-4.277054315  
-2.697430489  
-1.307852566  
-0.3330082918  
0.1726825391  
0.3270687153  
0.36230296  
0.5287531379  
0.9949546834  
1.778116188  
2.728340749  
3.571016108  
3.992372042  
3.739563496  
2.703042923  
0.9560632086  
-1.259085567  
-3.591467797  
-5.668212418  
-7.181118743  
-7.949289022  
-7.943540897  
-7.270914665  
-6.128986937  
-4.746432954  
-3.326993852  
-2.00983587  
-0.8523711257  
0.1650848131  
1.11803802  
2.106946294  
3.223388337  
4.51877687  
5.98016379  
7.517463121  
8.966177073  
10.10838443  
10.7115122  
10.57956273  
9.605975928  
7.813926249  
5.37024894  
2.564586863  
-0.2451171085  
-2.708852036  
-4.562161311  
-5.682468194  
-6.106511202  
-6.003077487  
-5.609758699  
-5.154775256  
-4.79022245  
-4.559035856  
-4.40542779  
-4.222151526  
-3.913476616  
-3.446431513  
-2.867315319  
-2.274822939  
-1.759974369  
-1.339150623  
-0.9127914594  
-0.2753031699  
0.8171525475  
2.538694312  
4.883606508  
7.600012447  
10.20369516  
12.08313235  
12.6735868  
11.64871742  
9.064116838  
5.395594174  
1.44514188  
-1.869330011  
-3.782375806  
-3.923777572  
-2.453059002  
-0.03292808826  
2.360985142  
3.742023242  
3.433412486  
1.303871986  
-2.163457519  
-5.998788952  
-9.036299855  
-10.27870315  
-9.219432139  
-6.016794022  
-1.460485511  
3.261958857  
6.925323298  
8.637562781  
8.101125087  
5.68047598  
2.255950402  
-1.08467466  
-3.411418294  
-4.250420429  
-3.715504179  
-2.431038819  
-1.276261411  
-1.042829897  
-2.127041848  
-4.365844975  
-7.07546247  
-9.28084657  
-10.05738403  
-8.866709343  
-5.769687205  
-1.441150343  
3.021458255  
6.433210787  
7.889525809  
7.045014099  
4.212395341  
0.2517602264  
-3.70917249  
-6.627812491  
-7.854750106  
-7.298157449  
-5.39732161  
-2.924425953  
-0.691293158  
0.7329251163  
1.195560325  
0.9702378494  
0.607328375  
0.6862256197  
1.563935284  
3.213296512  
5.209894658  
6.872150687  
7.503972858  
6.65312968  
4.293402217  
0.8658845538  
-2.835902271  
-5.898718686  
-7.562353117  
-7.442731018  
-5.634580164  
-2.664881595  
0.681595752  
