-1.465900199  
-1.594560447  
-1.655636582  
-1.723998771  
-1.804506708  
-1.816571045  
-1.622050141  
-1.086676427  
-0.1511899179  
1.116861455  
2.513795027  
3.741106312  
4.48689544  
4.521261441  
3.773031587  
2.360245651  
0.5621717654  
-1.25932493  
-2.763342495  
-3.72382993  
-4.082351054  
-3.942787298  
-3.511701653  
-3.007507326  
-2.572823713  
-2.22303373  
-1.850666608  
-1.284217046  
-0.3791859902  
0.893986158  
2.400809056  
3.855196273  
4.894368931  
5.193840008  
4.58401426  
3.126864888  
1.122817447  
-0.959335092  
-2.610534145  
-3.428123253  
-3.233982089  
-2.125229264  
-0.4401927937  
1.349962936  
2.788887846  
3.573943313  
3.64130548  
3.170401939  
2.507869008  
2.038140909  
2.045215407  
2.612492704  
3.593879335  
4.664659805  
5.433311333  
5.574965391  
4.940501171  
3.604397692  
1.836222714  
0.007198341858  
-1.534422345  
-2.575192279  
-3.096741738  
-3.264341463  
-3.349121748  
-3.612777055  
-4.196797691  
-5.05671193  
-5.966151903  
-6.591017882  
-6.609478643  
-5.836851368  
-4.312008978  
-2.313917539  
-0.2997508983  
1.218310269  
1.82028208  
1.304350703  
-0.2470741459  
-2.481062434  
-4.862926263  
-6.812860468  
-7.850202954  
-7.704825693  
-6.367364797  
-4.069897759  
-1.209453698  
1.758100754  
4.421293816  
6.486437681  
7.80751709  
8.374647591  
8.275604268  
7.650334574  
6.65556  
5.447760755  
4.182136609  
3.017125418  
2.111888805  
1.608565991  
1.599880684  
2.092102647  
2.97915534  
4.043046584  
4.98848291  
5.507839126  
5.360862893  
4.445872306  
2.839249285  
0.7879854885  
-1.346162454  
-3.177213528  
-4.395026738  
-4.845835708  
-4.569483606  
-3.782324928  
-2.811148567  
-1.998092796  
-1.604928414  
-1.74455923  
-2.358609687  
-3.245489344  
-4.128099126  
-4.739057942  
-4.897446979  
-4.555218876  
-3.802004998  
-2.830240182  
-1.874150428  
-1.142623224  
-0.7658441009  
-0.769381444  
-1.079812362  
-1.556153571  
-2.034680072  
-2.37260642  
-2.478866281  
-2.32608735  
-1.944580495  
-1.404259407  
-0.7925423813  
-0.1952210575  
0.3159118019  
0.6886432055  
0.8917059618  
0.915144665  
0.7716572315  
0.49857893  
0.1582094509  
-0.1664559628  
-0.3823804664  
-0.4028709423  
-0.1663540691  
0.3475347179  
1.109470029  
2.042493188  
3.03429142  
3.956276158  
4.684216864  
5.115414123  
5.179502829  
4.843012319  
4.110367419  
3.024801755  
1.671334679  
0.1808031444  
-1.269398513  
-2.464096773  
-3.173937198  
-3.194872111  
-2.398235532  
-0.7797099915  
1.508369579  
4.155998688  
6.734142851  
8.770856  
9.850869344  
9.715248732  
8.334220993  
5.930585695  
2.9427628  
-0.06746689353  
-2.54158088  
-4.053596549  
-4.408097163  
-3.680696394  
-2.190011722  
-0.4090718689  
1.159148937  
2.107797414  
2.219935206  
1.506376277  
0.1806997835  
-1.417271842  
-2.924244758  
-4.051459878  
-4.650762153  
-4.733373988  
-4.441499922  
-3.987007751  
-3.579780275  
-3.368589839  
-3.410301007  
-3.671754494  
-4.05725958  
-4.447263629  
-4.732643844  
-4.834085555  
-4.704433673  
-4.320204235  
-3.672834602  
-2.769080819  
-1.643752967  
-0.3794534696  
0.8788246984  
1.928065778  
2.539349601  
2.515970903  
1.763429838  
0.3479695538  
-1.481413033  
-3.324713851  
-4.717804627  
-5.256504176  
-4.723770403  
-3.179305623  
-0.9771846239  
1.303976091  
3.007428083  
3.584618802  
2.76820647  
0.677554285  
-2.181255994  
-5.029216709  
-7.015951572  
-7.454456367  
-6.021291996  
-2.861632195  
1.435197962  
5.986238449  
9.849975215  
12.27823403  
12.91114676  
11.85804044  
9.641525992  
7.023692607  
4.769145662  
3.418331592  
3.140236685  
3.707476851  
4.597495478  
5.183594157  
4.951830864  
3.673157788  
1.476539589  
-1.19749183  
-3.743593778  
-5.586772152  
-6.359437743  
-6.001726634  
-4.754162884  
-3.049454552  
-1.345102274  
0.04149089476  
1.035412847  
1.807049124  
2.674350117  
3.94049284  
5.72756997  
7.870499613  
9.916120496  
11.2365561  
11.22533675  
9.513598895  
6.132715172  
1.563585617  
-3.352503684  
-7.622058653  
-10.36750982  
-11.07452134  
-9.741753606  
-6.885012085  
-3.39242712  
-0.273314402  
1.623669271  
1.838586081  
0.4076443535  
-2.178327407  
-5.145970679  
-7.68392649  
-9.181371091  
-9.387538386  
-8.447752006  
-6.813137344  
-5.062032937  
-3.697632567  
-2.990349961  
-2.914411958  
-3.193410629  
-3.431448662  
-0.08219656838  
0.8787160691  
1.799609008  
2.476959629  
2.636973203  
2.057982944  
0.7064579187  
-1.175586049  
-3.080046281  
-4.35214428  
-4.389573361  
-2.856175428  
0.167425828  
4.157628113  
8.267133361  
11.56004799  
13.2902108  
13.13103024  
11.27765104  
8.383252196  
5.346907863  
3.02157378  
1.939294482  
2.146124146  
3.20265032  
4.349847416  
4.783347205  
3.94215904  
1.712907734  
-1.520133711  
-4.995885176  
-7.826336341  
-9.289882308  
-9.068537813  
-7.349734971  
-4.760493261  
-2.159050051  
-0.3566263445  
0.1362239388  
-0.744707894  
-2.623891645  
-4.836214245  
-6.66383685  
-7.57599731  
-7.390903799  
-6.309535561  
-4.817629338  
-3.497798032  
-2.822398488  
-3.000371209  
-3.92785593  
-5.252670197  
-6.521406397  
-7.34996277  
-7.553244237  
-7.18821338  
-6.498975514  
-5.789840547  
-5.278578538  
-4.988254543  
-4.720461461  
-4.121618537  
-2.81932281  
-0.5797334313  
2.570913221  
6.305298803  
10.05153058  
13.1313576  
14.93766428  
15.09723131  
13.57112893  
10.66621006  
6.959030385  
3.158436127  
-0.0525452201  
-2.154296351  
-2.877891936  
-2.230155279  
-0.4620646594  
2.002304132  
4.655389217  
6.996387838  
8.610216893  
9.228440536  
8.767676145  
7.340556368  
5.234007136  
2.852072117  
0.6277314491  
-1.081282446  
-2.087504404  
-2.429992495  
-2.367532904  
-2.300501763  
-2.636085438  
-3.634007461  
-5.283155495  
-7.256667546  
-8.972591932  
-9.753938699  
-9.046296187  
-6.625770323  
-2.725326096  
1.972565096  
6.488861303  
9.810343001  
11.18539889  
10.35988673  
7.672946117  
3.9736416  
0.3761296072  
-2.075285314  
-2.727173775  
-1.520959246  
0.9882064908  
3.806969139  
5.819609195  
6.143591817  
4.4103294  
0.8806401295  
-3.641267004  
-8.065101438  
-11.3567686  
-12.85233396  
-12.44185386  
-10.56669243  
-8.03788658  
-5.743121299  
-4.345646324  
-4.077892865  
-4.696506575  
-5.607280692  
-6.108813833  
-5.663617243  
-4.098714957  
-1.666059492  
1.054402973  
3.36881355  
4.718964528  
4.874862024  
4.001058136  
2.575740509  
1.196845292  
0.3511188689  
0.2349220719  
0.6950330285  
1.311366288  
1.588908437  
1.183679112  
0.07307699545  
-1.399489995  
-2.629201127  
-2.970467843  
-1.994575731  
0.3124059632  
3.490454861  
6.716501211  
9.055919708  
9.772660993  
8.591428941  
5.817767  
2.268223389  
-0.9728862645  
-2.893427953  
-2.878448013  
-0.9115451981  
2.415889076  
6.092051356  
9.007318992  
10.30532049  
9.646617673  
7.299136256  
4.028247028  
0.8268256899  
-1.421403565  
-2.231094821  
-1.660989938  
-0.2701264842  
1.096596199  
1.617422383  
0.7907469088  
-1.380351325  
-4.376914004  
-7.32784568  
-9.291868644  
-9.563070965  
-7.899947916  
-4.605704692  
-0.4382724108  
3.615580677  
6.625402031  
7.969461245  
7.47796133  
5.430291742  
2.419010358  
-0.8645147997  
-3.84642637  
-6.217684594  
-7.970027027  
-9.319264708  
-10.55329092  
-11.86573957  
-13.23741657  
-14.40770116  
-14.94462821  
-14.38777259  
-12.4138055  
-8.968273356  
-4.319844536  
0.980374717  
6.22120854  
10.69747912  
13.87037911  
15.47729663  
15.5641174  
14.43736724  
12.55662305  
10.40240725  
8.35787981  
6.63447893  
5.256053106  
4.098315367  
2.965877825  
1.681251556  
0.1599737668  
-1.547645211  
-3.257456023  
-4.693196652  
-5.557599304  
-5.615115668  
-4.766090182  
-3.093832173  
-0.8712487465  
1.478127812  
3.459950681  
4.614843322  
4.627312512  
3.411332426  
1.148693646  
-1.734593099  
-4.654025316  
-6.998205701  
-8.275936856  
-8.241272959  
-6.961645756  
-4.806973768  
-2.35790727  
-0.2536100863  
0.982467735  
1.092198488  
0.165688246  
-1.368001305  
-2.843572136  
-3.531558708  
-2.836478697  
-0.4699566369  
3.446409069  
8.376129708  
13.46386279  
17.71063619  
20.18765857  
20.23972477  
17.6329087  
12.61478142  
5.875564751  
-1.580128009  
-8.623266759  
-14.21303957  
-17.5898713  
-18.41148466  
-16.80628651  
-13.33428041  
-8.863581624  
-4.387056273  
-0.8160536942  
1.206075428  
1.430797606  
0.04319845474  
-2.396773101  
-5.097935073  
-7.233013691  
-8.138397763  
-7.469416064  
-5.272695301  
-1.958572675  
1.816769094  
5.325211781  
7.947510322  
9.311122924  
9.349433662  
8.27159245  
6.459982121  
4.334083537  
2.228076457  
0.322055778  
-1.354334156  
-2.854285413  
-4.214677593  
-5.369849307  
-6.118259544  
-6.1621314  
-5.211807755  
-3.119705837  
0.006497808802  
3.759323385  
7.4830664  
10.41704014  
11.89323544  
11.52905748  
9.352711112  
5.816793045  
1.689418255  
-2.148876176  
-4.943154808  
-6.265140041  
-6.115802316  
-4.898451099  
-3.271980318  
-1.931601038  
-1.386739698  
-1.805529092  
-2.9728173  
-4.371483593  
-5.357480696  
-5.370292463  
-4.111537239  
-1.637375594  
1.659729394  
5.168101264  
8.230672393  
10.31851699  
11.15181961  
10.7373273  
9.321120617  
7.282837951  
5.013351875  
2.817668492  
0.8699777958  
-0.7749885926  
-2.131787914  
-3.225306924  
-4.052244645  
-4.579470855  
-4.776622856  
-4.663282321  
-4.342894381  
-4.000062804  
-3.852987627  
-4.072959664  
-4.69952647  
-5.586606588  
-6.407668061  
-6.729314457  
-6.138337361  
-4.386190251  
-1.504782657  
2.147482316  
5.931327321  
9.058476014  
10.77771276  
10.56561487  
8.269873414  
4.165979601  
-1.08787599  
-6.585241365  
-11.35995189  
-14.58196052  
-15.71543619  
-14.60760849  
-11.49643724  
-6.944791309  
-1.722937006  
3.332805604  
7.458904689  
10.08083256  
10.89401694  
9.90285458  
7.414855112  
3.989546558  
0.3453475539  
-2.766637703  
-4.704685054  
-5.069165829  
-3.796207172  
-1.185417813  
2.153602165  
5.432168727  
7.865450667  
8.864276269  
8.185548586  
5.998111376  
2.84184845  
-0.5128522753  
-3.268827654  
-4.812822207  
-4.873191385  
-3.579362642  
-1.406496389  
0.9766698773  
2.909721204  
3.930394597  
3.895251983  
2.996684594  
1.674948001  
0.4570543744  
-0.2232897674  
-0.1660467293  
0.5386001574  
1.553147581  
2.417820234  
2.714077003  
2.211352432  
0.9487163989  
-0.7743551537  
-2.49352146  
-3.72876183  
-4.137814584  
-3.624220875  
-2.366180085  
-0.7585373632  
0.7119250729  
1.617282554  
1.717929128  
1.031428117  
-0.1783192502  
-1.485647295  
-2.433472552  
-2.669027288  
-2.045104278  
-0.6591119255  
1.17809181  
3.031092601  
4.458564994  
5.127358711  
4.891508639  
3.817500967  
2.153067217  
0.2519080759  
-1.522636126  
-2.888386985  
-3.706426548  
-4.000331365  
-3.930200129  
-3.730755544  
-3.631648262  
-3.782247589  
-4.201876783  
-4.769976602  
-5.260394991  
-5.41208718  
-5.017811441  
-4.005768951  
-2.488690226  
-0.7617112754  
0.7567637323  
1.630761014  
1.533452895  
0.3599838497  
-1.70851073  
-4.214141325  
-6.510269121  
-7.91116598  
-7.866727253  
-6.115293944  
-2.770680953  
1.684247296  
6.499613628  
10.83109979  
13.93716475  
15.34740258  
14.95683132  
13.0227127  
10.06936508  
6.733073303  
3.595315245  
1.053182519  
-0.7390174587  
-1.847884891  
-2.476307191  
-2.852654477  
-3.135831006  
-3.368520522  
-3.490272057  
-3.398124262  
-3.024237276  
-2.394332542  
-1.639467381  
-0.953611357  
-0.5127955199  
-0.3892702861  
-0.4989653292  
-0.6100162434  
-0.417691735  
0.3354210204  
1.735574821  
3.618245558  
5.569368689  
7.01814305  
7.400064564  
6.341781738  
3.807245264  
0.152693847  
-3.935454099  
-7.608860123  
-10.08546995  
-10.86989156  
-9.897741578  
-7.557414498  
-4.579758166  
-1.826906516  
-0.04280250175  
0.3601633777  
-0.5846956717  
-2.415773686  
-4.384450461  
-5.675689281  
-5.6415063  
-3.979753963  
-0.8101074313  
3.368181197  
7.817019848  
11.75227784  
14.53157352  
15.78710972  
15.47471465  
13.8372495  
11.30452097  
8.365858063  
5.452678884  
2.858588305  
0.7086306984  
-1.026180652  
-2.483447344  
-3.850600043  
-5.307318103  
-6.977757582  
-8.895949897  
-10.98543778  
-13.05502711  
-14.8144304  
-15.91368408  
-16.00661655  
-14.83117995  
-12.29054932  
-8.512659885  
-3.86593979  
1.082582912  
5.665187215  
9.24789725  
11.36773738  
11.83447152  
10.76610961  
8.54608533  
5.71397013  
2.822791402  
0.3069326228  
-1.599208783  
-2.869402584  
-3.623962453  
-4.026460229  
-4.181448555  
-4.074754271  
-3.580810811  
-2.534777132  
-0.8404218085  
1.431643605  
4.00000738  
6.408977096  
8.141755775  
8.775807094  
8.126405314  
6.324013433  
3.791429003  
1.121201781  
-1.109448832  
-2.523613563  
-3.063128462  
-2.994400296  
-2.794109939  
-2.950866024  
-3.751906649  
-5.133706041  
-6.657024851  
-7.625596094  
-7.316982883  
-5.251649432  
-1.407705175  
3.698223477  
9.1021265  
13.63708873  
16.25971466  
16.35638649  
13.93035986  
9.607066582  
4.453249231  
-0.3337326259  
-3.76767554  
-5.337976318  
-5.114975725  
-3.668355827  
-1.83347922  
-0.4104856466  
0.09895249111  
-0.3711312494  
-1.481072477  
-2.663636452  
-3.377982494  
-3.341395018  
-2.650420879  
-1.745116486  
-1.229153108  
-1.613233735  
-3.079626048  
-5.360364883  
-7.7820752  
-9.470351368  
-9.647514835  
-7.920666736  
-4.456122872  
0.02745102891  
4.453580786  
7.711316606  
9.002201302  
8.0948763  
5.40023123  
1.839279626  
-1.45462498  
-3.501691555  
-3.788932511  
-2.42749778  
-0.1029949771  
2.163164281  
3.360882232  
2.83152466  
0.4897557301  
-3.143256599  
-7.102100386  
-10.27758669  
-11.75495543  
-11.08079548  
-8.377492964  
-4.27731181  
0.291839447  
4.390942365  
7.329482098  
8.820529624  
8.992998756  
8.273792199  
7.19501404  
6.201132175  
5.522591589  
5.150997028  
4.90976585  
4.578963742  
4.016573499  
3.225742013  
2.344278354  
1.56722983  
1.041737667  
0.7842636978  
0.6598841125  
0.4360428308  
-0.1094682901  
-1.07142825  
-2.342729899  
-3.619601601  
-4.492900281  
-4.597002402  
-3.762397473  
-2.112528261  
-0.06263463088  
1.787447216  
2.835571596  
2.674656772  
1.236918215  
-1.166955347  
-3.930242234  
-6.328879838  
-7.737789878  
-7.813340358  
-6.582937455  
-4.415621972  
-1.888989425  
0.3974051815  
1.99618388  
2.716313932  
2.628852018  
1.983857277  
1.080634119  
0.1482281523  
-0.7153734687  
-1.524534581  
-2.322836735  
-3.07981632  
-3.622580537  
-3.644335229  
-2.799975321  
-0.8599500916  
2.136489307  
5.796087529  
9.403762359  
12.08165639  
13.03689582  
11.82180251  
8.517075338  
3.766661478  
-1.361720859  
-5.658701487  
-8.116003369  
-8.222781484  
-6.118921822  
-2.55206137  
1.352171546  
4.436050268  
5.862340092  
5.361198833  
3.293250322  
0.5107985486  
-1.934935683  
-3.143250409  
-2.656016378  
-0.5995868707  
2.364815335  
5.259917175  
7.103864517  
7.210716752  
5.384913299  
1.954169183  
-2.358698007  
-6.671845169  
-10.20378479  
-12.47075014  
-13.36516282  
-13.10408653  
-12.08260796  
-10.69658094  
-9.203213819  
-7.666332585  
-5.995931334  
-4.05374788  
-1.772552237  
0.7648837431  
3.320979633  
5.573545205  
7.22964089  
8.133467334  
8.32140208  
7.999680825  
7.45301292  
6.9220295  
6.50169377  
6.105420355  
5.513280582  
4.487456114  
2.908439966  
0.8735017848  
-1.289339795  
-3.106932623  
-4.121261813  
-4.066598459  
-2.993751291  
-1.286379496  
0.4480869014  
1.583145867  
1.704404806  
0.7821759595  
-0.7845819366  
-2.280714016  
-2.915932138  
-2.117602092  
0.2260431467  
3.663007684  
7.262345785  
9.871549732  
10.47115083  
8.514140363  
4.137828906  
-1.826192909  
-8.054330675  
-13.08715729  
-15.73096435  
-15.38148321  
-12.17237315  
-6.908304235  
-0.8117094793  
4.829963872  
9.002681714  
11.18773452  
11.41008144  
10.11781032  
7.953582144  
5.51016464  
3.158677129  
1.002744535  
-1.041079241  
-3.086187459  
-5.119912818  
-6.92285061  
-8.104341513  
-8.24493752  
-7.089862456  
-4.712080823  
-1.570290735  
1.576077901  
3.878891546  
4.673638183  
3.717031852  
1.300628562  
-1.80960832  
-4.598515885  
-6.123391136  
-5.826703454  
-3.733051291  
-0.4594258241  
2.970526564  
5.451330159  
6.154499407  
4.803234216  
1.77155989  
-2.025624615  
-5.416139353  
-7.335124724  
-7.152413772  
-4.858282182  
-1.051657667  
3.25943737  
6.974543686  
9.228652533  
9.62648738  
8.31448675  
5.879015992  
3.117591058  
0.7689556048  
-0.7046494262  
-1.214887438  
-1.003615326  
-0.4889431324  
-0.06925002786  
0.03648583925  
-0.1469521823  
-0.4004010576  
-0.4460441893  
-0.1083685658  
0.5699248447  
1.30882862  
1.681641886  
1.283821262  
-0.08434069045  
-2.294594661  
-4.881532253  
-7.161362506  
-8.445323603  
-8.277268493  
-6.61179458  
-3.865615102  
-0.8156435009  
1.630974053  
2.724787078  
2.127162723  
0.0437483494  
-2.810363519  
-5.409373921  
-6.722475649  
-6.034404546  
-3.182482351  
1.363844463  
6.607634355  
11.28470024  
14.20487132  
14.5765771  
12.22325753  
7.632818266  
1.829915048  
-3.889546564  
-8.28599442  
-10.47676626  
-10.13238897  
-7.523494629  
-3.41535961  
1.152955499  
5.140746124  
7.756583315  
8.626439852  
7.843229775  
5.894467521  
3.495549898  
1.377690925  
0.08753182283  
-0.1509565004  
0.5201799086  
1.651576781  
2.628719927  
2.858266193  
1.948412621  
-0.1652838323  
-3.183324929  
-6.506741288  
-9.387680505  
-11.12739908  
-11.26856609  
-9.728262432  
-6.832452639  
-3.23885443  
0.2335764004  
2.822811749  
4.028337385  
3.742874548  
2.271633281  
0.2319401101  
-1.638204403  
-2.70580452  
-2.634423343  
-1.482570797  
0.322142327  
2.125767638  
3.263550444  
3.280580122  
2.087522778  
0.001292513378  
-2.343329098  
-4.184221261  
-4.865156355  
-4.038682781  
-1.775420772  
1.453486696  
4.913625211  
7.819527504  
9.554559086  
9.830715578  
8.741985086  
6.700741086  
4.284530707  
2.048182866  
0.3643295506  
-0.6577764363  
-1.154737513  
-1.407455443  
-1.698724597  
-2.185349179  
-2.832390307  
-3.432463111  
-3.700867354  
-3.408869547  
-2.50316769  
-1.164025736  
0.2236723194  
1.181032972  
1.292376459  
0.3562758743  
-1.522087677  
-3.931440027  
-6.252064451  
-7.823166336  
-8.129871034  
-6.953353225  
-4.439167981  
-1.064315111  
2.485640304  
5.492017906  
7.38016888  
7.850027333  
6.928593295  
4.937522132  
2.393220508  
-0.1267601007  
-2.112885892  
-3.217667185  
-3.299034074  
-2.414426165  
-0.7796278187  
1.288497971  
3.428936151  
5.284297901  
6.538906712  
6.951589609  
6.38711809  
4.845365294  
2.480705261  
-0.3999152239  
-3.370538213  
-5.954264035  
-7.717172519  
-8.367864838  
-7.835632106  
-6.301710367  
-4.168524081  
-1.968767614  
-0.2345064708  
0.6398412942  
0.5025764272  
-0.512943127  
-2.022377404  
-3.492800852  
-4.385409438  
-4.298777588  
-3.073001813  
-0.8270120839  
2.078761907  
5.140361706  
7.838174557  
9.757177674  
10.6668936  
10.54305956  
9.532226571  
7.877971332  
5.83762931  
3.618334415  
1.351380365  
-0.8919111323  
-3.055687694  
-5.050071115  
-6.721995048  
-7.863750765  
-8.261798985  
-7.771899164  
-6.394233003  
-4.318650882  
-1.917117356  
0.3237926474  
1.917812478  
2.511269959  
1.993664545  
0.5501389361  
-1.365997992  
-3.139979207  
-4.1567577  
-3.973763843  
-2.456007132  
0.1677245323  
3.347901069  
6.349082664  
8.442017702  
9.100552881  
8.147602311  
5.807406729  
2.647170774  
-0.5772523402  
-3.128940734  
-4.491956212  
-4.509872949  
-3.420677584  
-1.777769943  
-0.2800405083  
0.4393260505  
0.003484649778  
-1.593835538  
-3.98374904  
-6.528203325  
-8.504926972  
-9.316734526  
-8.663977946  
-6.630399091  
-3.658678606  
-0.424498661  
2.352781026  
4.107370116  
4.576048681  
3.858421024  
2.374766096  
0.737443824  
-0.4246461921  
-0.6379596813  
0.293930388  
2.248331554  
4.82689732  
7.466743738  
9.585063877  
10.71768533  
10.61799878  
9.296797486  
7.000872806  
4.143286046  
1.207413119  
-1.351150725  
-3.185004776  
-4.10553202  
-4.099694847  
-3.315486412  
-2.022400515  
-0.5549588653  
0.7517543427  
1.624968951  
1.905173105  
1.574876815  
0.7571883367  
-0.3186841884  
-1.380096767  
-2.188264719  
-2.610029166  
-2.662350309  
-2.512885131  
-2.43152546  
-2.702816969  
-3.523061239  
-4.913850058  
-6.682064957  
-8.44464867  
-9.717445398  
-10.04678312  
-9.146986036  
-7.002105466  
-3.898206997  
-0.3717611281  
2.915599392  
5.343059025  
6.491186081  
6.251439095  
4.853294791  
2.801401835  
0.7410583983  
-0.7097848357  
-1.11562281  
-0.3249775156  
1.505016084  
3.96176499  
6.487826153  
8.515557333  
9.590254356  
9.454373864  
8.08000758  
5.652095986  
2.516190731  
-0.8910808369  
-4.11290697  
-6.734713169  
-8.434754093  
-9.022908815  
-8.467421099  
-6.906174665  
-4.636190858  
-2.075311244  
0.3050648276  
2.068433243  
2.90552074  
2.707085293  
1.594727266  
-0.1035477468  
-1.930844591  
-3.41308409  
-4.17386894  
-4.019017409  
-2.966047495  
-1.211718499  
0.9484497682  
3.218342413  
5.381009864  
7.331611625  
9.053647298  
10.55160976  
11.77185296  
12.5503207  
12.61731984  
11.66813031  
9.481131081  
6.042673292  
1.628970598  
-3.195267348  
-7.676028912  
-11.04763326  
-12.73915233  
-12.54459598  
-10.69818812  
-7.823203022  
-4.762777764  
-2.340533402  
-1.124067913  
-1.266134517  
-2.475002946  
-4.124290815  
-5.466895672  
-5.883175628  
-5.081955848  
-3.18877053  
-0.6936850205  
1.721545192  
3.416671635  
4.006346799  
3.481302365  
2.197423466  
0.7389525929  
-0.294497409  
-0.5015588234  
0.1814608347  
1.463276864  
2.807059576  
3.626586349  
3.499040212  
2.319164241  
0.3408576953  
-1.907623998  
-3.804177819  
-4.845012734  
-4.814048893  
-3.850922524  
-2.395069953  
-1.026957331  
-0.2629183317  
-0.3752743275  
-1.299288729  
-2.657197747  
-3.88853119  
-4.43963669  
-3.946556831  
-2.349870333  
0.09412586311  
2.904577973  
5.533278198  
7.530937495  
8.665891879  
8.958741595  
8.628532428  
7.977728608  
7.263436634  
6.603948572  
5.953286709  
5.148738951  
4.008180024  
2.4358186  
0.4931464676  
-1.593497978  
-3.492314371  
-4.870333766  
-5.503832848  
-5.354299015  
-4.582669614  
-3.497543772  
-2.456783231  
-1.757721468  
-1.553536326  
-1.822017111  
-2.392861567  
-3.018760188  
-3.461569388  
-3.562617929  
-3.275639096  
-2.657269788  
-1.826728008  
-0.9162583725  
-0.03399418495  
0.7484413619  
1.385060964  
1.834740404  
2.048444122  
1.977417159  
1.603115698  
0.9759223761  
0.2408530094  
-0.370451578  
-0.5906401112  
-0.2014948717  
0.8736957327  
2.505796517  
4.354763535  
5.937490672  
6.756643784  
6.454214454  
4.939928733  
2.448022873  
-0.5036173094  
-3.246335862  
-5.148154862  
-5.797564011  
-5.123939192  
-3.413887957  
-1.216699361  
0.8308490034  
2.20262963  
2.63860331  
2.206577448  
1.251684947  
0.2537920431  
-0.3553867875  
-0.3505310541  
0.2088246762  
1.0055115  
1.585536798  
1.527320742  
0.5978337602  
-1.15979016  
-3.43667313  
-5.760019285  
-7.646973085  
-8.753483349  
-8.965100714  
-8.400121447  
-7.329491471  
-6.049410014  
-4.759593292  
-3.496442291  
-2.147400546  
-0.539503041  
1.435472052  
3.712941631  
6.013249292  
7.889503921  
8.8549668  
8.547496668  
6.871644467  
4.064204629  
0.6546963307  
-2.670567276  
-5.257356346  
-6.662241048  
-6.761182741  
-5.752942481  
-4.059943577  
-2.165681241  
-0.4496507765  
0.9202630397  
2.001306232  
2.995560329  
4.112562337  
5.433601272  
6.835679979  
8.009491259  
8.56825099  
8.207063131  
6.850150787  
4.724821645  
2.326529312  
0.2797498991  
-0.8602381365  
-0.7947542954  
0.4110223869  
2.34356468  
4.378287428  
5.892760891  
6.480609316  
6.088352147  
5.023484131  
3.827921453  
3.060274224  
3.065210024  
3.81530219  
4.88701855  
5.585649813  
5.180542985  
3.17109672  
-0.5095014227  
-5.426431623  
-10.73919452  
-15.43305723  
-18.61076441  
-19.74832782  
-18.83113903  
-16.32806461  
-13.01684056  
-9.72437477  
-7.072632231  
-5.315612686  
-4.317605495  
-3.670845074  
-2.900779954  
-1.677469257  
0.04744265793  
2.027917856  
3.835840796  
5.050972236  
5.450966254  
5.123576343  
4.452656749  
3.978114241  
4.179404059  
5.263954321  
7.04388742  
8.954968891  
10.22130996  
10.11559475  
8.227350801  
4.644610228  
-0.01929579853  
-4.771042615  
-8.513490694  
-10.36630888  
-9.928139093  
-7.395718143  
-3.5020138  
0.7053510226  
4.17280842  
6.137702616  
6.321307419  
4.96322366  
2.696245464  
0.3126156774  
-1.495126899  
-2.332800904  
-2.183330014  
-1.351119361  
-0.3046105318  
0.5178974576  
0.8665936665  
0.7488581679  
0.3912975085  
0.1186700784  
0.2026441164  
0.7414052469  
1.615972442  
2.537369036  
3.163126595  
3.235443689  
2.686207651  
1.668030338  
0.4996823838  
-0.4527413709  
-0.9132303644  
-0.7995009004  
-0.2536529981  
0.411725669  
0.832000303  
0.7297091199  
0.02355600026  
-1.132338999  
-2.39269903  
-3.332641432  
-3.586828238  
-2.968108754  
-1.526584361  
0.4674770627  
2.606303034  
4.460616977  
5.68816495  
6.100885823  
5.675709825  
4.516518158  
2.792436206  
0.6830977125  
-1.646192188  
-4.033980159  
-6.290585826  
-8.170670115  
-9.376887582  
-9.608257494  
-8.64615007  
-6.450495585  
-3.22783319  
0.5633624961  
4.286095748  
7.2657625  
8.961118589  
9.112833606  
7.819732458  
5.513435568  
2.834249857  
0.444162689  
-1.165059555  
-1.807522166  
-1.639053828  
-1.08241389  
-0.6678297199  
-0.8431319788  
-1.817582655  
-3.491394042  
-5.493039673  
-7.309100409  
-8.459661021  
-8.657126152  
-7.89323589  
-6.425203666  
-4.668307507  
-3.035798485  
-1.785820018  
-0.9324608849  
-0.2548329588  
0.5976524927  
1.941204798  
3.895044871  
6.282327672  
8.63640961  
10.31859035  
10.71446186  
9.446976868  
6.535391193  
2.443841938  
-2.00321864  
-5.819628545  
-8.114680514  
-8.333917891  
-6.412577088  
-2.796492504  
1.675250773  
5.991023572  
9.226516743  
10.77026075  
10.45403488  
8.557487214  
5.693807658  
2.61669114  
0.008315482246  
-1.691138893  
-2.36872394  
-2.223117818  
-1.6628023  
-1.15577179  
-1.078676526  
-1.608586693  
-2.68404159  
-4.039728422  
-5.298099842  
-6.087226912  
-6.150309454  
-5.418103588  
-4.028141495  
-2.289659978  
-0.6063571165  
0.622404254  
1.098568495  
0.6995661995  
-0.4852871261  
-2.163365243  
-3.891342529  
-5.163265208  
-5.518900824  
-4.652349227  
-2.49854557  
0.7233474562  
4.524753887  
8.225196609  
11.08321599  
12.4569746  
11.95982992  
9.572226139  
5.677084564  
1.001412285  
-3.530708825  
-7.004531919  
-8.732507365  
-8.428021232  
-6.2864973  
-2.946576268  
0.6652926621  
3.571494926  
5.001331581  
4.601485833  
2.539423194  
-0.5328573558  
-3.649939043  
-5.796385464  
-6.192443494  
-4.52338917  
-1.047066383  
3.453717311  
7.864824029  
11.03034818  
12.0604041  
10.57307884  
6.803918987  
1.552500658  
-4.019391532  
-8.682519266  
-11.44744785  
-11.801716  
-9.815522078  
-6.092754255  
-1.587783992  
2.65504363  
5.76364916  
7.230551273  
6.988365932  
5.358663558  
2.902311032  
0.226380124  
-2.189012185  
-4.092697128  
-5.469712629  
-6.463782169  
-7.25303108  
-7.930498378  
-8.436104566  
-8.565476107  
-8.051554908  
-6.687315395  
-4.442129618  
-1.525611211  
1.629224089  
4.463470396  
6.44169317  
7.205312304  
6.679349117  
5.096613405  
2.930450835  
0.7574677541  
-0.905374839  
-1.737038551  
-1.679776759  
-0.9195272733  
0.2087908165  
1.353952623  
2.270309285  
2.885954224  
3.295435881  
3.684005821  
4.216266569  
4.935615757  
5.716919614  
6.29472081  
6.36001097  
5.690995747  
4.26758492  
2.321972595  
0.2984040157  
-1.272642573  
-1.948243698  
-1.536441864  
-0.1897426646  
1.610779604  
3.184895892  
3.861277527  
3.199954349  
1.155836778  
-1.874707578  
-5.146626902  
-7.775923829  
-9.004639777  
-8.438779961  
-6.182513019  
-2.822720432  
0.7354199473  
3.53374527  
4.846127075  
4.394509607  
2.427882989  
-0.3611928042  
-3.056892361  
-4.808350365  
-5.095470936  
-3.889107107  
-1.655880746  
0.7930254709  
2.560764898  
2.949763958  
1.683715947  
-1.001617808  
-4.425229275  
-7.662409444  
-9.816940379  
-10.27962746  
-8.895401587  
-5.991766962  
-2.265594159  
1.431231307  
4.337589535  
5.984442624  
6.293637548  
5.551346814  
4.2739052  
3.01660004  
2.190908784  
1.948638412  
2.165909222  
2.524992006  
2.659501927  
2.308972807  
1.428199336  
0.2143535458  
-0.9557869587  
-1.65523851  
-1.557516854  
-0.5569392358  
1.182043639  
3.26287145  
5.16955076  
6.417202772  
6.692293998  
5.938834357  
4.36543796  
2.374019576  
0.4355443743  
-1.046388625  
-1.841751755  
-1.93989363  
-1.525912021  
-0.9012580528  
-0.3790875184  
-0.1903080102  
-0.4294329708  
-1.053078076  
-1.924505362  
-2.88191274  
-3.801540465  
-4.63109893  
-5.382370611  
-6.08895996  
-6.749577731  
-7.283574474  
-7.521371219  
-7.239322609  
-6.231288456  
-4.393904977  
-1.795122603  
1.301175528  
4.468526524  
7.204437152  
9.047443757  
9.690995458  
9.060328126  
7.329378653  
4.873209083  
2.170942066  
-0.3111457496  
-2.22220388  
-3.38729994  
-3.813120225  
-3.644330455  
-3.091088667  
-2.355117571  
-1.578671143  
-0.8293683223  
-0.1189435934  
0.5588321873  
1.191689039  
1.731609119  
2.104417542  
2.240939349  
2.114080308  
1.762893398  
1.289798372  
0.8287790809  
0.4957136897  
0.3413871635  
0.3287274404  
0.3475012704  
0.2646082373  
-0.007715086661  
-0.4538032853  
-0.934021373  
-1.217371668  
-1.062678952  
-0.3230044181  
0.9655114179  
2.548986048  
3.99852559  
4.827214491  
4.649596412  
3.331635671  
1.075758801  
-1.598081605  
-3.981841228  
-5.387702146  
-5.372708372  
-3.905255214  
-1.411813151  
1.322492073  
3.37870638  
3.990010497  
2.79961963  
0.004941858018  
-3.665446199  
-7.143650003  
-9.329918105  
-9.423027128  
-7.170216002  
-2.956352243  
2.298128237  
7.400132225  
11.22547738  
13.03158298  
12.64358568  
10.45836075  
7.271310224  
3.989193102  
1.328882406  
-0.3956097159  
-1.328202923  
-1.954540848  
-2.861693536  
-4.464573789  
-6.801391814  
-9.47568621  
-11.76990558  
-12.89356748  
-12.27939149  
-9.821134773  
-5.964435668  
-1.611204449  
2.137931175  
4.321824316  
4.426604363  
2.55974425  
-0.5699216474  
-3.862939595  
-6.164546105  
-6.617607197  
-4.921174301  
-1.414490792  
3.035921196  
7.304784788  
10.34257357  
11.46916783  
10.53832876  
7.931343234  
4.39592028  
0.795217881  
-2.144443579  
-4.006713185  
-4.733727718  
-4.552379956  
-3.823484013  
-2.881405054  
-1.92697113  
-1.008027267  
