-3.494171569  
-4.217425526  
-4.660368305  
-4.585745658  
-3.898502052  
-2.677894063  
-1.156231305  
0.3477355349  
1.51965156  
2.137286784  
2.129931626  
1.593389888  
0.7577913955  
-0.08129794395  
-0.6481977666  
-0.7648396585  
-0.3996929947  
0.325031718  
1.169365264  
1.844732884  
2.097495889  
1.784251134  
0.9181707886  
-0.3270709063  
-1.658312414  
-2.739467016  
-3.284208378  
-3.14006422  
-2.34010228  
-1.10589415  
0.2021797602  
1.176906044  
1.475758955  
0.9223542307  
-0.4307256243  
-2.297252826  
-4.215256295  
-5.654903626  
-6.14960705  
-5.416398511  
-3.433805462  
-0.4565198953  
3.036944938  
6.449549921  
9.196244446  
10.82633307  
11.10814573  
10.05826813  
7.913409647  
5.058102493  
1.931386629  
-1.062163574  
-3.616673977  
-5.554355944  
-6.821124319  
-7.458389447  
-7.564750793  
-7.259969163  
-6.658634327  
-5.854949738  
-4.915938076  
-3.879207346  
-2.753263034  
-1.521363597  
-0.1519271338  
1.382184484  
3.076863733  
4.869015169  
6.618673936  
8.112361166  
9.094641659  
9.325910957  
8.653878829  
7.077912342  
4.783155297  
2.127089695  
-0.4257324427  
-2.408561517  
-3.470088646  
-3.470747412  
-2.526915231  
-0.9861479403  
0.6630047417  
1.92246725  
2.419382655  
2.004133166  
0.7824062029  
-0.92736841  
-2.696342364  
-4.113778382  
-4.900695263  
-4.973762085  
-4.442408255  
-3.545293994  
-2.552716007  
-1.672007597  
-0.9900084049  
-0.4713191168  
-0.009199177262  
0.4944762899  
1.055031847  
1.569316368  
1.836411363  
1.630314339  
0.7989155116  
-0.6488162048  
-2.503810013  
-4.386848681  
-5.843968404  
-6.479444665  
-6.082817489  
-4.705767777  
-2.659593496  
-0.4299905568  
1.465995321  
2.635532738  
2.927229117  
2.470944392  
1.626419756  
0.8573040895  
0.5723045989  
0.9863048899  
2.047740646  
3.456217451  
4.764060961  
5.527328921  
5.455478401  
4.50965247  
2.917190392  
1.09822179  
-0.4704527826  
-1.40850828  
-1.551576825  
-0.9983344189  
-0.07097135829  
0.796550128  
1.204751166  
0.9214250229  
-0.04146463769  
-1.43014953  
-2.828125451  
-3.785382814  
-3.956562696  
-3.205877631  
-1.648656765  
0.3799803904  
2.416767273  
3.993104793  
4.753273627  
4.53676731  
3.406426637  
1.62064814  
-0.4372203128  
-2.350158175  
-3.755695524  
-4.412255701  
-4.233418104  
-3.288951191  
-1.778331851  
0.0140528799  
1.772307745  
3.202577836  
4.07987618  
4.282483986  
3.809087912  
2.775142036  
1.387583764  
-0.09893604351  
-1.436308525  
-2.435823689  
-3.006430092  
-3.167795196  
-3.03376717  
-2.770285715  
-2.539686139  
-2.447999223  
-2.511419791  
-2.652366519  
-2.726271684  
-2.570396318  
-2.059000024  
-1.147411914  
0.1084099167  
1.56189563  
3.010850649  
4.245243366  
5.092704268  
5.449046819  
5.287737874  
4.650068458  
3.62400695  
2.32179772  
0.8641439258  
-0.626615287  
-2.027655203  
-3.217902729  
-4.087478559  
-4.556053733  
-4.595522752  
-4.247349287  
-3.623820717  
-2.886507349  
-2.20345576  
-1.696084313  
-1.393515321  
-1.212849452  
-0.9774419267  
-0.4730960164  
0.4718285468  
1.907074497  
3.709626895  
5.582665297  
7.111141442  
7.862722581  
7.507160048  
5.919304145  
3.234211124  
-0.1638686407  
-3.717359679  
-6.815679433  
-8.926968613  
-9.706101694  
-9.052766346  
-7.109669073  
-4.209048233  
-0.7892224424  
2.692125989  
5.825943612  
8.290415114  
9.862774161  
10.41630923  
9.916746607  
8.426735568  
6.117051906  
3.273423549  
0.2834658727  
-2.407924089  
-4.375137068  
-5.306194457  
-5.088753659  
-3.858001568  
-1.98403689  
0.006563837848  
1.558920526  
2.23342708  
1.8222701  
0.4023611064  
-1.693181192  
-3.977107987  
-5.951659713  
-7.247868256  
-7.716062594  
-7.439929702  
-6.672873437  
-5.72243065  
-4.826343458  
-4.066273206  
-3.350740537  
-2.473082198  
-1.221825854  
0.4993575239  
2.589782417  
4.742845105  
6.518870934  
7.478411351  
7.331369368  
6.049504676  
3.900620448  
1.388652288  
-0.884005906  
-2.388607411  
-2.82093811  
-2.182166537  
-0.7644700065  
0.9516571315  
2.45210517  
3.343285435  
3.455346307  
2.863808479  
1.828729777  
0.6795082016  
-0.308716081  
-1.000689492  
-1.419001851  
-1.692040407  
-1.95716451  
-2.261880501  
-2.506572253  
-2.456292584  
-1.821953684  
-0.3833797461  
1.891581425  
4.779218864  
7.814580338  
10.39152805  
11.92082945  
11.99729808  
10.52200305  
7.739131589  
4.174473395  
4.705030709  
5.721307009  
6.483160758  
6.34141546  
4.853877679  
1.966371056  
-1.932159075  
-6.101626177  
-9.66158302  
-11.8527259  
-12.2642355  
-10.95358172  
-8.421251749  
-5.450593081  
-2.866597633  
-1.292328911  
-0.9801131115  
-1.767583808  
-3.166016105  
-4.544865607  
-5.346624956  
-5.259676854  
-4.29492174  
-2.747608817  
-1.065929756  
0.3212589733  
1.154201991  
1.417644322  
1.319377359  
1.185296861  
1.314063837  
1.847418095  
2.704590433  
3.604431014  
4.16623321  
4.051769949  
3.096810172  
1.385041809  
-0.7614106857  
-2.870867178  
-4.458887526  
-5.166166269  
-4.85232878  
-3.617892869  
-1.752846293  
0.3644903711  
2.379499061  
4.045325941  
5.25413344  
6.013028905  
6.383658036  
6.417099205  
6.114797496  
5.432899077  
4.326971464  
2.815380491  
1.029892842  
-0.7743686264  
-2.262055849  
-3.104803136  
-3.084502833  
-2.175612224  
-0.5744380195  
1.339390552  
3.100335806  
4.283332922  
4.618376151  
4.056477522  
2.767065209  
1.070949043  
-0.6649580368  
-2.132973776  
-3.154126482  
-3.691604276  
-3.810635752  
-3.608219335  
-3.147032467  
-2.424525252  
-1.391804516  
-0.01414892433  
1.655108142  
3.424482054  
4.968636742  
5.897494845  
5.874004854  
4.741720882  
2.613979899  
-0.1150006962  
-2.851956964  
-4.961560291  
-5.951833181  
-5.627207089  
-4.155305789  
-2.020201606  
0.1272217878  
1.675160706  
2.245107564  
1.80832522  
0.6835305802  
-0.584928356  
-1.427449676  
-1.458808491  
-0.6231468284  
0.7781215986  
2.187458507  
2.987766284  
2.726125589  
1.285413207  
-1.058621501  
-3.71769356  
-5.983244333  
-7.264748289  
-7.290557267  
-6.199489888  
-4.488903539  
-2.835503343  
-1.850789747  
-1.85762691  
-2.768530871  
-4.111603268  
-5.19815889  
-5.375200835  
-4.274105771  
-1.965794291  
1.036468683  
3.933044384  
5.902989656  
6.388503487  
5.29952559  
3.064226839  
0.5026556142  
-1.43859562  
-2.003910352  
-0.8914883377  
1.629108829  
4.787919688  
7.554325458  
8.968807045  
8.458185931  
6.030259655  
2.283133496  
-1.774399656  
-5.032904219  
-6.621786693  
-6.168662326  
-3.89686972  
-0.5338612404  
2.93436841  
5.578236234  
6.804362114  
6.511033592  
5.074860476  
3.182254163  
1.570712847  
0.7723140801  
0.946683567  
1.855814876  
2.981579279  
3.736967973  
3.691246577  
2.727596666  
1.078965141  
-0.7666449382  
-2.252961897  
-2.963714693  
-2.775768154  
-1.902150548  
-0.8109265932  
-0.05095793885  
-0.04878574435  
-0.9503438804  
-2.564134802  
-4.425455118  
-5.957688324  
-6.672495249  
-6.337700881  
-5.054297787  
-3.217156267  
-1.375594599  
-0.04496863618  
0.4634583902  
0.1353500221  
-0.7611959857  
-1.788438738  
-2.506214219  
-2.631447521  
-2.132439253  
-1.225631677  
-0.2790468277  
0.3392633351  
0.4098172101  
-0.04865484885  
-0.7820953524  
-1.395591825  
-1.504562849  
-0.8867628483  
0.4213676328  
2.120536517  
3.740078401  
4.794126596  
4.948370988  
4.139263802  
2.604077881  
0.8111920188  
-0.6857408841  
-1.420490219  
-1.156477787  
0.04706156657  
1.863575673  
3.808673318  
5.390598726  
6.250456245  
6.247810549  
5.469048491  
4.164076331  
2.641083186  
1.1609645  
-0.1311578831  
-1.217352069  
-2.164910136  
-3.055124758  
-3.916619201  
-4.692754973  
-5.256634893  
-5.466330758  
-5.235612787  
-4.58854669  
-3.672542094  
-2.721235144  
-1.979124248  
-1.616082243  
-1.665047146  
-2.008189221  
-2.418602302  
-2.643076687  
-2.495187226  
-1.923282204  
-1.027058197  
-0.01598395919  
0.8745456193  
1.4765284  
1.754960903  
1.818625876  
1.870119822  
2.113380699  
2.654892038  
3.439165102  
4.247654099  
4.766824284  
4.704071828  
3.909924265  
2.459444823  
0.6579482152  
-1.037789879  
-2.160702  
-2.390421614  
-1.670913673  
-0.2446510107  
1.413147568  
2.741972281  
3.277388102  
2.804948838  
1.433141051  
-0.4412326088  
-2.264741869  
-3.511586945  
-3.8569426  
-3.279170033  
-2.055274361  
-0.6515347334  
0.451491049  
0.9367061787  
0.7666758931  
0.1955477889  
-0.3288191183  
-0.3383953491  
0.4678498507  
2.091291355  
4.205369829  
6.245122535  
7.586259771  
7.753060795  
6.583174064  
4.291274544  
1.408116328  
-1.385405069  
-3.473106553  
-4.494173834  
-4.445066705  
-3.659138049  
-2.673129373  
-2.028976369  
-2.081270837  
-2.877855492  
-4.154210192  
-5.441421262  
-6.247013739  
-6.242254563  
-5.387744224  
-3.951751996  
-2.414623524  
-1.293725545  
-0.9521586512  
-1.460482951  
-2.561988884  
-3.755168805  
-4.465342442  
-4.245530013  
-2.936130283  
-0.727294715  
1.897931322  
4.31992905  
5.98388089  
6.5765873  
6.11838068  
4.940134518  
3.555856489  
2.477529457  
2.038151946  
2.2846213  
2.976197109  
3.686188064  
3.968040429  
3.524880554  
2.321685325  
0.6008940309  
-1.202393243  
-2.613483699  
-3.283343698  
-3.106588236  
-2.250728816  
-1.087757898  
-0.0544756612  
0.5068312247  
0.4693686141  
-0.03881456225  
-0.6904123202  
-1.088178883  
-0.9202853704  
-0.08496536559  
1.260941122  
2.747449696  
3.915099311  
4.373290293  
3.93768149  
2.698641311  
0.9971555836  
-0.6831817574  
-1.870758475  
-2.254631018  
-1.778053623  
-0.6476792182  
0.7413884598  
1.936398634  
2.568007378  
2.455187742  
1.642615937  
0.3640378307  
-1.049414914  
-2.279943915  
-3.113685053  
-3.483006702  
-3.452488955  
-3.161862375  
-2.753805202  
-2.317193629  
-1.867124952  
-1.365938658  
-0.7717840144  
-0.08994497826  
0.5984072529  
1.145297548  
1.381694174  
1.182629523  
0.5252943281  
-0.4848338334  
-1.633005428  
-2.655202953  
-3.31868556  
-3.493987938  
-3.191728599  
-2.550415246  
-1.779848164  
-1.081714407  
-0.5778413859  
-0.2738640793  
-0.07247304149  
0.1689832239  
0.5596186075  
1.107322075  
1.69170404  
2.092540076  
2.067454323  
1.452775236  
0.2505297693  
-1.333196508  
-2.918046521  
-4.043618699  
-4.301465217  
-3.46348546  
-1.564534222  
1.089442613  
3.992921922  
6.571578273  
8.333051314  
8.992379473  
8.53558206  
7.205122719  
5.415766488  
3.630116121  
2.233435916  
1.444122041  
1.281701311  
1.593915225  
2.125968683  
2.604207699  
2.806659832  
2.602401693  
1.956242624  
0.9085356518  
-0.4530878768  
-2.014602205  
-3.642025281  
-5.17727649  
-6.435540952  
-7.217678007  
-7.344913835  
-6.711437708  
-5.338699692  
-3.408663096  
-1.25577503  
0.6908482202  
2.006147748  
2.383120445  
1.727072306  
0.1973159166  
-1.822209108  
-3.819786949  
-5.294046652  
-5.892062562  
-5.504325599  
-4.286221648  
-2.599031386  
-0.8898707866  
0.4498267799  
1.20064167  
1.368544286  
1.159300247  
0.8851922937  
0.8385427752  
1.177628162  
1.865613132  
2.683890959  
3.31446486  
3.461324975  
2.966740866  
1.880196788  
0.4544418049  
-0.9309523149  
-1.892397762  
-2.168878571  
-1.70825649  
-0.6834784626  
0.5667138055  
1.651557391  
2.256931238  
2.244643001  
1.68902684  
0.839977425  
0.02733301994  
-0.4583702626  
-0.4664380553  
-0.03322725554  
0.6388837035  
1.261184786  
1.56697768  
1.409306184  
0.8137641812  
-0.03099805428  
-0.839836833  
-1.329533345  
-1.313519124  
-0.7600992082  
0.204360107  
1.345424282  
2.403169873  
3.176260481  
3.577752283  
3.64496046  
3.50368571  
3.304000811  
3.154377038  
3.079795454  
3.018682497  
2.857346793  
2.485739007  
1.850408144  
0.982577831  
-0.009854777424  
-0.9823303089  
-1.808178278  
-2.424153829  
-2.847202563  
-3.154803937  
-3.436985031  
-3.740917991  
-4.033533821  
-4.20157304  
-4.093819041  
-3.592427641  
-2.686307379  
-1.515289358  
-0.3617468227  
0.4157327825  
0.4903425672  
-0.3171214811  
-1.954949983  
-4.122370961  
-6.329240648  
-8.020478979  
-8.729473118  
-8.21312466  
-6.525350252  
-4.004605894  
-1.178332408  
1.386063128  
3.237141391  
4.154276565  
4.187828482  
3.616343281  
2.839605457  
2.246200233  
2.10000366  
2.480298278  
3.289047642  
4.314259069  
5.319469433  
6.122802177  
6.636799706  
6.858752048  
6.822952012  
6.542503663  
5.972485034  
5.016496067  
3.578918914  
1.643141581  
-0.6591011499  
-3.023609533  
-5.017353223  
-6.187414606  
-6.205806308  
-5.001822105  
-2.831120938  
-0.2469081888  
2.030609712  
3.315092154  
3.166234909  
1.544746958  
-1.145196849  
-4.148498552  
-6.566685287  
-7.622116591  
-6.899285159  
-4.487302538  
-0.9759053917  
2.698392308  
5.512935183  
6.649634466  
5.729145189  
2.918997676  
-1.115144351  
-5.398095248  
-8.914859955  
-10.88005385  
-10.92884074  
-9.1784405  
-6.150995497  
-2.591100651  
0.7590570043  
3.355928538  
4.966124066  
5.668800029  
5.761536516  
5.612226016  
5.512878739  
5.584827774  
5.762249967  
5.850999875  
5.633389128  
4.975536306  
3.896397408  
2.574337454  
1.291558418  
0.3392784658  
-0.08038627832  
0.07936524544  
0.6975969227  
1.528498695  
2.28148988  
2.708717623  
2.669998921  
2.155912946  
1.266687755  
0.1607985791  
-1.003160415  
-2.108100949  
-3.089811934  
-3.918743776  
-4.566076577  
-4.974642823  
-5.052784422  
-4.698614656  
-3.847899255  
-2.526634255  
-0.884557078  
0.8093924327  
2.215786868  
3.007282082  
2.960985568  
2.030744106  
0.3741462413  
-1.677220892  
-3.697507043  
-5.27328841  
-6.105484131  
-6.076716518  
-5.266015255  
-3.910093153  
-2.327153213  
-0.8296552045  
0.346602898  
1.078220681  
1.350067869  
1.221065578  
0.7790343681  
0.1049365156  
-0.7401151206  
-1.703525731  
-2.715725584  
-3.667438432  
-4.405769894  
-4.757104544  
-4.57269499  
-3.781874428  
-2.432285079  
-0.6991588636  
1.144452909  
2.790925676  
3.976823104  
4.552937258  
4.523450883  
4.04205336  
3.366871047  
2.789243189  
2.558848465  
2.827004491  
3.621827394  
4.856813789  
6.363046531  
7.929246063  
9.335044787  
10.37016083  
10.84220871  
10.58326385  
9.46687306  
7.441242637  
4.573385286  
1.087666824  
-2.623689276  
-6.037290384  
-8.588354664  
-9.800109598  
-9.420525806  
-7.523547086  
-4.535215606  
-1.163129959  
1.763781762  
3.507954155  
3.629551171  
2.123249625  
-0.5619252259  
-3.634322559  
-6.177392467  
-7.413201559  
-6.933905949  
-4.829699389  
-1.671146504  
1.652381221  
4.191683934  
5.21650699  
4.429298069  
2.04867199  
-1.262276887  
-4.599257328  
-7.087148711  
-8.132858745  
-7.583115093  
-5.741474185  
-3.244814929  
-0.8445078957  
0.8333903736  
1.470523268  
1.124704975  
0.168077337  
-0.8770675535  
-1.543067889  
-1.588738108  
-1.078411783  
-0.3424109249  
0.1644368774  
0.05348190354  
-0.8279259543  
-2.310280821  
-3.933058645  
-5.085722013  
-5.212524422  
-4.011915298  
-1.561780205  
1.674472288  
4.966818703  
7.526938701  
8.740649274  
8.350761237  
6.532496992  
3.838051771  
1.028699447  
-1.151884884  
-2.191804982  
-1.946903062  
-0.6591788575  
1.143505663  
2.830126315  
3.870628856  
3.996097081  
3.266142843  
2.026300756  
0.7741252593  
-0.01868744217  
-0.06842477597  
0.626813168  
1.79039115  
2.964077227  
3.665131096  
3.5514567  
2.541195161  
0.848583686  
-1.075143316  
-2.677114816  
-3.472376087  
-3.195511203  
-1.888203414  
0.1036352051  
2.222385858  
3.853745482  
4.499236977  
3.916740671  
2.18943871  
-0.2955531371  
-2.951908584  
-5.152023553  
-6.393879138  
-6.43086745  
-5.329877455  
-3.443321428  
-1.304860836  
0.5206851274  
1.590717992  
1.69908034  
0.9205033864  
-0.4251239731  
-1.876141136  
-2.968641294  
-3.370815847  
-2.973083972  
-1.908669221  
-0.5004020609  
0.848150586  
1.782349123  
2.105935198  
1.835933431  
1.186055722  
0.4847302917  
0.05520910503  
0.09797727528  
0.6155861661  
1.406614027  
2.132777473  
2.438500123  
2.083485595  
1.042718815  
-0.462741186  
-2.0190946  
-3.144378874  
-3.44659159  
-2.764219735  
-1.240984308  
0.6942679526  
2.441958905  
3.409078443  
3.195970252  
1.733735007  
-0.6734654405  
-3.418475335  
-5.756130889  
-7.015512982  
-6.796057626  
-5.087932913  
-2.279653739  
0.9498615423  
3.82240883  
5.677374957  
6.149891626  
5.258710212  
3.380719681  
1.124009414  
-0.8585436841  
-2.057042797  
-2.238065252  
-1.487812274  
-0.1584901417  
1.258558935  
2.28886987  
2.610475079  
2.130285175  
0.9844410233  
-0.5285564351  
-2.052802909  
-3.280008586  
-4.021199968  
-4.227212825  
-3.960024638  
-3.334232993  
-2.456456541  
-1.387880677  
-0.1432352126  
1.276802411  
2.837098532  
4.427733529  
5.853366039  
6.862484217  
7.211116498  
6.741545503  
5.44908722  
3.511965806  
1.2699977  
-0.8462821975  
-2.418547544  
-3.147539438  
-2.93358352  
-1.907456687  
-0.4019341492  
1.129343456  
2.225047324  
2.532590391  
1.898700825  
0.4120312584  
-1.612230754  
-3.701960259  
-5.335765386  
-6.064389691  
-5.618744072  
-3.980337333  
-1.397688113  
1.656613314  
4.580969666  
6.773108431  
7.764332161  
7.329207  
5.543674049  
2.774844833  
-0.3987957295  
-3.32070411  
-5.41205504  
-6.310914116  
-5.957644925  
-4.60195238  
-2.727419765  
-0.9125715383  
0.3334424644  
0.7136060044  
0.2221349227  
-0.8643372813  
-2.081624543  
-2.930539482  
-3.040206852  
-2.290881338  
-0.8568681443  
0.8451589048  
2.287075447  
2.998447506  
2.719925642  
1.491380172  
-0.3542615146  
-2.29025512  
-3.757129491  
-4.334359173  
-3.86798688  
-2.514003457  
-0.6847094365  
1.083371954  
2.296614259  
2.652677686  
2.123888045  
0.9515808619  
-0.4431122256  
-1.599934217  
-2.164351338  
-1.990397508  
-1.171314146  
0.006969439783  
1.169285622  
1.974316682  
2.216609065  
1.877034243  
1.110818583  
0.1836179061  
-0.6181252514  
-1.071108681  
-1.068108225  
-0.6287072842  
0.1274648489  
1.028493769  
1.89881288  
2.593353105  
3.011898112  
3.098616196  
2.8375167  
2.253450949  
1.421223279  
0.4762779336  
-0.3858340436  
-0.9333590322  
-0.9496074907  
-0.302443225  
0.9895864334  
2.721845562  
4.521398865  
5.925012407  
6.502815397  
5.993277611  
4.404992897  
2.045788102  
-0.5402603937  
-2.717677879  
-3.946776749  
-3.955240373  
-2.836395208  
-1.036624871  
0.7709230503  
1.89130121  
1.828120317  
0.4479790927  
-1.966622986  
-4.79621093  
-7.272099288  
-8.713276015  
-8.73540335  
-7.363502934  
-5.011863746  
-2.339471783  
-0.03134015083  
1.419094524  
1.852584193  
1.46492837  
0.7027491971  
0.07532486787  
-0.04675186437  
0.4286828718  
1.288870178  
2.112298707  
2.450954323  
2.028878672  
0.8795226827  
-0.634786899  
-1.935250182  
-2.43557285  
-1.774087313  
0.01711067496  
2.473809478  
4.816209812  
6.189992947  
5.955522097  
3.927640396  
0.4805979008  
-3.525238002  
-6.979729339  
-8.85209745  
-8.509579126  
-5.923141794  
-1.692623324  
3.118865098  
7.290412332  
9.793271357  
10.07684157  
8.204305325  
4.801251797  
0.8409066296  
-2.659684309  
-4.933290181  
-5.655334127  
-4.983015068  
-3.441103324  
-1.704962614  
-0.3617372571  
0.2681782594  
0.1942290594  
-0.3074427452  
-0.8486295321  
-1.10986715  
-0.9765437421  
-0.5798540538  
-0.230153549  
-0.2715916064  
-0.9164242833  
-2.124820793  
-3.578956845  
-4.765463815  
-5.140483804  
-4.321092211  
-2.236353023  
0.8158314619  
4.228310323  
7.243999687  
9.165276664  
9.547998761  
8.320796225  
5.795574157  
2.570403961  
-0.6408262591  
-3.197279942  
-4.682307601  
-4.976896756  
-4.243113305  
-2.834040716  
-1.167277689  
0.3947231467  
1.622712322  
2.441143175  
2.896611748  
3.096079261  
3.142976439  
3.094605111  
2.951881088  
2.678017494  
2.232092287  
1.600057579  
0.8100380501  
-0.07213980115  
-0.9617649624  
-1.777306753  
-2.454840228  
-2.949507133  
-3.226487252  
-3.250160451  
-2.981649857  
-2.390867845  
-1.48125934  
-0.3172779951  
0.9598389944  
2.140669  
2.985244311  
3.282963109  
2.917510283  
1.914475139  
0.4523685067  
-1.171599532  
-2.614686962  
-3.580440868  
-3.901097214  
-3.583966044  
-2.805970393  
-1.856960427  
-1.049166217  
-0.6212099077  
-0.6668566828  
-1.11041198  
-1.735373109  
-2.255903072  
-2.407620883  
-2.02934027  
-1.111894595  
0.1980806429  
1.636940051  
2.89070865  
3.668819284  
3.765379515  
3.095654528  
1.705033948  
-0.2442505461  
-2.499694444  
-4.75057081  
-6.662023622  
-7.911998451  
-8.23336709  
-7.460864193  
-5.576438165  
-2.74062751  
0.7052483083  
4.277624455  
7.431435009  
9.670485914  
10.66178868  
10.32141398  
8.842824955  
6.652686652  
4.300280782  
2.308414771  
1.028488807  
0.5443990738  
0.6573753518  
0.9597014098  
0.9770439276  
0.335877596  
-1.097499728  
-3.152765296  
-5.389886219  
-7.224404659  
-8.106288997  
-7.696556259  
-5.985111441  
-3.31088331  
-0.2758218467  
2.422200157  
4.186798682  
4.690536033  
3.961786892  
2.366003418  
0.4894242865  
-1.036974965  
-1.718452121  
-1.32840027  
0.0450615189  
2.045746845  
4.168064022  
5.905865942  
6.883870098  
6.934138889  
6.101600521  
4.58754352  
2.65976432  
0.5659836609  
-1.518584675  
-3.495203484  
-5.303589567  
-6.865503392  
-8.040782384  
-8.621429096  
-8.373862674  
-7.119325204  
-4.825285385  
-1.672796275  
1.930603401  
5.406919767  
8.12499567  
9.550334679  
9.385822621  
7.661420797  
4.743662334  
1.257956917  
-2.058451576  
-4.534862558  
-5.729411034  
-5.531926648  
-4.18025356  
-2.186634079  
-0.1950361088  
1.191496845  
1.567318537  
0.8237908013  
-0.8323207845  
-2.943768953  
-4.931065732  
-6.248070473  
-6.523069904  
-5.649025764  
-3.801526373  
-1.383091145  
1.08792485  
3.111591583  
4.326946126  
4.587497888  
3.974420551  
2.748435853  
1.258640231  
-0.1621119587  
-1.283558795  
-2.021786386  
-2.430695485  
-2.648641539  
-2.82201303  
-3.034349283  
-3.266745306  
-3.403723873  
-3.282141688  
-2.764857253  
-1.811132554  
-0.5158705442  
0.90004671  
2.14888995  
2.967003791  
3.206867752  
2.896992916  
2.245454522  
1.581273963  
1.24950729  
1.493340921  
2.363257047  
3.686444969  
5.110701896  
6.212037368  
6.632653417  
6.203702938  
5.010286637  
3.373961625  
1.755284443  
0.6063074527  
0.2212113106  
0.6355104257  
1.609266293  
2.702090594  
3.416605379  
3.363164034  
2.390518627  
0.6378732846  
-1.509773215  
-3.548038296  
-5.0179402  
-5.652147979  
-5.451989768  
-4.668721538  
-3.696508893  
-2.916233938  
-2.547490401  
-2.563975805  
-2.705370017  
-2.584067572  
-1.850075277  
-0.3544077882  
1.750849716  
4.017630029  
5.818135683  
6.538788062  
5.789193916  
3.554819588  
0.2380445611  
-3.432372361  
-6.599834756  
-8.526226192  
-8.808277133  
-7.494439415  
-5.064021875  
-2.274594322  
0.07378392266  
1.382345037  
1.428210252  
0.4158518892  
-1.10802661  
-2.44547368  
-2.980088184  
-2.375928998  
-0.6801700717  
1.6997949  
4.132538148  
5.963968032  
6.717080732  
6.227189749  
4.673881438  
2.506341371  
0.2929757148  
-1.45178584  
-2.407600977  
-2.514854357  
-1.954959382  
-1.060796185  
-0.1946975544  
0.3624462877  
0.4768426695  
0.1682967274  
-0.4335472735  
-1.157655141  
-1.854057703  
-2.427031921  
-2.831672129  
-3.043835634  
-3.025153539  
-2.706086852  
-2.000824955  
-0.852039967  
0.7120552537  
2.534679099  
4.325855674  
5.708075144  
6.305553085  
5.852686841  
4.287332261  
1.796278969  
-1.20613273  
-4.164526317  
-6.511439455  
-7.802066015  
-7.816127278  
-6.598600216  
-4.430369127  
-1.741283428  
1.005335512  
3.421386433  
5.265920175  
6.464853494  
7.081137956  
7.253326559  
7.128091509  
6.810077314  
6.342640307  
5.719545344  
4.916207821  
3.923414749  
2.768367309  
1.515650565  
0.2506348644  
-0.9443876797  
-2.008722201  
-2.907530608  
-3.620838461  
-4.124711149  
-4.376967303  
-4.318851812  
-3.897261099  
-3.102082468  
-2.004076143  
-0.7747104169  
0.3271993857  
1.006878016  
1.013739849  
0.2283328892  
-1.272350248  
-3.196812226  
-5.081851289  
-6.391975097  
-6.653002476  
-5.584882818  
-3.196150709  
0.1890280345  
3.982770057  
7.454575111  
9.892884943  
10.76721912  
9.85079049  
7.273814839  
3.495605446  
-0.7962559684  
-4.834309659  
-7.931775916  
-9.619066056  
-9.727626424  
-8.406018027  
-6.068845414  
-3.29340563  
-0.6889259048  
1.232657505  
2.157406003  
2.02180752  
1.007999918  
-0.5148420948  
-2.088085279  
-3.276884614  
-3.772338034  
-3.45833831  
-2.427354581  
-0.9421307499  
0.6456069738  
1.996601416  
2.876922615  
3.215595262  
3.110422256  
2.780980475  
2.484151652  
2.419752828  
2.657536864  
3.110419446  
3.563861994  
3.752474133  
3.45840566  
2.597677358  
1.263537645  
-0.2901672334  
-1.72228637  
-2.710980378  
-3.057700123  
-2.752156312  
-1.974340889  
-1.031029033  
-0.2473379551  
0.1494036361  
0.1121280994  
-0.2080122152  
-0.5171630284  
-0.4907923304  
0.09570478503  
1.264076184  
2.796558749  
4.282586888  
5.237624448  
5.257536236  
4.15826526  
2.053806322  
-0.6553796946  
-3.382376628  
-5.512342355  
-6.570554376  
-6.348271229  
-4.949062639  
-2.744597458  
-0.2581028361  
1.984258611  
3.586219363  
4.359497709  
4.329725361  
3.678851041  
2.653611429  
1.478201803  
0.3028891832  
-0.7978498645  
-1.786411104  
-2.60867029  
-3.158074325  
-3.280734045  
-2.825868762  
-1.723782028  
-0.05765495283  
1.907149455  
3.759765918  
5.045841873  
5.407366702  
4.713786144  
3.134703675  
1.119811825  
-0.7185202294  
-1.790204218  
-1.723410816  
-0.505990352  
1.480011912  
3.550823784  
4.91923471  
4.94092587  
3.331871607  
0.2852595795  
-3.55436944  
-7.257917783  
-9.872644838  
-10.69931908  
-9.501022722  
-6.579010552  
-2.691691194  
1.159006295  
4.00913718  
5.197556888  
4.536193139  
2.338583714  
-0.6960998387  
-3.702638176  
-5.902713482  
-6.814622075  
-6.360744585  
-4.848546429  
-2.840949979  
-0.964387109  
0.2821043383  
0.6591482988  
0.2264240607  
-0.7130295283  
-1.736015683  
-2.444054321  
-2.582243785  
-2.097983512  
-1.128545824  
0.06942183669  
1.218198651  
2.109543276  
2.658928887  
2.910481929  
2.997626127  
3.078553259  
3.271607624  
3.612528171  
4.045467472  
4.447042416  
4.671957929  
4.603285703  
4.191205024  
3.469718522  
2.548814418  
1.586756961  
0.7516604546  
0.1824841742  
-0.04210530511  
0.07839718016  
0.4641585872  
0.9686840768  
1.406764938  
1.593396144  
1.388047849  
0.7360656219  
-0.3029681212  
-1.550027387  
-2.73126784  
-3.532417297  
-3.674028766  
-2.990387122  
-1.490288452  
0.6205363577  
2.967257868  
5.082451125  
6.514953751  
6.943296286  
6.262150926  
4.615835863  
2.366957049  
0.006793874191  
-1.968741835  
-3.183205451  
-3.469231664  
-2.899383849  
-1.751569276  
-0.4216918543  
0.6889241538  
1.277851869  
1.208844071  
0.5264746863  
-0.5803138974  
-1.849060257  
-3.023775202  
-3.919267211  
-4.453327729  
-4.643020628  
-4.573473953  
-4.355121503  
-4.085967598  
-3.830075673  
-3.614722604  
-3.440648852  
-3.295648589  
-3.162811026  
-3.019938646  
-2.833258587  
-2.553116353  
-2.119497612  
-1.480703232  
-0.6211593371  
0.4123642133  
1.499571969  
2.460648568  
3.097018327  
3.249413494  
2.854840461  
1.981181621  
0.8233594078  
-0.3428008352  
-1.237741789  
-1.662506055  
-1.561495304  
-1.040266201  
-0.3294545455  
0.2952987938  
0.6109799058  
0.5281229268  
0.1249721401  
-0.379594861  
-0.7070946826  
-0.6268166137  
-0.05073596092  
0.9203675447  
2.019839047  
2.90289672  
3.270670612  
2.986778106  
2.142658902  
1.043923927  
0.1169981481  
-0.2356602888  
0.2168484922  
1.436164724  
3.104983961  
4.714515569  
5.724512824  
5.74443025  
4.674248153  
2.754408736  
0.5033288725  
-1.441239653  
-2.527134309  
-2.47126843  
-1.358771668  
0.3785621706  
2.101092706  
3.174076406  
3.184588683  
2.089447474  
0.2421110368  
-1.714194978  
-3.0552791  
-3.219993063  
-2.009229588  
0.3273153416  
3.148337464  
5.6073073  
6.910756265  
6.567023882  
4.545955061  
1.297834131  
-2.375580417  
-5.558091243  
-7.490175005  
-7.7897287  
-6.554555732  
-4.316510186  
-1.86416891  
0.008304277352  
0.7465033894  
0.1993228155  
-1.347959617  
-3.277820202  
-4.84575658  
-5.420256394  
-4.682380126  
-2.724704487  
-0.02237613338  
2.710976583  
4.735223134  
5.497872937  
4.786979248  
2.78076584  
-0.01523921038  
-2.919166032  
-5.263310262  
-6.567459539  
-6.647537478  
-5.634410259  
-3.905615084  
-1.957293213  
-0.2579422078  
0.8735279401  
1.33433284  
1.236888519  
0.8485064424  
0.4952023755  
0.4598570763  
0.9025438675  
1.821098378  
3.057066838  
4.340076836  
5.355531022  
5.817739668  
5.532555267  
4.438564151  
2.621717634  
0.3033881794  
-2.194591434  
-4.502104173  
-6.262764459  
-7.197010264  
-7.156269772  
-6.15773722  
-4.390652798  
-2.188802946  
0.02958844669  
1.845532326  
2.930090456  
3.121490531  
2.468234108  
1.2241374  
-0.2076988839  
-1.371690004  
-1.875189035  
-1.493461934  
-0.2357943494  
1.647072788  
3.719277475  
5.467898653  
6.436016817  
6.34598999  
5.179437588  
3.191037505  
0.8505694251  
-1.272937514  
-2.65504324  
-2.949662303  
-2.077004324  
-0.2421205609  
2.120571939  
4.461226699  
6.255375129  
7.133074601  
6.961665438  
5.86113587  
4.150611952  
2.244173301  
0.5283128686  
-0.7422664492  
-1.500388151  
-1.85900318  
-2.045780058  
-2.302722123  
-2.784637838  
-3.490452573  
-4.250941065  
-4.778451025  
-4.764287098  
-3.993537456  
-2.440460021  
-0.3121102844  
1.977322962  
3.898484063  
4.941849954  
4.758640386  
3.267344369  
0.6940705082  
-2.467113172  
-5.565538799  
-7.948671947  
-9.119707432  
-8.856595235  
-7.261607058  
-4.729353084  
-1.843002244  
0.772856864  
2.603654053  
3.361635237  
3.039555033  
1.890389724  
0.3419096346  
-1.128370837  
-2.123180998  
-2.425909559  
-2.046178814  
-1.200760743  
-0.2374459278  
0.4755322515  
0.6632962194  
0.2296809134  
-0.7095985147  
-1.855638131  
-2.809940813  
-3.190835444  
-2.751120822  
-1.463855176  
0.4494144957  
2.559140066  
4.329746664  
5.258544504  
5.015386306  
3.544573828  
1.098834275  
-1.807583115  
-4.517667442  
-6.392653861  
-6.972430083  
-6.091050034  
-3.914438852  
-0.8890494509  
2.383995681  
5.312354784  
7.46483185  
8.666975861  
9.01165751  
8.783383611  
8.323290972  
7.881957188  
7.512370468  
7.043056875  
6.144867335  
4.472322142  
1.832563747  
-1.678375936  
-5.625764873  
-9.301011892  
-11.89230617  
-12.71540124  
-11.4347227  
-8.202355932  
-3.663611906  
1.182969898  
5.237877803  
7.594749928  
7.789680374  
5.929571309  
2.658508859  
-1.029943752  
-4.079039127  
-5.667489548  
-5.430312573  
-3.536435982  
-0.6030550902  
2.521580084  
5.034104745  
6.420665606  
6.592454555  
5.871981686  
4.840242018  
4.101202733  
4.046920499  
