-5.091314464  
-1.379403739  
2.917144033  
7.183542408  
10.69686279  
12.79603765  
13.06319603  
11.45829735  
8.357994569  
4.477084685  
0.6882988405  
-2.209172802  
-3.702441973  
-3.692429497  
-2.495621804  
-0.7201987518  
0.9419768043  
1.938214869  
2.019058248  
1.290897926  
0.1436138113  
-0.9166226432  
-1.466542256  
-1.323994011  
-0.6082645493  
0.3178308419  
1.000575997  
1.083993894  
0.462056776  
-0.6648932882  
-1.853687095  
-2.581161295  
-2.447659017  
-1.345426661  
0.4734464937  
2.46005909  
3.946246718  
4.377641786  
3.520799227  
1.568986745  
-0.8957387265  
-3.077495616  
-4.224077033  
-3.882300238  
-2.065117518  
0.7277996087  
3.646304529  
5.741375665  
6.252736697  
4.841650337  
1.696653859  
-2.518080326  
-6.851441135  
-10.32847023  
-12.20506677  
-12.1392707  
-10.23579072  
-6.964007306  
-2.989874365  
1.015034223  
4.524630088  
7.229287928  
9.020681685  
9.917151082  
9.97530938  
9.232622175  
7.706395854  
5.445440191  
2.604188223  
-0.5041841578  
-3.413298331  
-5.582708709  
-6.534782446  
-6.006630766  
-4.06247574  
-1.120273784  
2.127109128  
4.880264221  
6.443396305  
6.412057229  
4.779479996  
1.928131115  
-1.489684824  
-4.742449217  
-7.219347315  
-8.576784326  
-8.789245975  
-8.096518303  
-6.874962815  
-5.484961151  
-4.151553255  
-2.919324001  
-1.69225539  
-0.3359298545  
1.204456519  
2.822497854  
4.243159823  
5.098068722  
5.059014712  
3.98057823  
1.996111083  
-0.4748558037  
-2.819655426  
-4.402261323  
-4.757496789  
-3.745936137  
-1.616046637  
1.051194208  
3.502315816  
5.028987899  
5.177158172  
3.883639632  
1.498615296  
-1.312136247  
-3.754739498  
-5.127644578  
-5.010120833  
-3.366162306  
-0.5386164842  
2.858020213  
6.108877742  
8.581235132  
9.867036504  
9.850887504  
8.694472204  
6.753746118  
4.462713828  
2.222364824  
0.3256153033  
-1.067622123  
-1.909933912  
-2.219868734  
-2.03473877  
-1.384236365  
-0.2948529809  
1.179286273  
2.915720893  
4.69510907  
6.204079878  
7.078513409  
6.982119575  
5.701469442  
3.230082463  
-0.1866386317  
-4.065838819  
-7.76638302  
-10.62022615  
-12.08712278  
-11.89409005  
-10.12092908  
-7.203866831  
-3.848845575  
-0.8699375015  
1.009803605  
1.344071428  
0.08427444189  
-2.401469603  
-5.422204911  
-8.150091505  
-9.849373064  
-10.08346451  
-8.837784685  
-6.517921723  
-3.818736378  
-1.500115043  
-0.1367788323  
0.07818928483  
-0.5910538256  
-1.500156239  
-1.837794166  
-0.9122771096  
1.580071165  
5.396880048  
9.764000241  
13.57116816  
15.69846313  
15.3760019  
12.46140256  
7.53888965  
1.795842252  
-3.297514079  
-6.414336704  
-6.773395583  
-4.38881772  
-0.08232178061  
4.754263624  
8.578655245  
10.17202484  
9.018258968  
5.466619617  
0.622868332  
-3.999732003  
-6.960414196  
-7.349386799  
-5.07781874  
-0.905847694  
3.800623409  
7.505927814  
8.992751325  
7.74535259  
4.105822813  
-0.8441149245  
-5.633755484  
-8.869913053  
-9.667206754  
-7.905233936  
-4.235516711  
0.1551644182  
3.938936354  
6.063942903  
6.057569089  
4.122633792  
1.006844438  
-2.29684444  
-4.90652122  
-6.33778877  
-6.624251293  
-6.238551643  
-5.852960895  
-6.034747784  
-6.992500954  
-8.468375894  
-9.816482266  
-10.23928778  
-9.096471441  
-6.174268738  
-1.816895117  
3.130301813  
7.550951715  
10.38652165  
10.95621686  
9.164162614  
5.529050722  
1.030838377  
-3.171666516  
-6.059809129  
-7.01177222  
-5.924770588  
-3.179170081  
0.5265611254  
4.402899433  
7.779370693  
10.23518561  
11.62429115  
12.00990951  
11.55420413  
10.41798597  
8.711716571  
6.509988247  
3.909986026  
1.093683543  
-1.647979393  
-3.952715731  
-5.480598226  
-6.029821062  
-5.625692576  
-4.539727419  
-3.220436374  
-2.152065051  
-1.688178847  
-1.921306156  
-2.640786445  
-3.401062763  
-3.682168916  
-3.088316021  
-1.513060018  
0.7919087597  
3.274955762  
5.255138016  
6.14910875  
5.675529349  
3.963397573  
1.52273529  
-0.9160784025  
-2.641303449  
-3.195432618  
-2.525491739  
-0.9951526029  
0.7461630075  
1.991845069  
2.224577511  
1.294694054  
-0.5315819307  
-2.670068854  
-4.42725784  
-5.245547376  
-4.898620771  
-3.568812614  
-1.780478871  
-0.2141879824  
0.5319866029  
0.1502023946  
-1.272027895  
-3.283961683  
-5.227165375  
-6.458240473  
-6.560756026  
-5.474592028  
-3.501905189  
-1.192950201  
8.502433496  
6.997952899  
5.538642026  
4.418231411  
3.736813605  
3.366931349  
2.996549274  
2.239808788  
0.7829108114  
-1.481633254  
-4.378143964  
-7.45793882  
-10.09912242  
-11.66975598  
-11.70670404  
-10.05583656  
-6.930070766  
-2.866530507  
1.404830513  
5.141885791  
7.766651468  
8.986744632  
8.830420954  
7.591934761  
5.712178942  
3.637952966  
1.706387498  
0.08831650452  
-1.198940968  
-2.224495992  
-3.055963253  
-3.689422731  
-4.026366595  
-3.906654858  
-3.183340366  
-1.808035542  
0.1096973277  
2.29635176  
4.369740699  
5.940317413  
6.725470693  
6.637610752  
5.814807461  
4.582006353  
3.354415828  
2.514283709  
2.300851214  
2.748081766  
3.687778372  
4.813344475  
5.779589084  
6.30373154  
6.235184905  
5.575353883  
4.447969832  
3.037941618  
1.525928572  
0.04375305016  
-1.336029917  
-2.579440552  
-3.656191645  
-4.513052363  
-5.073038712  
-5.264497483  
-5.068189561  
-4.558946489  
-3.916939374  
-3.393753336  
-3.236813902  
-3.595364257  
-4.44370084  
-5.556699685  
-6.557440517  
-7.031233358  
-6.673537203  
-5.421489779  
-3.51767079  
-1.473086012  
0.07125262538  
0.5481702072  
-0.3297436969  
-2.433205739  
-5.202864393  
-7.777049439  
-9.232064632  
-8.866410872  
-6.440543415  
-2.292132192  
2.717750994  
7.420234771  
10.65683016  
11.60632561  
10.02100522  
6.299101629  
1.37058778  
-3.568567887  
-7.391441563  
-9.341621548  
-9.21069085  
-7.342709741  
-4.473127452  
-1.462299087  
0.9846095647  
2.519234971  
3.211366703  
3.458427287  
3.783873319  
4.602164469  
6.036677373  
7.855468415  
9.54596034  
10.49936947  
10.23675234  
8.59434666  
5.801315177  
2.421866176  
-0.817619629  
-3.255271441  
-4.494447087  
-4.50890554  
-3.617755732  
-2.342475522  
-1.200532719  
-0.5124653938  
-0.293611514  
-0.2703347126  
-0.01449767303  
0.8540642342  
2.473560861  
4.629997792  
6.777437717  
8.1894814  
8.195385944  
6.422130174  
2.958553714  
-1.618599485  
-6.372037503  
-10.2492693  
-12.3710402  
-12.27337585  
-10.02842888  
-6.208741999  
-1.709704017  
2.510633816  
5.691194438  
7.447715191  
7.82308121  
7.202813018  
6.134413328  
5.117912693  
4.439759853  
4.102283543  
3.864662708  
3.371908235  
2.319308619  
0.5908587086  
-1.676801857  
-4.124351234  
-6.278764367  
-7.699615269  
-8.110529805  
-7.472343187  
-5.977982518  
-3.978146879  
-1.870271945  
0.00696661757  
1.438178806  
2.339027176  
2.715686412  
2.60349325  
2.018649971  
0.9485571912  
-0.6132061304  
-2.603649796  
-4.831262417  
-6.956094443  
-8.531520023  
-9.106750913  
-8.363421175  
-6.241652846  
-3.0082236  
0.7656823208  
4.321845261  
6.900256181  
7.940248626  
7.236935042  
5.003440174  
1.817226927  
-1.535619471  
-4.272626899  
-5.82079822  
-5.955782431  
-4.835728937  
-2.92444271  
-0.8324729502  
0.8714780327  
1.820394863  
1.934108091  
1.410289965  
0.6325495697  
0.03181590874  
-0.05150377973  
0.5378763466  
1.742882405  
3.333884326  
4.993548315  
6.412907514  
7.366014631  
7.742988084  
7.53929013  
6.815545898  
5.651116872  
4.113280408  
2.253692871  
0.1297449081  
-2.163689826  
-4.471631743  
-6.581177633  
-8.253286981  
-9.275603376  
-9.517706615  
-8.967593241  
-7.734325974  
-6.014473426  
-4.033948873  
-1.986816487  
0.005900327172  
1.901991624  
3.707165818  
5.421414149  
6.986759481  
8.261461809  
9.036485573  
9.093880852  
8.289297203  
6.629180817  
4.311769016  
1.711284841  
-0.6966012094  
-2.449311011  
-3.217898783  
-2.895502406  
-1.62470706  
0.2457932424  
2.261648241  
3.987889944  
5.118189193  
5.534060451  
5.297891102  
4.587281152  
3.599226103  
2.462890184  
1.195918377  
-0.2780555949  
-2.057276749  
-4.164355922  
-6.464921139  
-8.641147286  
-10.24087268  
-10.79591472  
-9.975992489  
-7.727611525  
-4.346711244  
-0.4513687927  
3.148502806  
5.65373541  
6.49385311  
5.494589675  
2.940883948  
-0.4888402221  
-3.902750633  
-6.439947224  
-7.508115789  
-6.944050244  
-5.049085897  
-2.488946534  
-0.08845359421  
1.416655637  
1.596129569  
0.4455293359  
-1.623693967  
-3.918410359  
-5.678672443  
-6.306190295  
-5.537008068  
-3.508160477  
-0.7021892645  
2.208601727  
4.56629803  
5.915324374  
6.117487075  
5.362751993  
4.078581323  
2.772483529  
1.862002088  
1.547517347  
1.76685835  
2.242137614  
2.598550031  
2.511911427  
1.833803038  
0.6522493526  
-0.7314288438  
-1.90059542  
-2.46242803  
-2.181616373  
-1.064611752  
0.6326602779  
2.475480388  
3.976137324  
4.734662799  
4.55082635  
3.47427008  
1.780226169  
-0.1181174441  
-1.790650868  
-2.906622014  
-3.312088756  
-3.04936079  
-2.318641669  
-1.400004225  
-0.5639987539  
0.0007750109505  
0.2240113838  
0.1492810781  
-0.1018286278  
-0.3789634035  
-0.5467717514  
-0.5106655964  
-0.2222743576  
0.3283590095  
1.122163904  
2.11238159  
3.215556125  
4.298864793  
5.176700041  
5.629105212  
5.447250137  
4.498777145  
2.793594562  
0.5240975845  
-1.943182004  
-4.134219734  
-5.582315633  
-5.961167021  
-5.194324979  
-3.500648958  
-1.351798779  
0.6548711075  
1.97514282  
2.293890805  
1.638660113  
0.3865803587  
-0.8475752637  
-1.414805917  
-0.8655626118  
0.863486048  
3.377752468  
5.903280952  
7.503022768  
7.371078343  
5.114222238  
0.9272378596  
-4.403510853  
-9.682206328  
-13.6260083  
-15.23436984  
-14.09172223  
-10.50572398  
-5.431497283  
-0.1985282724  
3.879813592  
5.894547475  
5.605315342  
3.495935375  
0.6018813753  
-1.836675881  
-2.785734476  
-1.75981282  
1.015789221  
4.676798217  
8.003886277  
9.827163118  
9.419310946  
6.747930486  
2.502658608  
-2.11432144  
-5.768414631  
-7.421094966  
-6.667780418  
-3.874854119  
-0.07025187257  
3.378427716  
5.195697956  
4.602243032  
1.563151847  
-3.196981248  
-8.414314711  
-12.66878985  
-14.80718873  
-14.27364805  
-11.2480141  
-6.556326769  
-1.391148432  
3.061825269  
5.9689865  
7.058994505  
6.639954395  
5.431212644  
4.277238304  
3.845683805  
4.410824331  
5.78909599  
7.438444155  
8.677309803  
8.940937521  
7.984614011  
5.966377135  
3.386683156  
0.9126200471  
-0.8475502391  
-1.540177872  
-1.167422847  
-0.06484682524  
1.229672575  
2.164511917  
2.352808913  
1.681311312  
0.3182586  
-1.373641057  
-2.980349051  
-4.180132114  
-4.836343626  
-5.010385613  
-4.897511931  
-4.716693567  
-4.601191382  
-4.533626634  
-4.350245315  
-3.811424665  
-2.709946543  
-0.9746051437  
1.271080435  
3.718195307  
5.947708443  
7.546032865  
8.221367551  
7.882302299  
6.654532482  
4.833737044  
2.794182108  
0.8857583066  
-0.6471098114  
-1.702340089  
-2.308311701  
-2.576136765  
-2.639483222  
-2.605766891  
-2.533648303  
-2.438210041  
-2.313047832  
-2.15285454  
-1.9629024  
-1.751250052  
-1.51069774  
-1.205041638  
-0.7738448021  
-0.1615606413  
0.6362572735  
1.529017943  
2.313552575  
2.701363682  
2.393662252  
1.187031809  
-0.9240806991  
-3.688015568  
-6.611026586  
-9.056173487  
-10.40645564  
-10.24712419  
-8.509462535  
-5.524644309  
-1.961009553  
1.345831214  
3.624731446  
4.394057794  
3.609425716  
1.684657762  
-0.6253839073  
-2.448009943  
-3.055600794  
-2.087943943  
0.3346620869  
3.64266141  
6.983137144  
9.469019521  
10.43522456  
9.624574649  
7.249931317  
3.918434214  
0.4462761327  
-2.375735258  
-3.994104932  
-4.221706706  
-3.252999827  
-1.571146262  
0.2153590727  
1.551727228  
2.078365644  
1.699608826  
0.5713103342  
-0.9755741358  
-2.541959706  
-3.762230085  
-4.374264087  
-4.24826639  
-3.380949948  
-1.871090056  
0.1072305014  
2.324729007  
4.51169268  
6.376124548  
7.63473083  
8.059514056  
7.532075853  
6.088066917  
3.931400959  
1.40408279  
-1.088070226  
-3.176325682  
-4.625836697  
-5.394627145  
-5.630933477  
-5.605168895  
-5.596804385  
-5.774919811  
-6.117017937  
-6.399982445  
-6.272851423  
-5.391086275  
-3.567150239  
-0.8820406861  
2.288092606  
5.34919458  
7.653306963  
8.699800045  
8.307161069  
6.693846957  
4.43403801  
2.29462334  
1.000603013  
1.002657183  
2.323445212  
4.536224719  
6.887631089  
8.529299219  
8.78647629  
7.377981103  
4.516066252  
0.8525258619  
-2.713535336  
-5.30659268  
-6.33949164  
-5.689796812  
-3.73400608  
-1.231222832  
0.9050520925  
1.87500916  
1.218740514  
-1.064634869  
-4.534247176  
-8.447188256  
-11.97083621  
-14.40009043  
-15.31677335  
-14.6525829  
-12.65084015  
-9.753996984  
-6.462817988  
-3.214647076  
-0.3134075528  
2.079748812  
3.909620327  
5.17266955  
5.875048334  
6.021237311  
5.63393499  
4.789246364  
3.643109473  
2.428006481  
1.412091469  
0.830010842  
0.8089012806  
1.318161336  
2.165209809  
3.043900915  
3.623099211  
3.64771004  
3.018817814  
1.825962618  
0.3206179493  
-1.160037641  
-2.293348433  
-2.862217689  
-2.808093827  
-2.231109202  
-1.341237059  
-0.3805261103  
0.4551782661  
1.068963661  
1.475138157  
1.77196869  
2.089430779  
2.5339161  
3.149896359  
3.909619456  
4.729395646  
5.500861072  
6.121421223  
6.511155106  
6.612271154  
6.376956387  
5.756032999  
4.700659492  
3.182574273  
1.227856802  
-1.050425053  
-3.439011933  
-5.644654863  
-7.349898336  
-8.291827257  
-8.339155525  
-7.539421148  
-6.115086301  
-4.403783631  
-2.75797868  
-1.435921453  
-0.5219233739  
0.09331226215  
0.6609607864  
1.464686652  
2.689436312  
4.315079403  
6.076345854  
7.510296039  
8.083295999  
7.361444021  
5.170834228  
1.694100856  
-2.53255874  
-6.727222669  
-10.04737706  
-11.80000235  
-11.61615551  
-9.540507348  
-6.012535661  
-1.748931413  
2.434893576  
5.811175962  
7.883477853  
8.455107805  
7.616048802  
5.667408097  
3.017883821  
0.08829417424  
-2.75127539  
-5.205656474  
-7.051600055  
-8.12835716  
-8.340485852  
-7.679466276  
-6.254883474  
-4.313920792  
-2.226007772  
-0.4197525538  
0.7215325216  
0.9784803475  
0.3879457899  
-0.7309762947  
-1.840262673  
-2.330126837  
-1.713638101  
0.1897473989  
3.144556146  
6.509282273  
9.377267766  
10.81815718  
10.15441094  
7.190771954  
2.323202146  
-3.513801862  
-9.055781061  
-13.02002198  
-14.43532121  
-12.89750071  
-8.678506301  
-2.658867484  
3.89641671  
9.654656932  
13.53695173  
14.95857385  
13.92929589  
10.99687438  
7.061259199  
3.120249274  
0.02035444352  
-1.722563377  
-1.994965543  
-1.046158511  
0.6347749839  
2.479268137  
3.987758336  
4.829625699  
4.878606908  
4.189503317  
2.93759197  
1.347716142  
-0.3641289344  
-2.024537564  
-3.511492547  
-4.746605556  
-5.682156346  
-6.291727513  
-6.567596046  
-6.522481738  
-6.190552254  
-5.623385596  
-4.880288953  
-4.016411379  
-3.07440092  
-2.084339715  
-1.072906217  
-0.07767092114  
0.8411007246  
1.599258078  
2.102595519  
2.274003802  
2.085632875  
1.583977145  
0.896298683  
0.2122065994  
-0.2574918126  
-0.3342770523  
0.0778950177  
0.9611958532  
2.181442493  
3.515788098  
4.702536798  
5.498800827  
5.730300654  
5.321436233  
4.300953787  
2.786192408  
0.9542668106  
-0.9901382149  
-2.843142888  
-4.423543058  
-5.589562396  
-6.253340911  
-6.39429279  
-6.068618067  
-5.408803095  
-4.606250858  
-3.873981657  
-3.393754203  
-3.26047502  
-3.442411873  
-3.775235839  
-3.999817511  
-3.839557591  
-3.097528591  
-1.742476907  
0.04887743528  
1.915600134  
3.404661481  
4.109699619  
3.815100428  
2.596429708  
0.8369174802  
-0.8565216887  
-1.822023774  
-1.550220598  
0.1335001166  
2.973783317  
6.316344359  
9.266758229  
10.93773866  
10.71450501  
8.457700233  
4.578138099  
-0.04586457005  
-4.290677801  
-7.088072337  
-7.718035395  
-6.00818374  
-2.381365461  
2.261958274  
6.790838303  
10.1472575  
11.6178033  
10.99787513  
8.607276729  
5.161786288  
1.547217808  
-1.431946596  
-3.255196463  
-3.786428239  
-3.253927408  
-2.129585977  
-0.9552254134  
-0.1744778468  
-0.01982808358  
-0.4810055161  
-1.351984451  
-2.329628314  
-3.124803295  
-3.549196795  
-3.555351144  
-3.226890066  
-2.733016079  
-2.270293256  
-2.013357457  
-2.086949448  
-2.559366497  
-3.447784937  
-4.723081829  
-6.30599445  
-8.055551644  
-9.759457474  
-11.14029066  
-11.88804338  
-11.7198048  
-10.45467801  
-8.081944225  
-4.797567067  
-0.9905782164  
2.824763394  
6.117607718  
8.461853315  
9.635926085  
9.671420204  
8.835635878  
7.552661285  
6.285889991  
5.41585285  
5.147401546  
5.470086642  
6.178745987  
6.943688706  
7.406960847  
7.276705746  
6.395924156  
4.772368985  
2.56877561  
0.06251766255  
-2.411247624  
-4.519361504  
-5.983694408  
-6.622307765  
-6.376581956  
-5.322510795  
-3.663396761  
-1.70083202  
0.2166659172  
1.762128322  
2.702991902  
2.959391596  
2.627937875  
1.957496431  
1.276777706  
0.8902116837  
0.9726024733  
1.498429414  
2.234744545  
2.808019484  
2.830122495  
2.04543809  
0.4488040155  
-1.671599084  
-3.790746427  
-5.294153433  
-5.67444536  
-4.713617917  
-2.586180538  
0.1601073989  
2.750541064  
4.417860488  
4.652238692  
3.383535152  
1.029515444  
-1.615104788  
-3.621679623  
-4.229381871  
-3.10853209  
-0.4961383103  
2.8473963  
5.854398433  
7.475512614  
7.013207303  
4.355912308  
0.03510643475  
-4.916564793  
-9.264112152  
-11.93318302  
-12.32344552  
-10.47484367  
-7.036917439  
-3.054851298  
0.3560656924  
2.342361396  
2.547100882  
1.178964669  
-1.096452213  
-3.397619085  
-4.91478423  
-5.149494571  
-4.033463864  
-1.899820465  
0.6689665656  
3.052964364  
4.788744777  
5.681839816  
5.809641117  
5.429170352  
4.83764106  
4.246264994  
3.715992735  
3.173915473  
2.493653867  
1.596701439  
0.5247374089  
-0.5524280263  
-1.398680782  
-1.8163424  
-1.745847541  
-1.311870275  
-0.7882424357  
-0.4883699515  
-0.6218033093  
-1.176953959  
-1.885340857  
-2.294609562  
-1.935243785  
-0.5255291747  
1.862920675  
4.750494475  
7.342587823  
8.755006656  
8.305358686  
5.773044788  
1.532622202  
-3.497863275  
-8.091574847  
-11.06493404  
-11.63686777  
-9.676587927  
-5.753446138  
-0.9656951116  
3.401306924  
6.27815151  
7.143171133  
6.171876424  
4.152652499  
2.195596226  
1.331840999  
2.138987935  
4.520950667  
7.719532113  
10.55729878  
11.83304052  
10.7388164  
7.158934245  
1.749412871  
-4.231633014  
-9.290493988  
-12.1450155  
-12.11054269  
-9.303818558  
-4.603640428  
0.614866774  
4.885085448  
7.065321584  
6.641134046  
3.829373923  
-0.5345236819  
-5.276870279  
-9.237212972  
-11.58090169  
-11.98483383  
-10.65615358  
-8.199220906  
-5.390462592  
-2.940929922  
-1.318292858  
-0.6700332091  
-0.8507560323  
-1.523326506  
-2.286623807  
-2.785479374  
-2.776219351  
-2.144832315  
-0.8933008642  
0.8834974156  
3.013977112  
5.256656326  
7.308566001  
8.8318124  
9.508811342  
9.121538335  
7.632897452  
5.237774304  
2.354083096  
-0.4585841637  
-2.638860336  
-3.782708255  
-3.768728819  
-2.801915768  
-1.352432227  
-0.002086968898  
0.7539311594  
0.6822327137  
-0.1011784288  
-1.167832741  
-1.931883961  
-1.873215954  
-0.7501477648  
1.277712642  
3.667842874  
5.657231274  
6.519214547  
5.827740526  
3.634171206  
0.4876765062  
-2.717795475  
-5.026310601  
-5.740856975  
-4.672876224  
-2.230839595  
0.6899891071  
2.987476636  
3.714278639  
2.402690809  
-0.7567069593  
-4.945673597  
-8.952947471  
-11.54029151  
-11.82375052  
-9.548746455  
-5.172580461  
0.2693692699  
5.467863948  
9.215822876  
10.73846441  
9.879763541  
7.09815063  
3.287474067  
-0.5069489979  
-3.380517606  
-4.780435998  
-4.582981335  
-3.034893098  
-0.6027709464  
2.200855087  
4.949392573  
7.354499943  
9.240583575  
10.47756355  
10.92311154  
10.41642276  
8.836411755  
6.201301523  
2.759708324  
-0.9819762725  
-4.331059699  
-6.575391704  
-7.199691931  
-6.076875743  
-3.55797344  
-0.4126336319  
2.377713071  
3.91725477  
3.688493149  
1.737940758  
-1.317638432  
-4.478782189  
-6.691860297  
-7.21297896  
-5.883215415  
-3.215149168  
-0.2509186243  
1.77101427  
1.83571762  
-0.4807159718  
-4.822907868  
-10.11828399  
-14.87891877  
-17.65203339  
-17.47613239  
-14.19455879  
-8.522316158  
-1.841298136  
4.212729593  
8.24007725  
9.487869093  
8.051868622  
4.808545977  
1.104631632  
-1.690454432  
-2.621648472  
-1.434055668  
1.380145566  
4.780706577  
7.550360677  
8.709771975  
7.837939591  
5.195541409  
1.617535651  
-1.780884985  
-3.980335648  
-4.387128593  
-3.008906916  
-0.4235155952  
2.440348846  
4.629802013  
5.487900631  
4.859901813  
3.12050907  
1.019503433  
-0.5957432169  
-1.083074516  
-0.2307069106  
1.668934368  
3.917746033  
5.646177755  
6.103268992  
4.907007111  
2.175768673  
-1.497476006  
-5.215310108  
-8.033094445  
-9.22220694  
-8.461250269  
-5.904189253  
-2.114842619  
2.102402991  
5.918457459  
8.677339617  
10.02431122  
9.939544824  
8.683165053  
6.681990924  
4.399570836  
2.227867517  
0.4244835163  
-0.8996026356  
-1.753278591  
-2.21965566  
-2.411371511  
-2.439400471  
-2.397940226  
-2.360104405  
-2.376162693  
-2.46861043  
-2.624020835  
-2.787327817  
-2.866492488  
-2.752997371  
-2.357152279  
-1.64932211  
-0.6926223164  
0.347901959  
1.229070594  
1.685520806  
1.505423761  
0.604695281  
-0.9243358689  
-2.808800926  
-4.643140566  
-5.98129486  
-6.451498742  
-5.863381212  
-4.276564681  
-2.008359853  
0.4267722964  
2.435223004  
3.49276548  
3.286712269  
1.813979688  
-0.5938512207  
-3.330459531  
-5.650720214  
-6.853380406  
-6.467138681  
-4.392347717  
-0.9582647583  
3.125767305  
6.921064827  
9.481268137  
10.0927515  
8.472422545  
4.867961387  
0.02724571381  
-4.96357788  
-8.938691599  
-10.9445141  
-10.48859629  
-7.676535836  
-3.195124949  
1.859361378  
6.265719076  
8.999910062  
9.506188731  
7.840695639  
4.645320307  
0.9575620033  
-2.090547311  
-3.59846719  
-3.154031778  
-0.9466885126  
2.295443756  
5.525402721  
7.688460051  
8.032215365  
6.324654141  
2.917487473  
-1.360875193  
-5.447622806  
-8.348710927  
-9.412687123  
-8.496712361  
-5.981342759  
-2.637212854  
0.6096828359  
2.940319437  
3.855421366  
3.281953839  
1.552385957  
-0.7246467183  
-2.853552897  
-4.239852255  
-4.524042221  
-3.631884404  
-1.74160169  
0.8058737281  
3.61444532  
6.321379332  
8.645104508  
10.39112987  
11.4322977  
11.68733765  
11.1171929  
9.745020685  
7.689311626  
5.188012233  
2.590367687  
0.3036133174  
-1.299994029  
-1.991253122  
-1.770788852  
-0.8992510047  
0.1493295378  
0.8067788059  
0.5725340736  
-0.8298096839  
-3.351561466  
-6.609508178  
-9.976503052  
-12.74871153  
-14.340716  
-14.44926638  
-13.13518553  
-10.79800295  
-8.051725905  
-5.541082145  
-3.755988933  
-2.901480507  
-2.861277526  
-3.262328207  
-3.61501679  
-3.480416954  
-2.609364716  
-1.009992439  
1.073762117  
3.25955269  
5.161828762  
6.515927795  
7.24856694  
7.473294163  
7.417316883  
7.310782999  
7.282437711  
7.302261697  
7.193542973  
6.71050101  
5.652587846  
3.971749574  
1.829937949  
-0.419320578  
-2.324905519  
-3.479737369  
-3.663274664  
-2.934840954  
-1.641373635  
-0.3300852237  
0.4123389547  
0.1468277214  
-1.263055243  
-3.579399147  
-6.229080611  
-8.448132853  
-9.493226167  
-8.860356133  
-6.446716041  
-2.606548754  
1.918456889  
6.177943554  
9.253263937  
10.49403144  
9.686434969  
7.10778953  
3.453470007  
-0.3428023493  
-3.346023181  
-4.850891474  
-4.547039349  
-2.578510204  
0.5127147129  
3.938442137  
6.866671501  
8.619876261  
8.819408337  
7.444487622  
4.799461601  
1.407861507  
-2.130747873  
-5.279362244  
-7.662290484  
-9.104703302  
-9.613142713  
-9.314546614  
-8.381115643  
-6.968513142  
-5.186162583  
-3.104363994  
-0.7887123805  
1.657439456  
4.063881966  
6.193617105  
7.776563284  
8.568722942  
8.418864364  
7.321169758  
5.436025675  
3.0706902  
0.6235637469  
-1.493597368  
-2.935593586  
-3.48651123  
-3.092368375  
-1.860158386  
-0.02887070468  
2.076320493  
4.094536504  
5.675667748  
6.519548103  
6.40929045  
5.241457754  
3.053503075  
0.04348849338  
-3.427825182  
-6.864141125  
-9.697710801  
-11.38826829  
-11.54173555  
-10.02182613  
-7.021753103  
-3.06738966  
1.062648396  
4.492415764  
6.448766751  
6.457700931  
4.48327271  
0.9655569558  
-3.261651804  
-7.160493904  
-9.742087021  
-10.31834096  
-8.684675468  
-5.181751488  
-0.6158675391  
3.943860078  
7.438995822  
9.093093293  
8.607803012  
6.231137331  
2.680477276  
-1.057231287  
-3.992249619  
-5.39258447  
-4.968297306  
-2.932070881  
0.07650981599  
3.178139825  
5.498340421  
6.401747464  
5.653995645  
3.470958086  
0.4468754663  
-2.614427709  
-4.916640487  
-5.8771583  
-5.268808995  
-3.262957624  
-0.3670932348  
2.722076629  
5.307852813  
6.873462353  
7.20531753  
6.428591334  
4.948192628  
3.313674298  
2.047007993  
1.482280581  
1.663344998  
2.330042324  
2.999156614  
3.119294196  
2.256498058  
0.256042565  
-2.670315859  
-5.96370416  
-8.846615573  
-10.53066869  
-10.44773333  
-8.437235802  
-4.830460326  
-0.39906104  
3.826707679  
6.825137976  
7.862305941  
6.702155176  
3.682518892  
-0.3706050311  
-4.370614102  
-7.275929766  
-8.383961035  
-7.524481286  
-5.092332951  
-1.90787865  
1.052359796  
2.970556222  
3.447486866  
2.622851608  
1.115171947  
-0.2013768322  
-0.5116611021  
0.6378394512  
3.15110972  
6.376778456  
9.293527045  
10.83260917  
10.23616761  
7.334673631  
2.649223596  
-2.72172101  
-7.403254551  
-10.14386645  
-10.19194072  
-7.531711192  
-2.903922779  
2.397174263  
6.889648251  
9.32188953  
9.017453165  
6.046151567  
1.176398268  
-4.368040944  
-9.265174851  
-12.45349875  
-13.38615571  
-12.11375835  
-9.187381159  
-5.430389531  
-1.665073017  
1.513660761  
3.850401085  
5.40584602  
6.426115232  
7.168574706  
7.757814956  
8.127465375  
8.065657008  
7.339226735  
5.840189522  
3.689529179  
1.250286448  
-0.9619865858  
-2.442407276  
-2.874059217  
-2.251704535  
-0.901532215  
0.616423146  
1.693576028  
1.882696942  
1.058064879  
-0.5331976503  
-2.350651588  
-3.747209411  
-4.200821234  
-3.511638776  
-1.895177925  
0.06391642476  
1.58608133  
1.944389714  
0.7057139442  
-2.112790549  
-6.022783495  
-10.18659699  
-13.64378137  
-15.57220564  
-15.50507043  
-13.44173797  
-9.825680701  
-5.404257732  
-1.019188699  
2.607198862  
5.030256825  
6.14910401  
6.175387438  
5.528367072  
4.69706194  
4.111759162  
4.055274675  
4.625627901  
5.744132734  
7.192829638  
8.664452569  
9.814704226  
10.31486741  
9.907450341  
8.465232736  
6.046022801  
2.926057727  
-0.4095072466  
-3.335143213  
-5.212697064  
-5.556272862  
-4.191525886  
-1.357093333  
2.296430561  
5.829010714  
8.237126746  
8.728189232  
6.964899926  
3.20101545  
-1.744017676  
-6.677844129  
-10.34955017  
-11.79802443  
-10.63087521  
-7.146638319  
-2.258059992  
2.765241385  
6.659990677  
8.529123687  
8.08902158  
5.729350539  
2.369382493  
-0.8415035373  
-2.883160603  
-3.170751176  
-1.713888208  
0.9156435546  
3.789752042  
5.930728149  
6.616638088  
5.588191904  
3.096586934  
-0.2131032232  
-3.534038043  
-6.160895164  
-7.694783963  
-8.125806766  
-7.775298194  
-7.12955877  
-6.632859682  
-6.517648713  
-6.731731605  
-6.983511858  
-6.881789369  
-6.112434684  
-4.58274921  
-2.47850727  
-0.2130174623  
1.711459341  
2.877191963  
3.094340533  
2.461466865  
1.321950873  
0.1339677071  
-0.6966501334  
-0.9583971741  
-0.699100741  
-0.1914465681  
0.1861450788  
0.107302958  
-0.5655239558  
-1.716300957  
-3.006133309  
-3.98727599  
-4.257582101  
-3.598402726  
-2.046321442  
0.1251564306  
2.503749455  
4.676636637  
6.35540698  
7.441404409  
8.010196688  
8.226844756  
8.231759119  
8.048894295  
7.559086524  
6.554451409  
4.855361846  
2.442904141  
-0.4512238769  
-3.343633201  
-5.602021086  
-6.627024451  
-6.055089893  
-3.910232648  
-0.6445197  
2.957928771  
5.992138714  
7.695556301  
7.678488293  
6.043690162  
3.351497642  
0.4377873231  
-1.85777731  
-2.963911243  
-2.758906107  
-1.598756285  
-0.1813010983  
0.7087255473  
0.4873192535  
-1.007261368  
-3.436793417  
-6.058861423  
-7.96703722  
-8.396769691  
-6.994797742  
-3.960632593  
-0.01025193418  
3.829372548  
6.530414125  
7.379956765  
6.200419784  
3.404864974  
-0.1290709065  
-3.324917582  
-5.227699219  
-5.278964203  
-3.464169834  
-0.293416758  
3.369696022  
6.569855588  
8.527086955  
8.828406886  
7.493876748  
4.911177998  
1.675487831  
-1.602051939  
-4.451189393  
-6.618963413  
-8.054133263  
-8.82336416  
-9.005923095  
-8.617123284  
-7.594254247  
-5.849712172  
-3.366009975  
-0.2880499572  
3.03322888  
6.074498869  
8.250427329  
9.070087377  
8.288664916  
6.001727662  
2.646143812  
-1.098207159  
-4.479050717  
-6.863618259  
-7.893748031  
-7.558206514  
-6.163437341  
-4.216567809  
-2.261633083  
-0.722634283  
0.1983977595  
0.5411656539  
0.5262820778  
0.4418973344  
0.5212192242  
0.8540529295  
1.360605179  
1.832276818  
2.020555416  
1.739592332  
0.9453584908  
-0.2355437297  
-1.535673663  
-2.623213967  
-3.198553803  
-3.079832276  
-2.25224672  
-0.8695654647  
0.7881011767  
2.383939615  
3.600053775  
4.200090973  
4.067855479  
3.220099243  
1.798426478  
0.04738200556  
-1.716376144  
-3.142905106  
-3.897404545  
-3.718525978  
-2.481292227  
-0.2518867726  
2.684053701  
5.837920749  
8.589604621  
10.30927277  
10.50713041  
8.974385939  
5.873738495  
1.745446439  
-2.584915981  
-6.183597027  
-8.230775906  
-8.230694575  
-6.15146083  
-2.452156132  
2.015542673  
6.209355197  
9.150422985  
10.16240168  
9.032217232  
6.050822914  
1.925792504  
-2.407292292  
-6.021101709  
-8.216444367  
-8.669760623  
-7.475437874  
-5.081056994  
-2.14250731  
0.6551882798  
2.761397244  
3.868078729  
3.94306038  
3.191609621  
1.968053222  
0.6685186619  
-0.3651317162  
-0.9095049723  
-0.8844566617  
-0.3430066369  
0.5615732808  
1.617865817  
2.597116647  
3.287354796  
3.519969263  
3.189642123  
2.267905855  
0.8084798238  
-1.058717516  
-3.147019822  
-5.244559612  
-7.151849571  
-8.715568695  
-9.848205124  
-10.52687774  
-10.77171715  
-10.61220433  
-10.05560595  
-9.072147399  
-7.606229655  
-5.612763289  
-3.10679514  
-0.2065398406  
2.850723425  
5.733247087  
8.07955546  
9.587507719  
10.10037392  
9.659653342  
