6.161827264  
6.245713318  
5.228914181  
3.395096685  
1.296782549  
-0.4304432644  
-1.281488539  
-1.049665869  
0.1082333455  
1.730723291  
3.21193446  
4.006194985  
3.805310934  
2.628404094  
0.7966229066  
-1.193199904  
-2.846346863  
-3.833228523  
-4.079488114  
-3.754452772  
-3.168590144  
-2.625068405  
-2.287067845  
-2.114902516  
-1.89834732  
-1.370782679  
-0.3578528442  
1.102389218  
2.722012487  
4.031779582  
4.537799761  
3.911952858  
2.144550426  
-0.4029839081  
-3.074268999  
-5.105858043  
-5.867808561  
-5.075559722  
-2.897923608  
0.08052246884  
3.034868048  
5.157161  
5.909919638  
5.19009138  
3.347557753  
1.052220487  
-0.9439290201  
-2.06691715  
-2.112682109  
-1.304626536  
-0.1982194279  
0.5319902574  
0.3462001156  
-0.9567612154  
-3.15806046  
-5.688618049  
-7.824680139  
-8.939124167  
-8.71890001  
-7.271472316  
-5.083125062  
-2.845003471  
-1.209874927  
-0.5668227464  
-0.9139666929  
-1.873452611  
-2.841380464  
-3.216693539  
-2.624861417  
-1.054592414  
1.142151879  
3.386309734  
5.093433532  
5.898362873  
5.798303122  
5.158513821  
4.574511992  
4.637388391  
5.685861021  
7.636452531  
9.958478203  
11.81155805  
12.30695439  
10.80951671  
7.180151674  
1.8754187  
-4.134247185  
-9.607909469  
-13.367226  
-14.61852179  
-13.16680837  
-9.459172311  
-4.448549812  
0.6762507685  
4.809865982  
7.204045672  
7.620083817  
6.326091299  
3.954572053  
1.276515578  
-1.031828669  
-2.559108734  
-3.222901803  
-3.222727112  
-2.912716243  
-2.646245656  
-2.646851829  
-2.943747086  
-3.383682028  
-3.703967474  
-3.633494268  
-2.984506691  
-1.707184915  
0.1034520077  
2.240862805  
4.441247528  
6.437335481  
7.997014186  
8.943209084  
9.161433048  
8.605450197  
7.308349468  
5.397905035  
3.106132446  
0.7586191043  
-1.267497068  
-2.617137319  
-3.04828273  
-2.514128771  
-1.206145158  
0.464771137  
1.954596697  
2.72316821  
2.385743411  
0.8339620295  
-1.713680918  
-4.752450834  
-7.616307406  
-9.653566902  
-10.4025602  
-9.71519498  
-7.791610601  
-5.116458973  
-2.3177079  
0.007477608634  
1.446244587  
1.857782772  
1.372894598  
0.3123208778  
-0.9432741839  
-2.084781717  
-2.963032066  
-3.606931242  
-4.170173051  
-4.830849638  
-5.684279606  
-6.670805253  
-7.566759073  
-8.043566682  
-7.775082636  
-6.555788054  
-4.387991447  
-1.506496773  
1.66977503  
4.645143335  
6.979710231  
8.405183287  
8.887880751  
8.620495602  
7.947380787  
7.249257056  
6.825078345  
6.808098821  
7.140512857  
7.611006948  
7.939187411  
7.876714235  
7.291339722  
6.207703378  
4.794327895  
3.304470754  
1.993062232  
1.038396097  
0.4939749601  
0.2845013308  
0.2447454073  
0.1860244621  
-0.03326046022  
-0.4567472214  
-1.015233346  
-1.551850446  
-1.878396067  
-1.84428472  
-1.396051746  
-0.6085994417  
0.321937164  
1.122475804  
1.51266157  
1.281085073  
0.3474913004  
-1.205946261  
-3.143329997  
-5.12277544  
-6.772551683  
-7.777849453  
-7.957330752  
-7.31036977  
-6.022077817  
-4.422818785  
-2.909748263  
-1.847826028  
-1.473969742  
-1.829073179  
-2.737254952  
-3.840949151  
-4.686366063  
-4.839995537  
-4.007020039  
-2.11993116  
0.6282329435  
3.817831581  
6.897338596  
9.315061478  
10.65254009  
10.72264698  
9.604635772  
7.606388297  
5.165590868  
2.720233823  
0.588421684  
-1.105189351  
-2.433802465  
-3.603520803  
-4.841913528  
-6.279088547  
-7.863905371  
-9.347337447  
-10.34314377  
-10.44972704  
-9.394885966  
-7.15501039  
-4.00564881  
-0.480714674  
2.753590881  
5.07570671  
6.083604009  
5.712772667  
4.258075372  
2.289221965  
0.4828492252  
-0.5788908568  
-0.581616244  
0.4301434851  
2.072991447  
3.750403753  
4.84543048  
4.920301205  
3.86045855  
1.917900514  
-0.3597219346  
-2.292005944  
-3.269890182  
-2.937834611  
-1.298775153  
1.288543322  
4.216158279  
6.801861416  
8.477169538  
8.931409236  
8.171435703  
6.485110735  
4.327483321  
2.17170556  
0.3746773899  
-0.9014180667  
-1.692542138  
-2.168892126  
-2.533797384  
-2.926026071  
-3.361556794  
-3.733781794  
-3.868078967  
-3.60630959  
-2.886397022  
-1.785107762  
-0.5070044087  
0.6765159689  
1.515139129  
1.861435758  
1.715928353  
1.218824422  
0.591962698  
0.05329728783  
-0.2635111457  
-0.3538769054  
-0.3345895214  
-0.3868274514  
-0.6721790469  
-1.254646987  
-2.059931393  
10.7962829  
9.748876534  
7.353146103  
4.087834593  
0.5343276583  
-2.730270609  
-5.230567792  
-6.665465215  
-6.9445977  
-6.18295322  
-4.655415398  
-2.721313564  
-0.7367566508  
1.023222026  
2.411924558  
3.414843629  
4.110169152  
4.600496576  
4.941133762  
5.093284644  
4.923292132  
4.253231528  
2.948638941  
1.012660253  
-1.350895101  
-3.736667587  
-5.611411969  
-6.449110209  
-5.890756726  
-3.878817805  
-0.7191262363  
2.957939087  
6.335041746  
8.610825199  
9.212239037  
7.954584688  
5.101311961  
1.304334197  
-2.559198585  
-5.607737826  
-7.172119184  
-6.949962964  
-5.05995226  
-1.988618722  
1.547359234  
4.779743059  
7.058929479  
7.976005094  
7.416361671  
5.546224727  
2.749832957  
-0.4583849309  
-3.525378663  
-5.942261876  
-7.314746374  
-7.42163433  
-6.25969476  
-4.06669141  
-1.308885991  
1.380266255  
3.313925619  
3.904923349  
2.825858715  
0.1312366067  
-3.702738487  
-7.848191355  
-11.30268723  
-13.13592048  
-12.74119268  
-10.01757948  
-5.423180302  
0.1249685441  
5.482420797  
9.576299367  
11.68425452  
11.60977976  
9.701719349  
6.714706801  
3.558149692  
1.016433088  
-0.4693399585  
-0.8906026558  
-0.6095531076  
-0.1764478812  
-0.09676572814  
-0.6339541002  
-1.717563081  
-2.985938327  
-3.94210181  
-4.159704121  
-3.458184387  
-1.979088475  
-0.1340696705  
1.555101774  
2.661846361  
3.024065716  
2.808604521  
2.441510659  
2.426745912  
3.120887731  
4.551967275  
6.357960287  
7.878339023  
8.375208496  
7.309622474  
4.573080084  
0.5845196158  
-3.792968818  
-7.498648583  
-9.607153902  
-9.636584025  
-7.723713073  
-4.600238647  
-1.370358584  
0.8416070084  
1.258600308  
-0.2894200653  
-3.301646991  
-6.761824142  
-9.462738689  
-10.39290846  
-9.058114402  
-5.633164256  
-0.8972194733  
4.021062541  
7.999486738  
10.2591014  
10.57196754  
9.277606288  
7.113332362  
4.926902049  
3.377301451  
2.728486854  
2.803160575  
3.103612091  
3.046263879  
2.217417864  
0.5532118545  
-1.622406738  
-3.713636253  
-5.07736595  
-5.271161061  
-4.23164697  
-2.31620956  
-0.1912336484  
1.394047499  
1.867737865  
1.036861127  
-0.8412438127  
-3.14320279  
-5.090317075  
-6.012678673  
-5.575892683  
-3.893552412  
-1.488709051  
0.8807020304  
2.472176958  
2.800727317  
1.794067869  
-0.1866588233  
-2.462687823  
-4.248187176  
-4.885989618  
-4.035283798  
-1.758029911  
1.513952911  
5.111567762  
8.313432005  
10.52600806  
11.41038114  
10.92952744  
9.316261421  
6.983692704  
4.410816908  
2.034556619  
0.1698819979  
-1.033089895  
-1.596332072  
-1.691787423  
-1.59657955  
-1.630774835  
-2.08322165  
-3.134519303  
-4.792120547  
-6.856980822  
-8.940170313  
-10.53829975  
-11.1596237  
-10.47306018  
-8.437318755  
-5.364500223  
-1.885408426  
1.188956501  
3.081485649  
3.281039651  
1.721390279  
-1.155300195  
-4.482066024  
-7.18513967  
-8.279970134  
-7.160198284  
-3.791813864  
1.249883522  
6.916641549  
11.96004909  
15.26181231  
16.12496472  
14.44235764  
10.69787617  
5.807960032  
0.8589998368  
-3.175715487  
-5.655937244  
-6.374680858  
-5.525497997  
-3.567371921  
-1.047157347  
1.555048691  
3.910580104  
5.843525647  
7.270427967  
8.122719964  
8.298576787  
7.672452356  
6.160281665  
3.808817519  
0.8618583457  
-2.238932448  
-4.936414113  
-6.70678145  
-7.227050742  
-6.499370585  
-4.879526967  
-2.988018954  
-1.523832102  
-1.038415205  
-1.745947233  
-3.437708426  
-5.535175644  
-7.269336655  
-7.929248646  
-7.097360281  
-4.792009643  
-1.468484215  
2.121581049  
5.163962139  
7.028540649  
7.445408512  
6.55304051  
4.807524666  
2.791360738  
0.9953199905  
-0.3454498364  
-1.301977466  
-2.173248107  
-3.312740149  
-4.929598846  
-6.944346133  
-8.959270858  
-10.36098775  
-10.52299545  
-9.037451439  
-5.892169522  
-1.526023015  
3.262467758  
7.527461372  
10.44081181  
11.52301421  
10.76511839  
8.604285502  
5.765588867  
3.027017499  
0.9881939679  
-0.08198324246  
-0.2744674918  
0.05325022785  
0.4497735073  
0.5537931038  
0.2224906587  
-0.4374553142  
-1.139088609  
-1.549636805  
-1.432881932  
-0.7425494786  
0.3675678884  
1.616223907  
2.716093889  
3.491182926  
3.940228363  
4.21912589  
4.54921803  
5.089528978  
5.827362648  
6.536177845  
6.824542123  
6.264526694  
4.555680841  
1.664524292  
-2.114688714  
-6.205435618  
-9.890842412  
-12.50750866  
-13.62781576  
-13.1708206  
-11.40680731  
-8.857431772  
-6.128941243  
-3.736993044  
-1.981316464  
-0.9071581012  
-0.3569972044  
-0.08320347097  
0.1277675709  
0.3690780592  
0.5955480664  
0.674418678  
0.4764997748  
-0.03659641743  
-0.7704610006  
-1.521752898  
-2.059098539  
-2.22584668  
-2.017762476  
-1.596825935  
-1.227680899  
-1.156357954  
-1.478095161  
-2.051057752  
-2.499925229  
-2.321452055  
-1.064204189  
1.477975359  
5.131424496  
9.325209897  
13.21130584  
15.89460901  
16.70316096  
15.40932269  
12.3236411  
8.222382545  
4.124736483  
0.9874660634  
-0.5846857718  
-0.5170683701  
0.7287800081  
2.324522303  
3.36409835  
3.175694321  
1.551281507  
-1.184078701  
-4.28661114  
-6.852603265  
-8.13280267  
-7.794444738  
-6.040743481  
-3.546462841  
-1.231145145  
0.05281148862  
-0.1890229681  
-1.922302663  
-4.591112987  
-7.300556852  
-9.112844775  
-9.357197014  
-7.850049158  
-4.953332655  
-1.453736657  
1.694065114  
3.672649695  
4.053689616  
2.914715199  
0.7863382586  
-1.546922078  
-3.320560905  
-4.044126682  
-3.650079463  
-2.490190711  
-1.185115445  
-0.3825821783  
-0.5094921258  
-1.603750154  
-3.283246005  
-4.862435197  
-5.577360331  
-4.844351011  
-2.467343273  
1.273571056  
5.680601766  
9.824764364  
12.80158607  
13.97724369  
13.15179676  
10.59426554  
6.945270075  
3.023062508  
-0.404172993  
-2.810711097  
-4.016811848  
-4.180640855  
-3.691605757  
-3.007300469  
-2.490312054  
-2.296726219  
-2.347768441  
-2.387409978  
-2.100915978  
-1.251278802  
0.2130392923  
2.114265826  
4.078852071  
5.636842484  
6.355302905  
5.964409645  
4.438154832  
2.006546742  
-0.9026419707  
-3.773513054  
-6.129592454  
-7.642070468  
-8.189100177  
-7.852774263  
-6.860011425  
-5.490558674  
-3.984179135  
-2.477696434  
-0.9910115644  
0.5361729157  
2.173153163  
3.921090421  
5.661166593  
7.151144094  
8.076882526  
8.145749968  
7.192588254  
5.26179061  
2.633895034  
-0.2188625104  
-2.741243531  
-4.439367431  
-5.018396261  
-4.470328348  
-3.081849086  
-1.355752195  
0.1337072769  
0.9096600231  
0.734679723  
-0.318022772  
-1.88731137  
-3.434904856  
-4.410652549  
-4.421420208  
-3.351119495  
-1.39472933  
1.003695871  
3.288677767  
4.962365408  
5.73126188  
5.584599264  
4.78089631  
3.748984534  
2.937121238  
2.65989799  
2.992398827  
3.744928539  
4.525114446  
4.866242145  
4.380067715  
2.885818009  
0.4758188573  
-2.500912195  
-5.530032918  
-8.068819717  
-9.68726938  
-10.17304094  
-9.573173185  
-8.165537056  
-6.3732559  
-4.649830598  
-3.367544312  
-2.736928242  
-2.773399434  
-3.313034119  
-4.067225165  
-4.698871083  
-4.901100375  
-4.462632479  
-3.309190666  
-1.516027379  
0.7085666078  
3.065204069  
5.223846711  
6.892522399  
7.881017573  
8.144838244  
7.796351492  
7.076030444  
6.2865149  
5.703822672  
5.489555662  
5.631611936  
5.935893301  
6.077996956  
5.705229329  
4.561068885  
2.593234448  
0.007358605737  
-2.757730218  
-5.133463749  
-6.577928713  
-6.73957627  
-5.576514434  
-3.390350328  
-0.7586579834  
1.618077883  
3.111006427  
3.340206037  
2.279967994  
0.2594538567  
-2.140823884  
-4.263107263  
-5.561517697  
-5.747224689  
-4.847002653  
-3.162592626  
-1.151631087  
0.7241917782  
2.13024784  
2.927224287  
3.160486314  
2.984962048  
2.563588717  
1.985082084  
1.236031709  
0.2376224021  
-1.071618424  
-2.646943502  
-4.287199329  
-5.654209207  
-6.364570114  
-6.1254765  
-4.864094035  
-2.796574581  
-0.4008100591  
1.709350875  
2.973104202  
3.072507367  
2.0549115  
0.3390986416  
-1.405281683  
-2.470518069  
-2.346622011  
-0.8990967861  
1.575356062  
4.438703546  
6.919832929  
8.37126223  
8.485108019  
7.391228301  
5.600510145  
3.810841076  
2.643237999  
2.402754632  
2.952709301  
3.752706842  
4.053414889  
3.184054532  
0.8325621999  
-2.783528606  
-6.92324248  
-10.51400547  
-12.47374629  
-12.06086344  
-9.136565365  
-4.249770676  
1.488625091  
6.70697114  
10.15699051  
11.06130826  
9.317244114  
5.496994566  
0.6504699784  
-4.02057283  
-7.510063031  
-9.267929856  
-9.298011493  
-8.075443633  
-6.325381445  
-4.747796594  
-3.784818003  
-3.505544614  
-3.637260548  
-3.719057062  
-3.312420581  
-2.187741324  
-0.4195400143  
1.639552246  
3.490238247  
4.669980865  
4.918672941  
4.266673326  
3.016448186  
1.629087553  
0.5608558735  
0.1106668844  
0.3320337952  
1.036667123  
1.881991549  
2.504931787  
2.650205102  
2.247257626  
1.41280586  
0.3857226909  
-0.5737257253  
-1.277284059  
-1.658460098  
-1.763159318  
-1.691727406  
-1.523335243  
-1.260130834  
-0.8188746213  
-0.07605191526  
1.052261568  
2.531534153  
4.169092964  
5.637760957  
6.562051631  
6.639852977  
5.755714157  
4.041561968  
1.857717267  
-0.3043754526  
-1.967046096  
-2.809514375  
-2.758981734  
-1.997583322  
-0.8833317383  
0.185144277  
0.9096965205  
1.187272251  
1.123732145  
0.9636499259  
0.9654960977  
1.273177361  
1.836797152  
2.416814344  
2.672977118  
2.305321226  
1.191860542  
-0.5338621466  
-2.501522636  
-4.219191779  
-5.247233235  
-5.367577115  
-4.682614452  
-3.600143109  
-2.7010694  
-2.530188593  
-3.381757716  
-5.158104245  
-7.357948692  
-9.207786003  
-9.899468894  
-8.857779151  
-5.947670692  
-1.548098399  
3.537325809  
8.307566679  
11.85626132  
13.6322016  
13.58109189  
12.12138778  
9.963610147  
7.837030085  
6.220355883  
5.172687243  
4.326941681  
3.051473277  
0.7259202092  
-2.965038941  
-7.82629136  
-13.11516386  
-17.69785886  
-20.35984966  
-20.17716589  
-16.83114748  
-10.76293041  
-3.111376085  
4.555526421  
10.64161809  
13.94024291  
13.94719748  
10.9787223  
6.062724845  
0.6384338866  
-3.845384064  
-6.316796564  
-6.34354259  
-4.204362328  
-0.7590628351  
2.834388473  
5.466641094  
6.385909619  
5.385028401  
2.822977423  
-0.5127732558  
-3.652553018  
-5.722648265  
-6.176251555  
-4.918292875  
-2.29965445  
1.005617361  
4.196540493  
6.556136244  
7.621002673  
7.270641058  
5.723075557  
3.448826041  
1.03433238  
-0.9657416415  
-2.150763543  
-2.345788468  
-1.613377488  
-0.2116435624  
1.484007308  
3.072846388  
4.212843721  
4.680789664  
4.400645679  
3.44033657  
1.983400351  
0.285313923  
-1.375342237  
-2.742439278  
-3.619076312  
-3.892922732  
-3.549456256  
-2.673181778  
-1.436872801  
-0.07863046874  
1.132887747  
1.943048295  
2.160513078  
1.702850446  
0.6275923652  
-0.8618776368  
-2.442811476  
-3.732045474  
-4.368553013  
-4.102275647  
-2.866808023  
-0.8144557979  
1.700427174  
4.19090344  
6.145858303  
7.150931385  
6.989658103  
5.696031739  
3.542172434  
0.9631936056  
-1.559885352  
-3.625156539  
-5.005785303  
-5.688586577  
-5.844885701  
-5.745096045  
-5.646790399  
-5.694936393  
-5.868832975  
-5.994453764  
-5.818232354  
-5.116612524  
-3.802144678  
-1.986923076  
0.02239189775  
1.800667863  
2.929446329  
3.131065505  
2.366774652  
0.8641113127  
-0.938679047  
-2.516336134  
-3.410537173  
-3.365490882  
-2.401587963  
-0.8030925003  
0.9765516244  
2.461561177  
3.305624386  
3.399921583  
2.902698446  
2.181052682  
1.683661132  
1.785084306  
2.651129771  
4.167873166  
5.957116998  
7.474487701  
8.161699185  
7.608959377  
5.681327362  
2.57402627  
-1.217801958  
-5.006070934  
-8.065052306  
-9.795760364  
-9.86004837  
-8.254417909  
-5.309123427  
-1.615396253  
2.101261454  
5.133759232  
6.94010074  
7.254227251  
6.1383443  
3.965274377  
1.332747405  
-1.074273621  
-2.645025497  
-2.992211549  
-2.052660519  
-0.1112480631  
2.26359388  
4.362441254  
5.523252046  
5.317531031  
3.682499332  
0.9583561016  
-2.186191247  
-4.925630869  
-6.502369697  
-6.441824945  
-4.694425288  
-1.659983221  
1.916666883  
5.151087029  
7.2664705  
7.809140164  
6.76723244  
4.556691216  
1.87979399  
-0.4985344873  
-1.985512406  
-2.332297149  
-1.689608668  
-0.5323872568  
0.5184354931  
0.915558527  
0.3723850708  
-1.044174488  
-2.943836782  
-4.752629631  
-5.911724849  
-6.065921153  
-5.177457499  
-3.528077223  
-1.612042628  
0.03919211252  
1.036723057  
1.254392368  
0.8480811279  
0.1699640884  
-0.3881385229  
-0.5623168188  
-0.3312900747  
0.06629259729  
0.2208198694  
-0.2833690291  
-1.686251796  
-3.920639818  
-6.582130153  
-9.01738742  
-10.50678805  
-10.48427884  
-8.723240598  
-5.427124916  
-1.194026142  
3.135143529  
6.698330025  
8.836411486  
9.253455898  
8.069460446  
5.757029084  
2.989264128  
0.450679739  
-1.331015656  
-2.087405492  
-1.827191076  
-0.7793907198  
0.7064962672  
2.264179845  
3.586292187  
4.458018545  
4.754406363  
4.420801237  
3.458442923  
1.928339826  
-0.02858641076  
-2.171474241  
-4.162020871  
-5.606521845  
-6.138728173  
-5.525197739  
-3.759419563  
-1.107295331  
1.922538494  
4.686995126  
6.571325908  
7.160306875  
6.363868793  
4.453717226  
1.993737053  
-0.3190166648  
-1.856068041  
-2.239546308  
-1.446961883  
0.1948200295  
2.12417572  
3.730303315  
4.549039019  
4.405321861  
3.456953064  
2.127566074  
0.9536766949  
0.3986660964  
0.6962884903  
1.774992117  
3.285768335  
4.721107728  
5.582463984  
5.538994983  
4.525469913  
2.749860361  
0.6128581288  
-1.428922496  
-3.006896633  
-3.942952916  
-4.278869659  
-4.228473911  
-4.075593489  
-4.058566538  
-4.284183995  
-4.700700868  
-5.135947767  
-5.382064398  
-5.29142015  
-4.845393748  
-4.168958244  
-3.485510618  
-3.029453354  
-2.95045114  
-3.246921855  
-3.755806748  
-4.205005803  
-4.311496734  
-3.890497601  
-2.935631904  
-1.638857482  
-0.3391229697  
0.5865330752  
0.8550591491  
0.3884829623  
-0.6352564019  
-1.813031322  
-2.62465261  
-2.58935913  
-1.425071483  
0.8380327981  
3.826575165  
6.889840227  
9.249503378  
10.19633408  
9.283041585  
6.462061581  
2.130337123  
-2.933756847  
-7.729321707  
-11.2516391  
-12.7195962  
-11.75798321  
-8.490888425  
-3.522967064  
2.188614035  
7.542974255  
11.53725646  
13.48505082  
13.16020322  
10.83180935  
7.182255651  
3.128620454  
-0.4079539838  
-2.72683145  
-3.509387004  
-2.876479772  
-1.328147501  
0.4166859762  
1.635509084  
1.812444511  
0.7847296427  
-1.214916398  
-3.630572276  
-5.747440158  
-6.899127095  
-6.656786009  
-4.945433821  
-2.055390373  
1.450993938  
4.905528949  
7.720272278  
9.536191634  
10.29087881  
10.18915262  
9.59202797  
8.865561906  
8.242555773  
7.744102412  
7.186142487  
6.266667751  
4.701408304  
2.359469065  
-0.6494898881  
-3.968497299  
-7.071774434  
-9.40491105  
-10.54259247  
-10.31414787  
-8.857599146  
-6.58597084  
-4.077093541  
-1.921265313  
-0.5724276931  
-0.2450077267  
-0.8822400032  
-2.198554845  
-3.776630658  
-5.185658255  
-6.085383227  
-6.289639195  
-5.779450961  
-4.672771152  
-3.169856433  
-1.496562715  
0.1373028046  
1.557940886  
2.630038295  
3.252757099  
3.360390648  
2.933088235  
2.014353425  
0.7248268795  
-0.7402903662  
-2.138420388  
-3.230200907  
-3.841411963  
-3.916650541  
-3.544355528  
-2.940048652  
-2.387727636  
-2.154007765  
-2.400442518  
-3.122192512  
-4.134613758  
-5.114817234  
-5.688003285  
-5.533662379  
-4.479988421  
-2.558085938  
4.625765245e-05  
2.818535656  
5.471886818  
7.588260809  
8.932337733  
9.446126727  
9.240120175  
8.542226032  
7.623403934  
6.723353547  
5.996444118  
5.48926819  
5.150374735  
4.863696247  
4.49265697  
3.922253995  
3.090583913  
2.006415788  
0.7533849378  
-0.5172585914  
-1.604267814  
-2.284733352  
-2.353527541  
-1.671609012  
-0.2159468207  
1.881469132  
4.320874286  
6.661146019  
8.389928282  
9.029035944  
8.253144618  
5.990487044  
2.473577554  
-1.782228036  
-6.075890654  
-9.674807332  
-11.98795471  
-12.7108228  
-11.89971936  
-9.951181049  
-7.489259525  
-5.191023551  
-3.600012951  
-2.982011388  
-3.265434578  
-4.083161151  
-4.901589943  
-5.196013911  
-4.617454634  
-3.099617606  
-0.8743065275  
1.606833471  
3.816619365  
5.314814639  
5.876511338  
5.546765458  
4.607068154  
3.468401332  
2.529031045  
2.045380557  
2.05796004  
2.394451802  
2.745276782  
2.782938736  
2.282733699  
1.203716241  
-0.2961203061  
-1.913120127  
-3.298911572  
-4.172886154  
-4.407531319  
-4.058925269  
-3.334656918  
-2.513277028  
-1.845529794  
-1.472442579  
-1.387918619  
-1.456504945  
-1.47713431  
-1.267704688  
-0.7389978141  
0.06842141215  
0.996385691  
1.82432737  
2.345999577  
2.439295328  
2.104145816  
1.45599272  
0.6791711218  
-0.04083905469  
-0.5798456117  
-0.9084037302  
-1.084105359  
-1.206771559  
-1.355211477  
-1.532020175  
-1.640560804  
-1.506690751  
-0.9409113604  
0.1795016134  
1.838204414  
3.846131817  
5.86371813  
7.477880674  
8.313477949  
8.145666154  
6.976916039  
5.051776997  
2.800953419  
0.7284233994  
-0.7264063774  
-1.310659754  
-1.027208342  
-0.1297725426  
0.9550603041  
1.755711868  
1.895027624  
1.199614656  
-0.2530292792  
-2.162446977  
-4.098119106  
-5.627697785  
-6.44084631  
-6.431310691  
-5.713620285  
-4.571594784  
-3.357112286  
-2.372603516  
-1.775103896  
-1.532180827  
-1.443150296  
-1.218179095  
-0.589554671  
0.5806973496  
2.231674713  
4.095907806  
5.757409678  
6.759640758  
6.732521969  
5.501761771  
3.148924111  
0.005038302336  
-3.420306653  
-6.554271388  
-8.888478539  
-10.08493922  
-10.03365215  
-8.850350964  
-6.820503041  
-4.310361651  
-1.673635515  
0.8191188503  
3.010824449  
4.844938561  
6.320667998  
7.437796331  
8.154811164  
8.378141211  
7.988264882  
6.894394265  
5.098076624  
2.741103163  
0.1165563224  
-2.367443035  
-4.266872451  
-5.205114781  
-4.972524719  
-3.593334841  
-1.338699653  
1.321072328  
3.815288077  
5.598537866  
6.271678985  
5.667782868  
3.882468855  
1.243211461  
-1.77173692  
-4.641685383  
-6.910772828  
-8.26870331  
-8.589318908  
-7.924465212  
-6.463038117  
-4.472782404  
-2.243825231  
-0.04769908047  
1.883125406  
3.359508014  
4.234099973  
4.405011412  
3.831060351  
2.556670621  
0.7363294372  
-1.356303925  
-3.348160306  
-4.821473953  
-5.397648575  
-4.832404775  
-3.096140833  
-0.4129581921  
2.760078487  
5.816526142  
8.131823326  
9.211349398  
8.816482594  
7.032850847  
4.258746399  
1.112917989  
-1.716444651  
-3.642319446  
-4.323196788  
-3.741695822  
-2.196018728  
-0.2073782914  
1.629557072  
2.810048155  
3.049853058  
2.346810764  
0.958290131  
-0.6951616627  
-2.167805555  
-3.124338572  
-3.431404835  
-3.178185697  
-2.62273479  
-2.084693157  
-1.822152924  
-1.935080963  
-2.328426574  
-2.74776756  
-2.875760328  
-2.456686819  
-1.406096036  
0.1336806283  
1.814346465  
3.176295643  
3.789906416  
3.399822281  
2.025720743  
-0.0149212166  
-2.173319449  
-3.809021419  
-4.363844116  
-3.520059527  
-1.296864456  
1.942835705  
5.577115282  
8.876516253  
11.17925976  
12.04197921  
11.32698314  
9.207533527  
6.096954694  
2.528620903  
-0.9750925801  
-4.007963468  
-6.334911693  
-7.891085006  
-8.737535123  
-8.997701669  
-8.800733045  
-8.250030564  
-7.422017163  
-6.3863171  
-5.229992556  
-4.067951361  
-3.029313988  
-2.221720715  
-1.687470687  
-1.371680496  
-1.120613263  
-0.7182263725  
0.04561220221  
1.295482128  
3.006765486  
4.983038005  
6.887577915  
8.324358641  
8.946411325  
8.558516927  
7.180986339  
5.052516283  
2.5691444  
0.177239301  
-1.746284677  
-2.988815095  
-3.542319093  
-3.577639877  
-3.363451013  
-3.159069109  
-3.118776568  
-3.240755769  
-3.377708373  
-3.304140444  
-2.815029172  
-1.819147795  
-0.3919855725  
1.232609444  
2.730920779  
3.794862596  
4.237192519  
4.057938864  
3.446192698  
2.71371198  
2.181064975  
2.055026629  
2.34082618  
2.822858223  
3.125235562  
2.836623077  
1.66099137  
-0.4548595543  
-3.260968861  
-6.235289966  
-8.702157498  
-10.00660873  
-9.694852684  
-7.648441741  
-4.132935177  
0.2529731853  
4.713108062  
8.435753772  
10.77215969  
11.36569677  
10.2028068  
7.581010501  
4.012369973  
0.09601214639  
-3.603391049  
-6.642680702  
-8.7401027  
-9.772301811  
-9.744862802  
-8.75654662  
-6.972378924  
-4.610455415  
-1.936517155  
0.745812199  
3.120326717  
4.902505667  
5.895162868  
6.038480543  
5.434363301  
4.330248031  
3.060062596  
1.955507171  
1.253398904  
1.029351377  
1.181799426  
1.474789321  
1.627955124  
1.424457231  
0.7993000423  
-0.1251885304  
-1.073348368  
-1.71248733  
-1.78133539  
-1.206472486  
-0.1630448643  
0.9481803477  
1.608503813  
1.345747254  
-0.09446807984  
-2.627217135  
-5.801466524  
-8.8857321  
-11.0492228  
-11.59014675  
-10.14523675  
-6.816583118  
-2.17400784  
2.873107536  
7.302019339  
10.23854676  
11.18099352  
10.12267556  
7.538955438  
4.243921198  
1.1593262  
-0.9372550116  
-1.613818832  
-0.8803308147  
0.8423565509  
2.866134199  
4.445428234  
4.990408207  
4.223580151  
2.239842663  
-0.539645993  
-3.498480898  
-5.997383205  
-7.536738463  
-7.866143359  
-7.01748407  
-5.262561268  
-3.017316351  
-0.7265325553  
1.23719248  
2.636589682  
3.387078951  
3.535569838  
3.217643159  
2.611753388  
1.903731997  
1.26568665  
0.8449180393  
0.7542381253  
1.056761553  
1.744576901  
2.718493029  
3.781293413  
4.656497876  
5.03795544  
4.664288559  
3.400637146  
1.302856861  
-1.360198468  
-4.141221927  
-6.504734965  
-7.954084955  
-8.16231608  
-7.069315531  
-4.914345436  
-2.189914918  
0.474659613  
2.470615793  
3.365304174  
3.012281885  
1.584277852  
-0.4808757661  
-2.606185368  
-4.237216921  
-4.993071488  
-4.763337164  
-3.723824227  
-2.267896074  
-0.8751831909  
0.04224616667  
0.269747015  
-0.1431131745  
-0.8990167015  
-1.547974586  
-1.632956015  
-0.8428067156  
0.8734384479  
3.266022248  
5.832027331  
7.940175483  
8.999761399  
8.627425231  
6.765161704  
3.715466915  
0.08164587306  
-3.37311785  
-5.91210128  
-7.008282295  
-6.476063318  
-4.516286405  
-1.662080005  
1.360673134  
3.821500451  
5.172282818  
5.183136668  
3.991004632  
2.048261545  
-0.01406522673  
-1.570355321  
-2.180323845  
-1.714309863  
-0.3884112499  
1.300860239  
2.724309355  
3.308489937  
2.711089913  
0.9327478398  
-1.66753536  
-4.459025813  
-6.704480651  
-7.758258071  
-7.242234475  
-5.151161479  
-1.85927787  
1.971892008  
5.557317017  
8.177758683  
9.343733223  
8.893058993  
7.001956336  
4.114963384  
0.8206151466  
-2.288351189  
-4.732401768  
-6.214481927  
-6.633842242  
-6.054994234  
-4.653877612  
-2.665119043  
-0.346851505  
2.033084279  
4.198204583  
5.867061569  
6.773503637  
6.708404334  
5.575010927  
3.439329243  
0.5530115864  
-2.668337278  
-5.715013118  
-8.08790056  
-9.410536151  
-9.515539369  
-8.478086761  
-6.584852257  
-4.247378066  
-1.887198651  
0.1706070442  
1.761980731  
2.888056289  
3.66201528  
4.222190072  
4.646763647  
4.904234274  
4.859709441  
4.335236811  
3.200786834  
1.459408372  
-0.7093653301  
-2.969368821  
-4.909139685  
-6.15936905  
-6.506124279  
-5.959062387  
-4.748653242  
-3.251449713  
-1.868514091  
-0.899645486  
-0.4579688413  
-0.4548802176  
-0.6590378727  
-0.8049698138  
-0.7075726036  
-0.3359417155  
0.1844586115  
0.6438959935  
0.8664185649  
0.8243063564  
0.6966841341  
0.8383430723  
1.658363228  
3.445196605  
6.201205327  
9.554431912  
12.79462822  
15.04007134  
15.49439134  
13.71553064  
9.806217875  
4.453179192  
-1.212778366  
-5.906088474  
-8.54383808  
-8.562752931  
-6.094516682  
-1.939576099  
2.657985873  
6.368326055  
8.156900451  
7.570752659  
4.84229749  
0.7816978795  
-3.502511169  
-6.960006653  
-8.914720306  
-9.239006619  
-8.334668944  
-6.936271867  
-5.812235707  
-5.472458867  
-5.986150552  
-6.972452002  
-7.763927241  
-7.680956775  
-6.315559566  
-3.719615986  
-0.4264378416  
2.706169507  
4.779441489  
5.165952406  
3.741088664  
0.9504699578  
-2.314218614  
-4.992920921  
-6.197515418  
-5.501732088  
-3.084025568  
0.3243805079  
3.669301  
5.905962058  
6.325831903  
4.773527259  
1.687179504  
-2.045633862  
-5.364975167  
-7.356757626  
-7.51134757  
-5.845904295  
-2.861449057  
0.6402825713  
3.812782851  
6.008527199  
6.936919261  
6.696922203  
5.688642158  
4.44608581  
3.453305636  
3.003582259  
3.13927562  
3.678715988  
4.30759516  
4.695587664  
4.598396039  
3.91833678  
2.716155441  
1.183826957  
-0.4031112683  
-1.736733812  
-2.523049842  
-2.524396199  
-1.60318849  
0.2314479247  
2.78247813  
5.647807227  
8.249520673  
9.924223657  
10.07010657  
8.321721905  
4.702780797  
-0.2992724394  
-5.779657228  
-10.59393823  
-13.63473132  
-14.13673977  
-11.91946524  
-7.485540937  
-1.929702464  
3.330436162  
6.933110131  
7.952354653  
6.164028696  
2.112930512  
-3.044815053  
-7.879917274  
-11.1068318  
-11.95133333  
-10.35577757  
-6.96078991  
-2.874156631  
0.6940773583  
2.809603392  
3.082848197  
1.746306223  
-0.4761900108  
-2.654211488  
-3.985177029  
-4.060895014  
-2.976492967  
-1.250657368  
0.4057956285  
1.382311837  
1.411257134  
0.6703329318  
-0.292778891  
-0.7847939961  
-0.255663568  
1.457539064  
4.026128474  
6.709464751  
8.596692609  
8.928671257  
7.386585894  
4.242373853  
0.3118216511  
-3.281031311  
-5.454007  
-5.516262437  
-3.400209536  
0.3028192829  
4.516948255  
8.010239367  
9.770853001  
9.309819512  
6.795159481  
2.978928725  
-1.053091302  
-4.222947689  
-5.781081669  
-5.505532801  
-3.723756333  
-1.161905511  
1.317659098  
2.997104008  
3.509182688  
2.907331138  
1.589000189  
0.1120496186  
-1.022306177  
-1.540739348  
-1.46626785  
-1.06791288  
-0.7196774932  
-0.7283958299  
-1.198235234  
-1.982941753  
-2.742257758  
-3.079771522  
-2.709557036  
-1.589089722  
0.03174657786  
1.665630387  
2.730687119  
2.735118854  
1.443680158  
-1.027464306  
-4.217568349  
-7.427720072  
-9.895005746  
-10.98406429  
-10.34354448  
-7.98814929  
-4.290078498  
0.1112331953  
4.45265621  
8.006290492  
10.2175535  
