6.06803436  
7.479488856  
7.375846286  
5.762437653  
2.990293448  
-0.2763958211  
-3.169444618  
-4.792914697  
-4.43676814  
-1.780615889  
2.967668858  
9.047027027  
15.25757428  
20.20482122  
22.62592243  
21.7199138  
17.39258593  
10.3400841  
1.933023847  
-6.08471949  
-12.01458155  
-14.63309511  
-13.51628975  
-9.164702692  
-2.886256636  
3.539431743  
8.329139097  
10.17015542  
8.568921013  
3.975482239  
-2.35282982  
-8.711085032  
-13.42818677  
-15.33291298  
-14.07169036  
-10.18811837  
-4.943718247  
0.06531152617  
3.381503962  
4.110502232  
2.173154663  
-1.686014496  
-6.132676701  
-9.646511913  
-10.97367504  
-9.494453439  
-5.400088791  
0.369037949  
6.400601448  
11.21705478  
13.6904955  
13.34540234  
10.4656176  
5.981939008  
1.181575988  
-2.66901149  
-4.675054993  
-4.538272263  
-2.597263301  
0.3177885391  
3.162949982  
5.001856804  
5.273842439  
3.933585682  
1.42948784  
-1.462458362  
-3.890937968  
-5.187750928  
-5.055913355  
-3.636719765  
-1.444084184  
0.805876255  
2.413598365  
2.896805966  
2.117159107  
0.3022496722  
-2.035426905  
-4.252135927  
-5.751318903  
-6.136533048  
-5.30047653  
-3.432768943  
-0.9524051273  
1.610246009  
3.747087438  
5.087119048  
5.466892776  
4.945116265  
3.764488646  
2.275661014  
0.8447881344  
-0.2327036365  
-0.7933138408  
-0.8298300526  
-0.4757486847  
0.04453128089  
0.4865933364  
0.6598318436  
0.4848998969  
0.0185498747  
-0.5627571182  
-1.018379014  
-1.124402352  
-0.7570064306  
0.04824196337  
1.083468148  
2.012364793  
2.464242095  
2.154358699  
0.9947420315  
-0.8419558436  
-2.932736889  
-4.695115678  
-5.539848729  
-5.044829338  
-3.098316293  
0.0357096775  
3.757049566  
7.269859833  
9.788631032  
10.75103688  
9.973614038  
7.700842635  
4.529476385  
1.228613446  
-1.490325983  
-3.182082894  
-3.787995771  
-3.628974304  
-3.272270098  
-3.314973345  
-4.15567033  
-5.831363871  
-7.977094672  
-9.926176862  
-10.92250782  
-10.37805158  
-8.091356004  
-4.353222397  
0.0997538442  
4.274448327  
7.197717495  
8.195480622  
7.087707256  
4.238674805  
0.4473229349  
-3.286990121  
-6.049499615  
-7.257440862  
-6.795727828  
-5.004665084  
-2.531942532  
-0.1042688695  
1.702734234  
2.621384044  
2.729274395  
2.364003066  
1.954790921  
1.837701698  
2.12379636  
2.667521752  
3.143915684  
3.202137523  
2.63412856  
1.491253943  
0.1005062366  
-1.03099847  
-1.392786873  
-0.666851866  
1.129351316  
3.608728901  
6.108403211  
7.886191259  
8.357006472  
7.290119927  
4.898751609  
1.788035688  
-1.225708334  
-3.367651774  
-4.147199009  
-3.510613333  
-1.852226786  
0.1208509629  
1.627185097  
2.07488787  
1.264365476  
-0.5370262826  
-2.67370669  
-4.309419208  
-4.697422245  
-3.427190797  
-0.5695365383  
3.32493499  
7.372403639  
10.60061213  
12.21586702  
11.81207654  
9.462668938  
5.674868117  
1.228704675  
-3.043447923  
-6.467449847  
-8.667915686  
-9.606019108  
-9.517373595  
-8.783811702  
-7.789762725  
-6.811880914  
-5.972382329  
-5.259651353  
-4.594742998  
-3.908021019  
-3.190998525  
-2.502870701  
-1.932948125  
-1.540106358  
-1.300782388  
-1.093758908  
-0.7346108913  
-0.05115326101  
1.02773864  
2.406433084  
3.811203206  
4.846467439  
5.10735346  
4.315095897  
2.430342547  
-0.2967778339  
-3.362327902  
-6.125158812  
-7.972604668  
-8.486178984  
-7.556614734  
-5.412630175  
-2.554734235  
0.3850484298  
2.813676907  
4.325684172  
4.786324295  
4.328289815  
3.269729133  
1.986338297  
0.7836007522  
-0.1875956814  
-0.9460954688  
-1.626213376  
-2.378764849  
-3.26762523  
-4.202894858  
-4.938058399  
-5.135033654  
-4.476215299  
-2.785127492  
-0.1131026807  
3.239985258  
6.781212177  
9.941333052  
12.21738374  
13.29734307  
13.12903984  
11.9139399  
10.03077656  
7.916213347  
5.942162812  
4.328436193  
3.115589471  
2.201185911  
1.420947334  
0.6416695389  
-0.1697246929  
-0.9265369776  
-1.458628873  
-1.590375254  
-1.23010322  
-0.4360155299  
0.5688711632  
1.442838146  
1.821289404  
1.433046525  
0.1992961783  
-1.718585583  
-3.940957869  
-5.958655696  
-7.264667925  
-7.491199823  
-6.512496357  
-4.483772425  
-1.805426787  
0.976607771  
3.305632076  
4.746454316  
5.079947474  
4.337127567  
2.768110692  
0.7596105026  
-1.272457343  
-2.984341262  
-4.1737081  
-4.802442093  
-4.973124063  
10.91222036  
14.92472053  
15.92109698  
13.61167252  
8.612979708  
2.2638078  
-3.768997656  
-7.970488839  
-9.395782036  
-7.903202001  
-4.1415622  
0.6905105016  
5.226191056  
8.328289851  
9.382630644  
8.408135664  
5.968428313  
2.93297266  
0.17798499  
-1.673244332  
-2.394807691  
-2.157461899  
-1.403348977  
-0.6547336917  
-0.3290255625  
-0.6200705358  
-1.474512617  
-2.655107287  
-3.853932763  
-4.806801079  
-5.367841884  
-5.524809922  
-5.361455122  
-4.992587065  
-4.50403419  
-3.922103911  
-3.220643798  
-2.355931619  
-1.308353668  
-0.1091918263  
1.159788317  
2.391882855  
3.491722745  
4.403108739  
5.11425333  
5.638307595  
5.980559908  
6.111767725  
5.965734321  
5.468288112  
4.588759822  
3.391165593  
2.057313189  
0.8615381999  
0.09496377842  
-0.0405482536  
0.4687166149  
1.398432513  
2.315018227  
2.687036097  
2.052350754  
0.189703743  
-2.764864606  
-6.30361339  
-9.650904827  
-11.96237401  
-12.56282516  
-11.14975971  
-7.897091268  
-3.423701173  
1.365805243  
5.519700973  
8.283507154  
9.27593956  
8.546524756  
6.505319234  
3.757591916  
0.9057895454  
-1.612456342  
-3.599612641  
-5.071686464  
-6.153897367  
-6.950990171  
-7.451521001  
-7.508695405  
-6.906745593  
-5.484582588  
-3.262177542  
-0.510705629  
2.273167201  
4.491724161  
5.632279481  
5.449778176  
4.076289597  
2.009634332  
-0.02540283731  
-1.303616321  
-1.339884978  
-0.06067939292  
2.156089207  
4.592085108  
6.417743693  
6.965002737  
5.951796912  
3.581237616  
0.4799700829  
-2.505040694  
-4.583432889  
-5.278450121  
-4.576824214  
-2.920840235  
-1.045862677  
0.2804915726  
0.5279671658  
-0.4100917924  
-2.176962825  
-4.071936821  
-5.287374557  
-5.182582932  
-3.502344801  
-0.4681583701  
3.285648441  
6.906337078  
9.580456483  
10.76895222  
10.34484487  
8.594456284  
6.090680893  
3.489056355  
1.320368539  
-0.1502481878  
-0.9553534678  
-1.347015112  
-1.646247517  
-2.081703799  
-2.679805411  
-3.246665314  
-3.446516671  
-2.945328644  
-1.564468411  
0.6138808175  
3.230262788  
5.729239356  
7.512960809  
8.116628342  
7.348373358  
5.348577612  
2.550672097  
-0.442501062  
-3.026680026  
-4.756495413  
-5.451365346  
-5.219748188  
-4.400967273  
-3.448278405  
-2.791740949  
-2.721252175  
-3.319764058  
-4.458949033  
-5.85084894  
-7.135001668  
-7.974602769  
-8.137314954  
-7.544224767  
-6.280474524  
-4.569980063  
-2.722874477  
-1.067307013  
0.1216360297  
0.6832397721  
0.6107825485  
0.05963090523  
-0.681781603  
-1.25651686  
-1.32856556  
-0.6774816101  
0.7268395372  
2.69325609  
4.837270519  
6.667112307  
7.709343672  
7.640778099  
6.387858341  
4.161030272  
1.409455241  
-1.294662758  
-3.409967091  
-4.57237138  
-4.688952361  
-3.949944809  
-2.755291887  
-1.579929737  
-0.8220005187  
-0.6835014018  
-1.121419247  
-1.882832139  
-2.608395444  
-2.965274161  
-2.761302375  
-2.000209665  
-0.8604368822  
0.3911621343  
1.514955089  
2.396882209  
3.089769939  
3.780116697  
4.692370741  
5.968268662  
7.570604059  
9.253752918  
10.61955106  
11.24472543  
10.83731482  
9.364999832  
7.10438637  
4.585594343  
2.442794347  
1.215786754  
1.167809429  
2.182841848  
3.781473267  
5.255684075  
5.882796017  
5.151232427  
2.925308201  
-0.5046510581  
-4.503365936  
-8.276470683  
-11.10089465  
-12.52594993  
-12.48249006  
-11.26933771  
-9.427510357  
-7.54920909  
-6.088077554  
-5.233396282  
-4.886038383  
-4.737168378  
-4.415244733  
-3.644892283  
-2.360016634  
-0.7324904228  
0.8903885981  
2.113650574  
2.639359895  
2.375859992  
1.473706218  
0.2778248787  
-0.7847674108  
-1.340802584  
-1.183289665  
-0.3247646505  
1.021826702  
2.521715902  
3.824015404  
4.656024623  
4.875993139  
4.473075026  
3.524722107  
2.137279126  
0.3995233146  
-1.629860676  
-3.897145308  
-6.305505538  
-8.670735142  
-10.70788805  
-12.06464755  
-12.39833599  
-11.4747066  
-9.255270256  
-5.940767689  
-1.951402875  
2.154800568  
5.803481281  
8.529865316  
10.07272454  
10.41117952  
9.738552885  
8.387496832  
6.734314628  
5.11320578  
3.762721169  
2.811536583  
2.294846315  
2.183033942  
2.404047589  
2.849686795  
3.36909261  
3.763781784  
3.801839433  
3.262172553  
2.005056064  
0.04885263443  
-2.378019456  
-4.839904358  
-6.767340608  
-7.593231964  
-6.918558656  
-4.657489746  
-1.110563921  
3.068227554  
7.013289461  
9.865315955  
11.00439072  
10.22767562  
7.814035824  
4.450752308  
1.040121056  
-1.55779062  
-2.768474447  
-2.457889458  
-0.9519284945  
1.083737123  
2.863240838  
3.728267893  
3.345125324  
1.790516577  
-0.4968754463  
-2.877579278  
-4.727866982  
-5.638412359  
-5.530930139  
-4.658856758  
-3.498461053  
-2.573206993  
-2.27435651  
-2.738532566  
-3.819948317  
-5.160273906  
-6.32518336  
-6.955553506  
-6.879717831  
-6.150708394  
-5.001850286  
-3.743943206  
-2.646879544  
-1.850966558  
-1.338691642  
-0.9721943976  
-0.5756968525  
-0.02553388856  
0.6906788769  
1.469828467  
2.144278946  
2.564769685  
2.678110223  
2.564185099  
2.413078133  
2.448198252  
2.824654029  
3.544801501  
4.428828463  
5.158773093  
5.385957046  
4.865641245  
3.568666649  
1.72442949  
-0.2281720618  
-1.772401107  
-2.487125751  
-2.202654215  
-1.081768071  
0.4084860758  
1.632067696  
1.986522683  
1.107537499  
-0.9936460847  
-3.909193067  
-6.941539424  
-9.307072704  
-10.37212335  
-9.844723032  
-7.859042777  
-4.924583366  
-1.75707087  
0.9524267581  
2.752839619  
3.560986231  
3.659807127  
3.568962248  
3.833438856  
4.804087896  
6.487202439  
8.51710506  
10.26404816  
11.04340242  
10.3568627  
8.084020892  
4.557705437  
0.4937886357  
-3.206195588  
-5.719156435  
-6.547976879  
-5.673197512  
-3.559173711  
-1.010708364  
1.076671629  
1.99603435  
1.451643543  
-0.3441092637  
-2.729847558  
-4.793159491  
-5.648234954  
-4.710438947  
-1.886719827  
2.373714086  
7.182575216  
11.4392573  
14.11646467  
14.52526921  
12.48850503  
8.379225303  
3.019511901  
-2.527466655  
-7.212907635  
-10.23771577  
-11.21050327  
-10.19599704  
-7.652830807  
-4.288200051  
-0.8749976467  
1.919071317  
3.650720453  
4.148119127  
3.4874391  
1.918900603  
-0.2276135354  
-2.627512674  
-5.016054347  
-7.205251361  
-9.069457549  
-10.5153597  
-11.45455395  
-11.79269381  
-11.44035675  
-10.34094506  
-8.503573669  
-6.026598233  
-3.10060702  
0.01291042404  
3.02235297  
5.654543876  
7.696839879  
9.021348494  
9.586519222  
9.419752416  
8.591279205  
7.191980034  
5.324952551  
3.113440219  
0.7190143569  
-1.642875799  
-3.704620919  
-5.175465682  
-5.797961984  
-5.419932958  
-4.060404465  
-1.944659955  
0.510977254  
2.770802141  
4.296330393  
4.680134531  
3.760052011  
1.678637671  
-1.134012635  
-4.054613388  
-6.415726635  
-7.669496699  
-7.520273132  
-5.988490001  
-3.388377968  
-0.2280361054  
2.9360517  
5.644621533  
7.637318747  
8.882160462  
9.529283377  
9.811122234  
9.928636965  
9.966510268  
9.868299268  
9.47920206  
8.638112042  
7.281009138  
5.51213429  
3.610114741  
1.959806701  
0.9290763205  
0.7324155835  
1.331879244  
2.416170414  
3.473535061  
3.941537981  
3.388255751  
1.665217585  
-1.021744731  
-4.152584599  
-7.036811932  
-9.018465825  
-9.677577788  
-8.96244095  
-7.208099296  
-5.033262517  
-3.147923332  
-2.133981891  
-2.270456324  
-3.460244178  
-5.281185525  
-7.142314563  
-8.490488082  
-8.995868033  
-8.652387126  
-7.759366708  
-6.792159276  
-6.208953782  
-6.263779244  
-6.894197785  
-7.726465652  
-8.199716802  
-7.768257077  
-6.112149836  
-3.281218278  
0.2814228952  
3.850144734  
6.629815621  
8.00332525  
7.732378495  
6.044122395  
3.572710354  
1.172201161  
-0.340794909  
-0.4332900264  
0.9866068087  
3.549340937  
6.544464886  
9.140869548  
10.63479968  
10.64727965  
9.211870279  
6.731557263  
3.826857452  
1.13135825  
-0.8951966101  
-2.076434365  
-2.521547648  
-2.52876899  
-2.432435128  
-2.453273418  
-2.607238825  
-2.704437001  
-2.435718351  
-1.512305244  
0.194987355  
2.569713745  
5.250212958  
7.718694788  
9.449790673  
10.06861672  
9.465285042  
7.827998201  
5.584836283  
3.274843791  
1.391779448  
0.2511707431  
-0.07876928367  
0.234972432  
0.8728661391  
1.482676887  
1.793148725  
1.683864435  
1.192144228  
0.4618832045  
-0.3399076235  
-1.103031815  
-1.818386711  
-2.570236426  
-3.48152878  
-4.636291317  
-6.012559224  
-7.455678413  
-8.706615136  
-9.478724265  
-9.557206491  
-8.88518024  
-7.603234533  
-6.024303283  
-4.547905736  
-3.53936213  
-3.212969635  
-3.558398579  
-4.336527714  
-5.14874513  
-5.559633919  
-5.235216003  
-4.053200115  
-2.150059092  
0.1105906541  
2.239219766  
3.760548337  
4.350161552  
3.926761948  
2.673385222  
0.9829770057  
-0.6535035979  
-1.781848456  
-2.102402186  
-1.538093164  
-0.2365363685  
1.48939865  
3.260244983  
4.735556718  
5.694979778  
6.073595881  
5.946636161  
5.475105564  
4.835368883  
4.158739087  
3.501282987  
2.851623522  
2.170093789  
1.441047921  
0.7153307072  
0.1234351472  
-0.1495837783  
0.07770396688  
0.9097837418  
2.3109945  
4.076679686  
5.853822647  
7.211454276  
7.745207666  
7.188289674  
5.496837056  
2.882777104  
-0.2191148009  
-3.245121574  
-5.634984647  
-6.968472558  
-7.06945  
-6.048733069  
-4.273402808  
-2.270265796  
-0.589375245  
0.3356693997  
0.2933013263  
-0.6618682074  
-2.236128061  
-3.984827061  
-5.434920922  
-6.206867473  
-6.102847108  
-5.139719717  
-3.522277437  
-1.569779704  
0.37878087  
2.051246991  
3.296571354  
4.094927985  
4.526827742  
4.717070247  
4.77582509  
4.757576281  
4.650296051  
4.395147563  
3.925965988  
3.211177495  
2.281103928  
1.230043697  
0.1925948306  
-0.696517332  
-1.343928677  
-1.725159237  
-1.888576814  
-1.935140508  
-1.982165715  
-2.124721103  
-2.408338331  
-2.821594947  
-3.309027005  
-3.797075763  
-4.22138421  
-4.544341322  
-4.757044122  
-4.867297783  
-4.881757367  
-4.792967652  
-4.57952066  
-4.22088756  
-3.720389557  
-3.124099652  
-2.52287604  
-2.030410533  
-1.7402987  
-1.67589083  
-1.753592233  
-1.779584094  
-1.490722605  
-0.6350181105  
0.92944416  
3.149713088  
5.740973015  
8.22004781  
10.01125919  
10.60187287  
9.704325538  
7.374346696  
4.042062823  
0.4361490618  
-2.587126469  
-4.267339704  
-4.153473915  
-2.243765007  
0.9936124325  
4.73098207  
7.995807725  
9.93059414  
10.02395976  
8.245864905  
5.047634643  
1.227227322  
-2.299817658  
-4.755653342  
-5.706686603  
-5.162505771  
-3.541881511  
-1.521302261  
0.1837024765  
1.035595218  
0.8247571883  
-0.2898288033  
-1.855753721  
-3.288777733  
-4.066116343  
-3.889703599  
-2.770408549  
-1.011585797  
0.8968747965  
2.435551034  
3.211520441  
3.065224304  
2.098922944  
0.624428179  
-0.94635781  
-2.228400747  
-2.96620131  
-3.082297759  
-2.662615283  
-1.891895817  
-0.9683990866  
-0.03168553656  
0.8704185031  
1.766132272  
2.705060371  
3.689308567  
4.620695155  
5.288732609  
5.409403199  
4.706135916  
3.008497174  
0.3360326781  
-3.06256696  
-6.732191927  
-10.09474592  
-12.57359082  
-13.72648556  
-13.35121581  
-11.53519686  
-8.635563411  
-5.195027403  
-1.815753318  
0.9761520009  
2.841531348  
3.688216043  
3.668077038  
3.11551405  
2.446198675  
2.043524588  
2.161515835  
2.866792121  
4.03106426  
5.372446201  
6.532273544  
7.166608932  
7.029816576  
6.031321831  
4.254534583  
1.936597865  
-0.5833949869  
-2.933738754  
-4.780769914  
-5.886198426  
-6.141247993  
-5.573908454  
-4.33162702  
-2.646136121  
-0.7891539701  
0.9724980744  
2.415619623  
3.388865697  
3.828305525  
3.759715429  
3.287908122  
2.574311935  
1.805227861  
1.154989979  
0.7503231666  
0.6435171171  
0.8018651068  
1.118128437  
1.441896374  
1.625486455  
1.572429587  
1.273805007  
0.8192910113  
0.3760828178  
0.1386174774  
0.2622385608  
0.8012753041  
1.673217665  
2.664664159  
3.482437271  
3.838241507  
3.542488581  
2.576911685  
1.119532401  
-0.4912532286  
-1.847464326  
-2.592376438  
-2.534322242  
-1.715833107  
-0.4125690009  
0.9419202624  
1.885044629  
2.068138486  
1.367247989  
-0.07584344311  
-1.898057896  
-3.63225956  
-4.859375498  
-5.344267303  
-5.108217933  
-4.411540273  
-3.650657125  
-3.204505821  
-3.284626031  
-3.84419679  
-4.582514622  
-5.048488881  
-4.810939644  
-3.637212722  
-1.614890075  
0.8324605791  
3.049973107  
4.349337911  
4.237993593  
2.602920913  
-0.2167780421  
-3.500068313  
-6.341790217  
-7.919263362  
-7.743487022  
-5.812772664  
-2.616709696  
1.013487299  
4.161281652  
6.104953313  
6.530101835  
5.605191368  
3.896750708  
2.15495385  
1.044408843  
0.9135049292  
1.6821931  
2.886747565  
3.865047052  
4.016247204  
3.041659378  
1.079142636  
-1.320239027  
-3.369455218  
-4.317941921  
-3.725239445  
-1.638705597  
1.391052578  
4.468837003  
6.639404152  
7.204975248  
5.968937872  
3.321124814  
0.1314605577  
-2.517857471  
-3.677233061  
-2.840409722  
-0.1196871665  
3.772512386  
7.731483391  
10.59234613  
11.48186598  
10.08006629  
6.711779281  
2.243119654  
-2.180579352  
-5.470852343  
-6.902083709  
-6.297195738  
-4.044475826  
-0.9513917681  
2.009607776  
3.979771846  
4.433610239  
3.281798889  
0.8414801579  
-2.299715328  
-5.470723406  
-8.092486483  
-9.793044515  
-10.44164609  
-10.11172804  
-9.004440292  
-7.370558741  
-5.45907061  
-3.501259133  
-1.719061516  
-0.3346466541  
0.4407704562  
0.4478178431  
-0.3601879217  
-1.861855882  
-3.748319954  
-5.561557137  
-6.792058996  
-7.013523766  
-6.01393415  
-3.877713494  
-0.9855739653  
2.075946507  
4.672829739  
6.302869995  
6.739451552  
6.092812409  
4.767786463  
3.330755128  
2.328612149  
2.11842834  
2.762713859  
4.022820325  
5.450010956  
6.541250129  
6.906064798  
6.388761406  
5.107132706  
3.398389753  
1.694861383  
0.3749836158  
-0.3583532908  
-0.5316418315  
-0.3713819796  
-0.2054868284  
-0.3327161369  
-0.9068525412  
-1.875160642  
-2.99039747  
-3.889587909  
-4.210749593  
-3.707495995  
-2.324857643  
-0.2149398305  
2.307571659  
4.850651849  
7.040560339  
8.598149024  
9.376755001  
9.358423827  
8.619832578  
7.287356894  
5.500113207  
3.391843004  
1.091396457  
-1.267587073  
-3.540600908  
-5.579140619  
-7.251590837  
-8.470355304  
-9.212187584  
-9.519933614  
-9.481173186  
-9.189720934  
-8.70483185  
-8.025996777  
-7.096649756  
-5.838934278  
-4.208387092  
-2.247247327  
-0.1128134532  
1.935475035  
3.591933409  
4.588291958  
4.777381972  
4.186251389  
3.01665788  
1.588624833  
0.2432764641  
-0.7629207196  
-1.335453984  
-1.562048569  
-1.666866954  
-1.913238157  
-2.489013498  
-3.416311266  
-4.520233201  
-5.470947357  
-5.887364455  
-5.467883554  
-4.102565859  
-1.926325055  
0.7076420543  
3.327042496  
5.479482019  
6.863793958  
7.408544422  
7.270859201  
6.757105213  
6.194914865  
5.80375226  
5.612049712  
5.452262451  
5.036979292  
4.089261284  
2.47968961  
0.3185467259  
-2.033946716  
-4.048430188  
-5.175462759  
-5.015446084  
-3.453663637  
-0.7150041889  
2.680876909  
6.05082821  
8.724894637  
10.21368677  
10.31637728  
9.140404247  
7.033732552  
4.458597175  
1.852313286  
-0.4790038808  
-2.403554444  
-3.938545844  
-5.176232956  
-6.197108474  
-7.007756251  
-7.528121087  
-7.631422155  
-7.217762212  
-6.288303463  
-4.986082634  
-3.582014977  
-2.405863393  
-1.743757707  
-1.738079179  
-2.326735256  
-3.246545385  
-4.103801855  
-4.491844808  
-4.118822594  
-2.904511345  
-1.014645191  
1.178847891  
3.199662216  
4.599699514  
5.082357183  
4.580536372  
3.268573847  
1.507858623  
-0.2547388581  
-1.60442522  
-2.25908959  
-2.127951242  
-1.317473912  
-0.08903515691  
1.21543337  
2.258247867  
2.78087897  
2.654696971  
1.900962928  
0.6805329182  
-0.741730666  
-2.050517693  
-2.943167647  
-3.193089092  
-2.703060143  
-1.537293608  
0.07770976045  
1.7892011  
3.188999865  
3.907201357  
3.707909676  
2.561577369  
0.6710843065  
-1.561082252  
-3.621289288  
-5.008777376  
-5.362738611  
-4.556707746  
-2.732321338  
-0.2615568806  
2.352189902  
4.605240798  
6.118302416  
6.718589239  
6.457564894  
5.563474859  
4.348691645  
3.105276121  
2.023810537  
1.160062229  
0.4554982833  
-0.201937695  
-0.9041255207  
-1.666307535  
-2.409448614  
-2.986512652  
-3.240060524  
-3.066440599  
-2.460040271  
-1.520062923  
-0.4181873495  
0.6580752554  
1.561659002  
2.217752717  
2.618358541  
2.784004943  
2.713045029  
2.346687161  
1.573227053  
0.2789422068  
-1.56853481  
-3.837066163  
-6.186920613  
-8.098966565  
-8.982405739  
-8.340315941  
-5.945237825  
-1.96509678  
3.011474688  
8.0735496  
12.19375774  
14.48801699  
14.45319281  
12.10847059  
7.992959001  
3.015989893  
-1.796425016  
-5.581362736  
-7.858136232  
-8.619510795  
-8.270014639  
-7.437371386  
-6.725370582  
-6.495329175  
-6.751853481  
-7.170615736  
-7.254549528  
-6.558118681  
-4.894141605  
-2.443113031  
0.2800763629  
2.595000767  
3.902091016  
3.917188944  
2.805178414  
1.156440349  
-0.1956117392  
-0.460086077  
0.8185975583  
3.564252974  
7.143785544  
10.5323731  
12.62304413  
12.58328127  
10.14133782  
5.704431466  
0.2640630715  
-4.886797195  
-8.537141276  
-9.919936104  
-8.936177662  
-6.168682012  
-2.681779303  
0.3269828225  
1.909075448  
1.656860781  
-0.1880532536  
-2.841572931  
-5.259151198  
-6.495987749  
-6.024216125  
-3.902545695  
-0.7452453852  
2.494497047  
4.849884009  
5.662748953  
4.794468709  
2.657296097  
0.05995880501  
-2.075662285  
-3.027783195  
-2.511104444  
-0.758355358  
1.576362683  
3.654508936  
4.745419838  
4.472495326  
2.930186662  
0.6354572085  
-1.664531393  
-3.257489165  
-3.709259441  
-3.000666746  
-1.512551188  
0.1318889797  
1.307878286  
1.624706786  
1.070709024  
0.01512772441  
-0.9340100912  
-1.165029946  
-0.3059011438  
1.613203194  
4.139500506  
6.531347693  
8.003655057  
8.002097658  
6.410792825  
3.618716058  
0.4166640838  
-2.246093589  
-3.56780013  
-3.161996331  
-1.196561594  
1.645586445  
4.375567033  
6.012468299  
5.901448145  
3.932163635  
0.5846112173  
-3.215385267  
-6.387218456  
-8.041114023  
-7.767571698  
-5.77658953  
-2.839739438  
-0.05072158358  
1.52194768  
1.181470391  
-1.160979307  
-4.936060649  
-9.07036361  
-12.29973479  
-13.54738856  
-12.25244498  
-8.549588256  
-3.246131552  
2.396197184  
7.009227722  
9.493375709  
9.31133554  
6.618862122  
2.201220682  
-2.75859622  
-7.006562352  
-9.542598896  
-9.853819254  
-7.998684609  
-4.532154823  
-0.3085785896  
3.769044249  
6.976497335  
8.911369408  
9.523480086  
9.042611338  
7.843974568  
6.305561404  
4.705655712  
3.187142512  
1.78698218  
0.5048566396  
-0.6270111894  
-1.507029815  
-1.977514537  
-1.882298563  
-1.143141735  
0.1793613504  
1.869437379  
3.59625383  
5.000118438  
5.795691491  
5.855187813  
5.240872623  
4.174207474  
2.952459283  
1.843310521  
0.9967331067  
0.4071394005  
-0.05990676988  
-0.5870177529  
-1.30244625  
-2.197522154  
-3.100071856  
-3.719526309  
-3.752132294  
-3.010088076  
-1.52601681  
0.4106175783  
2.306834418  
3.599568854  
3.82960758  
2.798719144  
0.6543031399  
-2.132682439  
-4.896082188  
-6.972304843  
-7.905129739  
-7.589865495  
-6.306813105  
-4.629320221  
-3.233284475  
-2.668868663  
-3.169630843  
-4.56380436  
-6.320054147  
-7.715962919  
-8.076353394  
-7.004244988  
-4.527927208  
-1.113819542  
2.462262786  
5.346627752  
6.86942589  
6.753316249  
5.202206885  
2.841043699  
0.5249115212  
-0.9230446891  
-0.9632263736  
0.4970546939  
3.077908097  
6.045030977  
8.53349193  
9.807397767  
9.476680732  
7.607434467  
4.69642206  
1.521836882  
-1.081587582  
-2.455249149  
-2.290804852  
-0.7002071354  
1.831218098  
4.587844945  
6.817190491  
7.91845073  
7.577734332  
5.820988726  
2.980622036  
-0.4057039694  
-3.731309485  
-6.455550212  
-8.207710947  
-8.842213505  
-8.441299445  
-7.272848486  
-5.717791619  
-4.184000788  
-3.022535381  
-2.459639524  
-2.554730657  
-3.191225476  
-4.102791394  
-4.932032658  
-5.312076811  
-4.955044835  
-3.727522629  
-1.693436026  
0.8890726417  
3.619364434  
6.043980332  
7.762157635  
8.519168187  
8.261653724  
7.139435026  
5.453797991  
3.568297976  
1.809487779  
0.3876605532  
-0.6391918247  
-1.349472548  
-1.898526824  
-2.438277725  
-3.044903084  
-3.680099472  
-4.19927432  
-4.403561459  
-4.117255846  
-3.263517399  
-1.911669298  
-0.278968534  
1.31522782  
2.529520521  
3.090617238  
2.866774053  
1.903543762  
0.4128988754  
-1.279321681  
-2.811300125  
-3.866651666  
-4.238944274  
-3.865835361  
-2.828930453  
-1.324343661  
0.3852889386  
2.02492833  
3.35664887  
4.217220582  
4.539864122  
4.358690941  
3.795828517  
3.032630482  
2.268389255  
1.67318772  
1.344713624  
1.280720426  
1.377408837  
1.458431224  
1.33039796  
0.8510624264  
-0.01058659499  
-1.143960988  
-2.311091932  
-3.206975647  
-3.551616565  
-3.186212997  
-2.140964218  
-0.6479177292  
0.9114222705  
2.112450014  
2.616572802  
2.281289887  
1.212651509  
-0.2613358389  
-1.691665153  
-2.652692285  
-2.881888943  
-2.365962172  
-1.340823799  
-0.202110423  
0.6449659339  
0.9439272751  
0.6950641391  
0.1695538396  
-0.1821531798  
0.09854445105  
1.285223712  
3.321202093  
5.780382017  
7.958952373  
9.078113853  
8.537437139  
6.136290369  
2.185830724  
-2.534027664  
-6.969111717  
-10.08296304  
-11.15785499  
-10.00993135  
-7.048382379  
-3.156950742  
0.5672653217  
3.136856913  
3.958132898  
2.988110345  
0.7179568728  
-2.007273578  
-4.27028582  
-5.371212902  
-5.032181897  
-3.454809994  
-1.219421182  
0.9321875651  
2.351579178  
2.688205007  
1.977129239  
0.5870191823  
-0.9446802722  
-2.123750106  
-2.678791632  
-2.643626852  
-2.315603796  
-2.109620079  
-2.366321084  
-3.189543667  
-4.376915287  
-5.472776719  
-5.926964906  
-5.303035062  
-3.459711175  
-0.6369858967  
2.589160652  
5.473426368  
7.335821498  
7.785561154  
6.857147539  
5.009961096  
2.98806594  
1.583900686  
1.382166956  
2.567319209  
4.857594771  
7.587312913  
9.911147704  
11.06511117  
10.60171742  
8.526241334  
5.293567345  
1.669611044  
-1.496893372  
-3.520431711  
-4.068075475  
-3.238140444  
-1.509978356  
0.4137548777  
1.820391511  
2.191005729  
1.336706103  
-0.5668024356  
-3.048935309  
-5.490958864  
-7.303231498  
-8.082026869  
-7.705237977  
-6.346456904  
-4.410441206  
-2.413069755  
-0.8407421716  
-0.02607283321  
-0.06947111  
-0.8228480995  
-1.936141284  
-2.9529278  
-3.431045473  
-3.059293058  
-1.742552517  
0.3653314337  
2.889879533  
5.320394486  
7.131466561  
7.912292022  
7.470864658  
5.884789553  
3.483317523  
0.7634048473  
-1.738575002  
-3.584107328  
-4.539448943  
-4.620820666  
-4.064622505  
-3.232700849  
-2.483647503  
-2.052697129  
-1.980548103  
-2.115434774  
-2.187925876  
-1.932240842  
-1.210547447  
-0.0939096635  
1.132822628  
2.049132351  
2.237404784  
1.436507731  
-0.3429760678  
-2.784904607  
-5.33237231  
-7.33560591  
-8.238864489  
-7.747708658  
-5.922856375  
-3.169811796  
-0.1267154417  
2.514562146  
4.198350712  
4.64834568  
3.923099228  
2.372696453  
0.5173424745  
-1.108063139  
-2.092477631  
-2.230299583  
-1.529643946  
-0.1581544952  
1.64237169  
3.634742033  
5.629677124  
7.484700889  
9.071669121  
10.24077134  
10.81013648  
10.59732251  
9.487351632  
7.510897478  
4.89514448  
2.054553047  
-0.4911814993  
-2.256154591  
-2.942376196  
-2.554285483  
-1.425989027  
-0.13968241  
0.6491985768  
0.4293199201  
-0.9776054171  
-3.323586459  
-5.976615447  
-8.094747397  
-8.883386719  
-7.8563905  
-5.016154714  
-0.8907548417  
3.589454285  
7.342081452  
9.43480891  
9.347240223  
7.112976152  
3.300732466  
-1.15567955  
-5.222094456  
-8.040087826  
-9.132063138  
-8.480549315  
-6.470624548  
-3.728537417  
-0.9193936394  
1.427208813  
3.01287687  
3.770746534  
3.790346838  
3.212186903  
2.142849446  
0.6261247667  
-1.322815255  
-3.643164618  
-6.156087955  
-8.536629022  
-10.35419618  
-11.17663198  
-10.70427217  
-8.88428086  
-5.958935698  
-2.423493173  
1.097980532  
4.019654586  
5.947613937  
6.767758872  
6.639042862  
5.897883023  
4.912391743  
3.94339141  
3.065662868  
2.178774633  
1.100866375  
-0.2950447776  
-1.961262958  
-3.626729095  
-4.847608835  
-5.146449799  
-4.192457499  
-1.955201739  
1.231042752  
4.725928396  
7.754450637  
9.638535353  
10.01090082  
8.935327966  
6.887169907  
4.595541638  
2.79760075  
1.987901033  
2.249940135  
3.230385789  
4.267741522  
4.633353304  
3.802350363  
1.66009239  
-1.429717924  
-4.722262735  
-7.324658443  
-8.488099931  
-7.861276414  
-5.619339149  
-2.423947742  
0.7739254556  
3.024790444  
3.671198368  
2.545499238  
0.01401332129  
-3.142476456  
-5.969618374  
-7.62292412  
-7.605467675  
-5.890951627  
-2.90339226  
0.6288764696  
3.890312378  
6.195641329  
7.144953113  
6.680866635  
5.047147633  
2.678375999  
0.06602843621  
-2.355808793  
-4.278240966  
-5.534343666  
-6.079258606  
-5.956478894  
-5.269797345  
-4.168749796  
-2.842285047  
-1.507828979  
-0.3845818891  
0.3502534525  
0.6106388233  
0.4356621628  
-0.01190437241  
-0.4913836067  
-0.7651644758  
-0.6881472387  
-0.2702668336  
0.3177904362  
0.8064563636  
0.9406812603  
0.6050247805  
-0.09016096592  
-0.803599485  
-1.05457543  
-0.3903486929  
1.423853237  
4.261692196  
7.600245312  
10.62067579  
12.42709504  
12.32131594  
10.0452041  
5.905681445  
0.7311042894  
-4.338464013  
-8.168205636  
-9.954984731  
-9.458306194  
-7.059280303  
-3.626579232  
-0.2322504688  
2.189082297  
3.124846933  
2.619376711  
1.216770817  
-0.2643319954  
-1.042521353  
-0.6613271876  
0.847831132  
2.982831525  
4.958914048  
5.997493824  
5.610235091  
3.775673959  
0.9455892948  
-2.119259378  
-4.622082697  
-6.010302678  
-6.159561085  
-5.394014469  
-4.336622154  
-3.64693556  
-3.746767767  
-4.639955198  
-5.898350418  
-6.824423977  
-6.733599346  
-5.251620867  
-2.512074497  
0.8285403636  
3.776604331  
5.332910322  
4.858167805  
2.342168617  
-1.526321022  
-5.526864412  
-8.268847146  
-8.635174617  
-6.163458574  
-1.235705401  
4.993016121  
