-4.294463575  
-4.074034642  
-3.600176951  
-2.998119871  
-2.386565401  
-1.85526024  
-1.461324538  
-1.239198751  
-1.213021531  
-1.40007482  
-1.799730947  
-2.37142005  
-3.013644783  
-3.559510227  
-3.800585158  
-3.540461351  
-2.665941088  
-1.212470854  
0.603405969  
2.405480085  
3.738290853  
4.191035852  
3.531253848  
1.805483646  
-0.6309463393  
-3.174319607  
-5.115029134  
-5.826600094  
-4.947323531  
-2.498511809  
1.100547262  
5.130833019  
8.759983554  
11.26336953  
12.21403846  
11.58421157  
9.728135242  
7.253553265  
4.824398487  
2.959002262  
1.888730068  
1.520828963  
1.513729677  
1.434699056  
0.9418533444  
-0.07527807463  
-1.447462778  
-2.787691245  
-3.6417597  
-3.673677436  
-2.81819753  
-1.342616937  
0.209562954  
1.179642173  
1.008818114  
-0.5639161485  
-3.388960705  
-6.919648436  
-10.35231968  
-12.85127603  
-13.78859133  
-12.92339278  
-10.46476958  
-7.000296803  
-3.315447422  
-0.1634473389  
1.940833447  
2.840064068  
2.734693879  
2.072694214  
1.372989882  
1.045967726  
1.271161876  
1.968341038  
2.863259414  
3.615694539  
3.957392974  
3.78755584  
3.192896175  
2.390188014  
1.619751579  
1.036869442  
0.6479344639  
0.3192935597  
-0.1433179725  
-0.8766725464  
-1.853062986  
-2.832965998  
-3.405351976  
-3.110948619  
-1.610874091  
1.15768082  
4.897448245  
8.976369761  
12.56412309  
14.84365045  
15.23434346  
13.55715727  
10.08918442  
5.49011228  
0.6240960919  
-3.666463599  
-6.76513873  
-8.403586478  
-8.671350654  
-7.921920081  
-6.617582315  
-5.172732169  
-3.850172974  
-2.740127851  
-1.817006313  
-1.03795642  
-0.4316775257  
-0.131879615  
-0.3348838839  
-1.195302664  
-2.703892707  
-4.605067542  
-6.401782682  
-7.464914259  
-7.22351844  
-5.376356998  
-2.048502031  
2.172751332  
6.352361627  
9.451679224  
10.63386676  
9.534701878  
6.406530072  
2.078881318  
-2.263353318  
-5.422923864  
-6.550060963  
-5.404561847  
-2.433045967  
1.368429583  
4.767149778  
6.684509195  
6.540030355  
4.436746009  
1.126142421  
-2.238082837  
-4.479175133  
-4.786998645  
-2.991426366  
0.3702279909  
4.21481502  
7.252680049  
8.395690375  
7.102825978  
3.552848917  
-1.410074301  
-6.538336603  
-10.56459621  
-12.5836257  
-12.31150629  
-10.14319563  
-6.995987888  
-3.995291544  
-2.107993244  
-1.84220669  
-3.106719034  
-5.268743145  
-7.383269829  
-8.513080867  
-8.032761918  
-5.81993373  
-2.277836061  
1.809470917  
5.534165102  
8.145665224  
9.264733713  
8.966970669  
7.718267412  
6.193834851  
5.04766395  
4.71024851  
5.276726731  
6.512842238  
7.964964296  
9.127561155  
9.607145124  
9.229461902  
8.061716006  
6.353963228  
4.431268391  
2.58163596  
0.9804280211  
-0.3267131296  
-1.385524968  
-2.263901872  
-2.986265886  
-3.501565958  
-3.69854837  
-3.461001536  
-2.738361425  
-1.600338647  
-0.2502650098  
1.012025371  
1.867219837  
2.067358599  
1.508848658  
0.2625196373  
-1.448860969  
-3.316442546  
-5.030738831  
-6.357628081  
-7.181480048  
-7.50572379  
-7.417411069  
-7.03466575  
-6.459600977  
-5.753825798  
-4.941591355  
-4.032646433  
-3.048428843  
-2.035193112  
-1.055332451  
-0.1605732062  
0.6385944926  
1.388523125  
2.179271815  
3.101481258  
4.187169978  
5.359380381  
6.417006104  
7.070900527  
7.028301862  
6.101690175  
4.303671669  
1.888411428  
-0.6856349414  
-2.870748581  
-4.192627403  
-4.40908948  
-3.608280315  
-2.205145428  
-0.8266478526  
-0.1144632004  
-0.5053086895  
-2.062015357  
-4.416836743  
-6.854784334  
-8.519209965  
-8.679609407  
-6.97738819  
-3.568260299  
0.889620108  
5.404245866  
8.926553032  
10.65088129  
10.24542806  
7.940791593  
4.450015036  
0.7476759591  
-2.219744459  
-3.79961779  
-3.793037993  
-2.464276762  
-0.406533369  
1.682055118  
3.231220893  
3.961126306  
3.92501481  
3.427876684  
2.862099415  
2.529360546  
2.519475172  
2.69179795  
2.762727607  
2.460080752  
1.677817345  
0.5633856232  
-0.5044783776  
-1.04667301  
-0.6782082463  
0.7075762773  
2.840254099  
5.10676452  
6.719590113  
6.968940881  
5.474465746  
2.346354444  
-1.807771489  
-6.042762459  
-9.3575591  
-11.00884521  
-10.75213342  
-8.926486856  
-6.349384722  
-4.05165355  
-2.936959528  
-3.477577101  
-5.547953398  
-8.452987452  
-11.14392172  
-12.55249941  
-11.93488467  
-9.113812283  
-4.541322065  
-19.39257991  
-23.10910209  
-24.57732982  
-24.09167794  
-22.20113884  
-19.52943891  
-16.61407563  
-13.80462966  
-11.23868616  
-8.888829808  
-6.65423674  
-4.460184102  
-2.330685906  
-0.4111224917  
1.064624413  
1.850279973  
1.781236084  
0.8561344591  
-0.7208331254  
-2.552888645  
-4.119948  
-4.89014776  
-4.44794412  
-2.607457863  
0.5183120603  
4.51295145  
8.723134123  
12.38602133  
14.79219776  
15.44839111  
14.20151499  
11.29183867  
7.317734469  
3.114673233  
-0.4276093527  
-2.568907402  
-2.894481292  
-1.418387517  
1.414656705  
4.83316425  
7.925756647  
9.865653699  
10.11592679  
8.561967845  
5.535572085  
1.7233395  
-2.016729812  
-4.881353565  
-6.32946838  
-6.214664975  
-4.806891708  
-2.698872573  
-0.6253579673  
0.7520004543  
1.031867816  
0.1788946429  
-1.481397091  
-3.374813116  
-4.862292618  
-5.438789034  
-4.886694125  
-3.337660187  
-1.2250069  
0.8573068223  
2.344354887  
2.878808684  
2.42222707  
1.264021671  
-0.07472848757  
-1.012248838  
-1.097514183  
-0.1610532739  
1.623547819  
3.78797388  
5.712894484  
6.821772403  
6.762807862  
5.520079533  
3.416997079  
1.009675664  
-1.096292806  
-2.446387614  
-2.888682737  
-2.624413471  
-2.137420637  
-2.02165492  
-2.760297249  
-4.528138073  
-7.084437985  
-9.79718541  
-11.79934658  
-12.23570232  
-10.52863412  
-6.582361841  
-0.8611341176  
5.687054268  
11.84417245  
16.41551249  
18.52137328  
17.80648343  
14.51133276  
9.390227563  
3.504926218  
-2.043554882  
-6.368679121  
-8.971070448  
-9.792399664  
-9.150610418  
-7.591062579  
-5.708532292  
-3.995941108  
-2.758507965  
-2.104317143  
-1.9945254  
-2.318385479  
-2.955802228  
-3.802594612  
-4.755244446  
-5.673221998  
-6.349197882  
-6.515421398  
-5.898949237  
-4.315291348  
-1.768958207  
1.480832814  
4.924979332  
7.894383943  
9.719748049  
9.918579382  
8.351685712  
5.295462768  
1.399270485  
-2.467634717  
-5.439287196  
-6.88171927  
-6.558544767  
-4.68299566  
-1.840939526  
1.19031621  
3.670229505  
5.099369718  
5.338427287  
4.609575493  
3.386773244  
2.216982392  
1.534542918  
1.529605291  
2.109885713  
2.961219124  
3.678550303  
3.916866319  
3.508257564  
2.5071666  
1.154170784  
-0.2213209271  
-1.318443079  
-1.957195745  
-2.113743026  
-1.891404597  
-1.446286874  
-0.9039234447  
-0.3052604839  
0.393812506  
1.269485816  
2.34834139  
3.536475738  
4.597297442  
5.197929517  
5.016130054  
3.872485151  
1.837254834  
-0.7353933327  
-3.27071771  
-5.125235992  
-5.784092722  
-5.040026499  
-3.090427017  
-0.5120940286  
1.887895203  
3.305021938  
3.183581311  
1.398384256  
-1.687958783  
-5.313450614  
-8.525827891  
-10.44885417  
-10.52433009  
-8.657137195  
-5.222888282  
-0.9423901024  
3.331078086  
6.840661412  
9.099752953  
9.962968015  
9.58495118  
8.296484024  
6.453420564  
4.317933397  
2.013409148  
-0.4385181665  
-3.024855336  
-5.641078242  
-8.035570361  
-9.831803877  
-10.62867305  
-10.14538428  
-8.355135036  
-5.550655645  
-2.30602516  
0.6644676057  
2.710881696  
3.449580294  
2.892549257  
1.454918873  
-0.1688204591  
-1.224881461  
-1.14704418  
0.250629919  
2.700517387  
5.55442234  
7.981480559  
9.227859822  
8.854034333  
6.872403121  
3.740866669  
0.2155092673  
-2.887959139  
-4.944818862  
-5.701812552  
-5.32972543  
-4.33373058  
-3.354772642  
-2.931153326  
-3.301749153  
-4.317317295  
-5.489415719  
-6.160242868  
-5.736595398  
-3.910286474  
-0.7920914547  
3.085399739  
6.898444637  
9.75664814  
10.95289325  
10.16367604  
7.541449359  
3.674462804  
-0.5706874623  
-4.275194337  
-6.697195388  
-7.44136994  
-6.527461893  
-4.347506801  
-1.533092672  
1.223439022  
3.342032564  
4.4777351  
4.567734957  
3.800643969  
2.52715416  
1.144154594  
-0.01319036565  
-0.7441562479  
-1.006262175  
-0.8916247562  
-0.5697432847  
-0.2176785754  
0.04095334736  
0.171803158  
0.2327063619  
0.3456763991  
0.6482949092  
1.239970694  
2.139498255  
3.266999819  
4.456505063  
5.496587289  
6.188111068  
6.402212618  
6.120482083  
5.443473569  
4.562653333  
3.702306421  
3.048343968  
2.686741993  
2.573141463  
2.546263227  
2.383766173  
1.884082649  
0.9470436331  
-0.376146057  
-1.884840765  
-3.28745153  
-4.301096931  
-4.760285923  
-4.695720084  
-4.350637065  
-4.120876644  
-4.430524964  
-5.579095875  
-7.610252645  
-10.24993042  
-12.94307943  
-14.98764551  
-15.73188606  
-14.77726372  
-12.12278135  
-8.201011588  
-3.78769813  
0.1940882629  
2.920056917  
3.888256994  
3.052428389  
0.8244658652  
-2.054242106  
-4.731909897  
-6.487457595  
-6.919331927  
-6.026317828  
-4.160872258  
-1.877449355  
0.2681538853  
1.898657927  
2.914873719  
3.48593462  
3.940847043  
4.60705819  
5.659553894  
7.038628515  
8.467938796  
9.566113218  
10.00938611  
9.682042117  
8.754049301  
7.650389316  
6.915736168  
7.017504643  
8.155664899  
10.14947402  
12.44821581  
14.2721653  
14.84517258  
13.64691475  
10.60247153  
6.14405658  
1.11894253  
-3.433506359  
-6.570371454  
-7.712017115  
-6.805649927  
-4.335815183  
-1.179346729  
1.650004432  
3.289177232  
3.259706643  
1.581031118  
-1.264679722  
-4.498002361  
-7.281573014  
-8.958021749  
-9.216829003  
-8.147128642  
-6.171559935  
-3.892834171  
-1.908151655  
-0.6506117431  
-0.3015909683  
-0.7903536607  
-1.867363915  
-3.215746739  
-4.557892948  
-5.722315655  
-6.655043562  
-7.38229662  
-7.948468464  
-8.359854489  
-8.558616949  
-8.436700749  
-7.881883651  
-6.834972645  
-5.333113988  
-3.520294759  
-1.619593361  
0.1231237309  
1.503426307  
2.407294958  
2.828289248  
2.849143766  
2.597936292  
2.198368389  
1.734924595  
1.246364935  
0.7482080201  
0.2716187526  
-0.1019289206  
-0.2303375298  
0.06409998374  
0.9381008127  
2.457333962  
4.539561755  
6.936361442  
9.267501484  
11.10433805  
12.08037714  
11.99540917  
10.87869514  
8.987850311  
6.739939308  
4.593536942  
2.917422966  
1.887326326  
1.444180503  
1.328017137  
1.177126664  
0.6603445676  
-0.401069588  
-1.962760467  
-3.762235516  
-5.399155932  
-6.465666438  
-6.684502013  
-6.009359438  
-4.65371196  
-3.037105603  
-1.664630286  
-0.9768899179  
-1.217411367  
-2.358889025  
-4.110850048  
-6.005411124  
-7.533444941  
-8.28824665  
-8.072881245  
-6.940306078  
-5.157936358  
-3.112488481  
-1.189077423  
0.3355008792  
1.35278896  
1.921358139  
2.211344908  
2.419954333  
2.691176593  
3.068703307  
3.496519018  
3.862440137  
4.063347813  
4.062908985  
3.916438238  
3.751236729  
3.70936945  
3.875961424  
4.223476038  
4.597935972  
4.757911442  
4.456686862  
3.540133919  
2.024121166  
0.1199777018  
-1.806704593  
-3.335202586  
-4.116308022  
-3.984112718  
-3.013471814  
-1.500893262  
0.1273187751  
1.449953928  
2.182911488  
2.262199576  
1.848191131  
1.249256327  
0.7923436289  
0.6884940547  
0.9446610631  
1.357589762  
1.595777973  
1.342011302  
0.4439020135  
-0.9869719923  
-2.571600535  
-3.76732359  
-4.050956784  
-3.12116685  
-1.047401836  
1.694493647  
4.324543517  
5.976622195  
5.967826522  
4.032373712  
0.4393353934  
-4.052132379  
-8.394446092  
-11.55188287  
-12.80606183  
-11.96826806  
-9.428192426  
-6.021232076  
-2.756219738  
-0.4924361524  
0.32760539  
-0.1988639701  
-1.49617036  
-2.733401995  
-3.131761925  
-2.24933526  
-0.1442070205  
2.641122178  
5.268871268  
6.902701342  
7.007866059  
5.548680758  
3.012459595  
0.2497224282  
-1.814936588  
-2.500668136  
-1.605315989  
0.52579374  
3.122432089  
5.261060729  
6.189953286  
5.592585966  
3.695242547  
1.179571624  
-1.069524425  
-2.290855341  
-2.13077813  
-0.7798093026  
1.090617482  
2.572541968  
2.862256476  
1.575793006  
-1.076797661  
-4.326787191  
-7.087120267  
-8.319874863  
-7.405409747  
-4.383305837  
0.0237180932  
4.618584363  
8.106695239  
9.516747392  
8.52350344  
5.561433355  
1.687348505  
-1.765099009  
-3.625325692  
-3.273514274  
-0.8460531695  
2.810516465  
6.422094031  
8.7118683  
8.825808324  
6.617450235  
2.698436567  
-1.760202006  
-5.408160563  
-7.150449607  
-6.493530344  
-3.691911845  
0.3479741538  
4.369127605  
7.166979051  
7.960579794  
6.613620365  
3.640589761  
0.006279883601  
-3.206041529  
-5.143290755  
-5.434131423  
-4.267697614  
-2.285080223  
-0.3316942802  
0.8385196252  
0.8062338845  
-0.3991322219  
-2.342371795  
-4.356302219  
-5.778714969  
-6.16917089  
-5.436051251  
-3.840229642  
-1.885795572  
-0.1447737027  
0.9203457131  
1.078974479  
0.3677217137  
-0.9600285023  
-2.540318822  
-4.016445895  
-5.12781125  
-5.746859588  
-5.864628507  
-5.544705687  
-4.873532489  
-3.930131953  
-2.784083449  
-1.514246358  
-0.2299633611  
0.9243080416  
1.790622519  
2.240571486  
2.222042454  
1.787180004  
1.085049197  
0.3168958832  
-0.3311144894  
-0.7510930397  
-0.9450865075  
-1.009108878  
-1.072955784  
-1.219186182  
-1.41637847  
-1.499494543  
-1.213612533  
-0.3119453582  
1.325258452  
3.597655373  
6.160048311  
8.486742414  
10.01359146  
10.31534793  
9.258080861  
7.069817794  
4.297158049  
1.654141159  
-0.1917227317  
-0.8265198144  
-0.2193421209  
1.272473509  
3.026948499  
4.369550394  
4.801552535  
4.165391441  
2.689034861  
0.8938318304  
-0.6009276152  
-1.305964065  
-1.03937882  
0.01184471277  
1.36945956  
2.452593129  
2.807451272  
2.291292512  
1.138954052  
-0.117614298  
-0.851973073  
-0.5961892667  
0.7494712597  
2.831990122  
4.925543246  
6.157018072  
5.80427708  
3.564905775  
-0.3008915435  
-5.009222735  
-9.46800841  
-12.60267713  
-13.68636165  
-12.56523501  
-9.703556639  
-6.032972161  
-2.656155526  
-0.5032349226  
-0.05417691036  
-1.216371761  
-3.392710148  
-5.71048274  
-7.328026837  
-7.712356373  
-6.79489792  
-4.957865474  
-2.864448892  
-1.200048852  
-0.4203266266  
-0.5957844658  
-1.404690883  
-2.271079526  
-2.592338098  
-1.970250267  
-0.3607235383  
1.910535179  
4.268730004  
6.099571849  
6.968801328  
6.771036343  
5.755017581  
4.418896084  
3.31700096  
2.851142773  
3.123658241  
3.905081056  
4.726161108  
5.058201905  
4.513983118  
2.995690229  
0.7372806882  
-1.771332099  
-3.947511697  
-5.30503828  
-5.600612218  
-4.887894823  
-3.465830746  
-1.748316844  
-0.1105812214  
1.226394542  
2.230504617  
3.004359366  
3.672153988  
4.262468825  
4.644362031  
4.552314798  
3.6980109  
1.928003838  
-0.6379512822  
-3.55260658  
-6.108662269  
-7.521445981  
-7.174705456  
-4.847823579  
-0.8412837126  
4.05375388  
8.745401231  
12.1391604  
13.45288952  
12.44720443  
9.494245078  
5.459329875  
1.431482419  
-1.610597925  
-3.088647467  
-2.977148964  
-1.770390637  
-0.2793563661  
0.6691387724  
0.5264410792  
-0.7917207876  
-2.889236072  
-5.046555266  
-6.493035546  
-6.697162169  
-5.571321775  
-3.517866324  
-1.298838227  
0.226629669  
0.4067568665  
-0.9622547285  
-3.543874742  
-6.551425195  
-8.993032743  
-9.991100248  
-9.0706538  
-6.321219157  
-2.37893915  
1.764967223  
5.066508323  
6.744017188  
6.50564572  
4.619403828  
1.808427313  
-0.9892843721  
-2.915360212  
-3.44450378  
-2.51898476  
-0.5283908104  
1.849510449  
3.886884002  
5.040881898  
5.109596606  
4.263535487  
2.951280656  
1.719886839  
1.016500185  
1.039849784  
1.689053735  
2.621077816  
3.390149033  
3.615469985  
3.116478814  
1.969079277  
0.4661040523  
-1.000184137  
-2.088566987  
-2.636557933  
-2.718680471  
-2.613836023  
-2.692881363  
-3.265981607  
-4.444227048  
-6.066237815  
-7.719383584  
-8.853737289  
-8.955417878  
-7.724764542  
-5.200884945  
-1.788999444  
1.823894652  
4.844963593  
6.593887635  
6.699666923  
5.216365178  
2.620785909  
-0.31067408  
-2.713109503  
-3.872502781  
-3.424373216  
-1.453461732  
1.535566143  
4.768718194  
7.430864032  
8.904112675  
8.945031326  
7.746739159  
5.866034944  
4.036644984  
2.92527794  
2.906339343  
3.927450589  
5.511791327  
6.901609433  
7.302794842  
6.15648502  
3.35159024  
-0.6933391213  
-5.112821186  
-8.82537071  
-10.84875565  
-10.60588076  
-8.125768448  
-4.072056963  
0.4182014422  
4.044870756  
5.71599168  
4.869900779  
1.649546877  
-3.12716103  
-8.196161323  
-12.2092702  
-14.12154353  
-13.48696249  
-10.57245292  
-6.255945499  
-1.741047765  
1.821799389  
3.688359818  
3.73681472  
2.479480703  
0.8677141679  
-0.04625740891  
0.5193219022  
2.79206219  
6.342470941  
10.19711299  
13.13398757  
14.06769114  
12.40284142  
8.243856313  
2.394355336  
-3.854432957  
-9.081114181  
-12.12775609  
-12.41057048  
-10.05666687  
-5.831868214  
-0.8898464593  
3.573252859  
6.649342852  
7.934854041  
7.575203853  
6.137020667  
4.362886668  
2.897671676  
2.078939409  
1.856734662  
1.860517819  
1.579966604  
0.5891027304  
-1.268439788  
-3.798103196  
-6.50354239  
-8.746277677  
-9.958062154  
-9.831421483  
-8.423185207  
-6.137282246  
-3.595127729  
-1.439678026  
-0.1401479732  
0.1383716101  
-0.4394298102  
-1.460952073  
-2.421509118  
-2.897302235  
-2.676114769  
-1.804352264  
-0.5405928818  
0.7607832356  
1.78892407  
2.386341624  
2.590484263  
2.595518423  
2.653263146  
2.954639337  
3.539433495  
4.270430098  
4.882768831  
5.090104234  
4.706809668  
3.738282916  
2.40225441  
1.068991876  
0.1384909454  
-0.102902472  
0.4055230303  
1.461123563  
2.652392343  
3.491372334  
3.581460826  
2.763829754  
1.190783183  
-0.7025375691  
-2.323156933  
-3.104358096  
-2.690587883  
-1.063235267  
1.43443016  
4.182851621  
6.456731778  
7.628081597  
7.339625395  
5.596869314  
2.753785676  
-0.5988761338  
-3.803956662  
-6.312076532  
-7.8072994  
-8.251136857  
-7.840677366  
-6.904785079  
-5.780318237  
-4.712403105  
-3.809305479  
-3.05897018  
-2.390111408  
-1.744771898  
-1.127341463  
-0.6074534399  
-0.2757518833  
-0.1736618885  
-0.2319798445  
-0.25247667  
0.0486016073  
0.9410708935  
2.556379117  
4.784608614  
7.238340334  
9.31024098  
10.32043812  
9.716890993  
7.268693364  
3.187615683  
-1.8697427  
-6.932283308  
-10.94884006  
-13.06330848  
-12.85052389  
-10.44095952  
-6.493573747  
-2.021057059  
1.8835336  
4.339572072  
4.906023775  
3.678420309  
1.231372549  
-1.570378659  
-3.830470218  
-4.868562483  
-4.384444274  
-2.496301195  
0.3464914972  
3.535410086  
6.49456418  
8.826097181  
10.3651637  
11.13693834  
11.24576619  
10.75153975  
9.591829983  
7.588755067  
4.544367982  
0.390301214  
-4.669123094  
-10.08569367  
-15.01308685  
-18.4756001  
-19.62094775  
-17.98334843  
-13.67113117  
-7.409644388  
-0.4113361551  
5.902007656  
10.25186856  
11.83041995  
10.50646552  
6.847673774  
1.951185334  
-2.867742357  
-6.436698644  
-8.030356293  
-7.530533009  
-5.400525305  
-2.490209575  
0.260020055  
2.119428885  
2.776823262  
2.39829468  
1.522399914  
0.8355559055  
0.9080158375  
1.981063312  
3.876223765  
6.054689948  
7.804210068  
8.488591575  
7.774984251  
5.76275178  
2.971113922  
0.1896352718  
-1.759851217  
-2.273379446  
-1.148105581  
1.35734864  
4.601354418  
7.748491691  
10.00822355  
10.84910598  
10.12595949  
8.087758502  
5.272786278  
2.331635286  
-0.1623493184  
-1.85707777  
-2.681812202  
-2.815410111  
-2.584887428  
-2.336364542  
-2.324360664  
-2.653315181  
-3.282786324  
-4.083618442  
-4.915364062  
-5.690858847  
-6.402732884  
-7.10460543  
-7.859330398  
-8.680284089  
-9.494235071  
-10.14505922  
-10.44026559  
-10.22385995  
-9.446699524  
-8.204349402  
-6.723085829  
-5.293817615  
-4.173956939  
-3.491454779  
-3.187390208  
-3.022393943  
-2.651050822  
-1.744244419  
-0.1206656556  
2.157753086  
4.763074846  
7.166121026  
8.775703296  
9.113916718  
7.975020098  
5.517402057  
2.25629602  
-1.046245055  
-3.566724309  
-4.630312437  
-3.886784243  
-1.402613152  
2.356344131  
6.645636245  
10.63118364  
13.59268298  
15.08556162  
15.01979209  
13.63985838  
11.41933968  
8.907252718  
6.574457309  
4.704249455  
3.354076665  
2.391042019  
1.580705131  
0.6939069531  
-0.4059430393  
-1.722351992  
-3.14068566  
-4.486990526  
-5.604375805  
-6.415917185  
-6.949919833  
-7.318623683  
-7.659686893  
-8.064192711  
-8.520475443  
-8.897662934  
-8.978517532  
-8.532817834  
-7.406987875  
-5.598217653  
-3.28514341  
-0.8008886549  
1.446454277  
3.08262418  
3.871317501  
3.780189731  
2.98714496  
1.824640926  
0.6799901294  
-0.1160376337  
-0.3765193815  
-0.09444297119  
0.5818303466  
1.4222742  
2.209958501  
2.822151765  
3.268661167  
3.674386081  
4.213643816  
5.021836644  
6.118694124  
7.373544338  
8.52795719  
9.269901279  
9.334039427  
8.591982484  
7.098622847  
5.075602162  
2.835509702  
0.6725514843  
-1.240825439  
-2.91221646  
-4.517918717  
-6.321977502  
-8.551440153  
-11.27158787  
-14.30802317  
-17.24884405  
-19.53397211  
-20.60812393  
-20.09036737  
-17.90423019  
-14.32281962  
-9.909662703  
-5.370228788  
-1.35927398  
1.694746758  
3.691405271  
4.853088586  
5.615256493  
6.449963825  
7.683390286  
9.370619114  
11.27145656  
12.93629382  
13.87225259  
13.73107623  
12.45124671  
10.30153076  
7.806970513  
5.579656118  
4.111408527  
3.601091045  
3.87981394  
4.465033184  
4.730290765  
4.13590338  
2.441913816  
-0.1729483995  
-3.133685375  
-5.633656408  
-6.893528724  
-6.432039751  
-4.257995036  
-0.914782549  
2.645609155  
5.327243839  
6.215455855  
4.862268041  
1.441338274  
-3.279349637  
-8.142613412  
-11.92507573  
-13.6810733  
-13.00378031  
-10.1258331  
-5.831815675  
-1.213377447  
2.654385343  
5.014245592  
5.614637963  
4.731212946  
3.02361483  
1.281258854  
0.1456307192  
-0.09875976281  
0.4020448189  
1.153681528  
1.519733491  
0.9793073129  
-0.6532250967  
-3.122589366  
-5.779685854  
-7.769726545  
-8.303486329  
-6.925793025  
-3.694766585  
0.7881062514  
5.511619758  
9.316904323  
11.21335787  
10.65734618  
7.713044792  
3.048993758  
-2.228824153  
-6.860428507  
-9.753033996  
-10.2525879  
-8.294385128  
-4.396970824  
0.4924994545  
5.253579899  
8.876018153  
10.6955369  
10.52359966  
8.64526743  
5.696743699  
2.465715925  
-0.3248413931  
-2.189525445  
-2.967520418  
-2.809285604  
-2.078393207  
-1.20702208  
-0.5535778493  
-0.3056426195  
-0.4534385329  
-0.8344708204  
-1.226815343  
-1.453813156  
-1.461156635  
-1.338597433  
-1.278977163  
-1.489985336  
-2.091656936  
-3.038906813  
-4.101170454  
-4.912534641  
-5.081295352  
-4.325962834  
-2.592667097  
-0.1113991629  
2.634422573  
5.023772928  
6.469648912  
6.596422186  
5.367245774  
3.117851723  
0.4800163681  
-1.788508883  
-3.020528961  
-2.838696298  
-1.276379303  
1.219239732  
3.906306097  
5.95689985  
6.69429713  
5.788440003  
3.351175595  
-0.09685203596  
-3.776724089  
-6.872513011  
-8.755757365  
-9.14592922  
-8.161169477  
-6.248893173  
-4.023712403  
-2.068036347  
-0.7601444486  
-0.1825411662  
-0.1347896391  
-0.2395013462  
-0.09989607117  
0.5477946105  
1.739141187  
3.273360129  
4.790449188  
5.902093729  
6.327302166  
5.984081105  
5.006171137  
3.682155056  
2.342696545  
1.239941452  
0.4649280174  
-0.06652354246  
-0.555409769  
-1.212571749  
-2.145950031  
-3.287824013  
-4.393406432  
-5.115594849  
-5.131609399  
-4.276207607  
-2.631262867  
-0.53480462  
1.500147321  
2.934718975  
3.374008048  
2.700837057  
1.126773918  
-0.85994694  
-2.635991061  
-3.630434032  
-3.498869612  
-2.228603853  
-0.1414968518  
2.20590213  
4.192528268  
5.319065421  
5.352340424  
4.384838598  
2.794578094  
1.122322595  
-0.09218637252  
-0.4633189635  
0.1425973936  
1.588453051  
3.523861492  
5.4932614  
7.056731652  
7.887240346  
7.821516823  
6.860616056  
5.133515251  
2.846129675  
0.2369956602  
-2.448776532  
-4.968689998  
-7.086542924  
-8.584688253  
-9.292956874  
-9.1309539  
-8.148809147  
-6.545639576  
-4.648570556  
-2.847811951  
-1.500582708  
-0.8318615502  
-0.8661815141  
-1.418299273  
-2.152507263  
-2.696368653  
-2.773330986  
-2.308423224  
-1.466958492  
-0.6070808534  
-0.1567303598  
-0.4538190484  
-1.60470272  
-3.413680393  
-5.414713318  
-7.002343942  
-7.62342154  
-6.9671254  
-5.087217308  
-2.409855377  
0.3828928286  
2.561592565  
3.584576973  
3.282019207  
1.925061072  
0.1523060516  
-1.227222644  
-1.493476131  
-0.2533756866  
2.421394663  
6.004013281  
9.668786871  
12.54456563  
13.98311655  
13.75465352  
12.10644855  
9.66591203  
7.221395217  
5.454832236  
4.716320601  
4.916286302  
5.570922206  
5.984464318  
5.505538751  
3.769638992  
0.8447278548  
-2.770150432  
-6.293439023  
-8.907202668  
-10.01851487  
-9.448933537  
-7.489669299  
-4.805494526  
-2.221144335  
-0.4625438219  
0.06118242984  
-0.6353775393  
-2.149340507  
-3.849743416  
-5.103467192  
-5.487441165  
-4.915228347  
-3.638204249  
-2.126640108  
-0.8781489676  
-0.2252687633  
-0.212633156  
-0.5875472658  
-0.9061861732  
-0.715480398  
0.2566749323  
1.973457449  
4.072049285  
5.966678313  
7.038258576  
6.845935978  
5.287362322  
2.651394851  
-0.4565122063  
-3.292620691  
-5.198251794  
-5.794530766  
-5.08529217  
-3.436517888  
-1.442535983  
0.273252465  
1.254940068  
1.343054934  
0.6963114901  
-0.2953838283  
-1.170910577  
-1.571539405  
-1.366630822  
-0.6894191558  
0.1257046114  
0.6774962474  
0.6523431708  
-0.05799398368  
-1.317014951  
-2.79441184  
-4.085927662  
-4.856231912  
-4.951691198  
-4.442472549  
-3.580560242  
-2.692013187  
-2.045997774  
-1.751287095  
-1.719686674  
-1.709969236  
-1.434710093  
-0.6879876787  
0.55671545  
2.118275021  
3.663054933  
4.824779058  
5.344709582  
5.177725813  
4.520662485  
3.746958972  
3.266903038  
3.362488709  
4.058833998  
5.084699354  
5.945031754  
6.088645317  
5.117709386  
2.96622146  
-0.02012677735  
-3.140875532  
-5.527881665  
-6.410621075  
-5.377359511  
-2.545492914  
1.42136343  
5.465768431  
8.420985594  
9.346540023  
7.814241702  
4.05595555  
-1.075649284  
-6.32613793  
-10.37644918  
-12.20048179  
-11.33928734  
-8.013530908  
-3.044843183  
2.386295449  
7.070915474  
10.09152227  
11.03988338  
10.07539225  
7.81693626  
5.111473108  
2.756933741  
1.266250957  
0.7412456946  
0.8870427938  
1.152387089  
0.9431033156  
-0.163356195  
-2.270224563  
-5.123372269  
-8.188879147  
-10.81582327  
-12.42933276  
-12.69304885  
-11.59353331  
-9.426237408  
-6.694101493  
-3.95554582  
-1.671011921  
-0.09356538924  
0.7681630947  
1.110949421  
1.241432478  
1.458986773  
1.955068664  
2.758381573  
3.73823378  
4.65951088  
5.267435271  
5.373293022  
4.914668014  
3.973802506  
2.751677063  
1.508662416  
0.4913070148  
-0.1330039328  
-0.3160328637  
-0.1344728979  
0.2372579163  
0.5774656242  
0.6762600081  
0.3881819048  
-0.3333974882  
-1.426118016  
-2.732597549  
-4.033221106  
-5.089409995  
-5.688256071  
-5.680565305  
-5.006672962  
-3.707074678  
-1.917393171  
0.1509021254  
2.241179709  
4.089863877  
5.467359607  
6.215997034  
6.278767234  
5.712632598  
4.681560762  
3.42718089  
2.219329377  
1.294047412  
0.7915121779  
0.7095037745  
0.8876087958  
1.032562377  
0.7860797644  
-0.1751193689  
-2.028814141  
-4.715575549  
-7.895697467  
-10.97646232  
-13.21531195  
-13.88378864  
-12.45717628  
-8.781959808  
-3.17220229  
3.600730033  
10.43560396  
16.12496579  
19.62527564  
20.30632982  
18.11285555  
13.5905721  
7.763381409  
1.888765734  
-2.846739223  
-5.611479597  
-6.115455536  
-4.649596686  
-1.96865096  
0.9463878036  
3.175877655  
4.114890312  
3.619624752  
2.007660459  
-0.08201581484  
-1.920309332  
-2.934656592  
-2.892091551  
-1.962005374  
-0.6418264319  
0.4263629014  
0.6850819517  
-0.1406812244  
-1.942936776  
-4.260573512  
-6.429177311  
-7.800668456  
-7.959670524  
-6.864865502  
-4.868533598  
-2.607515813  
-0.800953263  
-0.02019173259  
-0.5048545556  
-2.08359003  
-4.22391049  
-6.194295536  
-7.286696337  
-7.029896555  
-5.328945428  
-2.490733079  
0.8679315632  
3.997709965  
6.223616155  
7.120110394  
6.606796639  
4.944140817  
2.639503823  
0.2985201987  
-1.531575426  
-2.483805333  
-2.431551035  
-1.481537018  
0.08621917733  
1.905760458  
3.612733503  
4.911974055  
5.616364655  
5.658461177  
5.082423479  
4.024181838  
2.684580319  
1.296435305  
0.08517973775  
-0.774701048  
-1.200238639  
-1.225663911  
-1.00073828  
-0.7545441736  
-0.7283903962  
-1.094145149  
-1.883812327  
-2.957550584  
-4.028405403  
-4.744227499  
-4.806269206  
-4.087139913  
-2.705453284  
-1.023999498  
0.4387765099  
1.164635402  
0.8132415728  
-0.6368183158  
-2.836125939  
-5.129013519  
-6.725358453  
-6.933486781  
-5.383964991  
-2.171756062  
2.134223578  
6.625299961  
10.2966919  
12.32991733  
12.32841563  
10.43313186  
7.280916987  
3.817260564  
1.020431862  
-0.3785339141  
-0.09497163242  
1.649492083  
4.219755563  
6.778140435  
8.543011328  
9.012802539  
8.088341146  
6.062566562  
3.491257974  
0.9960013363  
-0.9311002761  
-2.057645287  
-2.439947745  
-2.352481619  
-2.153671899  
-2.143155456  
-2.463310982  
-3.076560914  
-3.818204229  
-4.49509683  
-4.984256045  
-5.288339953  
-5.525180294  
-5.85757536  
-6.395818535  
-7.118155477  
-7.848235202  
-8.305720096  
-8.215410033  
-7.43352481  
-6.038456328  
-4.342489209  
-2.808649069  
-1.893202835  
-1.865936781  
-2.674815859  
-3.912080897  
-4.907274192  
-4.928924921  
-3.43582928  
-0.2958839987  
4.105664586  
8.915376889  
13.015919  
15.33188764  
15.14741511  
12.33739875  
7.437190227  
1.523486769  
-4.063314691  
-8.075986262  
-9.69265699  
-8.727920416  
-5.663598284  
-1.494661256  
2.559505105  
5.390429122  
6.284942982  
5.081470975  
2.163679318  
-1.692722632  
-5.562506591  
-8.624387144  
-10.35214964  
-10.59729347  
-9.555556125  
-7.646027181  
-5.354103915  
-3.092338022  
-1.117871371  
0.4811653462  
1.74406282  
2.771457452  
3.667664296  
4.512940549  
5.36824664  
6.297345273  
7.382214146  
8.711546609  
10.33669733  
12.20851147  
14.12364249  
15.71270237  
16.4924059  
15.98199681  
13.85827128  
10.10335803  
5.092799509  
-0.4167511406  
-5.413994822  
-8.852472668  
-9.910489747  
-8.221439355  
-4.007310164  
1.928265896  
8.353582724  
13.87444885  
17.24563694  
17.64890804  
14.86752069  
9.315773611  
1.92140607  
-6.102645566  
-13.53398701  
