-4.546030864  
-5.234571515  
-4.607537308  
-2.771821978  
-0.2397995979  
2.215971265  
3.797074035  
3.926494998  
2.428936973  
-0.412979722  
-3.942682511  
-7.324456588  
-9.785148222  
-10.8261643  
-10.34189312  
-8.613546726  
-6.188811927  
-3.693498347  
-1.640113003  
-0.2944529865  
0.3622744575  
0.5728537933  
0.675109043  
0.9552951198  
1.53643355  
2.337984839  
3.11565523  
3.561485796  
3.42460816  
2.608459625  
1.211428227  
-0.5001457518  
-2.173445159  
-3.474020114  
-4.177232688  
-4.217253932  
-3.681728443  
-2.760287923  
-1.670236748  
-0.588167294  
0.3893599012  
1.246553028  
2.016780783  
2.736778076  
3.408372918  
3.984048495  
4.381021714  
4.515653644  
4.341375511  
3.872120143  
3.179955996  
2.3670776  
1.523838983  
0.6911955162  
-0.1550879622  
-1.089488259  
-2.194591827  
-3.507056531  
-4.973107073  
-6.432936797  
-7.643719238  
-8.33698417  
-8.293188824  
-7.409273683  
-5.736400412  
-3.474760943  
-0.9266382552  
1.577310513  
3.755079611  
5.430152343  
6.552563582  
7.181600657  
7.440481921  
7.461808265  
7.34350501  
7.128634621  
6.811813864  
6.364258349  
5.763160967  
5.011265487  
4.138841472  
3.189617369  
2.200485679  
1.188041569  
0.151828936  
-0.9044079493  
-1.942293273  
-2.865166724  
-3.517609618  
-3.717183713  
-3.3145106  
-2.264030378  
-0.6790606065  
1.154794362  
2.82288317  
3.877887346  
3.965794318  
2.943728136  
0.9493863771  
-1.606837327  
-4.13329606  
-6.011532372  
-6.770748613  
-6.229645602  
-4.559873132  
-2.247624723  
0.03904062239  
1.639795228  
2.092255956  
1.265176068  
-0.6060485833  
-2.992143841  
-5.227954397  
-6.70640095  
-7.04877416  
-6.200489626  
-4.426259856  
-2.211165896  
-0.1035287814  
1.447764245  
2.209982907  
2.203828867  
1.656174376  
0.8917823098  
0.206798508  
-0.2297646067  
-0.4132725716  
-0.4704729369  
-0.5738906004  
-0.8407213114  
-1.258495016  
-1.669183218  
-1.820822571  
-1.469433292  
-0.4936104517  
1.022779982  
2.775190116  
4.303109299  
5.119674143  
4.86694586  
3.446303172  
1.0788788  
-1.72813476  
-4.303988738  
-5.991825174  
-6.32910404  
-5.177351332  
-2.762688169  
0.3841939569  
3.569729179  
6.118180792  
7.538787369  
7.633321131  
6.518342817  
4.563370051  
2.270849458  
0.138555045  
-1.454268618  
-2.308144408  
-2.403640206  
-1.853269509  
-0.8318596244  
0.4847072477  
1.950756334  
3.44625375  
4.847409038  
5.994737298  
6.682376936  
6.683513144  
5.810900543  
3.994718323  
1.348967475  
-1.803136196  
-4.963655758  
-7.554481563  
-9.051269181  
-9.120497282  
-7.718745651  
-5.121692168  
-1.869743541  
1.358285701  
3.910124842  
5.318114637  
5.406356055  
4.317802823  
2.455826948  
0.3599182053  
-1.446238899  
-2.589444975  
-2.926983129  
-2.553026144  
-1.736146833  
-0.8134984504  
-0.07893543677  
0.2987530318  
0.3040770168  
0.04605464244  
-0.3111053732  
-0.6280846447  
-0.8494038171  
-1.018715084  
-1.245446989  
-1.636946298  
-2.224295097  
-2.913612142  
-3.486471646  
-3.655639916  
-3.161617484  
-1.878747337  
0.1069279535  
2.479554749  
4.748792447  
6.368569358  
6.887320425  
6.085074298  
4.053887904  
1.193378561  
-1.881981901  
-4.500115796  
-6.109067369  
-6.423766515  
-5.498823778  
-3.706053011  
-1.62376123  
0.1289456162  
1.063780668  
0.9509511008  
-0.1323538733  
-1.843052363  
-3.685840843  
-5.161385203  
-5.902529283  
-5.758710748  
-4.807527707  
-3.297089892  
-1.544767192  
0.1697373339  
1.680173744  
2.955240327  
4.063659661  
5.101479879  
6.113651397  
7.04308851  
7.72939416  
7.960031762  
7.55616653  
6.460991144  
4.795555614  
2.857013812  
1.053743858  
-0.2058063342  
-0.6363261055  
-0.1703471292  
1.008560498  
2.508131856  
3.83495664  
4.535294743  
4.325693067  
3.172620071  
1.296291638  
-0.9017816484  
-2.96350614  
-4.51057973  
-5.34868956  
-5.507041236  
-5.202577507  
-4.743571428  
-4.407229683  
-4.334216574  
-4.476582007  
-4.616888453  
-4.451634025  
-3.709845776  
-2.265380158  
-0.2033643695  
2.183502145  
4.469314804  
6.216562628  
7.105280759  
7.027144313  
6.113274835  
4.686428295  
3.153364343  
1.873050409  
1.04443197  
0.6509190083  
0.4798233108  
0.2099306264  
-0.4623994052  
-1.70120755  
-3.454436349  
-5.44959989  
-7.264501613  
-8.451267552  
-8.674293662  
-7.818041133  
-6.030078107  
-3.685494448  
-1.283806882  
0.6894570725  
-1.380582508  
-3.138426304  
-3.755373305  
-3.191542205  
-1.712119353  
0.2188857577  
2.097817476  
3.534522245  
4.346800923  
4.568803171  
4.380160311  
3.99237563  
3.543096149  
3.042471597  
2.391873677  
1.463707106  
0.2045144222  
-1.287240846  
-2.747998451  
-3.813845563  
-4.143897271  
-3.556920932  
-2.126654033  
-0.1934456294  
1.72041688  
3.06815299  
3.455921892  
2.776897395  
1.251414437  
-0.6452408046  
-2.345375267  
-3.386160015  
-3.571546351  
-3.039690417  
-2.20951438  
-1.623355897  
-1.740890459  
-2.758536645  
-4.521023606  
-6.559872382  
-8.248285415  
-9.019501132  
-8.571520479  
-6.984174519  
-4.704423145  
-2.401956754  
-0.7435875329  
-0.1647365429  
-0.718725606  
-2.058345308  
-3.558125319  
-4.536067859  
-4.49784723  
-3.317378608  
-1.288819582  
0.9707772336  
2.736820322  
3.437515958  
2.869128978  
1.290181359  
-0.6412519867  
-2.070161921  
-2.222755057  
-0.6697223295  
2.511683586  
6.730544715  
11.0339501  
14.3706766  
15.88546583  
15.15461548  
12.29431844  
7.914595575  
2.939814421  
-1.644377141  
-5.039814078  
-6.809925316  
-6.937389842  
-5.76255709  
-3.835871678  
-1.739261494  
0.06660315611  
1.328741016  
2.008663568  
2.223938401  
2.157569249  
1.972830841  
1.761950138  
1.539186135  
1.270131954  
0.9164957139  
0.4731691358  
-0.01838677417  
-0.4835614034  
-0.8454128758  
-1.056446299  
-1.115821623  
-1.064207893  
-0.959408339  
-0.844806663  
-0.7259397755  
-0.5667658731  
-0.3082334871  
0.09841055633  
0.6581173164  
1.313618047  
1.951540939  
2.432500112  
2.634555352  
2.493698499  
2.025782954  
1.321530846  
0.5167997459  
-0.2501134136  
-0.8776325077  
-1.322245741  
-1.595765036  
-1.742779762  
-1.810995267  
-1.829742589  
-1.807457345  
-1.749107685  
-1.683668754  
-1.684751881  
-1.868106062  
-2.358414813  
-3.231852536  
-4.454493343  
-5.844003725  
-7.078769363  
-7.76447243  
-7.547212318  
-6.241820632  
-3.932091377  
-1.002099393  
1.92458738  
4.132398881  
5.012229068  
4.253376431  
1.966938808  
-1.305635419  
-4.712485818  
-7.313578166  
-8.344625011  
-7.444748793  
-4.776562251  
-0.9968652105  
2.919540219  
5.955124077  
7.344087382  
6.797974857  
4.593354746  
1.493305101  
-1.47535826  
-3.323117434  
-3.386946054  
-1.521138459  
1.866645039  
5.943054947  
9.699592226  
12.24828137  
13.07225948  
12.15663859  
9.963271513  
7.261984208  
4.874901037  
3.416071251  
3.108081974  
3.731206962  
4.717715117  
5.357723265  
5.048279722  
3.504583764  
0.8653698526  
-2.341159212  
-5.359814404  
-7.447478154  
-8.112628825  
-7.279024281  
-5.320868217  
-2.956934558  
-1.035052817  
-0.2726395417  
-1.032913863  
-3.205900581  
-6.231595573  
-9.259480201  
-11.39718372  
-11.97408842  
-10.7411081  
-7.947218676  
-4.270286253  
-0.6233252929  
2.10590454  
3.305009358  
2.804037051  
0.9126746289  
-1.67995985  
-4.109731162  
-5.583317014  
-5.592752115  
-4.038345273  
-1.229682895  
2.227618576  
5.617991615  
8.314225212  
9.928163254  
10.37356428  
9.831976463  
8.644518548  
7.17451445  
5.69135328  
4.313438973  
3.023156888  
1.7385098  
0.4051741213  
-0.9336377957  
-2.121493439  
-2.936063941  
-3.181406276  
-2.786849225  
-1.868762333  
-0.723481243  
0.2546736314  
0.7063756719  
0.4444115904  
-0.4584642967  
-1.670747781  
-2.702210642  
-3.075862166  
-2.515154729  
-1.0781087  
0.8173250556  
2.498371154  
3.249605552  
2.56813186  
0.3760551501  
-2.888788186  
-6.348117887  
-8.915969775  
-9.626270422  
-7.955636009  
-4.035595552  
1.323005907  
6.814915438  
10.990247  
12.66962607  
11.29973171  
7.137575456  
1.201296249  
-5.004120032  
-9.9080118  
-12.31721569  
-11.74813641  
-8.547864897  
-3.76917183  
1.160107183  
4.869953921  
6.449834823  
5.697568601  
3.143450602  
-0.1509698933  
-2.950098463  
-4.241516613  
-3.548353724  
-1.062424944  
2.436844027  
5.844446024  
8.084123137  
8.441022881  
6.770419875  
3.523581498  
-0.4082171435  
-3.973942413  
-6.274328125  
-6.807639362  
-5.579463533  
-3.05363363  
0.02726603096  
2.884780188  
4.929559113  
5.900091204  
5.880872665  
5.208012797  
4.306402077  
3.520975034  
3.000649754  
2.670125645  
2.29138507  
1.585394099  
0.3655468247  
-1.366542915  
-3.396314135  
-5.349638434  
-6.804294685  
-7.420849311  
-7.049557806  
-5.779825605  
-3.918740214  
-1.908072596  
-0.2071914283  
0.8226502787  
1.000773643  
0.3571617798  
-0.8921123873  
-2.411082561  
-3.829438453  
-4.823716191  
-5.17585526  
-4.800258455  
-3.740162226  
-2.141174899  
-0.2128503848  
1.811573093  
3.710156062  
5.298340744  
6.445207316  
7.080318205  
7.192128716  
6.819137814  
6.035651808  
4.935010023  
3.613948484  
2.16176706  
0.6566213237  
-0.8312281002  
-2.232081991  
-3.470095902  
-4.461884181  
-5.122947813  
-5.380945177  
-5.191449598  
-4.550085235  
-3.495911724  
-2.104384623  
-0.4727745505  
1.295449098  
3.099971705  
4.842332102  
6.415179862  
7.689512682  
8.510924001  
8.71474777  
8.163503494  
6.799818248  
4.6981666  
2.093372636  
-0.6335556011  
-3.020424772  
-4.630693328  
-5.175676621  
-4.614563176  
-3.195166835  
-1.412379411  
0.1144154505  
0.8162482212  
0.3518045816  
-1.269733921  
-3.665271837  
-6.170599445  
-8.029638916  
-8.627025854  
-7.692487031  
-5.40939302  
-2.38637107  
0.5072189812  
2.397076349  
2.67423924  
1.194837578  
-1.656671486  
-5.065349799  
-8.018544375  
-9.603572854  
-9.278244266  
-7.02939266  
-3.369734673  
0.8252061204  
4.58694027  
7.143432335  
8.135440993  
7.692255319  
6.34655079  
4.821715031  
3.766880039  
3.531033181  
4.05265277  
4.900515018  
5.448830273  
5.123602363  
3.632900906  
1.099765247  
-1.949579513  
-4.739442773  
-6.488752653  
-6.662999113  
-5.149256328  
-2.29595223  
1.194632623  
4.483572128  
6.848471148  
7.888511964  
7.615793912  
6.4077497  
4.843402135  
3.484984598  
2.682784239  
2.469920578  
2.579583572  
2.572788693  
2.025704443  
0.7058683296  
-1.327361583  
-3.733598334  
-6.007621256  
-7.656581627  
-8.372082746  
-8.133462635  
-7.204387725  
-6.024295044  
-5.034936794  
-4.506471469  
-4.428200028  
-4.50619911  
-4.271618891  
-3.263267901  
-1.220401527  
1.783622209  
5.317021133  
8.687880337  
11.13643246  
12.06031468  
11.20000456  
8.724351935  
5.188900142  
1.380989633  
-1.898342132  
-4.047101092  
-4.80545982  
-4.290303767  
-2.918812582  
-1.254161958  
0.1714055468  
0.9985237262  
1.107259706  
0.5974160585  
-0.2975697945  
-1.32228694  
-2.291333732  
-3.12923121  
-3.849920733  
-4.49329443  
-5.053451879  
-5.435904842  
-5.467776347  
-4.96181003  
-3.810706088  
-2.072710959  
-0.008893732185  
1.952069646  
3.319789823  
3.689654201  
2.884390237  
1.039892507  
-1.399268045  
-3.780948893  
-5.417627368  
-5.77961348  
-4.650471781  
-2.196216595  
1.073983545  
4.444270278  
7.184520495  
8.741025365  
8.869689458  
7.675486178  
5.552109903  
3.046595692  
0.6951491833  
-1.117938588  
-2.23760956  
-2.734526732  
-2.830973661  
-2.788448314  
-2.798925348  
-2.916652586  
-3.050317771  
-3.012913592  
-2.606764158  
-1.710555159  
-0.3367998112  
1.359355321  
3.120899191  
4.662929577  
5.753165631  
6.271894388  
6.233356976  
5.7649688  
5.055344664  
4.291362565  
3.605918244  
3.051717108  
2.605425609  
2.19535389  
1.738590108  
1.172520846  
0.470619813  
-0.3593827892  
-1.288907519  
-2.283312944  
-3.308756141  
-4.327322054  
-5.283755909  
-6.092850852  
-6.637872034  
-6.786648172  
-6.424531616  
-5.495183389  
-4.034794022  
-2.185394571  
-0.1787545048  
1.707880198  
3.212617971  
4.148160453  
4.44076451  
4.136594383  
3.374080112  
2.332539682  
1.175497323  
0.008549576998  
-1.134044009  
-2.270900032  
-3.432028979  
-4.611921342  
-5.736850869  
-6.660619492  
-7.192265257  
-7.147148698  
-6.403963686  
-4.948054437  
-2.886415805  
-0.4301940295  
2.147974673  
4.566293299  
6.578592015  
7.999678698  
8.709179407  
8.641821135  
7.777751259  
6.145095923  
3.838710465  
1.04747952  
-1.927191549  
-4.681717248  
-6.762755671  
-7.759725673  
-7.417169266  
-5.732293003  
-2.999620128  
0.2246652216  
3.24282604  
5.395282873  
6.250351238  
5.7436813  
4.21606957  
2.326358689  
0.8555665796  
0.4565462283  
1.427005319  
3.582981624  
6.282907944  
8.60618915  
9.638955012  
8.780364437  
5.969741186  
1.754153466  
-2.836574289  
-6.57922268  
-8.427137444  
-7.846214376  
-5.007412875  
-0.7676674526  
3.563761929  
6.607628465  
7.33016434  
5.362235315  
1.120366091  
-4.31114844  
-9.50261958  
-13.10629709  
-14.25549525  
-12.8114074  
-9.382580571  
-5.114973594  
-1.323687876  
0.9134241922  
1.070748806  
-0.697949235  
-3.652680775  
-6.74019267  
-8.948813623  
-9.624347018  
-8.644731025  
-6.403738998  
-3.621793552  
-1.061004304  
0.7484575098  
1.672475589  
1.973268906  
2.153903315  
2.71319903  
3.909980444  
5.631176937  
7.418328976  
8.646228202  
8.78789251  
7.664106473  
5.576959049  
3.265759909  
1.687276646  
1.687766505  
3.678420482  
7.431610189  
12.07957236  
16.33097792  
18.84632655  
18.65609799  
15.48605955  
9.879791164  
3.071684028  
-3.356186804  
-7.929557079  
-9.708701671  
-8.553716766  
-5.147097287  
-0.769597959  
3.096747102  
5.211807016  
4.928956284  
2.350533427  
-1.751673152  
-6.214155891  
-9.860043593  
-11.85403204  
-11.92449188  
-10.39269217  
-8.014830434  
-5.702353518  
-4.220354534  
-3.962730268  
-4.869296951  
-6.497235981  
-8.206841308  
-9.387054023  
-9.640544284  
-8.870730758  
-7.253986168  
-5.123412246  
-2.820104489  
-0.5740629608  
1.540980939  
3.568228037  
5.569146915  
7.514621459  
9.218502799  
10.34809796  
10.51445675  
9.4120386  
6.955768734  
3.361547221  
-0.8650232054  
-5.034754317  
-8.444912034  
-10.55910982  
-11.13894124  
-10.28556902  
-8.380301002  
-5.947200444  
-3.4861338  
-1.332570756  
0.4111706472  
1.85511841  
3.224795595  
4.727511253  
6.431933978  
8.204445813  
9.724571135  
10.57408325  
10.36991629  
8.897642208  
6.20363659  
2.618392165  
-1.295006433  
-4.852083491  
-7.388200298  
-8.395763798  
-7.628315939  
-5.153229417  
-1.347055004  
3.162489805  
7.597369422  
11.15881913  
13.16881245  
13.2033276  
11.1940077  
7.473646535  
2.7452146  
-2.033778986  
-5.840490906  
-7.815785196  
-7.480754753  
-4.881344393  
-0.6119390358  
4.303564975  
8.655387764  
11.35883845  
11.74854553  
9.76859148  
5.99544015  
1.477091115  
-2.57213145  
-5.134258849  
-5.697869389  
-4.416908716  
-2.062762797  
0.2220442808  
1.296075546  
0.4014083516  
-2.566854965  
-6.994623998  
-11.71394512  
-15.35269695  
-16.76144241  
-15.38248544  
-11.44198926  
-5.900863825  
-0.1766280169  
4.277939407  
6.407061224  
5.858899789  
3.071020755  
-0.8905440685  
-4.684444868  
-7.124071405  
-7.545828572  
-5.998851889  
-3.1987836  
-0.2655904057  
1.66501867  
1.827609222  
0.08472345146  
-3.025451031  
-6.463547016  
-9.025611142  
-9.730746721  
-8.134747443  
-4.471228548  
0.4208442393  
5.355487472  
9.158461841  
11.0124195  
10.68282181  
8.560391038  
5.515223053  
2.615801537  
0.8044679013  
0.628802099  
2.105172303  
4.745783925  
7.729369315  
10.15464177  
11.2963966  
10.79087071  
8.704933114  
5.482273233  
1.795890285  
-1.640750584  
-4.247086464  
-5.689421763  
-5.915445043  
-5.115013398  
-3.632376026  
-1.863131799  
-0.1656712844  
1.194915689  
2.066861223  
2.403648543  
2.241300725  
1.673453148  
0.8312177246  
-0.1315615617  
-1.051381683  
-1.770775813  
-2.158257953  
-2.129944304  
-1.667036092  
-0.8227549103  
0.285207653  
1.496128921  
2.636379657  
3.550244688  
4.123687223  
4.296177518  
4.06021211  
3.45210118  
2.53967372  
1.411834691  
0.172255114  
-1.064136592  
-2.175604845  
-3.043171012  
-3.567291763  
-3.689971247  
-3.416803752  
-2.831226533  
-2.093636534  
-1.421248099  
-1.049629534  
-1.182342165  
-1.939308215  
-3.316259133  
-5.166301136  
-7.210653112  
-9.07976396  
-10.37948653  
-10.77105679  
-10.04931861  
-8.20194488  
-5.434002947  
-2.147458974  
1.12614339  
3.830821392  
5.509163612  
5.915384011  
5.088325454  
3.36016652  
1.290306262  
-0.4667658215  
-1.330762131  
-0.9585361697  
0.646565464  
3.115957745  
5.801749405  
7.951158327  
8.92458708  
8.39473135  
6.464367699  
3.660458852  
0.7975663547  
-1.256009988  
-1.842864666  
-0.7313681338  
1.788971391  
4.967615252  
7.797240389  
9.304795658  
8.842420822  
6.288397272  
2.094319834  
-2.838113345  
-7.413673904  
-10.65402414  
-11.96543989  
-11.28160268  
-9.040562861  
-6.009614816  
-3.021267487  
-0.7112605505  
0.6542198858  
1.208324659  
1.368255375  
1.624148971  
2.314650515  
3.474559446  
4.812018508  
5.823542801  
6.002932541  
5.063839706  
3.088803088  
0.5432197744  
-1.858175296  
-3.389636567  
-3.573961005  
-2.36839552  
-0.2052555873  
2.134301416  
3.775315924  
4.047280539  
2.721852845  
0.1047372801  
-3.054111265  
-5.804747932  
-7.313884793  
-7.145310078  
-5.406680312  
-2.711068444  
0.03403973363  
1.937346282  
2.426026784  
1.434788432  
-0.5833399783  
-2.826734351  
-4.434241838  
-4.79080046  
-3.741755008  
-1.64111887  
0.7815907001  
2.686932929  
3.428083445  
2.782717145  
1.032804225  
-1.134317531  
-2.866676412  
-3.443768551  
-2.523528499  
-0.2550615015  
2.778717434  
5.76355822  
7.926002284  
8.777717459  
8.248090226  
6.66458253  
4.596918687  
2.6299878  
1.153514514  
0.2462140086  
-0.3068371505  
-0.8774954121  
-1.7981133  
-3.186881262  
-4.866353834  
-6.408852198  
-7.291871712  
-7.102773513  
-5.711931026  
-3.344915765  
-0.5229200677  
2.108332294  
3.997180915  
4.868729905  
4.801067521  
4.164927565  
3.449812944  
3.044704033  
3.061194994  
3.272670712  
3.199680314  
2.314837771  
0.2917731274  
-2.799051396  
-6.430164854  
-9.728217407  
-11.7293722  
-11.69640223  
-9.387314183  
-5.177000251  
0.01869817647  
4.999307467  
8.635414661  
10.20606366  
9.60434761  
7.34185437  
4.351677038  
1.659233841  
0.03559873104  
-0.246924751  
0.5255869119  
1.650354261  
2.295871748  
1.829959997  
0.06877105073  
-2.642556509  
-5.545315036  
-7.735604793  
-8.487874417  
-7.516867063  
-5.08448824  
-1.914633114  
1.05183788  
2.973275634  
3.382107427  
2.323036763  
0.3103094683  
-1.874333162  
-3.465010244  
-3.971749673  
-3.32504111  
-1.858573302  
-0.1455186085  
1.242140423  
1.955316375  
1.98526276  
1.634686664  
1.359089946  
1.546401813  
2.327351075  
3.49682992  
4.582220777  
5.035418199  
4.473859895  
2.872722788  
0.6253882702  
-1.562527472  
-2.916091205  
-2.88575083  
-1.382966272  
1.138509942  
3.798424134  
5.574145802  
5.659901178  
3.77471672  
0.3041769879  
-3.784860982  
-7.239121436  
-8.930262696  
-8.24438343  
-5.3132866  
-1.001134784  
3.357820757  
6.389010674  
7.133449795  
5.375899282  
1.731566441  
-2.542608412  
-5.953436259  
-7.261243045  
-5.891702684  
-2.132312555  
2.952716215  
7.861847869  
11.13820079  
11.83553869  
9.815838413  
5.782614536  
1.042045917  
-2.926836159  
-4.950369011  
-4.531148751  
-1.993743153  
1.636959512  
4.979515446  
6.746223885  
6.15352437  
3.163467366  
-1.514571615  
-6.654226687  
-10.89404718  
-13.1466482  
-12.90835578  
-10.38010403  
-6.373612497  
-2.044104503  
1.459176334  
3.31530749  
3.234313934  
1.491165896  
-1.203287284  
-3.941353849  
-5.887779711  
-6.499672417  
-5.641218288  
-3.574501177  
-0.8453740868  
1.889959068  
4.042572342  
5.225332147  
5.316687607  
4.449783702  
2.94293103  
1.198911029  
-0.3975875374  
-1.56095081  
-2.150372694  
-2.176783113  
-1.775532681  
-1.154832333  
-0.5329706669  
-0.07854789489  
0.1325831614  
0.1328210777  
0.04550755837  
0.03789001026  
0.2566159926  
0.7654963141  
1.507626203  
2.308981628  
2.928466933  
3.143162494  
2.842433144  
2.096774576  
1.170848256  
0.4657829382  
0.3994013678  
1.257076661  
3.06148345  
5.509861171  
8.010470983  
9.819718258  
10.24737556  
8.87090089  
5.691161018  
1.175187194  
-3.835724655  
-8.332351635  
-11.40052623  
-12.46269779  
-11.42459978  
-8.682476901  
-4.990178568  
-1.230113164  
1.837867343  
3.770137281  
4.51740456  
4.369742871  
3.796878408  
3.246917878  
2.97863615  
2.987024908  
3.045161906  
2.840696447  
2.149027939  
0.9708224795  
-0.4253877331  
-1.578804182  
-2.007424912  
-1.412920234  
0.1595429767  
2.273619513  
4.195877612  
5.110975931  
4.391613339  
1.832944594  
-2.232083448  
-6.983524192  
-11.32424403  
-14.18784412  
-14.8491853  
-13.13864521  
-9.491010006  
-4.812891714  
-0.2113154846  
3.329377219  
5.219533133  
5.400958215  
4.310393798  
2.689399622  
1.310298946  
0.7131190314  
1.041174111  
2.026264419  
3.121455714  
3.728766502  
3.437712581  
2.189314894  
0.3081413247  
-1.607613068  
-2.898110034  
-3.080712639  
-2.031675707  
-0.04685029008  
2.240687329  
4.059444405  
4.748937852  
3.977452834  
1.856859751  
-1.082367269  
-4.04708611  
-6.217782301  
-6.990330189  
-6.148745257  
-3.918435413  
-0.8883832858  
2.16858292  
4.518708798  
5.66498291  
5.463083131  
4.127613649  
2.135712096  
0.06531036984  
-1.578152097  
-2.494049874  
-2.642431631  
-2.214279368  
-1.533771896  
-0.9292373142  
-0.6158592935  
-0.6262027161  
-0.8074343871  
-0.8827823222  
-0.5556238949  
0.3770985034  
1.937179573  
3.930060273  
5.974277174  
7.589494719  
8.321112459  
7.868989109  
6.18542649  
3.513981167  
0.3543637801  
-2.64281774  
-4.829126441  
-5.722363006  
-5.138901803  
-3.256471554  
-0.5853222419  
2.151028778  
4.198979264  
4.97546065  
4.231040805  
2.127363276  
-0.7976131835  
-3.772023704  
-6.003596089  
-6.904637354  
-6.262515588  
-4.303257317  
-1.626186128  
0.9737035824  
2.74390813  
3.201118844  
2.2763204  
0.3322005689  
-1.953765625  
-3.80473888  
-4.590844495  
-4.028227999  
-2.267263596  
0.1582500241  
2.504260257  
4.055626624  
4.353656446  
3.338529323  
1.361509959  
-0.9350335796  
-2.828385071  
-3.746380693  
-3.442558316  
-2.059878351  
-0.06582582647  
1.914795351  
3.309493068  
3.777992563  
3.302997355  
2.16533429  
0.8181146335  
-0.2906127786  
-0.8809691733  
-0.9318322344  
-0.6689404076  
-0.4587948393  
-0.6512087199  
-1.431372494  
-2.737691043  
-4.2762151  
-5.625695057  
-6.393065222  
-6.359863393  
-5.563243354  
-4.279567433  
-2.915334745  
-1.845660489  
-1.261666827  
-1.086540869  
-0.9960565785  
-0.5411363436  
0.6684881311  
2.785349576  
5.617549423  
8.638913841  
11.12098229  
12.34878384  
11.85137801  
9.57027885  
5.907312343  
1.632295221  
-2.323094411  
-5.121358707  
-6.245092764  
-5.62332491  
-3.62239201  
-0.9102114255  
1.756603372  
3.75068163  
4.727359956  
4.670187798  
3.824777221  
2.556253601  
1.190041654  
-0.1026292129  
-1.334147606  
-2.639763654  
-4.157693514  
-5.904565404  
-7.702569874  
-9.194528624  
-9.948227715  
-9.614864929  
-8.082422995  
-5.562171971  
-2.567536592  
0.2181556582  
2.14777027  
2.823704178  
2.244809549  
0.8319283518  
-0.6843243398  
-1.48398795  
-0.9194221624  
1.264868316  
4.826181742  
9.068196723  
13.02543487  
15.73241026  
16.49557262  
15.08572921  
11.79449929  
7.341430667  
2.664692731  
-1.337560006  
-4.036301851  
-5.206077383  
-5.03302621  
-4.006080323  
-2.7361754  
-1.766490838  
-1.432811563  
-1.810280798  
-2.750049715  
-3.978746663  
-5.215718577  
-6.262925652  
-7.038789759  
-7.552968153  
-7.843524237  
-7.912092235  
-7.691293941  
-7.062888499  
-5.921578875  
-4.257537131  
-2.219446037  
-0.1239437965  
1.604090312  
2.549584061  
2.448378417  
1.302853767  
-0.5728321929  
-2.60265523  
-4.088154804  
-4.401214187  
-3.173776235  
-0.4255558866  
3.412750881  
7.592537396  
11.23317753  
13.54877182  
14.05108686  
12.67105628  
9.765787631  
6.012009358  
2.219815596  
-0.8778882742  
-2.800555293  
-3.413877496  
-2.922931434  
-1.77560325  
-0.512105427  
0.3915471738  
0.6416177018  
0.1781913803  
-0.8449132139  
-2.135126083  
-3.360503414  
-4.240614278  
-4.60454333  
-4.406645663  
-3.706337917  
-2.628940458  
-1.327159652  
0.04259565364  
1.325264433  
2.36034471  
2.976480851  
3.000304178  
2.285692262  
0.7591600376  
-1.532496903  
-4.391117656  
-7.469230825  
-10.31291005  
-12.44024816  
-13.43803294  
-13.05178007  
-11.244502  
-8.207569804  
-4.320401868  
-0.07009285566  
4.046988647  
7.615574437  
10.361752  
12.17137959  
13.06820835  
13.16494409  
12.60711697  
11.52911781  
10.03501145  
8.206173838  
6.127400828  
3.916423549  
1.740885205  
-0.1880428488  
-1.647198278  
-2.450062708  
-2.497408921  
-1.812919032  
-0.5506110535  
1.030712352  
2.620670131  
3.924293624  
4.724654857  
4.924220644  
4.55439732  
3.752018818  
2.710954502  
1.623647408  
0.6294689151  
-0.2161380283  
-0.9445201414  
-1.649834444  
-2.446893434  
-3.424080383  
-4.605104936  
-5.930141994  
-7.261094578  
-8.409126493  
-9.177098299  
-9.406275022  
-9.016258415  
-8.029139152  
-6.572639528  
-4.861421929  
-3.159961064  
-1.733669462  
-0.7972104994  
-0.469682163  
-0.745833243  
-1.490395156  
-2.458983363  
-3.344184092  
-3.839805367  
-3.711170202  
-2.855913037  
-1.339573313  
0.6058731903  
2.624807582  
4.316070589  
5.330263799  
5.462762452  
4.717255501  
3.319752923  
1.674525583  
0.268764511  
-0.4521881808  
-0.2069898069  
1.03615708  
3.036697694  
5.331640865  
7.34803223  
8.549243013  
8.575206403  
7.336855236  
5.037045007  
2.111071728  
-0.8963272031  
-3.481221796  
-5.312942513  
-6.308548349  
-6.626875731  
-6.584864746  
-6.523914064  
-6.670693418  
-7.039607333  
-7.411499213  
-7.3988451  
-6.579082829  
-4.654163721  
-1.583749163  
2.354340458  
6.601068321  
10.44468735  
13.20511996  
14.41935311  
13.97077015  
12.12145055  
9.435966983  
6.618891692  
4.315231365  
2.93453516  
2.551690236  
2.912714874  
3.540404582  
3.90318762  
3.591453353  
2.444958319  
0.5926515216  
-1.603683907  
-3.67863825  
-5.218654022  
-5.990527452  
-6.001248693  
-5.473039521  
-4.747665088  
-4.158170542  
-3.915963162  
-4.053153425  
-4.437851351  
-4.851844531  
-5.096461557  
-5.082265594  
-4.865263041  
-4.614121607  
-4.521081765  
-4.693206955  
-5.07075306  
-5.411440784  
-5.355381301  
-4.554032465  
-2.819292964  
-0.2365643184  
2.806285187  
5.69512283  
7.755165731  
8.456345287  
7.590509129  
5.357471657  
2.324516063  
-0.7342286744  
-3.070377697  
-4.190710421  
-4.00623704  
-2.848463699  
-1.344267317  
-0.1892104832  
0.1047078019  
-0.6001504784  
-2.005775765  
-3.471789227  
-4.235362715  
-3.685145229  
-1.595802099  
1.759232198  
5.659600924  
9.142045289  
11.29223304  
11.52905342  
9.787278749  
6.537693926  
2.637922999  
-0.9361191603  
-3.388500155  
-4.332597581  
-3.877400929  
-2.546622774  
-1.064021917  
-0.0837458811  
0.03824475861  
-0.6477956582  
-1.732907838  
-2.630983416  
-2.824669838  
-2.082966517  
-0.5685876584  
1.206464482  
2.562986182  
2.90918474  
1.974895404  
-0.06197132306  
-2.606896453  
-4.832263236  
-5.952346714  
-5.495123277  
-3.475453042  
-0.4070458502  
2.853881374  
5.381950167  
6.480623103  
5.903634215  
3.924936151  
1.234691756  
-1.301080752  
-2.932866951  
-3.270765186  
-2.395625805  
-0.8028263421  
0.7974856902  
1.74979321  
1.694943856  
0.6982505365  
-0.7803841342  
-2.06171783  
-2.503432527  
-1.744699872  
0.1486747679  
2.69020945  
5.127425583  
6.690460687  
6.847409247  
5.47824033  
2.909263198  
-0.1999447021  
-3.073613158  
-5.062654633  
-5.829289157  
-5.413732648  
-4.168178042  
-2.591880707  
-1.135377401  
-0.04957368103  
0.6656569503  
1.19993794  
1.789926068  
2.560026249  
3.4169189  
4.046930857  
4.023829739  
2.989014846  
0.834191852  
-2.189091185  
-5.485025217  
-8.261329913  
-9.76653405  
-9.537707618  
-7.570906977  
-4.34955356  
-0.7134158633  
2.393803995  
4.216745234  
4.422920407  
3.199799451  
1.180652592  
-0.776405166  
-1.88149242  
-1.67890449  
-0.1962465265  
2.072349604  
4.340968997  
5.802799191  
5.903611974  
4.525215246  
2.019106943  
-0.9167375739  
-3.471225925  
-4.98093067  
-5.129323558  
-4.020445378  
-2.109320224  
-0.02200941118  
1.66504696  
2.606374353  
2.768377331  
2.388729672  
1.839099121  
1.450739343  
1.373403493  
1.522059626  
1.629472576  
1.380426825  
0.571154459  
-0.7723404055  
-2.367385483  
-3.753919828  
-4.453122389  
-4.14688087  
-2.809780356  
-0.7414518774  
1.516888135  
3.355173762  
4.296440989  
4.156237227  
3.102118098  
1.591398072  
0.2089258617  
-0.5375304576  
-0.391693077  
0.5683727362  
1.966964457  
3.271934933  
3.98800902  
3.83191567  
2.826849485  
1.283905936  
-0.3201647477  
-1.522117087  
-2.041506006  
-1.878093675  
-1.302680116  
-0.7463023099  
-0.63005454  
-1.199187409  
-2.422914171  
-3.996713239  
-5.446170339  
-6.294367569  
-6.23208105  
-5.229681436  
-3.551288516  
-1.667217158  
-0.09710425464  
0.7602240129  
0.7508659602  
0.002955983444  
-1.131969889  
-2.20787198  
-2.834273712  
-2.793675641  
-2.087598707  
-0.9011965676  
0.4926746964  
1.847474589  
3.028427452  
4.036791452  
4.966863658  
5.917856619  
6.90173163  
7.790206157  
8.328646563  
8.217437512  
7.233082487  
5.342979579  
2.766632743  
-0.04673662348  
-2.524844421  
-4.132969091  
-4.536997032  
-3.713851757  
-1.970123016  
0.1404537721  
1.976610766  
2.996602831  
2.914235246  
1.775960923  
-0.062890515  
-2.052336968  
-3.61436822  
-4.309815087  
-3.95655403  
-2.668441426  
-0.8106071929  
1.108416978  
2.571641259  
3.176983264  
2.719972543  
1.223043628  
-1.084740879  
-3.822666079  
-6.530153589  
-8.741105116  
-10.05307634  
-10.18837247  
-9.044630105  
-6.728775796  
-3.563494092  
-0.05407858193  
3.191083322  
5.580648577  
6.679150936  
6.32914628  
4.717079649  
2.352659195  
-0.04616440657  
-1.741065165  
-2.1855976  
-1.199041654  
0.9558264055  
3.623695905  
5.930602593  
7.035153148  
6.383668293  
3.890423067  
-0.01583616138  
-4.497685201  
-8.537991783  
-11.22330082  
-11.99475816  
-10.78976444  
-8.032546034  
-4.480775308  
-0.9813296873  
1.783545177  
3.47789208  
4.166451635  
4.231370289  
4.187704764  
4.46734575  
5.249066101  
6.393315145  
7.5013414  
8.07340308  
7.706189636  
6.257077657  
3.916385965  
1.162832558  
