-9.627642806  
-9.601817775  
-8.948464545  
-7.942587599  
-6.788657593  
-5.576980331  
-4.304023724  
-2.939331486  
-1.503807281  
-0.1207391197  
0.987322441  
1.560312189  
1.400946163  
0.4760098556  
-1.022823998  
-2.688430795  
-3.98444262  
-4.387775582  
-3.545695001  
-1.397727647  
1.778771244  
5.418069379  
8.799893136  
11.2305242  
12.21905423  
11.59814061  
9.555846889  
6.572581215  
3.285566221  
0.3237800736  
-1.837716375  
-2.964834864  
-3.075121185  
-2.379870843  
-1.186394625  
0.2015762283  
1.552068676  
2.724577852  
3.645390972  
4.260473672  
4.495712336  
4.249278171  
3.425165044  
1.996611084  
0.07157089575  
-2.073513504  
-4.017491795  
-5.281918926  
-5.463449284  
-4.371715562  
-2.124827343  
0.8372588234  
3.837699231  
6.130637597  
7.107103477  
6.477261318  
4.369894284  
1.312437635  
-1.909154507  
-4.473097835  
-5.761279779  
-5.541685496  
-4.035252574  
-1.843431493  
0.2436843422  
1.500342797  
1.5001078  
0.2578476212  
-1.768091947  
-3.816606998  
-5.065159603  
-4.896801502  
-3.108820259  
0.003634958105  
3.716970845  
7.081969858  
9.198711614  
9.479836655  
7.82219258  
4.635415555  
0.7202875181  
-2.964476701  
-5.575230529  
-6.614014292  
-6.049659356  
-4.297401929  
-2.068798541  
-0.1423426628  
0.8730841355  
0.7108690034  
-0.492989309  
-2.264080401  
-3.952565035  
-4.940937595  
-4.832259598  
-3.564037206  
-1.418229685  
1.06981766  
3.271389474  
4.64341584  
4.874608815  
3.959805198  
2.18665454  
0.04415952617  
-1.916948687  
-3.231603585  
-3.636613177  
-3.128057445  
-1.949443167  
-0.5180714339  
0.6887828296  
1.258583981  
0.9494662399  
-0.2463664207  
-2.095172997  
-4.171216223  
-5.952329079  
-6.940745737  
-6.782642622  
-5.359114284  
-2.826384194  
0.4066022223  
3.761014953  
6.614414766  
8.441519279  
8.935021905  
8.075250315  
6.129470443  
3.579853982  
0.9986770868  
-1.095462036  
-2.360750984  
-2.700707757  
-2.260400445  
-1.354528981  
-0.3523551444  
0.4425619873  
0.8791039104  
0.9851168397  
0.9279125168  
0.925703913  
1.143873698  
1.615000037  
2.212915872  
2.691471441  
2.774955499  
2.267753315  
1.142646228  
-0.426357664  
-2.101874421  
-3.481776022  
-4.226485582  
-4.171293433  
-3.383773029  
-2.144416787  
-0.8548123809  
0.09687267569  
0.4677458969  
0.2439142791  
-0.3536605648  
-0.944672293  
-1.121936153  
-0.5966322043  
0.6927020211  
2.544618775  
4.545333189  
6.189382391  
7.031240332  
6.819004368  
5.567975359  
3.552603574  
1.222193721  
-0.9299481034  
-2.50103355  
-3.275764745  
-3.259741067  
-2.646092043  
-1.734004129  
-0.8313923389  
-0.1748892982  
0.1105178416  
0.007590427182  
-0.4286507558  
-1.115178583  
-1.971558214  
-2.924580029  
-3.889683686  
-4.745032459  
-5.319619092  
-5.411860982  
-4.841610228  
-3.52179786  
-1.523169011  
0.8974049786  
3.325416303  
5.2757139  
6.317832824  
6.202774404  
4.949425934  
2.858512178  
0.4438487923  
-1.702508359  
-3.071966165  
-3.378477775  
-2.631604428  
-1.121018535  
0.6814924323  
2.269733017  
3.252138587  
3.454648956  
2.946817755  
1.987496083  
0.9138857019  
0.01610148657  
-0.5576610852  
-0.8333609928  
-0.9729323485  
-1.184197809  
-1.616170052  
-2.281677664  
-3.038147911  
-3.63480881  
-3.809004438  
-3.39519943  
-2.404652572  
-1.043833264  
0.3382474206  
1.357574759  
1.720778283  
1.324644661  
0.2937222194  
-1.058458695  
-2.332204923  
-3.173600643  
-3.390253974  
-3.010989303  
-2.269064263  
-1.514991771  
-1.089345223  
-1.199507154  
-1.842675262  
-2.801214938  
-3.711572234  
-4.183003636  
-3.926070311  
-2.848349542  
-1.08675666  
1.032322367  
3.089990815  
4.695813007  
5.593712184  
5.720816218  
5.204706555  
4.305503519  
3.32667897  
2.526429514  
2.058047941  
1.95477731  
2.157493479  
2.568457888  
3.106638746  
3.741912811  
4.495613438  
5.409156813  
6.495397322  
7.694297258  
8.853100584  
9.742227496  
10.10512069  
9.727785226  
8.506296797  
6.490366172  
3.8881358  
1.029005359  
-1.706219764  
-3.969330143  
-5.520834124  
-6.278976573  
-6.330410156  
-5.901521104  
-5.299086038  
-4.835545643  
-4.75653408  
-5.186400147  
-6.102469703  
-7.342080537  
-8.639685008  
-9.685579834  
-10.19390572  
-9.965943536  
-8.93561261  
-7.187296816  
-4.94166916  
-2.511870408  
-0.2392634717  
1.57686509  
2.739182121  
3.18738167  
3.000077998  
2.363808661  
5.923042617  
6.980972864  
7.289197618  
6.910603918  
5.974590521  
4.631797098  
3.02359984  
1.270344733  
-0.5262827965  
-2.275957805  
-3.895800982  
-5.313358688  
-6.474084932  
-7.34714324  
-7.923727181  
-8.206190551  
-8.192247506  
-7.862892417  
-7.183032422  
-6.119315797  
-4.671588503  
-2.906461381  
-0.9771169473  
0.8844911745  
2.408308341  
3.352581452  
3.577229691  
3.099251893  
2.107907967  
0.9287658458  
-0.0575823011  
-0.5200145963  
-0.2725769483  
0.6699467307  
2.096196159  
3.662635041  
4.998593658  
5.818308869  
6.003681959  
5.631240905  
4.935789747  
4.224947351  
3.775183689  
3.745516316  
4.137511095  
4.812612684  
5.556618655  
6.164224981  
6.510274142  
6.580906572  
6.454679511  
6.244228978  
6.025199023  
5.784596264  
5.412917175  
4.746437369  
3.644659162  
2.07171477  
0.1463094411  
-1.865227994  
-3.617129419  
-4.793589449  
-5.2211091  
-4.940957792  
-4.21074977  
-3.428769641  
-3.003484941  
-3.21293004  
-4.105340115  
-5.480188845  
-6.961013498  
-8.137573298  
-8.727473999  
-8.69678736  
-8.290611867  
-7.954909335  
-8.170273795  
-9.252657638  
-11.19265404  
-13.59651884  
-15.76040032  
-16.86422085  
-16.22848038  
-13.55150439  
-9.045922397  
-3.422531871  
2.281975425  
6.985419891  
9.863449306  
10.58061349  
9.375499413  
6.972402191  
4.34779634  
2.426679799  
1.806102725  
2.593131047  
4.406011784  
6.532914681  
8.191235107  
8.798755798  
8.166642745  
6.55293972  
4.563687924  
2.940080845  
2.306784235  
2.966692169  
4.808155549  
7.350146355  
9.903224221  
11.78649426  
12.52564134  
11.96857561  
10.28820267  
7.883285604  
5.223225175  
2.698308475  
0.5290756375  
-1.239255119  
-2.667279886  
-3.816847553  
-4.664126481  
-5.073549897  
-4.848417703  
-3.839473556  
-2.065097872  
0.2125637292  
2.498093891  
4.1707741  
4.662637815  
3.648578322  
1.180125989  
-2.290952658  
-6.017378669  
-9.163097991  
-11.04830385  
-11.35243051  
-10.20598018  
-8.137922037  
-5.893891172  
-4.185006861  
-3.451755496  
-3.723185576  
-4.619621564  
-5.497876503  
-5.68875973  
-4.744481793  
-2.609843647  
0.3427281629  
3.427191331  
5.868158571  
7.05850727  
6.761816544  
5.190355123  
2.932362045  
0.7542949319  
-0.653611653  
-0.9015157924  
-0.01842416958  
1.572961679  
3.212939248  
4.23597669  
4.195017203  
3.002049294  
0.9393500701  
-1.457672403  
-3.599899801  
-5.052192045  
-5.674325144  
-5.645943556  
-5.369343262  
-5.288499572  
-5.693079035  
-6.581405125  
-7.634840661  
-8.315726155  
-8.056165313  
-6.471825056  
-3.524917497  
0.4226427783  
4.687415677  
8.450453142  
10.99086297  
11.89075007  
11.14553815  
9.146120102  
6.542424712  
4.036746723  
2.17655167  
1.213549207  
1.070368252  
1.417774502  
1.827723338  
1.943590033  
1.606616431  
0.8966591832  
0.0784674085  
-0.5206743202  
-0.6520787142  
-0.2508343025  
0.534580674  
1.398484236  
1.997825384  
2.089732052  
1.634242449  
0.8223528225  
0.01668115854  
-0.3761759518  
-0.05751790912  
1.04088118  
2.707669041  
4.495774134  
5.847320173  
6.260502219  
5.445388104  
3.419497993  
0.5137248079  
-2.711989153  
-5.615926743  
-7.639490456  
-8.441528071  
-7.966299927  
-6.431871278  
-4.250406376  
-1.910465259  
0.1412317656  
1.586600263  
2.274173659  
2.20894324  
1.50943166  
0.3541637826  
-1.062620254  
-2.555512453  
-3.953705457  
-5.097888299  
-5.840849214  
-6.060372716  
-5.684583268  
-4.720973774  
-3.275277039  
-1.547407185  
0.2010027379  
1.702376123  
2.74724808  
3.236618608  
3.204703704  
2.803056294  
2.24965833  
1.758519625  
1.472315441  
1.419960005  
1.512958766  
1.581585344  
1.438806926  
0.9508996443  
0.09174086506  
-1.036531325  
-2.222775379  
-3.199591609  
-3.713171906  
-3.58954914  
-2.779009464  
-1.368216258  
0.4402781117  
2.372497255  
4.137750486  
5.479781612  
6.214483201  
6.250273087  
5.592519389  
4.336267429  
2.651419877  
0.762349676  
-1.078299266  
-2.622652682  
-3.666564633  
-4.089775425  
-3.888321965  
-3.188153418  
-2.230654597  
-1.326859714  
-0.7863103127  
-0.8358432873  
-1.549801975  
-2.813285223  
-4.333299735  
-5.700217312  
-6.487213501  
-6.362935539  
-5.186726951  
-3.058548445  
-0.3071518649  
2.58301741  
5.088191091  
6.774042072  
7.401838357  
6.982885764  
5.766659434  
4.166740025  
2.646180627  
1.595018524  
1.23410947  
1.570984057  
2.417762625  
3.462846806  
4.372926195  
4.893841263  
4.920487003  
4.516281122  
3.878534764  
3.262558432  
2.889427283  
2.866720567  
3.147028753  
3.537057786  
3.754633956  
3.516299783  
2.628981999  
1.057963617  
-1.049565445  
-3.392966538  
-5.590862944  
-7.2774143  
-8.194702473  
-8.255158512  
-7.557006568  
-6.349689994  
-4.960913547  
-3.707874049  
-2.819147526  
-2.389465999  
-2.378511505  
-2.650563078  
-3.03880117  
-3.410542294  
-3.710223924  
-3.965335833  
-4.254099365  
-4.647948943  
-5.151809943  
-5.667252368  
-5.996583316  
-5.891910424  
-5.136637098  
-3.633351951  
-1.466766267  
1.084439121  
3.598063363  
5.612186286  
6.754356002  
6.856985672  
6.020633442  
4.60050324  
3.114305087  
2.094696523  
1.928773976  
2.733881806  
4.310385005  
6.190003792  
7.769164429  
8.489728074  
8.013055871  
6.333431601  
3.793829441  
0.9962020881  
-1.369197175  
-2.725388427  
-2.780689201  
-1.618827716  
0.3207602653  
2.367226203  
3.810346926  
4.103237061  
3.016101735  
0.6969922049  
-2.375696762  
-5.53161559  
-8.093997498  
-9.556595526  
-9.70168734  
-8.629380092  
-6.696906751  
-4.393643759  
-2.194788542  
-0.4390556281  
0.7361595311  
1.390278803  
1.717075785  
1.952806563  
2.289371693  
2.820459852  
3.533156693  
4.339316029  
5.126904627  
5.806451836  
6.332915558  
6.696130061  
6.88800901  
6.865769923  
6.533114918  
5.754328106  
4.402357597  
2.426351041  
-0.08688730679  
-2.884906222  
-5.573755215  
-7.696147738  
-8.846330999  
-8.789314489  
-7.546991778  
-5.420679542  
-2.937112064  
-0.7275999764  
0.6291177406  
0.7576396601  
-0.4119821706  
-2.620013637  
-5.338129846  
-7.899419568  
-9.661927279  
-10.16205218  
-9.218248567  
-6.960662016  
-3.783500056  
-0.2377036534  
3.103914438  
5.772362062  
7.488239809  
8.19065942  
8.009569823  
7.197000623  
6.041951608  
4.794820145  
3.620855938  
2.590837197  
1.704715161  
0.934179231  
0.2655730498  
-0.2736899517  
-0.6151065171  
-0.6754328128  
-0.3997307604  
0.1951995837  
0.9946346977  
1.790389994  
2.320302121  
2.335831669  
1.680597082  
0.3565098882  
-1.445491335  
-3.365530451  
-4.947846866  
-5.753094781  
-5.482335671  
-4.07782733  
-1.768009603  
0.9634102019  
3.484138334  
5.172968282  
5.591321239  
4.617641551  
2.501938325  
-0.1822890214  
-2.68256542  
-4.272690095  
-4.461818132  
-3.145291513  
-0.6486955374  
2.353719807  
5.027687203  
6.621989042  
6.693864632  
5.246722608  
2.734407027  
-0.07381874052  
-2.32981967  
-3.373474113  
-2.946548802  
-1.284177664  
0.9487643925  
2.860809641  
3.616056973  
2.708040928  
0.1383091284  
-3.559109628  
-7.458669523  
-10.50900031  
-11.84281575  
-11.03577966  
-8.234466462  
-4.114260551  
0.3188470464  
4.020237069  
6.201897259  
6.541253581  
5.243165702  
2.942420295  
0.4843535477  
-1.342077182  
-2.033132819  
-1.492098844  
-0.01356498436  
1.853912149  
3.512096185  
4.511209539  
4.676168914  
4.12434795  
3.178486047  
2.2149461  
1.507974236  
1.128377364  
0.9318397905  
0.6372068039  
-0.03868180188  
-1.2432852  
-2.901430097  
-4.712947493  
-6.236886397  
-7.032370892  
-6.805799718  
-5.512367264  
-3.376954222  
-0.8286025669  
1.626866152  
3.551097941  
4.685805156  
4.999143722  
4.656931548  
3.936923815  
3.12294655  
2.419151418  
1.912477354  
1.589237252  
1.388928715  
1.264220264  
1.216110519  
1.287178237  
1.517362293  
1.886419391  
2.276235973  
2.479867687  
2.264557774  
1.470523748  
0.1069998549  
-1.598942171  
-3.232482337  
-4.303695578  
-4.412758191  
-3.411767064  
-1.500202808  
0.7920945124  
2.74374799  
3.667190995  
3.148948555  
1.219898318  
-1.612824705  
-4.497307147  
-6.500425577  
-6.922316091  
-5.555579539  
-2.794087544  
0.4581173637  
3.060927363  
4.013248345  
2.806361951  
-0.3675434644  
-4.632422073  
-8.678881265  
-11.17638629  
-11.21615623  
-8.636460424  
-4.114567793  
1.016948361  
5.180659999  
7.064369986  
6.065157617  
2.517523369  
-2.377653538  
-6.910217172  
-9.395927602  
-8.720448195  
-4.716039593  
1.753918931  
9.034460041  
15.16990841  
18.4918466  
18.11828739  
14.20734287  
7.888617782  
0.8999928317  
-4.948433635  
-8.308799473  
-8.659312723  
-6.38939366  
-2.593075585  
1.345906825  
4.228359671  
5.411162048  
4.956421548  
3.520651607  
2.038648928  
1.327037605  
1.756652043  
3.113542526  
4.696507659  
5.611206428  
5.14818665  
3.100786652  
-0.100239614  
-3.49277904  
-5.900201667  
-6.351412626  
-4.455959317  
-0.597483899  
4.131288118  
8.240858215  
10.30768947  
9.436636123  
5.569222516  
-0.4672206125  
-7.189910099  
-12.89911734  
-16.18530591  
-16.34367931  
-13.56612865  
-8.854068121  
-3.686188691  
0.447376816  
2.493672852  
2.128439135  
-0.193696183  
-3.433684552  
-6.332325721  
-7.819191605  
-7.334209229  
-4.966315244  
-1.378948658  
2.436969539  
5.489333414  
7.079391926  
6.97396269  
5.413648691  
2.974077348  
0.3444644871  
-1.89167628  
-3.400092272  
-4.126266039  
-4.221517695  
-3.911361605  
-3.369162116  
-2.648217642  
-1.695042293  
-0.4289083177  
1.156668102  
2.924104626  
4.59310504  
5.821029946  
6.334127442  
6.055862637  
5.174459234  
4.111641561  
3.39169416  
3.450378935  
4.451325833  
6.181476484  
8.074095712  
9.364806235  
9.337807977  
7.583481401  
4.178425994  
-0.2802515748  
-4.808921042  
-8.306511405  
-9.878696133  
-9.115504439  
-6.232262139  
-2.025359332  
2.347339714  
5.695757918  
7.135940502  
6.334188916  
3.584229812  
-0.3020733779  
-4.251504024  
-7.250154206  
-8.627688605  
-8.220719509  
-6.372867944  
-3.78272747  
-1.258249125  
0.5380453034  
1.271609417  
0.9940949118  
0.06966548318  
-0.9940395548  
-1.744745041  
-1.94360611  
-1.631070401  
-1.084593901  
-0.6909867403  
-0.7846065375  
-1.51169898  
-2.76863659  
-4.233315387  
-5.475044598  
-6.101153398  
-5.887224706  
-4.845735127  
-3.211206122  
-1.350179829  
0.369523736  
1.702550028  
2.598883421  
3.201052739  
3.768108665  
4.554730677  
5.689506588  
7.09690198  
8.492743887  
9.458358267  
9.572106641  
8.557455955  
6.400179238  
3.395448232  
0.1060382223  
-2.76113412  
-4.528836031  
-4.727443278  
-3.228691747  
-0.2983665579  
3.447903116  
7.176416328  
10.02316427  
11.29198666  
10.61514111  
8.037846998  
4.0069398  
-0.7329133467  
-5.310015879  
-8.922249192  
-11.01264913  
-11.38266764  
-10.21753137  
-8.019927186  
-5.470902074  
-3.254837798  
-1.893677826  
-1.632219004  
-2.401769732  
-3.867741563  
-5.543621206  
-6.935925791  
-7.677241251  
-7.609743071  
-6.797967854  
-5.472330492  
-3.926626676  
-2.406853046  
-1.030290689  
0.2375004243  
1.540881295  
3.043809889  
4.825128481  
6.799810657  
8.698662467  
10.11936392  
10.63686701  
9.9394344  
7.945626041  
4.861510167  
1.155329747  
-2.546931062  
-5.615787976  
-7.576342362  
-8.222370368  
-7.652439278  
-6.218868346  
-4.408041113  
-2.691668943  
-1.396310764  
-0.6303872978  
-0.2872086861  
-0.1166007139  
0.1644647078  
0.7627485492  
1.738004651  
2.991367292  
4.311058403  
5.453419772  
6.226284715  
6.54380889  
6.435366314  
6.010554253  
5.39964961  
4.697595898  
3.936237242  
3.095828088  
2.148652913  
1.112300383  
0.08457726349  
-0.7613472966  
-1.226295911  
-1.163515277  
-0.5553966839  
0.4459863576  
1.538572279  
2.352589306  
2.572707521  
2.058475665  
0.9168090945  
-0.5069423881  
-1.726038177  
-2.27222398  
-1.867550022  
-0.5479699698  
1.309743735  
3.076188505  
4.052329551  
3.692696815  
1.796751904  
-1.397131306  
-5.25130047  
-8.895336875  
-11.47038355  
-12.37505223  
-11.43459126  
-8.93925699  
-5.540644279  
-2.041805375  
0.8478501766  
2.71092258  
3.508886619  
3.532302701  
3.237562758  
3.033436738  
3.098447322  
3.298757459  
3.239731079  
2.435087409  
0.5330188892  
-2.485131635  
-6.212150108  
-9.872329948  
-12.52160287  
-13.33198584  
-11.86910902  
-8.268800822  
-3.248011303  
2.062829181  
6.421020991  
8.817136604  
8.759521969  
6.410219991  
2.530797429  
-1.744271494  
-5.235754452  
-7.048432834  
-6.801956902  
-4.698660945  
-1.416165019  
2.132639598  
5.090416636  
6.903889682  
7.455674726  
7.046577613  
6.245323793  
5.663963796  
5.737358966  
6.578395789  
7.951184287  
9.363115568  
10.2378574  
10.10762828  
8.761288809  
6.303809041  
3.114821457  
-0.2724882028  
-3.327088924  
-5.658475611  
-7.096451758  
-7.694356224  
-7.664469815  
-7.275400005  
-6.749999808  
-6.1973491  
-5.596707213  
-4.831699313  
-3.756574135  
-2.268182947  
-0.3592893698  
1.86155555  
4.185337628  
6.34386625  
8.062096388  
9.10728057  
9.325866216  
8.665547066  
7.184327882  
5.049306991  
2.525684165  
-0.04660855207  
-2.292292377  
-3.857096472  
-4.475624901  
-4.037554883  
-2.633559213  
-0.5626342194  
1.710109917  
3.642780913  
4.735531213  
4.649456529  
3.292502508  
0.8461930974  
-2.277044974  
-5.535754088  
-8.392180332  
-10.43778878  
-11.47585626  
-11.53934874  
-10.84324187  
-9.69139994  
-8.371854959  
-7.076228524  
-5.868520332  
-4.709381651  
-3.521310169  
-2.265303204  
-0.995853938  
0.130023075  
0.8959424653  
1.107011674  
0.6782619682  
-0.3042163069  
-1.576220667  
-2.75088777  
-3.422947117  
-3.289901828  
-2.250687421  
-0.448047205  
1.761699406  
3.904685171  
5.523222034  
6.306890418  
6.181352408  
5.328467854  
4.132466693  
3.069180687  
2.57146751  
2.909448735  
4.117932984  
5.98816981  
8.122290956  
10.03230994  
11.25589482  
11.46019846  
10.51154859  
8.499668846  
5.716431088  
2.597785085  
-0.3577421868  
-2.67942505  
-4.009877114  
-4.173475559  
-3.216751302  
-1.411685739  
0.7834891352  
2.804939914  
4.095170802  
4.226228495  
3.00679648  
0.5444904455  
-2.75831736  
-6.281836652  
-9.326310334  
-11.27793059  
-11.76016565  
-10.72810347  
-8.477160569  
-5.561174215  
-2.641561586  
-0.310474774  
1.06047122  
1.401753194  
0.935157247  
0.07703501542  
-0.7109549662  
-1.074143143  
-0.8710092382  
-0.2006965488  
0.6533060139  
1.340017511  
1.575094014  
1.244503453  
0.442337691  
-0.5680771137  
-1.452785525  
-1.927368059  
-1.853799976  
-1.278971302  
-0.4025673389  
0.5109699117  
1.240470171  
1.692775193  
1.930219193  
2.1294646  
2.487722474  
3.114070196  
3.951179989  
4.762832909  
5.19833344  
4.915276378  
3.717918717  
1.659250432  
-0.9351339958  
-3.537092211  
-5.562218435  
-6.546027332  
-6.290608084  
-4.930077522  
-2.889735314  
-0.750275516  
0.9381239953  
1.828544086  
1.877258343  
1.336033206  
0.6397480575  
0.2295690569  
0.3755984442  
1.06398777  
1.991470077  
2.672228752  
2.621565979  
1.552067815  
-0.4885266878  
-3.090040288  
-5.578272364  
-7.210820562  
-7.407809613  
-5.941790145  
-3.023639468  
0.7446071598  
4.535189316  
7.524972374  
9.117228067  
9.086364158  
7.604829467  
5.15191335  
2.342960274  
-0.2588076242  
-2.284665422  
-3.61505649  
-4.339458886  
-4.649561363  
-4.716448803  
-4.604502095  
-4.256118469  
-3.549802479  
-2.402384391  
-0.8664662513  
0.8252095783  
2.296168589  
3.137980552  
3.059447545  
2.016081685  
0.2652056786  
-1.683667609  
-3.215757153  
-3.810128827  
-3.222814569  
-1.586546733  
0.6144040064  
2.693244733  
3.98798223  
4.091052685  
3.000693351  
1.137399902  
-0.7860964442  
-2.001938078  
-1.952951044  
-0.4959581294  
2.029840005  
4.89730852  
7.220913917  
8.246279273  
7.602223132  
5.428628798  
2.334557105  
-0.8013611184  
-3.121867088  
-4.074675531  
-3.591517608  
-2.100440193  
-0.3662665947  
0.7864109791  
0.7719959427  
-0.5400060702  
-2.7684142  
-5.145754025  
-6.784916339  
-6.99662627  
-5.547847405  
-2.769582009  
0.527454251  
3.305729554  
4.64079014  
4.035509729  
1.602632694  
-1.947995466  
-5.516939564  
-7.952394716  
-8.408854082  
-6.611672492  
-2.942514124  
1.680526139  
6.087752197  
9.214327635  
10.41352225  
9.628339501  
7.371362597  
4.526390488  
2.042991313  
0.6277278082  
0.5331744128  
1.509806839  
2.929225954  
4.02961454  
4.195043764  
3.171950623  
1.15079917  
-1.310810716  
-3.492365787  
-4.76805844  
-4.827499242  
-3.78414463  
-2.136244341  
-0.5963960658  
0.1497659786  
-0.3274536793  
-2.062191214  
-4.687415911  
-7.561347595  
-9.97916756  
-11.3957636  
-11.58395061  
-10.67712008  
-9.086895261  
-7.329823053  
-5.827904008  
-4.755089998  
-3.98399348  
-3.150411882  
-1.811124468  
0.3627156766  
3.426864953  
7.098173302  
10.80767798  
13.85728102  
15.62877629  
15.77549521  
14.3322206  
11.70611049  
8.55107838  
5.56682135  
3.288464628  
1.935558034  
1.368963842  
1.168102283  
0.8011060598  
-0.1701061798  
-1.918929358  
-4.274805031  
-6.762548909  
-8.748218445  
-9.644551628  
-9.109525636  
-7.173634257  
-4.253959051  
-1.048883301  
1.655512895  
3.209068834  
3.284023608  
1.968993561  
-0.2566019829  
-2.658970989  
-4.456354221  
-5.035407552  
-4.116604425  
-1.824401733  
1.353553704  
4.702396184  
7.47013637  
9.058613405  
9.165278505  
7.842427454  
5.464715527  
2.620258259  
-0.04124126841  
-1.962444717  
-2.797202657  
-2.469779688  
-1.167072915  
0.7270277468  
2.733917993  
4.392690866  
5.357513678  
5.461363432  
4.736694014  
3.393185827  
1.760652761  
0.2107013692  
-0.9265933774  
-1.434753608  
-1.257851696  
-0.5130709539  
0.5341203982  
1.527928865  
2.101985556  
1.964093999  
0.9670328861  
-0.8515012654  
-3.270339818  
-5.928646411  
-8.402594108  
-10.29688223  
-11.32889484  
-11.38507033  
-10.5362607  
-9.009905311  
-7.128268221  
-5.230598948  
-3.600377616  
-2.415762711  
-1.733257465  
-1.504039364  
-1.612855261  
-1.923871625  
-2.317911665  
-2.710838342  
-3.051174999  
-3.303324724  
-3.427926226  
-3.371052701  
-3.069424274  
-2.471088429  
-1.563567851  
-0.3969190034  
0.9102548151  
2.188300885  
3.255247865  
3.965931865  
4.255420047  
4.161073741  
3.813846464  
3.399655453  
3.102271916  
3.046473563  
3.261106448  
3.675742694  
4.153295536  
4.548212641  
4.769997765  
4.828647235  
4.843512785  
5.0090197  
5.525672267  
6.517898102  
7.966844948  
9.683492153  
11.33585584  
12.52694267  
12.90294143  
12.25966342  
10.6134536  
8.211972308  
5.47771559  
2.897782635  
0.8907216842  
-0.3104530967  
-0.7234834221  
-0.6093875084  
-0.3928706798  
-0.5328430398  
-1.380657939  
-3.067800107  
-5.456335444  
-8.167064311  
-10.67749358  
-12.46143023  
-13.13028566  
-12.53636493  
-10.81030722  
-8.324411515  
-5.594935897  
-3.152970353  
-1.42061719  
-0.6251779096  
-0.7707234032  
-1.668456036  
-3.010284477  
-4.45937617  
-5.729725771  
-6.634008906  
-7.091988984  
-7.105849817  
-6.71920766  
-5.979944608  
-4.922691125  
-3.576718251  
-1.993195908  
-0.276585347  
1.398131502  
2.796368123  
3.666788667  
3.807210899  
3.134238024  
1.732749316  
-0.1349722895  
-2.069816281  
-3.620364681  
-4.391116  
-4.145025002  
-2.870406811  
-0.7909299659  
1.686969528  
4.076913146  
5.938235039  
6.989694116  
7.17910401  
6.688896958  
5.875755956  
5.161353669  
4.905271314  
5.296214609  
6.292402859  
7.627795371  
8.882160256  
9.595080361  
9.392184095  
8.089258886  
5.746880887  
2.662563427  
-0.6954305394  
-3.793441358  
-6.148865419  
-7.429032123  
-7.51086559  
-6.491528652  
-4.653266116  
-2.395838851  
-0.1550336931  
1.67477648  
2.800925225  
3.069102246  
2.475804977  
1.159554869  
-0.6252441866  
-2.54858704  
-4.25655955  
-5.430674507  
-5.848066304  
-5.431990031  
-4.279498977  
-2.654247361  
-0.9383528395  
0.4524577137  
1.174017317  
1.052925064  
0.1500458949  
-1.235802729  
-2.63349738  
-3.523924288  
-3.492385238  
-2.365715703  
-0.2901848673  
2.280234954  
4.690717359  
6.263790977  
6.500491033  
5.244535367  
2.75614699  
-0.3337735913  
-3.183370643  
-4.971861262  
-5.137408156  
-3.548907636  
-0.5567315833  
3.097482577  
6.488951782  
8.775438289  
9.440509264  
8.439415908  
6.201574089  
3.487813832  
1.146275625  
-0.1565933004  
-0.1449158131  
0.9843581359  
2.632137545  
3.998130636  
4.34726541  
3.255452292  
0.7550691843  
-2.667042226  
-6.218367793  
-9.047944834  
-10.51181816  
-10.37096059  
-8.858513592  
-6.596226477  
-4.389364885  
-2.968509786  
-2.762798346  
-3.777191908  
-5.610524895  
-7.603804054  
-9.065401797  
-9.495867786  
-8.737616318  
-7.002611132  
-4.774100439  
-2.621740214  
-0.9980110458  
-0.08817450391  
0.2348938015  
0.338177979  
0.6677897329  
1.560695389  
3.098825368  
5.059691781  
6.982665597  
8.32833783  
8.674706786  
7.880237904  
6.154807798  
4.011316392  
2.11218907  
1.061435836  
1.211918922  
2.552260455  
4.710653888  
7.073098567  
8.975305702  
9.903732421  
9.639920269  
8.303408337  
6.284207632  
4.093426163  
2.187116196  
0.8248013975  
0.00915756063  
-0.4773676802  
-0.9579759327  
-1.714647807  
-2.863970437  
-4.300064031  
-5.723059326  
-6.740151689  
-7.000848517  
-6.317514212  
-4.729868814  
-2.494095115  
-0.004951869358  
2.317586199  
4.135642408  
5.259086279  
5.65283398  
5.39294132  
4.597922064  
3.368960398  
1.765480271  
-0.1757140376  
-2.390945816  
-4.738458838  
-6.976879625  
-8.793187127  
-9.878656232  
-10.02852637  
-9.226967385  
-7.679572391  
-5.772331834  
-3.963041359  
-2.638477763  
-1.987339188  
-1.937615492  
-2.186584309  
-2.318698117  
-1.97271865  
-0.997775763  
0.4626057833  
1.996931696  
3.062369719  
3.189698886  
2.185373664  
0.254318284  
-2.010537627  
-3.782079369  
-4.255455404  
-2.92639046  
0.2035928775  
4.571813182  
9.179564323  
12.86884473  
14.66886621  
14.10265647  
11.35200628  
7.221438111  
2.905782309  
-0.3696806268  
-1.724138765  
-0.8916288483  
1.7007169  
5.072800577  
8.005662132  
9.428623425  
8.754862535  
6.058088254  
2.035406318  
-2.228398132  
-5.615391012  
-7.330597594  
-7.144039738  
-5.442858832  
-3.081691118  
-1.086036921  
-0.3103149699  
-1.164128149  
-3.494245561  
-6.655290111  
-9.738389704  
-11.87581637  
-12.51767232  
-11.59054341  
-9.491587693  
-6.92910712  
-4.671687282  
-3.295665051  
-3.01613692  
-3.653036852  
-4.73401312  
-5.687964741  
-6.05401019  
-5.629931617  
-4.510656034  
-3.010752521  
-1.508496041  
-0.2771548317  
0.628375639  
1.384765139  
2.308457543  
3.695584487  
5.657804156  
8.021508807  
10.33556631  
11.99302392  
12.42934573  
11.32972365  
8.771376423  
5.246745138  
1.552872434  
-1.42233214  
-2.950777975  
-2.672365893  
-0.6946214278  
2.446789166  
5.952071481  
8.991621556  
10.93567282  
11.50873071  
10.82564092  
9.30657738  
7.507366985  
5.926711204  
4.854856743  
4.309553477  
4.07225288  
3.802429517  
3.182980474  
2.042821872  
0.4152289244  
-1.483382504  
-3.339878602  
-4.859259619  
-5.863662131  
-6.340306139  
-6.424618133  
-6.329893358  
-6.254219354  
-6.30213355  
-6.450647137  
-6.570699278  
-6.493051434  
-6.090773124  
-5.344891042  
-4.367165568  
-3.371169277  
-2.602850805  
-2.257084608  
-2.411498291  
-3.001711077  
-3.845988996  
-4.708695117  
-5.377786284  
-5.727373798  
-5.7432424  
-5.504400246  
-5.131046406  
-4.722147452  
-4.309168163  
-3.845264737  
-3.234319221  
-2.387597387  
-1.283932191  
-0.006952209093  
1.258862388  
2.275880167  
2.829987042  
2.809195741  
2.254652238  
1.363061658  
0.4361515174  
-0.2083849931  
-0.3359064908  
0.1291657838  
1.076219423  
2.240002428  
3.281158113  
3.889928231  
3.879951724  
3.242961304  
2.148636123  
0.8919361234  
-0.1932097776  
-0.8256277416  
-0.8461516693  
-0.2459358953  
0.8499784063  
2.233242377  
3.676889177  
4.992442873  
6.063570299  
6.850749069  
7.372108863  
7.672699872  
7.795806591  
7.76600363  
7.586633552  
7.247801562  
6.737460928  
6.048800075  
5.181352554  
4.138189342  
2.92485736  
1.555379531  
0.06652519432  
-1.464268752  
-2.906830096  
-4.082515822  
-4.791238384  
-4.859453776  
-4.197807782  
-2.850258053  
-1.015464774  
0.9725339956  
2.705472209  
3.791028558  
3.948283397  
3.080909934  
1.305747892  
-1.072826368  
-3.635795789  
-5.948450797  
-7.656651172  
-8.553779322  
-8.602505729  
-7.911036596  
-6.678119618  
-5.129677064  
-3.4695191  
-1.85784177  
-0.4178282556  
0.7417861437  
1.506877152  
1.7573222  
1.392298224  
0.3745313278  
-1.224899738  
-3.203850148  
-5.245711385  
-6.978951827  
-8.066253753  
-8.296322808  
-7.646927946  
-6.294859161  
-4.565570069  
-2.836402388  
-1.424741228  
-0.499372232  
-0.04639089825  
0.09798020084  
0.1598523116  
0.3188431962  
0.6209472123  
0.9497745468  
1.07201286  
0.7445631595  
-0.1548122025  
-1.524563117  
-3.009977548  
-4.070016333  
-4.129230093  
-2.770886473  
0.09233182289  
4.132406163  
8.643810699  
12.70526306  
15.42399865  
16.19078436  
14.86587103  
11.83408906  
7.906426005  
4.093455906  
1.317266473  
0.1492311735  
0.6539923175  
2.38714314  
4.545917087  
6.22430723  
6.692040193  
5.610930226  
3.124013109  
-0.2051619518  
-3.577721218  
-6.205658898  
-7.539321813  
-7.406862131  
-6.028645104  
-3.912238424  
-1.671870826  
0.1626201467  
1.284374458  
1.656037108  
1.459884015  
0.9813313121  
0.47662385  
0.0765281791  
-0.2403061645  
-0.6004203607  
-1.140828253  
-1.91069903  
-2.814091263  
-3.621093061  
-4.046563969  
-3.867581782  
-3.033469767  
-1.722655649  
-0.31869698  
0.6929669756  
0.876247018  
-0.006787676432  
-1.901331711  
-4.45409152  
-7.101212968  
-9.222804441  
-10.31441132  
-10.12028997  
-8.687048681  
-6.32389172  
-3.487681563  
-0.6357122692  
1.90187251  
3.987698118  
5.662920965  
7.065301253  
8.316508443  
9.426076104  
10.25211306  
10.53644617  
10.00288524  
8.482300864  
6.016423671  
2.898062577  
-0.3730511663  
-3.210086349  
-5.098762203  
-5.745793915  
-5.167291174  
-3.687083356  
-1.843885591  
-0.2355286623  
0.6517874145  
0.5773577598  
-0.3960283339  
-1.934149319  
-3.539413765  
-4.69866053  
-5.024866264  
-4.352482694  
-2.763629304  
-0.545458769  
1.900631248  
4.165611318  
