1.031986956  
3.215651228  
5.324366486  
7.144856178  
8.402253492  
8.822630026  
8.217883029  
6.563358973  
4.038651694  
1.012977004  
-2.02556744  
-4.578975919  
-6.255577952  
-6.859659805  
-6.428554705  
-5.207336147  
-3.570170115  
-1.912837498  
-0.548447114  
0.3642590761  
0.8417966436  
1.043790018  
1.201061213  
1.527811613  
2.144633425  
3.034199256  
4.040912244  
4.91299155  
5.374217006  
5.205393017  
4.313943312  
2.773652782  
0.8239271214  
-1.17265304  
-2.806372469  
-3.714187234  
-3.67066746  
-2.654630885  
-0.8734598864  
1.265002279  
3.231843785  
4.494018022  
4.643849284  
3.509709099  
1.217391435  
-1.818860464  
-4.980071222  
-7.585332177  
-9.059970263  
-9.085076575  
-7.685994674  
-5.231559002  
-2.339839853  
0.2868775216  
2.053102448  
2.632477543  
2.053207032  
0.6796518635  
-0.9060439928  
-2.087889453  
-2.410076557  
-1.721560953  
-0.2259053721  
1.579877526  
3.059318214  
3.635901462  
2.976159883  
1.099788804  
-1.616715347  
-4.542841647  
-6.970029257  
-8.305614517  
-8.225777724  
-6.743706584  
-4.178134945  
-1.039600143  
2.123009384  
4.863682126  
6.925007369  
8.248161473  
8.915648671  
9.059083048  
8.774686616  
8.082714955  
6.946484739  
5.340227339  
3.332850385  
1.145631077  
-0.8501874469  
-2.207495403  
-2.531930217  
-1.623439439  
0.4210709393  
3.187368989  
6.02377157  
8.205249245  
9.135048982  
8.520650024  
6.465641313  
3.443935026  
0.1604438576  
-2.660040073  
-4.489079986  
-5.14608486  
-4.835388631  
-4.05652288  
-3.417375175  
-3.412697438  
-4.242658233  
-5.733412032  
-7.387991686  
-8.552308963  
-8.642111722  
-7.355601591  
-4.80011192  
-1.488603924  
1.795950322  
4.227364987  
5.183487235  
4.436411253  
2.226260476  
-0.8039924231  
-3.791839152  
-5.899929254  
-6.548197423  
-5.565788751  
-3.222175838  
-0.134849039  
2.912257555  
5.181606291  
6.163913133  
5.681604183  
3.894577854  
1.219789738  
-1.800186393  
-4.634916588  
-6.871423343  
-8.265674034  
-8.740337065  
-8.346098233  
-7.211570892  
-5.503350506  
-3.406369981  
-1.121192578  
1.134617847  
3.135419509  
4.67427824  
5.603842635  
5.876764807  
5.566758891  
4.855674269  
3.984071294  
3.178053875  
2.57701713  
2.190230725  
1.902194039  
1.529687215  
0.9131678825  
0.009466348995  
-1.051849328  
-1.976469441  
-2.384285421  
-1.939628635  
-0.491121616  
1.82932097  
4.590388798  
7.145707803  
8.803134245  
9.032642508  
7.648793296  
4.906065106  
1.468386803  
-1.748514677  
-3.823223722  
-4.094540258  
-2.368665594  
0.9965462182  
5.160087537  
9.004388516  
11.42468846  
11.62125777  
9.313653058  
4.818862331  
-1.025663893  
-7.069634363  
-12.1290118  
-15.26106051  
-15.96574789  
-14.2686502  
-10.67553171  
-6.022835367  
-1.271797386  
2.698681003  
5.253830937  
6.092328291  
5.258501245  
3.091283652  
0.1333170674  
-2.976137851  
-5.606883723  
-7.232200471  
-7.507006288  
-6.325253973  
-3.848921129  
-0.4981807091  
3.106419064  
6.251053461  
8.272677836  
8.712542211  
7.440832656  
4.713777017  
1.136987591  
-2.467179141  
-5.261716472  
-6.615460614  
-6.279618356  
-4.465445314  
-1.793721346  
0.8761122341  
2.691974649  
3.059589981  
1.822059572  
-0.6877905025  
-3.741064763  
-6.426606985  
-7.921246869  
-7.734396007  
-5.852034274  
-2.736211196  
0.8187818787  
3.927463051  
5.875384695  
6.320789928  
5.374584346  
3.53745876  
1.518963785  
0.0005120174451  
-0.5796051719  
-0.1507938558  
0.9922232505  
2.312358799  
3.227716534  
3.314760654  
2.448745069  
0.8366358204  
-1.064378222  
-2.710654954  
-3.659189735  
-3.71305516  
-2.976556459  
-1.803992991  
-0.6629472535  
0.03816930001  
0.09759504294  
-0.4079181468  
-1.150360271  
-1.665988092  
-1.518710795  
-0.455788444  
1.495490411  
4.020469136  
6.599117944  
8.648729246  
9.680940189  
9.425419752  
7.886807252  
5.325443492  
2.176937014  
-1.057591036  
-3.9149013  
-6.039942135  
-7.213303921  
-7.343737121  
-6.444820888  
-4.615850674  
-2.037943502  
1.017517474  
4.183375761  
7.013914606  
9.038476666  
9.850367523  
9.211951293  
7.143475859  
3.960706706  
0.2374538416  
-3.308914467  
-5.984919274  
-7.296788621  
-7.082488719  
-5.557361002  
-3.255292477  
-0.8790615759  
0.8973658559  
1.61577547  
1.153522336  
-0.2594790823  
-2.129807092  
-3.865414961  
-4.962576216  
-5.155336253  
-5.099954398  
-4.456240715  
-4.056518056  
-4.31475643  
-5.375939638  
-7.049625601  
-8.850081576  
-10.13572141  
-10.308506  
-9.013030267  
-6.272599287  
-2.516815163  
1.512520619  
4.953332113  
7.058475649  
7.405355185  
6.017656624  
3.36252883  
0.2233960127  
-2.514634567  
-4.104446942  
-4.132845568  
-2.618186467  
0.01475689249  
3.070513683  
5.785411002  
7.535493666  
7.990230235  
7.171717576  
5.409623477  
3.213840219  
1.109946195  
-0.509548605  
-1.474316771  
-1.844043809  
-1.841020686  
-1.737525902  
-1.740775454  
-1.916158715  
-2.173891901  
-2.320768369  
-2.155411239  
-1.570129905  
-0.6201236085  
0.4679591946  
1.355007125  
1.698938265  
1.27903353  
0.09207656275  
-1.615665321  
-3.397360987  
-4.726377843  
-5.155633684  
-4.467465874  
-2.765648755  
-0.4760802417  
1.751180802  
3.215937895  
3.370893446  
1.99509191  
-0.7151595017  
-4.16915022  
-7.517600774  
-9.867605543  
-10.51845909  
-9.152153024  
-5.923449121  
-1.422268322  
3.482529365  
7.874240192  
11.02831775  
12.59214951  
12.65292914  
11.67503734  
10.3274  
9.254494896  
8.861941422  
9.183264746  
9.869648746  
10.3065951  
9.821892212  
7.92051911  
4.472929989  
-0.2032624453  
-5.39591468  
-10.17206531  
-13.62240841  
-15.10470741  
-14.41481071  
-11.83637832  
-8.05730727  
-3.980749829  
-0.4888177163  
1.771525686  
2.521351784  
1.870566578  
0.2319633015  
-1.833917742  
-3.787764679  
-5.240514361  
-6.008206802  
-6.088056772  
-5.580131089  
-4.596677939  
-3.201857102  
-1.408159579  
0.7707574042  
3.23776319  
5.743473244  
7.872793027  
9.109809518  
8.973862956  
7.188969891  
3.829164579  
-0.6178913718  
-5.305965185  
-9.204726433  
-11.35438113  
-11.13086139  
-8.442025633  
-3.790590046  
1.823852241  
7.144026886  
10.97257525  
12.47984686  
11.41471928  
8.158581018  
3.608193612  
-1.077155616  
-4.790027731  
-6.760686592  
-6.735540143  
-5.003581297  
-2.272347335  
0.561442083  
2.673707498  
3.530022869  
2.999669932  
1.343824796  
-0.9055715409  
-3.128653603  
-4.800838479  
-5.621693387  
-5.557853302  
-4.799074422  
-3.65435388  
-2.430991728  
-1.339611752  
-0.4537738719  
0.2698781049  
0.9273518157  
1.589877132  
2.246380645  
2.788976736  
3.046840826  
2.855157605  
2.132785714  
0.9391367314  
-0.5119230264  
-1.888610863  
-2.818909998  
-2.986914167  
-2.219819569  
-0.540945183  
1.82538832  
4.497456427  
7.015806419  
8.938604079  
9.930270618  
9.825073432  
8.654765657  
6.637896279  
4.135814623  
1.585108614  
-0.5812866823  
-2.011645247  
-2.499517536  
-2.023659665  
-0.7556399196  
0.9688462553  
2.712959517  
4.02661826  
4.542970866  
4.062518077  
2.604061785  
0.4075430758  
-2.115375333  
-4.473538989  
-6.209792134  
-7.007019408  
-6.758898689  
-5.586470675  
-3.796678437  
-1.795559992  
0.01817016547  
1.348109474  
2.057027785  
2.171456066  
1.836819078  
1.241651064  
0.5387654088  
-0.2087576666  
-1.03842919  
-2.053298483  
-3.354807194  
-4.969107316  
-6.795481157  
-8.598590306  
-10.05177003  
-10.82114054  
-10.66578314  
-9.522263539  
-7.545144145  
-5.08741591  
-2.622658057  
-0.6283593844  
0.5379079943  
0.7348130256  
0.07843141989  
-1.084424682  
-2.264888273  
-2.960037676  
-2.786932042  
-1.587733289  
0.5215582842  
3.171789204  
5.826324333  
7.911054733  
8.957121853  
8.721401936  
7.254759195  
4.900200508  
2.219363379  
-0.1369885065  
-1.58488782  
-1.752340485  
-0.5775454865  
1.666326315  
4.429434548  
7.015959189  
8.757343647  
9.185482174  
8.160608926  
5.917800659  
3.015678169  
0.1963644819  
-1.809447946  
-2.481356789  
-1.657289041  
0.4125846175  
3.124858327  
5.682417877  
7.312858872  
7.485730513  
6.066780033  
3.363641209  
0.04753451104  
-3.028871705  
-5.066840222  
-5.543326912  
-4.355614098  
-1.847245832  
1.291669265  
4.220208904  
6.180993633  
6.705112365  
5.729260731  
3.593550641  
0.9241550632  
-1.561411654  
-3.267056083  
-3.886204983  
-3.477961963  
-2.432645132  
-1.341079208  
-0.8092941001  
-1.274003889  
-2.871359816  
-5.393562734  
-8.341528843  
-11.05495957  
-12.88162936  
-13.34028295  
-12.23683942  
-9.708864623  
-6.192899469  
-2.327636339  
1.181497687  
3.705745413  
4.816036657  
4.364300606  
2.510975836  
-0.3040617607  
-3.441750653  
-6.182773487  
-7.866620038  
-8.027403666  
-6.500624365  
-3.476633821  
0.5163797021  
4.704280728  
8.221404685  
10.29822672  
10.44078415  
8.557584696  
4.998601233  
0.4908848454  
-4.018648017  
-7.577234134  
-9.44422918  
-9.257283727  
-7.103861154  
-3.480745917  
0.8450727441  
5.033736676  
8.372639973  
10.42550382  
11.09385974  
10.58207976  
9.286042318  
7.646674897  
6.016761709  
4.580639214  
3.34558997  
2.198285759  
0.9982430545  
-0.3300114377  
-1.740777649  
-3.066150763  
-4.067956726  
-4.521175939  
-4.296859131  
-3.414081655  
-2.042918872  
-0.4587484365  
1.034630509  
2.185614314  
2.85226368  
3.020038877  
2.778754374  
2.272483634  
1.644420103  
0.9978964613  
0.3855936401  
-0.1742684711  
-0.667724902  
-1.059134321  
-1.284755351  
-1.270879196  
-0.9690458042  
-0.3912632079  
0.3737883237  
1.175798214  
1.848078436  
2.267717759  
2.406154537  
2.346297214  
2.253279421  
2.30397089  
2.59868681  
3.089557492  
3.558572037  
3.663341562  
3.044586955  
1.464490192  
-1.071182479  
-4.254917936  
-7.513940137  
-10.14205426  
-11.49406927  
-11.18490897  
-9.228126064  
-6.063200035  
-2.453959542  
0.7182206642  
2.706844697  
3.120571696  
2.040292239  
-0.007498555834  
-2.216597273  
-3.756736633  
-4.039370746  
-2.909163333  
-0.6993551807  
1.867783504  
3.904615971  
4.635333383  
3.639168952  
0.983644691  
-2.792106503  
-6.835330416  
-10.2256019  
-12.22901134  
-12.48144787  
-11.04834773  
-8.351334381  
-4.996496204  
-1.569837098  
1.527925337  
4.153619477  
6.384180215  
8.394173977  
10.30386082  
12.06295807  
13.42013441  
13.99423659  
13.42283362  
11.5318239  
8.458480399  
4.674118336  
0.8870867422  
-2.149915035  
-3.867538231  
-4.065194101  
-2.986992764  
-1.255176669  
0.3246350492  
1.027762524  
0.4593748277  
-1.295421286  
-3.674416228  
-5.799760496  
-6.75218046  
-5.874040777  
-3.005588384  
1.422589756  
6.474378191  
10.9491158  
13.70930368  
13.99848929  
11.65557204  
7.163041006  
1.516510647  
-4.044263832  
-8.363240744  
-10.66044168  
-10.70825462  
-8.848047729  
-5.851567671  
-2.675802133  
-0.1874854515  
1.063056407  
0.958987187  
-0.1988893494  
-1.824710994  
-3.248549858  
-3.922250846  
-3.571020314  
-2.252907782  
-0.3184093761  
1.708405054  
3.285845582  
4.000502995  
3.664269638  
2.342050855  
0.3116371217  
-2.024402249  
-4.244660058  
-6.002326314  
-7.084244759  
-7.426878464  
-7.093949032  
-6.230120089  
-5.008829108  
-3.590031259  
-2.097022371  
-0.6135254258  
0.8046509917  
2.112661711  
3.263572101  
4.205044186  
4.886753028  
5.274762971  
5.366172528  
5.196984336  
4.83843235  
4.381065083  
3.91041772  
3.481582374  
3.101268423  
2.724386851  
2.268184125  
1.641391222  
0.7806185067  
-0.3171549572  
-1.577204424  
-2.852318992  
-3.951775806  
-4.68739351  
-4.923907077  
-4.61818487  
-3.834161133  
-2.727228267  
-1.501454949  
-0.3522285115  
0.5874697693  
1.279211041  
1.778369957  
2.200219126  
2.664479391  
3.238402693  
3.900079722  
4.537325215  
4.984824502  
5.087548884  
4.767054789  
4.063877223  
3.135834348  
2.207319428  
1.48346017  
1.058760259  
0.856129856  
0.6255080017  
0.01276859424  
-1.315449042  
-3.528190491  
-6.517397003  
-9.861231475  
-12.88817635  
-14.8347931  
-15.05732629  
-13.23484325  
-9.498219082  
-4.437497426  
1.024267029  
5.860604284  
9.209831317  
10.60159982  
10.07157835  
8.127441647  
5.575997259  
3.265860993  
1.827965199  
1.497120603  
2.071203292  
3.01851562  
3.693833363  
3.586697  
2.514523832  
0.6924396591  
-1.344936113  
-2.941823572  
-3.568232698  
-3.025166661  
-1.530911715  
0.3474160433  
1.897288016  
2.529039966  
2.012014704  
0.5887186495  
-1.083042957  
-2.150242402  
-1.877966029  
0.05076931783  
3.357298933  
7.184231817  
10.3162239  
11.54419117  
10.06029893  
5.754593677  
-0.6893580827  
-7.940839788  
-14.37397733  
-18.52145633  
-19.49089394  
-17.2143856  
-12.45332228  
-6.557876192  
-1.05792677  
2.785205977  
4.326625025  
3.680558304  
1.621287133  
-0.7159182654  
-2.229176179  
-2.208321265  
-0.5429395416  
2.279776948  
5.375217753  
7.782212613  
8.790633145  
8.165162259  
6.195496537  
3.565855762  
1.099127945  
-0.5287902518  
-1.003607989  
-0.4457395093  
0.6747955214  
1.741104692  
2.229073521  
1.894077055  
0.8388586088  
-0.5559436096  
-1.80457018  
-2.520001123  
-2.566846094  
-2.102912043  
-1.493869752  
-1.136036059  
-1.259627313  
-1.794498501  
-2.35838951  
-2.381838172  
-1.330837447  
1.051998715  
4.579463217  
8.595573053  
12.11774994  
14.10971582  
13.80124703  
10.95044041  
5.958882821  
-0.2039882465  
-6.24955529  
-10.91750182  
-13.31566412  
-13.14864387  
-10.76813295  
-7.035685214  
-3.047816644  
0.1856756167  
2.009517027  
2.259727547  
1.239501191  
-0.4416361327  
-2.099068985  
-3.19199594  
-3.460235571  
-2.945249481  
-1.906288052  
-0.6789738661  
0.4607739907  
1.374447143  
2.056964843  
2.564724393  
2.91871809  
3.035585022  
2.726383203  
1.772030774  
0.04850892817  
-2.351292172  
-5.057669903  
-7.465952397  
-8.883110305  
-8.74056416  
-6.804163928  
-3.305096668  
1.063998256  
5.301247133  
8.359628622  
9.446019741  
8.261951564  
5.107295087  
0.8092861547  
-3.505906445  
-6.731544363  
-8.092126259  
-7.354032944  
-4.872672085  
-1.465455376  
1.845776203  
4.140381927  
4.858366585  
3.93803037  
1.797789493  
-0.8217075952  
-3.096980955  
-4.363559613  
-4.286936703  
-2.91803462  
-0.629066963  
2.036167575  
4.540162493  
6.4982131  
7.75183156  
8.357006796  
8.505531136  
8.417908471  
8.250659469  
8.04940971  
7.757779485  
7.269866435  
6.498953488  
5.432377239  
4.151363665  
2.810890652  
1.590866079  
0.639871066  
0.0331893883  
-0.2415517399  
-0.2704064892  
-0.181424486  
-0.11102583  
-0.1815970547  
-0.4949354334  
-1.136197388  
-2.176706178  
-3.664511462  
-5.599054869  
-7.897263867  
-10.36753676  
-12.71053563  
-14.55896318  
-15.55440267  
-15.44285691  
-14.15869764  
-11.86514107  
-8.930168185  
-5.837393778  
-3.054820275  
-0.9020285919  
0.5391754069  
1.437201815  
2.137430306  
3.024251593  
4.363643847  
6.181242724  
8.221454536  
10.007174  
10.98530013  
10.7125306  
9.0197761  
6.098245054  
2.474768267  
-1.119605353  
-3.948000616  
-5.470524916  
-5.487194952  
-4.176852839  
-2.022719921  
0.3471037908  
2.348794732  
3.598835483  
3.98867993  
3.660739901  
2.904068987  
2.015723522  
1.183291177  
0.4325315368  
-0.3437916534  
-1.293097328  
-2.489331069  
-3.850117395  
-5.124208495  
-5.960312608  
-6.034755302  
-5.189542866  
-3.524678321  
-1.402768062  
0.6447561153  
2.08315918  
2.555931815  
2.016863279  
0.7615996653  
-0.6584342491  
-1.614975005  
-1.615300118  
-0.4742505629  
1.616114996  
4.146666577  
6.462940232  
7.989902995  
8.430568712  
7.866609932  
6.722489473  
5.602574075  
5.056845359  
5.35823563  
6.373459642  
7.578786464  
8.222813065  
7.586564282  
5.255309251  
1.309022806  
-3.637414038  
-8.565189177  
-12.31870351  
-13.92891967  
-12.89386202  
-9.330303927  
-3.951416454  
2.120361512  
7.64584162  
11.57782932  
13.29677832  
12.71194899  
10.21217826  
6.497584702  
2.356674752  
-1.537458389  
-4.75412404  
-7.130873498  
-8.711668845  
-9.639130682  
-10.0522491  
-10.02987681  
-9.594925718  
-8.765209361  
-7.616458433  
-6.318845291  
-5.121636012  
-4.285244049  
-3.985545154  
-4.23102302  
-4.832049286  
-5.443540519  
-5.673765426  
-5.224472133  
-4.011743743  
-2.220023548  
-0.2633336963  
1.339438329  
2.136101384  
1.901155361  
0.7268494839  
-0.9899619612  
-2.664893448  
-3.710078582  
-3.723771257  
-2.620830332  
-0.6589679686  
1.648621756  
3.704319705  
5.021863425  
5.379655215  
4.879826632  
3.894936794  
2.923973707  
2.410997268  
2.591948111  
3.42363639  
4.61794729  
5.765359541  
6.499121717  
6.636972233  
6.246381313  
5.608596293  
5.095505523  
5.007122805  
5.433561607  
6.197633659  
6.904852447  
7.087261085  
6.390885675  
4.737266961  
2.395338236  
-0.07053255991  
-1.967100199  
-2.702064787  
-2.000229185  
-0.02957508889  
2.611865995  
5.052122704  
6.399957726  
6.01917987  
3.734853865  
-0.0961066712  
-4.67460068  
-8.982626603  
-12.07094458  
-13.32195772  
-12.6078433  
-10.29884489  
-7.125251054  
-3.942591353  
-1.477934679  
-0.1370651383  
0.07182884311  
-0.5164686523  
-1.380563719  
-2.009969749  
-2.07413645  
-1.508532132  
-0.496278687  
0.6377957946  
1.573733487  
2.125197958  
2.302142181  
2.286643532  
2.335132764  
2.648278488  
3.261680818  
4.002294568  
4.530544917  
4.455702694  
3.484268185  
1.547699329  
-1.138073447  
-4.105901634  
-6.756037432  
-8.523287197  
-9.039148611  
-8.236988904  
-6.367518691  
-3.92149544  
-1.486538192  
0.4150998224  
1.4573212  
1.572365053  
0.9319049957  
-0.1381453097  
-1.274150037  
-2.181069761  
-2.695380507  
-2.790728271  
-2.535000075  
-2.024705366  
-1.328466992  
-0.4643067367  
0.5812647516  
1.803632044  
3.125503879  
4.366489229  
5.257296432  
5.501603516  
4.868963961  
3.287875364  
0.9048830748  
-1.915112651  
-4.653454513  
-6.751725728  
-7.742932904  
-7.361674115  
-5.601977918  
-2.70860713  
0.891158496  
4.690481259  
8.207604336  
11.0627719  
13.01156374  
13.93669588  
13.81529956  
12.68542876  
10.63121901  
7.793345894  
4.395497736  
0.7656408988  
-2.671693509  
-5.446956403  
-7.138410801  
-7.484097118  
-6.477025098  
-4.405981417  
-1.816993567  
0.6057217809  
2.212996635  
2.570357671  
1.588923373  
-0.4369340842  
-2.903307157  
-5.065716681  
-6.256135495  
-6.083415732  
-4.555168464  
-2.081742665  
0.6410841388  
2.836315591  
3.874908033  
3.459932652  
1.709785596  
-0.8835715324  
-3.606078345  
-5.733538167  
-6.737090724  
-6.419442696  
-4.94325485  
-2.749091773  
-0.3959907651  
1.61886003  
3.00097748  
3.716123493  
3.95136043  
4.000445383  
4.119962476  
4.41109379  
4.770823597  
4.929986336  
4.563358278  
3.430473872  
1.494310145  
-1.027615339  
-3.701489758  
-5.994969426  
-7.436199774  
-7.760546188  
-6.994745821  
-5.448751747  
-3.616632058  
-2.018542989  
-1.035816746  
-0.7936249178  
-1.129856037  
-1.660115369  
-1.916931744  
-1.516919383  
-0.3008554507  
1.599022221  
3.786025744  
5.711250751  
6.834926776  
6.786129902  
5.472145193  
3.106068555  
0.1477798028  
-2.820025825  
-5.240781923  
-6.713519194  
-7.068063117  
-6.370918248  
-4.869351277  
-2.899083003  
-0.7887170908  
1.209812413  
2.948561994  
4.369202106  
5.461846327  
6.219184122  
6.606337654  
6.557825185  
6.000823039  
4.893199529  
3.25959155  
1.210353935  
-1.06457429  
-3.325246229  
-5.324959456  
-6.853610591  
-7.76908685  
-8.010340153  
-7.592859501  
-6.59282732  
-5.128274775  
-3.343546179  
-1.39901582  
0.5366197123  
2.29637922  
3.731219913  
4.732220957  
5.253500185  
5.327226577  
5.062256111  
4.622194507  
4.185836142  
3.900100328  
3.839900991  
3.988645686  
4.247019771  
4.468323756  
4.509193919  
4.278693028  
3.768874726  
3.05627745  
2.274201686  
1.566196836  
1.037964073  
0.7252247875  
0.5886401762  
0.5362190966  
0.4628169225  
0.2897313188  
-0.01218161041  
-0.4250314983  
-0.9096316726  
-1.440967896  
-2.034257508  
-2.744982092  
-3.636785841  
-4.725836757  
-5.923498061  
-7.005116746  
-7.627878101  
-7.40549373  
-6.026524291  
-3.383558707  
0.3300202903  
4.595349604  
8.637091702  
11.57988891  
12.65701835  
11.4156177  
7.858543384  
2.477362081  
-3.83943427  
-10.00290555  
-14.97349004  
-17.9964681  
-18.75918754  
-17.42942855  
-14.56937399  
-10.95600584  
-7.364317815  
-4.377369389  
-2.274639661  
-1.022406105  
-0.3564499184  
0.08051021858  
0.5979045835  
1.359816401  
2.358041732  
3.455341846  
4.473352998  
5.285383872  
5.875578169  
6.341376686  
6.839740879  
7.500083067  
8.3402698  
9.221489814  
9.863694216  
9.921103001  
9.094846631  
7.245499862  
4.466813966  
1.093923393  
-2.359599503  
-5.318734831  
-7.284005684  
-7.948946919  
-7.265639752  
-5.442730649  
-2.88089499  
-0.06811906397  
2.53374067  
4.580941062  
5.89814293  
6.481255881  
6.460768182  
6.042342259  
5.443570052  
4.842074693  
4.343197618  
3.968762593  
3.663893119  
3.317491462  
2.792469857  
1.962484375  
0.7510910606  
-0.8331719312  
-2.675058797  
-4.554262077  
-6.177324205  
-7.23904179  
-7.502144692  
-6.874504634  
-5.458550221  
-3.551417264  
-1.586814172  
-0.02775764303  
0.7623859557  
0.6318876622  
-0.302591513  
-1.678619532  
-2.990217018  
-3.743075764  
-3.616010569  
-2.575827478  
-0.9043806277  
0.8768476356  
2.165869937  
2.475012359  
1.59881041  
-0.3018604739  
-2.730882462  
-4.997650872  
-6.425233823  
-6.560031856  
-5.314881469  
-2.998157474  
-0.2184497178  
2.304585035  
3.961479874  
4.434054408  
3.777965087  
2.381952017  
0.8207554931  
-0.3457062586  
-0.7572619167  
-0.3601062735  
0.5985509744  
1.68144349  
2.434482626  
2.557983059  
2.013971114  
1.032220167  
0.01524823213  
-0.6205746561  
-0.6077206343  
0.06667475755  
1.150987669  
2.218536719  
2.822905677  
2.661567545  
1.687567275  
0.1285379217  
-1.593170102  
-3.008863218  
-3.765007779  
-3.738258921  
-3.062563992  
-2.060480033  
-1.107241805  
-0.4815319474  
-0.2615562853  
-0.3071681865  
-0.3349166013  
-0.05590519824  
0.679451031  
1.79018721  
2.968304596  
3.78211965  
3.844827906  
2.985531248  
1.354762715  
-0.5828282473  
-2.176086261  
-2.797780068  
-2.066927104  
-0.003183542598  
2.946545438  
6.026332802  
8.400316963  
9.417794922  
8.823629064  
6.83940835  
4.083889727  
1.356947139  
-0.6399352773  
-1.549381619  
-1.482216495  
-0.9729286486  
-0.7779416637  
-1.584045037  
-3.728085927  
-7.028103996  
-10.79026193  
-13.99682687  
-15.61819734  
-14.94805116  
-11.85030116  
-6.833924138  
-0.927605816  
4.608102166  
8.639984217  
10.47862151  
10.05292963  
7.891142488  
4.920492431  
2.156244116  
0.3844319086  
-0.05936912732  
0.651177473  
1.946463469  
3.098026809  
3.492004447  
2.843610322  
1.282259432  
-0.7149657523  
-2.510177341  
-3.540141138  
-3.514881941  
-2.510838135  
-0.9302044538  
0.6532510454  
1.702137656  
1.900689844  
1.252064958  
0.05666483099  
-1.215440006  
-2.106972622  
-2.341635702  
-1.91633648  
-1.085641489  
-0.2474108799  
0.2248000725  
0.1377951381  
-0.4366820284  
-1.181746825  
-1.653627888  
-1.455773862  
-0.4050378369  
1.371871189  
3.449355768  
5.221192647  
6.088123487  
5.652128476  
3.851901236  
0.9937998344  
-2.332106272  
-5.422747055  
-7.662926395  
-8.691021352  
-8.477563594  
-7.295450089  
-5.597431784  
-3.84701679  
-2.36276018  
-1.228846587  
-0.2998559892  
0.7061914157  
2.063333888  
3.895928394  
6.092244963  
8.306128476  
10.04862521  
10.84020009  
10.37298382  
8.628338561  
5.909084726  
2.773015746  
-0.1139900105  
-2.161447371  
-3.018788744  
-2.671262413  
-1.438568513  
0.1229292049  
1.384897267  
1.829743696  
1.198165032  
-0.4403749822  
-2.712850646  
-5.054198756  
-6.871367617  
-7.712011746  
-7.389914899  
-6.032751267  
-4.040544788  
-1.968561766  
-0.369224787  
0.3617622375  
0.09204457944  
-1.016850467  
-2.562071992  
-4.018664689  
-4.890496059  
-4.849646673  
-3.824879649  
-2.014963656  
0.1754648788  
2.257402531  
3.799698613  
4.549745528  
4.497275178  
3.863292342  
3.0191742  
2.362197143  
2.187073338  
2.593975991  
3.461720245  
4.493761665  
5.321183231  
5.628291907  
5.259090796  
4.269120753  
2.905397391  
1.521138401  
0.454157217  
-0.08961428052  
-0.107255073  
0.2005916736  
0.5012075701  
0.4500670029  
-0.1805664507  
-1.40876365  
-3.01857771  
-4.61435823  
-5.737542219  
-6.008636016  
-5.248420466  
-3.53920149  
-1.206796985  
1.26982945  
3.391022491  
4.767819257  
5.21133513  
4.755047064  
3.608768175  
2.066245407  
0.4026511859  
-1.201060236  
-2.682718863  
-4.069242513  
-5.410701377  
-6.709640352  
-7.877759612  
-8.739999277  
-9.085988812  
-8.748765248  
-7.678607067  
-5.980475894  
-3.897167528  
-1.741398563  
0.1991544593  
1.748020719  
2.88335782  
3.720279483  
4.43746436  
5.176201253  
5.952954174  
6.623851514  
6.921446228  
6.556600952  
5.351552197  
3.354372356  
0.8869541212  
-1.501118305  
-3.168387957  
-3.569491443  
-2.435821502  
0.1127891186  
3.567752589  
7.150058321  
10.01526692  
11.48336342  
11.22189082  
9.324953539  
6.264528483  
2.732457986  
-0.5726663361  
-3.142371601  
-4.775056504  
-5.578255478  
-5.863213326  
-5.976668047  
-6.136350568  
-6.333919205  
-6.342899674  
-5.829037323  
-4.520805431  
-2.37317386  
0.3425040527  
3.064982233  
5.087120813  
5.775052557  
4.790178379  
2.236119528  
-1.325520382  
-5.004676309  
-7.823510843  
-8.996101622  
-8.160321668  
-5.489027068  
-1.645621563  
2.401682512  
5.648436936  
7.322483672  
7.072584617  
5.025946189  
1.70745934  
-2.142525911  
-5.78572871  
-8.667250874  
-10.50826585  
-11.293322  
-11.17426995  
-10.34067243  
-8.91404537  
-6.908648347  
-4.271081978  
-0.9768817121  
2.86243991  
6.934276914  
10.73902226  
13.69007628  
15.27215639  
15.20498037  
13.55302695  
10.73744248  
7.438242546  
4.412608978  
2.284934132  
1.375412237  
1.622552278  
2.624239081  
3.782858196  
4.505595582  
4.393443006  
3.357421802  
1.626290372  
-0.3525065333  
-2.080816377  
-3.186332796  
-3.54616617  
-3.315866627  
-2.856400863  
-2.587594512  
-2.822164607  
-3.640741845  
-4.853494176  
-6.0632265  
-6.809020693  
-6.740786379  
-5.763528061  
-4.099209076  
-2.241145304  
-0.8114227555  
-0.3643827406  
-1.198013595  
-3.234053771  
-6.007357746  
-8.77194974  
-10.6958593  
-11.08988281  
-9.605198912  
-6.343418757  
-1.847638589  
3.023728449  
7.306694749  
10.16953432  
11.11707688  
10.11002289  
7.570852672  
4.277036048  
1.169813809  
-0.873774661  
-1.25084032  
0.2242673345  
3.275691349  
7.229228218  
11.16706074  
14.13791645  
15.37452739  
14.46899089  
11.46617435  
6.853856712  
1.451829203  
-3.774353424  
-7.931225228  
-10.39511043  
-10.94227122  
-9.780344545  
-7.474534194  
-4.78884432  
-2.484695622  
-1.130303217  
-0.9708029118  
-1.891897799  
-3.483255302  
-5.179666679  
-6.436237398  
-6.885236708  
-6.429260841  
-5.246083235  
-3.708336913  
-2.247570699  
-1.208653871  
-0.7420380408  
-0.7675537348  
-1.018864546  
-1.150673197  
-0.8701246867  
-0.04644141902  
1.238969624  
2.718764804  
4.032600749  
4.854021843  
5.006779537  
4.529613876  
3.666086552  
2.781818042  
2.23654431  
2.254287953  
2.836308673  
3.747666778  
4.584025308  
4.898673045  
4.349586907  
2.819392133  
0.4694540755  
-2.289792627  
-4.903670958  
-6.821331856  
-7.642266006  
-7.218073672  
-5.681241837  
-3.395899856  
-0.8491431805  
1.481780061  
3.246379846  
4.289775622  
4.658557861  
4.549177655  
4.221203842  
3.906141741  
3.740217276  
3.738607863  
3.813313612  
3.822721662  
3.632412343  
3.166045323  
2.431451934  
1.517338102  
0.5661097262  
-0.2650793964  
-0.8417851464  
-1.078592312  
-0.9508194468  
-0.4939968814  
0.2034724089  
1.009583591  
1.758350539  
2.261995893  
2.330001564  
1.797956611  
0.5647001039  
-1.369688007  
-3.877024935  
-6.697955166  
-9.470822055  
-11.7917299  
-13.29452321  
-13.73095338  
-13.0283155  
-11.30634664  
-8.846101077  
-6.017977082  
-3.189208485  
-0.6384311992  
1.496545167  
3.221809686  
4.641354848  
5.878630409  
6.993898359  
7.927996915  
8.495168119  
8.431500731  
7.486370826  
5.528455249  
2.630806166  
-0.8961714671  
-4.540165818  
-7.686360791  
-9.756039965  
-10.34650697  
-9.332601077  
-6.900443728  
-3.503357293  
0.2477483598  
3.7287607  
6.441838861  
8.113266265  
8.726702593  
8.488588949  
7.74188442  
6.857442248  
6.13559563  
5.743507277  
5.699804509  
5.902075938  
6.180367483  
6.354820817  
6.278819035  
5.858502462  
5.050883918  
3.851488863  
2.28491366  
0.4074757316  
-1.678047381  
-3.805119532  
-5.73885281  
-7.197912824  
-7.907874374  
-7.677607101  
-6.47718689  
-4.488946813  
-2.106056948  
0.133762196  
1.671508646  
2.078286503  
1.191761215  
-0.807098648  
-3.408607484  
-5.886855515  
-7.486588032  
-7.635440972  
-6.120074342  
-3.170732334  
0.5774225631  
4.242544782  
6.933648519  
8.001021318  
7.225805676  
4.890144264  
1.70291443  
-1.401320003  
-3.533793281  
-4.11437572  
-3.047296131  
-0.7557508111  
1.93731407  
4.049148319  
4.728329482  
3.511687438  
0.471295933  
-3.791806933  
-8.305212033  
-11.98767384  
-13.94002496  
-13.68094316  
-11.26196133  
-7.23318605  
-2.475497768  
2.046719558  
5.537594978  
7.554365794  
8.076389916  
7.4477334  
6.221036035  
4.958302927  
4.053395797  
3.62963014  
3.538466384  
3.451514086  
3.008659588  
1.969469975  
0.3169671313  
-1.718865478  
-3.722822306  
-5.218636345  
-5.813648686  
-5.317421977  
-3.798049091  
-1.561157506  
0.9385919587  
3.223491663  
4.916531215  
5.826581239  
5.972983721  
5.547673082  
4.832093308  
4.098528328  
3.527532282  
3.16539322  
2.930906186  
2.664595384  
2.200779297  
1.43733895  
0.3806105711  
-0.8478064559  
-2.043031714  
-2.976459518  
-3.46402066  
-3.422523772  
-2.897664548  
-2.055835845  
-1.141976982  
-0.4147921679  
-0.07651386261  
-0.2156836511  
-0.7783647689  
-1.576367219  
-2.332207724  
-2.751441673  
-2.60563745  
-1.805385617  
-0.4434361111  
1.206321774  
2.738465605  
3.706607614  
3.735723798  
2.629173619  
0.4417406131  
-2.503973747  
-5.667610706  
-8.400509835  
-10.09093695  
-10.31009392  
-8.921310238  
-6.122672839  
-2.409832878  
1.533233211  
4.988249406  
7.361945268  
8.30992382  
7.794911405  
6.068085304  
3.58398533  
0.8773948648  
-1.560925659  
-3.375915614  
-4.387075607  
-4.573120055  
-4.018919517  
-2.851775668  
-1.194201717  
0.8497968214  
3.174203947  
5.631571886  
7.999635806  
9.978141228  
11.22878392  
11.45342  
10.48795948  
8.378712301  
5.409055765  
2.057739353  
-1.107752668  
-3.576208554  
-5.033255199  
-5.451896664  
