-5.630448593  
-5.966486403  
-5.422898705  
-3.778390243  
-1.071716439  
2.360781612  
5.935660921  
8.952616705  
10.77049258  
10.97903936  
9.515409283  
6.689326576  
3.107462015  
-0.4823675768  
-3.382629941  
-5.118189427  
-5.540728165  
-4.838495395  
-3.453540468  
-1.936163128  
-0.783632156  
-0.3119215742  
-0.595491276  
-1.486027688  
-2.695013687  
-3.905760024  
-4.874195762  
-5.485747693  
-5.754402292  
-5.772344947  
-5.636332524  
-5.383777361  
-4.965630865  
-4.266999847  
-3.166607337  
-1.610165129  
0.3333473295  
2.457466084  
4.455270769  
5.997325796  
6.824322448  
6.822126262  
6.052939591  
4.731994777  
3.159068532  
1.630206729  
0.3616449416  
-0.5478740038  
-1.105850816  
-1.375170573  
-1.408895306  
-1.202007278  
-0.6844650569  
0.2374836607  
1.606189663  
3.335306536  
5.167453164  
6.694849266  
7.449438356  
7.042245598  
5.309459247  
2.41368509  
-1.142455331  
-4.608244195  
-7.166381607  
-8.156683463  
-7.276271309  
-4.692527232  
-1.027994443  
2.786263839  
5.752047837  
7.072886543  
6.372662865  
3.799552727  
-0.01577803005  
-4.1356666  
-7.572891722  
-9.554623195  
-9.716768416  
-8.174998813  
-5.456850372  
-2.320994473  
0.4776986802  
2.405200245  
3.284102556  
3.312281691  
2.965517945  
2.819731312  
3.35048795  
4.770754071  
6.953046241  
9.454609305  
11.63352958  
12.81886394  
12.48594213  
10.39074839  
6.632551597  
1.635511735  
-3.938966368  
-9.322694836  
-13.7819741  
-16.74089817  
-17.86692801  
-17.10972708  
-14.69362905  
-11.07017694  
-6.840309142  
-2.657218719  
0.8777108897  
3.31177467  
4.414963879  
4.216046532  
2.98989863  
1.193939681  
-0.6366388489  
-2.013248849  
-2.608347278  
-2.329842091  
-1.333902836  
0.02944670306  
1.324315917  
2.160327232  
2.308958889  
1.769711897  
0.7655850244  
-0.3310839924  
-1.119394987  
-1.299217104  
-0.7679623644  
0.34602261  
1.723940199  
2.95745222  
3.67710376  
3.66671233  
2.927371499  
1.671830915  
0.2532542559  
-0.9462133773  
-1.629252948  
-1.662439521  
-1.096797321  
-0.1269891679  
0.9924337772  
2.041396082  
2.904857903  
3.595565329  
4.223625943  
4.927587625  
5.795689113  
6.808919563  
7.828507759  
8.632964932  
8.990596242  
8.739641861  
7.845281233  
6.411631391  
4.644391532  
2.77910729  
1.003755422  
-0.5931491375  
-2.027552821  
-3.37551464  
-4.697741437  
-5.96572428  
-7.024263061  
-7.61320265  
-7.448970908  
-6.341792889  
-4.306732312  
-1.623334618  
1.187849407  
3.476768411  
4.636875776  
4.288218693  
2.410341786  
-0.6238456849  
-4.132595064  
-7.309472857  
-9.453974195  
-10.17700463  
-9.514235275  
-7.907720839  
-6.057946082  
-4.691260983  
-4.316915716  
-5.053491428  
-6.583483018  
-8.253708447  
-9.291082428  
-9.06429277  
-7.305236245  
-4.215866297  
-0.422923967  
3.207068177  
5.833662995  
6.902995142  
6.317857501  
4.461825355  
2.070142582  
-0.009175077894  
-1.084378104  
-0.8302249984  
0.6288439022  
2.787142399  
4.950591995  
6.484759833  
7.030911135  
6.615281773  
5.615175858  
4.596418516  
4.082645307  
4.341364896  
5.266311391  
6.401705674  
7.103441778  
6.782459498  
5.144380249  
2.337968759  
-1.045552713  
-4.129806031  
-6.020065107  
-6.09294739  
-4.211797749  
-0.793047582  
3.302558235  
7.021785507  
9.433436637  
10.00351349  
8.741513489  
6.170978724  
3.136085611  
0.5106356484  
-1.091815711  
-1.509210281  
-1.060206636  
-0.4034565996  
-0.277094077  
-1.209424005  
-3.301671055  
-6.159248146  
-8.9977356  
-10.89055051  
-11.07728366  
-9.230746526  
-5.593834858  
-0.9396962117  
3.633982935  
7.012570404  
8.378314128  
7.434482719  
4.47431753  
0.2794582619  
-4.114334034  
-7.70762525  
-9.794861644  
-10.11609732  
-8.868133276  
-6.586322154  
-3.947095696  
-1.560345664  
0.1840198297  
1.176294758  
1.550014474  
1.57607756  
1.53481972  
1.612984492  
1.856217361  
2.182879375  
2.441599774  
2.481880193  
2.207768923  
1.597384643  
0.689167991  
-0.4490674577  
-1.746287394  
-3.133114322  
-4.522854466  
-5.781552567  
-6.70959961  
-7.056029502  
-6.573994184  
-5.106682519  
-2.67513629  
0.4687402666  
3.854544685  
6.881753531  
8.967532899  
9.712677712  
9.032089305  
7.202062416  
4.800457022  
2.550049592  
1.108909855  
0.8720838812  
1.84876894  
3.656984574  
5.640716347  
7.074378111  
7.390170653  
6.355553215  
0.5007547891  
-3.970044043  
-7.824223068  
-10.20453569  
-10.66860218  
-9.284507899  
-6.575862216  
-3.342683039  
-0.4207074818  
1.544250408  
2.241368074  
1.725135071  
0.3365923662  
-1.444436177  
-3.158158674  
-4.480553725  
-5.264330653  
-5.505150538  
-5.26204698  
-4.576276953  
-3.429489132  
-1.762039262  
0.4561729171  
3.135355633  
6.001125714  
8.594395441  
10.35182806  
10.751663  
9.481623206  
6.571840981  
2.441902217  
-2.163816958  
-6.342372973  
-9.255517283  
-10.34459191  
-9.471990411  
-6.94603383  
-3.422539926  
0.2848841261  
3.425874788  
5.497779813  
6.340295164  
6.118772078  
5.21226135  
4.052842804  
2.975668237  
2.130612351  
1.480173485  
0.8745078908  
0.1655268794  
-0.6911842415  
-1.591036468  
-2.311736857  
-2.609204822  
-2.338415739  
-1.547265427  
-0.4997418088  
0.3892324311  
0.6904834168  
0.1221069523  
-1.324328559  
-3.344438348  
-5.391155392  
-6.83792302  
-7.183066014  
-6.225136126  
-4.145333896  
-1.462880805  
1.127080994  
2.981270942  
3.724297263  
3.376466039  
2.345199444  
1.27850217  
0.8278963474  
1.402234496  
3.000248132  
5.185084965  
7.216235197  
8.29900823  
7.868501712  
5.809310434  
2.530625736  
-1.136465596  
-4.192202068  
-5.791391819  
-5.529088901  
-3.590023853  
-0.7062233993  
2.069361654  
3.703058379  
3.524105723  
1.457568106  
-1.933098541  
-5.611573527  
-8.391404776  
-9.312615845  
-7.950405218  
-4.556039753  
0.01499463103  
4.562807598  
7.905264416  
9.224931628  
8.290850778  
5.489115541  
1.661193985  
-2.18757302  
-5.206220121  
-6.935789497  
-7.391635101  
-6.973073011  
-6.244593258  
-5.676859961  
-5.446888575  
-5.371909215  
-4.999666425  
-3.818580497  
-1.505579366  
1.885793612  
5.873670038  
9.659829629  
12.37237231  
13.35659649  
12.41093844  
9.880779866  
6.570648199  
3.498011228  
1.567888904  
1.276896193  
2.547436909  
4.750075862  
6.908889004  
8.022784545  
7.396412413  
4.87113931  
0.8803817689  
-3.687064333  
-7.767932278  
-10.45461212  
-11.26514651  
-10.26660245  
-8.016901924  
-5.35216938  
-3.097713731  
-1.803336804  
-1.591198264  
-2.161783038  
-2.946890374  
-3.347754463  
-2.969250025  
-1.766470632  
-0.05466432585  
1.61545486  
2.666559446  
2.70860899  
1.679511115  
-0.1363654516  
-2.214617178  
-3.9789022  
-4.998862542  
-5.124488282  
-4.509580981  
-3.51997095  
-2.56610481  
-1.927892187  
-1.641801105  
-1.495528552  
-1.133388739  
-0.231796088  
1.324532262  
3.337835368  
5.311443605  
6.586748344  
6.560631421  
4.908790026  
1.734581724  
-2.413716455  
-6.669998776  
-10.08451318  
-11.89023197  
-11.71456185  
-9.667877054  
-6.28251441  
-2.326883116  
1.438686822  
4.47984997  
6.607472026  
7.963355917  
8.88684804  
9.719746551  
10.62807242  
11.51119319  
12.03431617  
11.77256038  
10.4110655  
7.922272448  
4.647507208  
1.243388149  
-1.497313504  
-2.893647016  
-2.608711659  
-0.7834023781  
1.979684644  
4.783052897  
6.700926303  
7.059682507  
5.640357288  
2.737045424  
-0.9465707237  
-4.526163944  
-7.213314164  
-8.547478404  
-8.508486465  
-7.477340536  
-6.065882945  
-4.880197525  
-4.303357495  
-4.373272441  
-4.795277806  
-5.079815186  
-4.750960551  
-3.547263339  
-1.5408095  
0.8687241164  
3.082208724  
4.504337045  
4.74827638  
3.768110815  
1.872264422  
-0.3856439607  
-2.397939984  
-3.706487485  
-4.145616583  
-3.874111883  
-3.286908361  
-2.841038192  
-2.861521158  
-3.400049282  
-4.199904171  
-4.781775761  
-4.620961279  
-3.35265252  
-0.9309801969  
2.317010288  
5.764671842  
8.663885462  
10.36860734  
10.52836349  
9.186569992  
6.751616036  
3.85267562  
1.131679821  
-0.955963523  
-2.263835902  
-2.960280844  
-3.419488428  
-4.040529627  
-5.062132132  
-6.441911088  
-7.845432809  
-8.751102086  
-8.635460626  
-7.174493315  
-4.389875559  
-0.687201566  
3.230594265  
6.549422808  
8.57131726  
8.910799362  
7.598842834  
5.06358063  
1.996799483  
-0.8487484929  
-2.866261643  
-3.742927119  
-3.508172649  
-2.47556489  
-1.106183137  
0.1556733803  
1.01871767  
1.411381459  
1.464353578  
1.424307824  
1.536425696  
1.940993862  
2.620584692  
3.413220934  
4.081825766  
4.41017855  
4.287455996  
3.749627786  
2.963311856  
2.159743492  
1.544795263  
1.219371209  
1.140040373  
1.134783861  
0.9686416948  
0.4362056128  
-0.5514013567  
-1.915574323  
-3.413353717  
-4.694790246  
-5.397124541  
-5.247248899  
-4.142335624  
-2.186391337  
0.3254045825  
2.967574853  
5.271886973  
6.818416354  
7.309699121  
6.615351148  
4.784177016  
2.028504162  
-1.310690497  
-4.809658549  
-8.013370979  
-10.49011868  
-11.88749769  
-11.98609944  
-10.74341077  
-8.317276982  
-5.057955761  
-1.46233614  
1.90748256  
4.528274055  
6.020411419  
6.227374756  
5.247876352  
3.409500774  
1.188241916  
-0.9061831954  
-2.449110465  
-3.191955207  
-3.10172001  
-2.340489855  
-1.194458932  
0.02310090282  
1.063578701  
1.801356456  
2.242914408  
2.488166287  
2.661839907  
2.842649604  
3.018100832  
3.083053362  
2.883781947  
2.292102556  
1.281899588  
-0.02219736468  
-1.346321872  
-2.324959149  
-2.601232832  
-1.940562333  
-0.3214447809  
2.028171463  
4.665167253  
7.031065912  
8.591572925  
8.976585201  
8.079677951  
6.086966466  
3.425646035  
0.6462214822  
-1.727652005  
-3.338011156  
-4.079712957  
-4.111033671  
-3.785958273  
-3.529994915  
-3.698157884  
-4.458790842  
-5.738529814  
-7.244598191  
-8.556664747  
-9.259087263  
-9.072110948  
-7.941238224  
-6.057269763  
-3.801297273  
-1.632400768  
0.04646822485  
1.002371246  
1.230730568  
0.9408010462  
0.4743167868  
0.1848370005  
0.3179415412  
0.9320437117  
1.886170443  
2.898805011  
3.657868798  
3.944019066  
3.723683415  
3.176977818  
2.646510949  
2.519636446  
3.080507189  
4.381340622  
6.179706919  
7.97040982  
9.111617786  
9.013972807  
7.338342949  
4.140320683  
-0.08890481618  
-4.507757347  
-8.121223446  
-10.04041554  
-9.733579894  
-7.195423617  
-2.981260406  
1.911134652  
6.286021945  
9.057473592  
9.537090543  
7.621468458  
3.825396404  
-0.8509851169  
-5.186615716  
-8.063974281  
-8.764810764  
-7.15631762  
-3.717494746  
0.5997434437  
4.634263915  
7.329696574  
8.011595675  
6.552924456  
3.385988455  
-0.636990771  
-4.490299666  
-7.255557658  
-8.357631153  
-7.692473201  
-5.617280187  
-2.813930522  
-0.0722651254  
1.939673997  
2.85146943  
2.6646972  
1.711002238  
0.5142399476  
-0.3955069504  
-0.6564266024  
-0.1852141603  
0.8074987132  
1.896539287  
2.587416678  
2.479576856  
1.396480604  
-0.5561919668  
-3.019253447  
-5.483422663  
-7.432991514  
-8.484840865  
-8.481556421  
-7.513820111  
-5.87028488  
-3.935629604  
-2.07206897  
-0.5223635587  
0.6372822038  
1.484102807  
2.185573234  
2.912169607  
3.758537363  
4.700579544  
5.602018037  
6.265695167  
6.5090881  
6.235210686  
5.472283624  
4.367272156  
3.135410687  
1.984188384  
1.040122581  
0.3064067792  
-0.3309977028  
-1.048441121  
-1.998704094  
-3.224564229  
-4.604821901  
-5.856654421  
-6.600263811  
-6.470451765  
-5.242350777  
-2.930901779  
0.1709971841  
3.533724986  
6.50568101  
8.472532951  
9.016719676  
8.030965867  
5.751638344  
2.700624514  
-0.448963929  
-3.045585904  
-4.621753844  
-5.000826565  
-4.319693144  
-2.964132867  
-1.439148929  
-0.2148901831  
0.4057430739  
0.3602902668  
-0.1773609018  
-0.8722815687  
-1.34785248  
-1.310237697  
-0.6398337743  
0.5760919723  
2.075710445  
3.505862046  
4.527577367  
4.910586378  
4.589459002  
3.667944237  
2.375076216  
0.9909347783  
-0.2325782153  
-1.131785475  
-1.656599638  
-1.858297727  
-1.848808345  
-1.748422079  
-1.640150972  
-1.544374246  
-1.419135844  
-1.182646638  
-0.7482327731  
-0.05981224233  
0.8822017464  
2.010164592  
3.19430131  
4.260712277  
5.017848756  
5.287341231  
4.935961492  
3.905713279  
2.238101775  
0.08683976639  
-2.287856983  
-4.549011516  
-6.337800977  
-7.347382173  
-7.400981809  
-6.51354674  
-4.915392591  
-3.022818906  
-1.353622522  
-0.4022124943  
-0.5040905335  
-1.727720526  
-3.829109821  
-6.290157934  
-8.438995607  
-9.625436724  
-9.405228027  
-7.67970705  
-4.746284497  
-1.238475406  
2.034261789  
4.305850608  
5.071025463  
4.237109583  
2.162857011  
-0.431298085  
-2.659749831  
-3.720852735  
-3.127573273  
-0.852465124  
2.656151093  
6.592659151  
10.01374934  
12.09600464  
12.35748864  
10.78046029  
7.802052828  
4.178838846  
0.7679132142  
-1.70962279  
-2.853856044  
-2.668487617  
-1.521374979  
-0.001026478139  
1.282869482  
1.892098999  
1.687699672  
0.8567964516  
-0.1655966661  
-0.8520840645  
-0.7656658108  
0.2866024987  
2.174955166  
4.465569492  
6.529862653  
7.712177485  
7.508422532  
5.707253926  
2.457646074  
-1.752108966  
-6.195507529  
-10.06137778  
-12.62185677  
-13.3768966  
-12.14641446  
-9.095723616  
-4.695159321  
0.3724363208  
5.335220493  
9.463256619  
12.18532022  
13.17473032  
12.39297315  
10.08597132  
6.733838638  
2.961220908  
-0.5783616483  
-3.325046883  
-4.919427301  
-5.271151985  
-4.572148769  
-3.247608126  
-1.851614458  
-0.9285237334  
-0.871821249  
-1.81573864  
-3.589470987  
-5.749746007  
-7.687834111  
-8.786980861  
-8.59114055  
-6.940643246  
-4.036934695  
-0.4158559322  
3.167416494  
5.91484934  
7.179360166  
6.62616314  
4.319618313  
0.7127441996  
-3.457907062  
-7.344565393  
-10.18303761  
-11.46042705  
-11.01474515  
-9.044933838  
-6.034345128  
-2.613560334  
0.5972408185  
3.123644989  
4.717264325  
5.366559104  
5.24517239  
4.62227968  
3.767904585  
2.88365312  
2.076949802  
1.379549464  
0.7946076415  
0.3468165268  
0.1102489276  
0.1984708168  
0.7177142122  
1.700363296  
3.04682906  
4.504416479  
5.701365591  
6.23552847  
5.796458638  
4.284064868  
1.882469127  
-0.9429657161  
-3.536232308  
-5.212436748  
-5.449608028  
-4.055451203  
-1.256253627  
2.325869358  
5.810218369  
8.278066661  
9.01852634  
7.730892611  
4.623820594  
0.3790352987  
-4.014798748  
-7.514891609  
-9.294928161  
-8.958410043  
-6.635473338  
-2.936978265  
1.219501602  
4.860845314  
7.214674573  
7.898975885  
6.994589793  
4.985581143  
2.591419319  
0.5452855838  
-0.6140550603  
-0.677057548  
0.2096944424  
1.624510257  
3.026945442  
3.935888732  
4.072595737  
3.426561686  
2.22920664  
0.8506991167  
-0.34093469  
-1.109274979  
-1.42475616  
-1.46287505  
-1.529007339  
-1.937698983  
-2.888526527  
-4.380667697  
-6.194760146  
-7.948238646  
-9.206644724  
-9.615949464  
-9.014758778  
-7.492152825  
-5.373879324  
-3.141245762  
-1.306534857  
-0.280452932  
-0.2680776434  
-1.220260287  
-2.85105607  
-4.713465923  
-6.310867074  
-7.213816918  
-7.152798191  
-6.06595786  
-4.094041778  
-1.528661958  
1.268848229  
3.954838664  
6.274295421  
8.098595129  
9.42313054  
10.32887622  
10.92164861  
11.26876975  
11.35370785  
11.06467011  
10.22376744  
8.651555916  
6.250076128  
3.079601298  
-0.5974212506  
-4.325759874  
-7.527523531  
-9.623192169  
-10.17687989  
-9.027805898  
-6.368479095  
-2.740203616  
1.063394989  
4.1687484  
5.831296251  
5.627388266  
3.5757653  
0.1510002058  
-3.820848831  
-7.361654294  
-9.585305013  
-9.921752934  
-8.260211323  
-4.972247667  
-0.8088650481  
3.298997874  
6.480416698  
8.138480046  
8.081408364  
6.539632897  
4.071677709  
1.39329558  
-0.8162910396  
-2.075207431  
-2.1863235  
-1.237180792  
0.4732049411  
2.545763044  
4.58950502  
6.293535748  
7.449513644  
7.933206684  
7.669904538  
6.612213491  
4.749377182  
2.148507327  
-0.9916402806  
-4.306130462  
-7.279160226  
-9.324433591  
-9.920942481  
-8.769359378  
-5.918836182  
-1.815277519  
2.758132483  
6.844966973  
9.54580369  
10.2511082  
8.806877109  
5.559873737  
1.264220559  
-3.126199378  
-6.718747737  
-8.91789072  
-9.564775114  
-8.939847732  
-7.631865582  
-6.319519287  
-5.539436612  
-5.517125324  
-6.114576633  
-6.907587554  
-7.361172976  
-7.038262762  
-5.766498958  
-3.703929359  
-1.281215551  
0.9575022378  
2.556225442  
3.316604305  
3.371717079  
3.13451163  
3.136602198  
3.813671914  
5.315020628  
7.408942922  
9.523910378  
10.91874844  
10.92903056  
9.207958149  
5.878412526  
1.53995148  
-2.878479113  
-6.378036411  
-8.181309895  
-7.962910257  
-5.94509712  
-2.827124496  
0.4295617277  
2.89200238  
3.930229762  
3.390007831  
1.612272953  
-0.7019636934  
-2.733021912  
-3.809356752  
-3.613603278  
-2.264596134  
-0.254955389  
1.72835273  
3.036167892  
3.263653877  
2.365376824  
0.6469333949  
-1.35613356  
-3.064491361  
-4.039873475  
-4.10703564  
-3.37686764  
-2.171134395  
-0.883443025  
0.1689715148  
0.8486210709  
1.222051858  
1.501899757  
1.934223446  
2.677818035  
3.723291987  
4.882943569  
5.854676943  
6.334801652  
6.136249469  
5.266890475  
3.937917536  
2.498388616  
1.31953243  
0.6708580656  
0.6328577934  
1.0772772  
1.720853011  
2.231344989  
2.345815277  
1.957282458  
1.138472183  
0.09568011246  
-0.9274304412  
-1.756981422  
-2.363488219  
-2.872723496  
-3.506301223  
-4.473308848  
-5.854936724  
-7.529328209  
-9.171325964  
-10.33524556  
-10.59766566  
-9.712736091  
-7.723917274  
-4.987464318  
-2.091114104  
0.312737518  
1.708954189  
1.890809775  
1.041025607  
-0.3097363429  
-1.440050737  
-1.665112475  
-0.5637762969  
1.867937808  
5.188918621  
8.623796167  
11.28177631  
12.4176561  
11.65471258  
9.100098166  
5.316477719  
1.158548062  
-2.47481202  
-4.895824545  
-5.811981724  
-5.383719125  
-4.140747523  
-2.78697949  
-1.958728252  
-2.014540452  
-2.923520194  
-4.286315482  
-5.479675852  
-5.875759717  
-5.063713716  
-3.000973738  
-0.04491454363  
3.145579685  
5.807226963  
7.30502155  
7.326186616  
5.973587415  
3.728961352  
1.29772201  
-0.6152480312  
-1.527636928  
-1.329054909  
-0.3101390698  
0.9382320334  
1.724309528  
1.490912806  
0.01267125905  
-2.507868403  
-5.477269006  
-8.072482818  
-9.479108586  
-9.135327482  
-6.90785826  
-3.146233075  
1.402044272  
5.791336019  
9.134376361  
10.84037885  
10.76551219  
9.232862373  
6.918008901  
4.636088072  
3.094871662  
2.687472322  
3.385337974  
4.761265284  
6.13288957  
6.781262157  
6.177539558  
4.14968072  
0.9404038567  
-2.858693942  
-6.474459028  
-9.168737429  
-10.43856673  
-10.14139926  
-8.511262352  
-6.066140862  
-3.439884582  
-1.193805935  
0.3330970895  
1.091055307  
1.287635535  
1.273498438  
1.388384803  
1.82145727  
2.533705183  
3.268080231  
3.642922423  
3.296013014  
2.0294605  
-0.09480001872  
-2.742862075  
-5.386574451  
-7.448042158  
-8.465814305  
-8.230363579  
-6.846245765  
-4.701695634  
-2.355757603  
-0.3787413974  
0.8045120571  
1.021411783  
0.3786815676  
-0.7938960932  
-2.060284257  
-3.015081583  
-3.39633002  
-3.141089522  
-2.371986094  
-1.326960041  
-0.2627588278  
0.6308642826  
1.276345047  
1.700676376  
1.984055215  
2.190991345  
2.316539972  
2.273710787  
1.931050095  
1.187942689  
0.05783342665  
-1.277193202  
-2.469814301  
-3.079095547  
-2.695718633  
-1.084448379  
1.70324335  
5.288614068  
9.019543819  
12.11248477  
13.84733556  
13.76106494  
11.78308825  
8.270395766  
3.928865273  
-0.3594571376  
-3.755651423  
-5.668725166  
-5.889659978  
-4.619913394  
-2.3909469  
0.09732265418  
2.169448445  
3.343060286  
3.428442868  
2.537992609  
1.012642888  
-0.7038129807  
-2.19938069  
-3.196685432  
-3.597952784  
-3.467747201  
-2.969713257  
-2.286440215  
-1.553244228  
-0.8274767307  
-0.09911450825  
0.6678171182  
1.484339459  
2.299360729  
2.992523366  
3.400427947  
3.36624805  
2.793726187  
1.685180487  
0.1495132316  
-1.622338584  
-3.405162014  
-4.993127927  
-6.240996312  
-7.080390013  
-7.509004572  
-7.561320024  
-7.276043637  
-6.675876625  
-5.768955544  
-4.571157247  
-3.138461473  
-1.592748698  
-0.125300625  
1.030107203  
1.651137829  
1.593068156  
0.8456913752  
-0.4400137338  
-1.968377015  
-3.358461191  
-4.232513996  
-4.309693343  
-3.478841966  
-1.829718568  
0.3660158439  
2.718415255  
4.8097817  
6.287990075  
6.939484025  
6.726138734  
5.781015743  
4.368661991  
2.822983611  
1.478203972  
0.6064840008  
0.3712408012  
0.8004269631  
1.780817147  
3.073064843  
4.347198015  
5.237405385  
5.41222684  
4.651216287  
2.913342525  
0.3784561087  
-2.555974916  
-5.333167072  
-7.347191296  
-8.085464537  
-7.269945236  
-4.957107035  
-1.561992063  
2.211243802  
5.524522108  
7.612511087  
7.987300595  
6.582673123  
3.792017532  
0.3815092434  
-2.704459571  
-4.595878351  
-4.73836603  
-3.053712773  
0.0287012382  
3.681868933  
6.903890732  
8.791525583  
8.787228861  
6.829722214  
3.366314756  
-0.7745104497  
-4.611381479  
-7.272342351  
-8.216693207  
-7.35650568  
-5.049599899  
-1.974153446  
1.071658965  
3.383416586  
4.51734023  
4.36923427  
3.154006906  
1.304335577  
-0.6719379804  
-2.329696947  
-3.382380206  
-3.737418533  
-3.474607442  
-2.787519494  
-1.914784451  
-1.083983094  
-0.4793645577  
-0.2314390459  
-0.4174109738  
-1.060087837  
-2.118832684  
-3.4760729  
-4.931265233  
-6.216406995  
-7.04121587  
-7.163700677  
-6.468022313  
-5.022523821  
-3.09153175  
-1.086431621  
0.5384712609  
1.418622655  
1.39921369  
0.600090176  
-0.6027027875  
-1.681189397  
-2.118495343  
-1.580785044  
-0.04090873057  
2.191511195  
4.550308431  
6.383725344  
7.164439305  
6.670667223  
5.076062529  
2.913434387  
0.9176265359  
-0.2064987188  
-0.0181506184  
1.49982453  
3.910964533  
6.43946082  
8.19702241  
8.453559193  
6.867540585  
3.603539819  
-0.7003779016  
-5.105496412  
-8.631705274  
-10.52316139  
-10.44023825  
-8.523170131  
-5.315308248  
-1.578558291  
1.933991209  
4.673822998  
6.402465986  
7.182634867  
7.271909043  
6.968575151  
6.472643713  
5.814976559  
4.878335885  
3.497000592  
1.590309053  
-0.7285569256  
-3.118683244  
-5.074639669  
-6.071846263  
-5.74619491  
-4.043753164  
-1.282860499  
1.901312084  
4.720091264  
6.455128352  
6.672468461  
5.357201336  
2.922883319  
0.08972359571  
-2.33221668  
-3.687800422  
-3.673363581  
-2.424401785  
-0.4684070807  
1.440525987  
2.552445065  
2.345982539  
0.6792747243  
-2.174749097  
-5.613745807  
-8.880449533  
-11.27017078  
-12.30948948  
-11.85810716  
-10.11283265  
-7.523650937  
-4.656084636  
-2.044990293  
-0.08063497255  
1.048528274  
1.353096091  
0.9950127272  
0.2197130867  
-0.7078185461  
-1.547866906  
-2.108618426  
-2.253309834  
-1.902459121  
-1.038864564  
0.2839810778  
1.936549618  
3.720638095  
5.396276974  
6.727257172  
7.5349352  
7.743515991  
7.399797849  
6.657560595  
5.728903724  
4.817584546  
4.057246801  
3.477058198  
3.007870104  
2.526960968  
1.924146315  
1.162699458  
0.3092636596  
-0.4819737228  
-1.027792753  
-1.196205448  
-0.976676249  
-0.5094877013  
-0.0566481152  
0.08181312084  
-0.3195340522  
-1.309736691  
-2.710510253  
-4.141442023  
-5.121356831  
-5.21844011  
-4.201981008  
-2.144089947  
0.5669893284  
3.313090458  
5.410435932  
6.303884834  
5.731261521  
3.805755628  
0.9895085552  
-2.034264059  
-4.551180085  
-6.009150069  
-6.156904212  
-5.088170618  
-3.183401934  
-0.9738113517  
1.024080655  
2.448866823  
3.167125138  
3.262058415  
2.951066393  
2.468936551  
1.96270521  
1.436716925  
0.7656089263  
-0.2330985607  
-1.696968663  
-3.62717069  
-5.842675655  
-7.997859455  
-9.658503686  
-10.41118641  
-9.97110649  
-8.255903123  
-5.406571516  
-1.754906415  
2.246710977  
6.10902166  
9.380342109  
11.69849206  
12.81917488  
12.62893929  
11.15306777  
8.563414848  
5.181779419  
1.466251863  
-2.033456297  
-4.758117797  
-6.2500026  
-6.267806797  
-4.869737593  
-2.430368686  
0.4277895253  
2.981144303  
4.595343725  
4.904211186  
3.91943824  
2.030120289  
-0.1155120871  
-1.814820725  
-2.539117953  
-2.110756464  
-0.767151857  
0.9146176178  
2.212359708  
2.510071597  
1.521179753  
-0.5949865669  
-3.268144197  
-5.696982181  
-7.116607072  
-7.063156334  
-5.543005848  
-3.043999849  
-0.3795778467  
1.584972714  
2.231800537  
1.410907382  
-0.4983543829  
-2.711352924  
-4.310014263  
-4.571254243  
-3.23792014  
-0.6345260559  
2.418743188  
4.87122937  
5.800304131  
4.741980402  
1.878141005  
-1.989227865  
-5.675340902  
-7.987641945  
-8.116011297  
-5.907736463  
-1.933098778  
2.68370624  
6.615416986  
8.750198744  
8.54059247  
6.168532121  
2.473428875  
-1.330648838  
-4.052794811  
-4.90497721  
-3.738539892  
-1.062432652  
2.157131894  
4.842168558  
6.172562617  
5.853209842  
4.189864616  
1.952357722  
0.07767706053  
-0.6801542293  
-0.02959717024  
1.747150134  
3.889386356  
5.425939902  
5.522791418  
3.790231279  
0.4438068238  
-3.736441325  
-7.635758525  
-10.14774582  
-10.51843851  
-8.580526153  
-4.804791889  
-0.1566562235  
4.191634351  
7.19880104  
8.236520487  
7.233121976  
4.64491726  
1.277361539  
-1.97658324  
-4.393430061  
-5.59386256  
-5.591463881  
-4.716626924  
-3.456595341  
-2.274472543  
-1.468532904  
-1.111215572  
-1.0747908  
-1.120061569  
-1.006512345  
-0.5814967735  
0.1792391157  
1.184823401  
2.280487376  
3.309338631  
4.1584248  
4.774546061  
5.151222332  
5.301148406  
5.232935377  
4.945581304  
4.442477321  
3.754437061  
2.95481107  
2.152299513  
1.457785954  
0.9358010238  
0.5620636179  
0.2104425077  
-0.3163451301  
-1.215341553  
-2.593093215  
-4.390666916  
-6.357711215  
-8.094989198  
-9.160649967  
-9.210291037  
-8.124220692  
-6.074848222  
-3.504109008  
-1.010489408  
0.8226891881  
1.603345821  
1.252042883  
0.02604761476  
-1.564567545  
-2.922373055  
-3.554569711  
-3.226754847  
-2.026803244  
-0.3188089932  
1.394173089  
2.647755953  
3.169899108  
2.956423691  
2.244138699  
1.396161104  
0.7469697103  
0.4694323139  
0.516692128  
0.6616825077  
0.6177341678  
0.1901557042  
-0.6056841394  
-1.513241541  
-2.111182271  
-1.974887368  
-0.8643246813  
1.135855475  
3.585456965  
5.791021184  
7.016023788  
6.730862548  
4.814611078  
1.632174685  
-2.048784658  
-5.280933698  
-7.228790707  
-7.429629263  
-5.931931037  
-3.260501148  
-0.2181498099  
2.40685121  
4.122321665  
4.898756013  
5.156328107  
5.572263855  
6.775449446  
9.04025244  
12.09735378  
15.1423155  
17.05433529  
16.76152098  
13.63214494  
7.754815743  
0.001820827072  
-8.160226242  
-15.06315413  
-19.31280952  
-20.19479023  
-17.87677721  
-13.33898757  
-8.053639329  
-3.51775039  
-0.7926198228  
-0.2005972968  
-1.276172793  
-2.981960608  
-4.110564316  
-3.731261951  
-1.527123109  
2.091952466  
6.135904683  
9.38612787  
10.82671448  
10.00370562  
7.187305778  
3.281935104  
-0.4827657369  
-2.97085713  
-3.522862608  
-2.170431073  
0.3890183633  
3.04534712  
4.665428358  
4.482623539  
2.351846016  
-1.214655931  
-5.237453655  
-8.613925368  
-10.49201205  
-10.54258095  
-9.038501079  
-6.719372595  
-4.497641029  
-3.116928025  
-2.887772968  
-3.595025512  
-4.60677892  
-5.140607186  
-4.585793594  
-2.760581394  
-0.0079133367  
2.907445176  
5.064895686  
5.721900673  
4.595322196  
1.987616191  
-1.289972469  
-4.173442593  
-5.694253221  
-5.300192395  
-3.038983591  
0.4576160007  
4.18242145  
7.081723324  
8.392289083  
7.873948428  
5.863468394  
3.138055544  
0.6416586919  
-0.8285639703  
-0.868917191  
0.4297658931  
2.551688932  
4.761370183  
6.365052943  
6.93415272  
6.416225739  
5.103832073  
3.48474757  
2.038521516  
1.059832851  
0.573929325  
0.3705160206  
0.1352866079  
-0.3792903326  
-1.216122406  
-2.166438107  
-2.834688714  
-2.791940768  
-1.758804041  
0.253963633  
2.904476416  
5.599180083  
7.668754775  
8.580075149  
8.109447661  
6.41522019  
3.983429772  
1.465244085  
-0.5367373407  
-1.658687903  
-1.87695021  
-1.487923289  
-0.9774646737  
-0.8299407309  
-1.347209236  
-2.542321822  
-4.143882452  
-5.70580375  
-6.778893491  
-7.079186939  
-6.590733596  
-5.566203639  
-4.427269978  
-3.603851475  
-3.373304461  
-3.759616707  
-4.529433841  
-5.285117283  
-5.618943377  
-5.270176117  
-4.226344787  
-2.731419895  
-1.19857045  
-0.06061135558  
0.3859921122  
0.08593229706  
-0.7592734112  
-1.769217063  
-2.525769633  
-2.724121574  
-2.27742696  
-1.337075573  
-0.2228670001  
0.7084598671  
1.204804377  
1.215487614  
0.9059209363  
0.5846897361  
0.5717477533  
1.059686123  
2.023665659  
3.217649925  
4.261772366  
4.789950345  
4.60198661  
3.759872219  
2.586489235  
1.559971711  
1.136440646  
1.563067737  
2.751257887  
4.262575786  
5.422795098  
5.534790453  
4.124264398  
1.136676079  
-2.984636149  
-7.373410805  
-10.95429784  
-12.73607061  
-12.09751818  
-8.979364848  
-3.923018727  
2.057082578  
7.730915023  
11.96547884  
14.0034849  
13.63170161  
11.19765283  
7.478963822  
3.451337903  
0.0266217462  
-2.165202887  
-2.89542966  
-2.336234055  
-0.9553064856  
0.6520937779  
1.939471381  
2.545133203  
2.358000256  
1.507654316  
0.2946138851  
-0.9102353127  
-1.766270415  
-2.040198522  
-1.647676028  
-0.6589801821  
0.7244328846  
2.213165118  
3.484674293  
4.243310468  
4.27955176  
3.520623212  
2.061837973  
0.1669329275  
-1.771107964  
-3.308797448  
-4.058346946  
-3.797203036  
-2.549900073  
-0.6132143415  
1.49191466  
3.138162372  
3.753501527  
2.984172435  
0.8110919356  
-2.418589802  
-6.060642006  
-9.330247356  
-11.50551781  
-12.12168412  
-11.10012707  
-8.773908351  
-5.800899102  
-2.988098614  
-1.076290601  
-0.5449948135  
-1.490765374  
-3.60961628  
-6.284136687  
-8.746989831  
-10.27352646  
-10.35215298  
-8.791772  
-5.746481358  
-1.66139596  
2.837363186  
7.075885827  
10.45729185  
12.55581217  
13.17016445  
12.3372063  
10.31259854  
7.525972542  
4.515819039  
1.847458353  
0.01897761172  
-0.6346237283  
-0.02177824642  
1.662981017  
3.954421266  
6.200169953  
7.704548602  
7.904371315  
6.532356516  
3.719262648  
-0.003405371037  
-3.813215761  
-6.799379142  
-8.207441121  
-7.657364616  
-5.268217703  
-1.645868039  
2.270847739  
5.466963713  
7.138835406  
6.926974147  
5.022210002  
2.109515934  
-0.837203585  
-2.849836118  
-3.261773079  
-1.914353579  
0.7899441802  
4.00478283  
6.692533737  
7.935238011  
7.209379589  
4.541693563  
