0.1369509399  
2.265193587  
5.22199447  
8.246389656  
10.53474689  
11.47508859  
10.81391181  
8.706112112  
5.638527855  
2.259362469  
-0.8251436927  
-3.218163587  
-4.81153252  
-5.757927387  
-6.355352116  
-6.8930249  
-7.518595259  
-8.175607079  
-8.631874869  
-8.584444837  
-7.798222096  
-6.223119707  
-4.043099032  
-1.636301063  
0.5409696231  
2.104681539  
2.87248359  
2.923200507  
2.562252183  
2.202847516  
2.20402313  
2.723652995  
3.641175972  
4.581620595  
5.037495577  
4.550197731  
2.88998622  
0.1714219809  
-3.139386674  
-6.334550109  
-8.661135585  
-9.545045129  
-8.771457836  
-6.563265508  
-3.530105947  
-0.5008497542  
1.711152811  
2.539788214  
1.825605603  
-0.1438813724  
-2.723189319  
-5.098473776  
-6.519671352  
-6.506442754  
-4.969427738  
-2.215987654  
1.155007558  
4.432407663  
6.989741406  
8.442278278  
8.722473798  
8.059289482  
6.876320141  
5.646091844  
4.747213256  
4.365527558  
4.463089724  
4.816131683  
5.102726495  
5.008555149  
4.317907294  
2.96588611  
1.042655976  
-1.243990912  
-3.630249055  
-5.860684514  
-7.737219253  
-9.142841845  
-10.03987708  
-10.45020292  
-10.42831475  
-10.03707447  
-9.332056787  
-8.355501624  
-7.137504934  
-5.700908575  
-4.067289849  
-2.263411426  
-0.3286578472  
1.676350533  
3.661643746  
5.504348992  
7.054827312  
8.156216237  
8.676958207  
8.549945914  
7.806705428  
6.592943598  
5.154568293  
3.791096312  
2.784191904  
2.319369685  
2.42477413  
2.949398641  
3.593577566  
3.989264773  
3.810962037  
2.885874823  
1.268501314  
-0.7473924409  
-2.689270402  
-4.026631537  
-4.320205498  
-3.356486474  
-1.226441167  
1.678002771  
4.752187151  
7.328670856  
8.846717017  
8.992593828  
7.770364622  
5.483871812  
2.637580966  
-0.2116553328  
-2.605792463  
-4.294404988  
-5.27091255  
-5.730346611  
-5.968250861  
-6.25831292  
-6.751325288  
-7.428384844  
-8.120903261  
-8.586039887  
-8.607071629  
-8.080517982  
-7.058110917  
-5.729202556  
-4.351818161  
-3.159538758  
-2.280363005  
-1.698877396  
-1.276519264  
-0.8223642758  
-0.1869865209  
0.6579798427  
1.58791377  
2.357349355  
2.688717244  
2.387780003  
1.443421796  
0.07186980193  
-1.317267508  
-2.229277699  
-2.236176407  
-1.123762138  
1.016200069  
3.783372714  
6.562539552  
8.688842609  
9.635390776  
9.165140319  
7.399046861  
4.778291869  
1.932095605  
-0.5072707859  
-2.083936615  
-2.636319537  
-2.317970152  
-1.51795132  
-0.7101884446  
-0.2837831503  
-0.4115306269  
-0.9997040589  
-1.734057238  
-2.204082239  
-2.061261864  
-1.156057077  
0.3938765661  
2.227924557  
3.85130202  
4.791884562  
4.752519598  
3.708026184  
1.914853346  
-0.1692951518  
-2.028791053  
-3.248849345  
-3.637873275  
-3.27441689  
-2.465264903  
-1.630518071  
-1.155028486  
-1.255494561  
-1.906085473  
-2.845272088  
-3.659614926  
-3.915739798  
-3.297454563  
-1.705199672  
0.7110354012  
3.591784722  
6.464555223  
8.863946558  
10.43828448  
11.0136256  
10.60269379  
9.365254552  
7.541294091  
5.38376224  
3.113117944  
0.9033835235  
-1.105294441  
-2.783890638  
-4.001380922  
-4.635435699  
-4.608937293  
-3.940246268  
-2.785245288  
-1.447438505  
-0.3405704618  
0.09631083933  
-0.4863979741  
-2.235873916  
-5.021648939  
-8.427000777  
-11.81836907  
-14.48154835  
-15.79247418  
-15.37777093  
-13.2204598  
-9.679379895  
-5.413886039  
-1.23130883  
2.103824792  
4.049182056  
4.406119988  
3.352905641  
1.383500663  
-0.8288398911  
-2.604623015  
-3.421325751  
-3.025404943  
-1.468122432  
0.9375221205  
3.719855587  
6.377985239  
8.499928898  
9.838964389  
10.33313568  
10.07161562  
9.227294222  
7.983452119  
6.480861888  
4.801594386  
2.9906532  
1.101779325  
-0.7557780022  
-2.393509364  
-3.558869624  
-3.990971871  
-3.502313253  
-2.060215466  
0.1619462691  
2.78704143  
5.298226379  
7.153535316  
7.922449935  
7.406021853  
5.703713114  
3.203212492  
0.4908656603  
-1.79632125  
-3.137780412  
-3.268881052  
-2.252370228  
-0.4598739044  
1.532788228  
3.107436336  
3.776403081  
3.316589366  
1.826019431  
-0.3130099586  
-2.552306055  
-4.341674383  
-5.288843066  
-5.267739761  
-4.443492052  
-3.208356623  
-2.05000463  
-1.39413691  
-1.470578098  
-2.244101757  
-3.430379087  
-4.590699742  
-5.274554921  
-5.164736762  
-4.179486454  
-2.500415457  
-0.5186087803  
4.352138104  
4.120954172  
3.44926918  
2.641005668  
1.944968213  
1.453566665  
1.063681747  
0.5194569631  
-0.4733400163  
-2.100340712  
-4.314083269  
-6.7839092  
-8.949174857  
-10.16899175  
-9.925489243  
-8.013942483  
-4.65159853  
-0.4596778046  
3.686546113  
6.899775099  
8.541017642  
8.413832721  
6.825864479  
4.492297247  
2.307417881  
1.055329187  
1.153166026  
2.511971959  
4.563351981  
6.44602575  
7.293328754  
6.528225424  
4.068569277  
0.3737635046  
-3.684489755  
-7.087017883  
-8.982599903  
-8.952272922  
-7.137446755  
-4.191272771  
-1.070176728  
1.266120512  
2.149276455  
1.398210856  
-0.643601928  
-3.236979828  
-5.496170571  
-6.675357049  
-6.400338726  
-4.774056195  
-2.327431096  
0.1626587142  
1.925397335  
2.436098899  
1.570325824  
-0.3709142913  
-2.765363884  
-4.863497703  
-6.008216593  
-5.813374646  
-4.252694049  
-1.642109135  
1.467866184  
4.448695162  
6.749508035  
8.009998573  
8.108223263  
7.144172111  
5.378474298  
3.153849387  
0.8240733829  
-1.295590521  
-2.95531956  
-3.983107327  
-4.29285939  
-3.893887064  
-2.899351794  
-1.52433786  
-0.06282945221  
1.161798155  
1.86757982  
1.889578702  
1.236953257  
0.1093387306  
-1.139434343  
-2.086139711  
-2.35062245  
-1.703990606  
-0.1395482128  
2.116518812  
4.659495141  
7.010084481  
8.736784671  
9.560027373  
9.407821785  
8.408855122  
6.829449165  
4.978380832  
3.112673196  
1.37496393  
-0.2195304984  
-1.746572602  
-3.304310021  
-4.940122846  
-6.600768982  
-8.124025692  
-9.274605866  
-9.811173824  
-9.560816531  
-8.475455616  
-6.651801711  
-4.309563771  
-1.736889358  
0.777561133  
3.003490248  
4.801214671  
6.120387536  
6.970652387  
7.379334772  
7.35485234  
6.871221684  
5.880276115  
4.347208036  
2.295993719  
-0.15320978  
-2.770702852  
-5.236814829  
-7.193212048  
-8.314896219  
-8.385263366  
-7.354831239  
-5.36777379  
-2.747838027  
0.05530288219  
2.549191485  
4.294296911  
4.992318203  
4.548023405  
3.09056526  
0.9481543443  
-1.42022458  
-3.522817791  
-4.941954408  
-5.425508046  
-4.940639642  
-3.675221503  
-1.984639448  
-0.2957139533  
1.008239967  
1.690539483  
1.723316461  
1.289773899  
0.724060426  
0.4047107111  
0.6322810249  
1.527944453  
2.984749822  
4.687998456  
6.20014614  
7.085137687  
7.034131928  
5.953569003  
3.988271008  
1.473257051  
-1.168641348  
-3.548364995  
-5.410332971  
-6.67723381  
-7.426622865  
-7.810890905  
-7.953169014  
-7.861520327  
-7.398110046  
-6.320555261  
-4.385721952  
-1.481160181  
2.264432298  
6.437572755  
10.38939194  
13.37400749  
14.74057732  
14.12249484  
11.56365293  
7.537829538  
2.848699691  
-1.565333162  
-4.867093368  
-6.529251859  
-6.455087805  
-4.9774571  
-2.739157459  
-0.4937272482  
1.111333702  
1.703821815  
1.261009608  
0.0729127548  
-1.385617657  
-2.626795858  
-3.30766149  
-3.32408821  
-2.81575068  
-2.087947869  
-1.483625916  
-1.253487977  
-1.469464097  
-2.008952602  
-2.610813587  
-2.978799617  
-2.892778439  
-2.287296738  
-1.270818668  
-0.08141188323  
1.002248568  
1.760353526  
2.105251407  
2.102682043  
1.934951767  
1.821402062  
1.926822235  
2.292268789  
2.814047699  
3.278736829  
3.441714949  
3.120925353  
2.272130221  
1.018432626  
-0.377239985  
-1.58823189  
-2.323792527  
-2.419485554  
-1.888993834  
-0.9212399144  
0.1750462166  
1.060205888  
1.456902212  
1.218643983  
0.3541684961  
-0.9961887685  
-2.619892386  
-4.304079891  
-5.893889064  
-7.317640068  
-8.572016172  
-9.675221929  
-10.60774507  
-11.26509512  
-11.44338157  
-10.86791299  
-9.260909322  
-6.431082536  
-2.359654421  
2.743555409  
8.433673492  
14.08119784  
18.97217032  
22.43789094  
23.986135  
23.40435917  
20.81122999  
16.64361004  
11.58020837  
6.416498911  
1.916076075  
-1.331462209  
-3.01715247  
-3.162223149  
-2.100801745  
-0.3998563458  
1.266476103  
2.26165429  
2.120353807  
0.6435890815  
-2.063328071  
-5.616084734  
-9.432424463  
-12.85025602  
-15.25729962  
-16.20623277  
-15.49401197  
-13.19316479  
-9.633076602  
-5.338701409  
-0.9405116872  
2.927756567  
5.727611126  
7.097118855  
6.905129709  
5.271830653  
2.5521632  
-0.7178229979  
-3.907319811  
-6.399714488  
-7.708012693  
-7.575552249  
-6.039295725  
-3.436679343  
-0.3468196121  
2.528557079  
4.522911719  
5.166671802  
4.312507335  
2.188379778  
-0.6418807211  
-3.407772102  
-5.323668679  
-5.795930581  
-4.591020985  
-1.917003665  
1.608289297  
5.099495544  
7.622958265  
8.437094726  
7.190312419  
4.022564047  
-0.4582059584  
-5.320096527  
-9.534324813  
-12.22533629  
-12.87784992  
-11.44698522  
-8.344468266  
-4.308165303  
-0.1936354561  
3.253337832  
5.580793191  
6.722719156  
6.977739423  
6.885085995  
7.036853712  
7.882219594  
9.579935917  
11.94037064  
14.47229182  
16.51986464  
17.45034841  
16.83945941  
14.60265403  
11.03599959  
6.75529982  
2.549782548  
-0.8106564175  
-2.763792374  
-3.090102059  
-1.960524101  
0.1134813252  
2.412346064  
4.187098968  
4.837672308  
4.046199614  
1.834623067  
-1.462647305  
-5.297658649  
-9.048373785  
-12.15973512  
-14.25087009  
-15.16611828  
-14.96578385  
-13.86991248  
-12.17979464  
-10.20401175  
-8.208919428  
-6.400669209  
-4.932210038  
-3.919427375  
-3.44911993  
-3.568083607  
-4.25456183  
-5.385426451  
-6.719496062  
-7.915637436  
-8.593441508  
-8.427608176  
-7.250899348  
-5.131103585  
-2.389747929  
0.4548385603  
2.814031504  
4.19394781  
4.350754016  
3.385097863  
1.738921117  
0.08612641123  
-0.8575666666  
-0.5518207632  
1.190768538  
4.125460435  
7.625408075  
10.85224733  
12.9995062  
13.53560477  
12.37024069  
9.889411551  
6.844404914  
4.125985356  
2.49228877  
2.334987864  
3.557483943  
5.604264095  
7.632976885  
8.77548438  
8.406052134  
6.332863492  
2.854058143  
-1.336809288  
-5.363015581  
-8.424962788  
-10.0253729  
-10.08973384  
-8.948308879  
-7.191767198  
-5.453216939  
-4.191369394  
-3.546664606  
-3.315379417  
-3.046335752  
-2.223966548  
-0.4741067751  
2.276856044  
5.741667081  
9.32950284  
12.30156499  
13.97533201  
13.91474538  
12.05059524  
8.699234038  
4.479358315  
0.1558340531  
-3.542646113  
-6.082776195  
-7.225291142  
-7.046215353  
-5.885658029  
-4.245773279  
-2.666997473  
-1.610634196  
-1.368634756  
-2.012410542  
-3.384834667  
-5.134293177  
-6.786025023  
-7.842091445  
-7.89589437  
-6.740627711  
-4.446186818  
-1.379311004  
1.849782806  
4.514141432  
5.948161929  
5.734642337  
3.847527452  
0.7015020641  
-2.918989548  
-6.044968341  
-7.779450871  
-7.555232798  
-5.316305504  
-1.562347157  
2.766286182  
6.537229319  
8.73941448  
8.768479192  
6.597076043  
2.776572704  
-1.731177339  
-5.839489618  
-8.649760391  
-9.693109259  
-9.026379608  
-7.157210437  
-4.830313888  
-2.75326563  
-1.358993574  
-0.687077464  
-0.4219821106  
-0.06902516864  
0.8015851866  
2.337690024  
4.30091746  
6.120249802  
7.090013276  
6.644005581  
4.605763647  
1.318915253  
-2.399596791  
-5.479581625  
-6.92516127  
-6.143029635  
-3.159681383  
1.350456789  
6.242469375  
10.23197637  
12.27555869  
11.87882496  
9.23348393  
5.141019881  
0.7506933115  
-2.800086524  
-4.724883419  
-4.798619899  
-3.376798223  
-1.22673571  
0.763593645  
1.895276719  
1.881392092  
0.9122922009  
-0.4501514278  
-1.503025491  
-1.67010649  
-0.710521368  
1.202578075  
3.554921544  
5.682244805  
7.005446548  
7.223035386  
6.393375257  
4.882080963  
3.200335257  
1.799195005  
0.8990572486  
0.4182475205  
0.02604410432  
-0.7015931337  
-2.083692867  
-4.169105659  
-6.668208973  
-9.009994044  
-10.50814681  
-10.58090177  
-8.950784994  
-5.757443822  
-1.546657824  
2.860140201  
6.573278385  
8.854683872  
9.286010853  
7.842209249  
4.860738264  
0.9291244809  
-3.265586148  
-7.078481003  
-10.00553718  
-11.72748879  
-12.1084268  
-11.17105254  
-9.070333157  
-6.076167004  
-2.56091759  
1.023093625  
4.19140331  
6.505283319  
7.667079047  
7.604720424  
6.511164809  
4.812952348  
3.063742948  
1.786305826  
1.309502916  
1.65526228  
2.519442848  
3.361676962  
3.582263131  
2.731490124  
0.6814441834  
-2.301350568  
-5.6132249  
-8.487915868  
-10.23453934  
-10.46085451  
-9.205844725  
-6.934104477  
-4.390356579  
-2.35991302  
-1.413585947  
-1.721807134  
-3.000061804  
-4.603744611  
-5.740438418  
-5.728540803  
-4.216618693  
-1.292650023  
2.54927673  
6.568573422  
10.00635293  
12.3039217  
13.2405518  
12.95079853  
11.82537161  
10.33959489  
8.876026561  
7.605315768  
6.463992708  
5.229703569  
3.657986704  
1.623330381  
-0.7918385441  
-3.294351916  
-5.463626064  
-6.887934239  
-7.300972241  
-6.667171504  
-5.184986968  
-3.209251347  
-1.124524669  
0.7808528792  
2.391967628  
3.767876417  
5.068274908  
6.438204187  
7.899238545  
9.293155169  
10.30381033  
10.55247163  
9.733095417  
7.737653399  
4.724023141  
1.099017842  
-2.580494824  
-5.75614433  
-8.016633374  
-9.197276988  
-9.399519786  
-8.928042829  
-8.171475707  
-7.470666985  
-7.019850945  
-6.831140316  
-6.767755104  
-6.626244734  
-6.231729518  
-5.508832557  
-4.503712176  
-3.354019335  
-2.224712364  
-1.240088072  
-0.4418587598  
0.2099139105  
0.7954276066  
1.373556258  
1.928973762  
2.353270401  
2.471027439  
2.102790603  
1.141197259  
-0.3895974937  
-2.314956538  
-4.339506416  
-6.115171485  
-7.323119259  
-7.741366192  
-7.277585589  
-5.962284091  
-3.914238765  
-1.30032694  
1.688694485  
4.836310817  
7.879043734  
10.48719917  
12.27366926  
12.84825766  
11.91545036  
9.390320012  
5.490535155  
0.7607623241  
-3.998031691  
-7.891226314  
-10.14761471  
-10.32810828  
-8.457847445  
-5.032327246  
-0.886496079  
3.03869135  
5.961246188  
7.469684017  
7.611529837  
6.829627037  
5.76922402  
5.024421525  
4.914688971  
5.372208103  
5.981216133  
6.155150842  
5.38593858  
3.471534068  
0.6337399364  
-2.522701204  
-5.200349894  
-6.682621201  
-6.590937111  
-5.028472995  
-2.55257937  
0.0197020547  
1.905827369  
2.644400099  
2.265820053  
1.277721837  
0.4628737666  
0.5577340898  
1.928159596  
4.365929154  
7.091539541  
8.977271829  
8.92459537  
6.270284415  
1.078382039  
-5.791695014  
-12.87751787  
-18.51449393  
-21.32019409  
-20.60556431  
-16.57808857  
-10.27022098  
-3.217764011  
3.004141764  
7.233793728  
9.018068193  
8.660666132  
7.02097396  
5.146663396  
3.877312745  
3.560784776  
3.977836351  
4.491355698  
4.353715241  
3.049103406  
0.537697455  
-2.692029741  
-5.782829339  
-7.819472671  
-8.173096165  
-6.748300883  
-4.03821804  
-0.9639565072  
1.444872136  
2.412677156  
1.691155198  
-0.3565416253  
-2.891264066  
-4.903002521  
-5.573952349  
-4.56725966  
-2.137620275  
0.97365864  
3.816769162  
5.578914215  
5.868070851  
4.830788023  
3.063700447  
1.35709134  
0.3724928447  
0.3810133457  
1.165273131  
2.12431874  
2.541704296  
1.911954814  
0.1950811397  
-2.107049561  
-4.092822815  
-4.778697548  
-3.480182716  
-0.1141620452  
4.696341371  
9.765615613  
13.69837374  
15.33605747  
14.14219172  
10.39000167  
5.082448132  
-0.371769244  
-4.616357383  
-6.78164842  
-6.74464939  
-5.125948168  
-3.027787238  
-1.609364146  
-1.652846816  
-3.275910281  
-5.893119219  
-8.438384919  
-9.766547648  
-9.087817067  
-6.277453922  
-1.948487598  
2.739007324  
6.463763485  
8.186385895  
7.492188576  
4.713789668  
0.793663829  
-3.05930423  
-5.792101736  
-6.85540451  
-6.353564577  
-4.947996141  
-3.556802167  
-2.96825194  
-3.516337481  
-4.94213548  
-6.493923445  
-7.228750349  
-6.401351823  
-3.791744351  
0.1564838495  
4.446588273  
7.855339486  
9.362298871  
8.526957079  
5.674052217  
1.813391811  
-1.685345798  
-3.554196199  
-3.065208637  
-0.291077681  
3.906377615  
8.160406153  
11.06164408  
11.64119006  
9.708596741  
5.927750637  
1.602794194  
-1.755026527  
-2.93456113  
-1.436404005  
2.347691886  
7.245895923  
11.6695424  
14.1081175  
13.59530714  
9.999023283  
4.049509532  
-2.893559462  
-9.251518879  
-13.67973942  
-15.42309373  
-14.47372785  
-11.50016042  
-7.590178369  
-3.903505402  
-1.347787479  
-0.3709549297  
-0.9149237275  
-2.519110681  
-4.517283438  
-6.251569001  
-7.236400899  
-7.235483426  
-6.252259413  
-4.464081283  
-2.141975311  
0.4099078764  
2.882141999  
4.965110707  
6.354979237  
6.782862528  
6.073956483  
4.22183033  
1.446017695  
-1.802241535  
-4.907600531  
-7.226557043  
-8.257743394  
-7.792872947  
-5.993840801  
-3.361498662  
-0.596728495  
1.607587316  
2.778397368  
2.807862221  
1.981717519  
0.8784708478  
0.171034529  
0.3963305343  
1.769976842  
4.108265998  
6.883087048  
9.390068182  
10.97203601  
11.22201113  
10.09863478  
7.918509293  
5.2330356  
2.636535286  
0.5741813427  
-0.7846446319  
-1.567598748  
-2.113728844  
-2.816842812  
-3.95684463  
-5.579180677  
-7.462726664  
-9.183443654  
-10.24763496  
-10.24641784  
-8.979273509  
-6.509276917  
-3.139092494  
0.6755107931  
4.439223055  
7.718711011  
10.20418474  
11.72309897  
12.21793833  
11.71178493  
10.28453465  
8.070858136  
5.274580018  
2.180984708  
-0.8545299579  
-3.454119577  
-5.296715588  
-6.205654128  
-6.210945391  
-5.555494986  
-4.631727355  
-3.860878141  
-3.551710557  
-3.788327893  
-4.391809867  
-4.977121232  
-5.093035696  
-4.40006667  
-2.822844843  
-0.6168677482  
1.684068166  
3.432217566  
4.092412037  
3.453794953  
1.747885777  
-0.3793991726  
-2.047085615  
-2.422348236  
-1.020091666  
2.081559804  
6.189922301  
10.14211158  
12.61482279  
12.51403035  
9.328724512  
3.338209284  
-4.397347318  
-12.27014498  
-18.52202938  
-21.69649171  
-21.01901038  
-16.59963957  
-9.403281566  
-0.9993179133  
6.836328026  
12.55540007  
15.19138126  
14.54503825  
11.16421895  
6.138833122  
0.7799932994  
-3.722586617  
-6.573750784  
-7.513009657  
-6.800056542  
-5.067509525  
-3.095359599  
-1.575849207  
-0.9318558541  
-1.230313677  
-2.20259824  
-3.354804365  
-4.129835621  
-4.074157459  
-2.965656644  
-0.8725648837  
1.867171644  
4.736615175  
7.174640211  
8.719140915  
9.121903439  
8.40606022  
6.851652816  
4.913384377  
3.092713112  
1.799330771  
1.241106295  
1.374622169  
1.931761359  
2.515459822  
2.73608275  
2.3458048  
1.327117959  
-0.09552720216  
-1.52792231  
-2.54121341  
-2.826346642  
-2.315009959  
-1.222536609  
0.007561512427  
0.8447893349  
0.8552585884  
-0.1333719522  
-1.944378478  
-4.077718082  
-5.848346165  
-6.597687374  
-5.911746095  
-3.773216387  
-0.5936216262  
2.890900349  
5.831659452  
7.521991838  
7.61279076  
6.21831101  
3.876247249  
1.373629108  
-0.5055513843  
-1.228839277  
-0.6789793264  
0.8200114684  
2.621063224  
3.975182554  
4.280290274  
3.27448176  
1.110790968  
-1.707941242  
-4.507306991  
-6.667796114  
-7.819650652  
-7.939570002  
-7.319079807  
-6.42078632  
-5.678826461  
-5.319124921  
-5.267194255  
-5.178841305  
-4.584025236  
-3.092317637  
-0.5846831219  
2.680624796  
6.091678443  
8.835205527  
10.13207942  
9.480838479  
6.829688739  
2.619883006  
-2.315471034  
-6.966811888  
-10.41167601  
-12.04678798  
-11.72113617  
-9.735929706  
-6.719816196  
-3.425398017  
-0.5140035445  
1.606185316  
2.84565432  
3.393786655  
3.598650864  
3.813901686  
4.265506258  
4.978770885  
5.782239834  
6.378645379  
6.453161692  
5.781409015  
4.304796397  
2.155372058  
-0.3702788407  
-2.874370048  
-4.938017116  
-6.198648815  
-6.411571778  
-5.489937508  
-3.522446469  
-0.769358467  
2.364049687  
5.378656615  
7.757593098  
9.061274207  
9.026334097  
7.645043039  
5.199098614  
2.22761099  
-0.575430474  
-2.518094781  
-3.085701565  
-2.086517103  
0.2774350827  
3.442352629  
6.616812975  
8.986242222  
9.93221081  
9.203184349  
6.985074713  
3.848408579  
0.5856099985  
-2.014561529  
-3.389041965  
-3.353595523  
-2.143110076  
-0.3298712465  
1.352304448  
2.22275837  
1.842808504  
0.125095064  
-2.663012198  
-5.994564295  
-9.240238069  
-11.83562781  
-13.40904441  
-13.83811755  
-13.22988903  
-11.84395961  
-9.993630027  
-7.96123194  
-5.952023466  
-4.092075574  
-2.456961487  
-1.1073961  
-0.1085137767  
0.4795187462  
0.6358424928  
0.4200941899  
-0.003744355115  
-0.3803910965  
-0.41867531  
0.1231303453  
1.349235185  
3.168037756  
5.289263175  
7.285136639  
8.702294236  
9.192598349  
8.622060012  
7.121865282  
5.062363994  
2.954805202  
1.308603195  
0.4863971656  
0.6004363586  
1.481402132  
2.728809309  
3.827613997  
4.29640897  
3.824135598  
2.356986437  
0.1129017484  
-2.477484146  
-4.884078628  
-6.611732513  
-7.319364627  
-6.894286184  
-5.466428949  
-3.36409333  
-1.027434392  
1.095324801  
2.642688038  
3.404782245  
3.347238481  
2.593999942  
1.378535342  
-0.02097683224  
-1.345333794  
-2.402067065  
-3.088125027  
-3.385533661  
-3.335259639  
-3.000138835  
-2.430172466  
-1.642432832  
-0.6228023841  
0.6505994496  
2.170561066  
3.864775401  
5.576703187  
7.075557232  
8.098756651  
8.418663167  
7.914996937  
6.628810788  
4.776365415  
2.71159872  
0.8419767141  
-0.4810514055  
-1.064386026  
-0.9345137515  
-0.3339657653  
0.3511886095  
0.7141003337  
0.4629280987  
-0.4750171339  
-1.917892183  
-3.479120239  
-4.690707039  
-5.162550845  
-4.725461756  
-3.50807571  
-1.917475908  
-0.5245643442  
0.1124249322  
-0.3696542886  
-2.010786766  
-4.4982419  
-7.248025677  
-9.572945151  
-10.88343876  
-10.85577233  
-9.512870803  
-7.192775097  
-4.418291005  
-1.715375075  
0.5548285392  
2.291143696  
3.642571573  
4.900247457  
6.334482107  
8.041331255  
9.8605311  
11.40079896  
12.1682509  
11.75382  
10.0103405  
7.150021559  
3.718615347  
0.445914172  
-1.982115695  
-3.152765756  
-3.075494035  
-2.192239305  
-1.237132732  
-0.9861081644  
-1.977683713  
-4.300216192  
-7.522442619  
-10.79829158  
-13.1187974  
-13.63307921  
-11.93447286  
-8.216324578  
-3.242616857  
1.861578104  
5.93594226  
8.124552099  
8.121863246  
6.247749365  
3.329685335  
0.4323127137  
-1.477170623  
-1.820511936  
-0.5661631747  
1.791808856  
4.419735042  
6.428723456  
7.161814281  
6.391555632  
4.368978464  
1.716227516  
-0.7935468142  
-2.49077295  
-3.013332891  
-2.396063248  
-1.023718666  
0.528155899  
1.704214804  
2.15816458  
1.857316706  
1.072409985  
0.2623733819  
-0.1017936923  
0.2879047391  
1.46085634  
3.147612583  
4.858431358  
6.032626018  
6.210348514  
5.174615996  
3.023571526  
0.155753933  
-2.823571888  
-5.246874299  
-6.541487079  
-6.362418038  
-4.673411704  
-1.762752221  
1.806038616  
5.297497399  
7.943054334  
9.092459504  
8.352403127  
5.686393753  
1.45263475  
-3.636045495  
-8.632861896  
-12.54315008  
-14.54159746  
-14.17209543  
-11.47799811  
-7.021287392  
-1.774145574  
3.100108012  
6.526585026  
7.78704791  
6.702512931  
3.675867315  
-0.4220087983  
-4.493987818  
-7.518915136  
-8.827382992  
-8.270657648  
-6.233942706  
-3.492411921  
-0.9565289329  
0.6132238922  
0.8337977837  
-0.1993434662  
-1.964854891  
-3.699922302  
-4.653586453  
-4.326457773  
-2.621956438  
0.134249432  
3.305741265  
6.145153769  
8.014175752  
8.55395935  
7.757714533  
5.933092173  
3.578990407  
1.226759356  
-0.6986977889  
-1.956876243  
-2.495267967  
-2.394583301  
-1.791281306  
-0.8162584462  
0.4251207005  
1.830097225  
3.254432141  
4.481318759  
5.233490845  
5.239446646  
4.337846013  
2.581023691  
0.2897647535  
-1.97776803  
-3.551922974  
-3.845203793  
-2.555979219  
0.1881186729  
3.805728395  
7.380429658  
9.900286697  
10.55290416  
8.986340909  
5.45039081  
0.7656512477  
-3.880172629  
-7.254649855  
-8.428291821  
-7.043489612  
-3.422960951  
1.515831399  
6.514750218  
10.32103746  
12.02224176  
11.27279046  
8.350707062  
4.036663267  
-0.6384981296  
-4.694659499  
-7.459256742  
-8.707715598  
-8.656483543  
-7.825832393  
-6.828507547  
-6.15835524  
-6.045646695  
-6.417781915  
-6.966050874  
-7.284650852  
-7.028383875  
-6.035240354  
-4.37785601  
-2.335362123  
-0.3041861859  
1.316415171  
2.225465371  
2.280184138  
1.50544074  
0.06190764281  
-1.806363967  
-3.823032015  
-5.715098622  
-7.231206642  
-8.151002298  
-8.297722909  
-7.561998469  
-5.934890467  
-3.53782171  
-0.6316738102  
2.409688438  
5.164828034  
7.256993975  
8.44754697  
8.699529458  
8.186489095  
7.238012713  
6.235180359  
5.488014428  
5.136044901  
5.107807157  
5.156538616  
4.96322491  
4.273392609  
3.01973681  
1.384447155  
-0.226813868  
-1.298204507  
-1.372714822  
-0.2238699588  
2.027734014  
4.896634806  
7.627782002  
9.383993096  
9.474661977  
7.559984695  
3.76967263  
-1.301027698  
-6.720365963  
-11.44049746  
-14.54989983  
-15.48989623  
-14.17860778  
-11.01231222  
-6.748377833  
-2.305253868  
1.46486108  
3.971298407  
5.000980971  
4.73201013  
3.649343913  
2.391557598  
1.572239715  
1.621928925  
2.687131906  
4.605823331  
6.958902564  
9.179551708  
10.69095449  
11.03938258  
9.993676877  
7.592020337  
4.129804467  
0.09521383481  
-3.930476771  
-7.384964582  
-9.825683295  
-10.99999218  
-10.87353782  
-9.615562564  
-7.549264069  
-5.08181683  
-2.631005365  
-0.5630965485  
0.8492337438  
1.447249578  
1.189198341  
0.1432848603  
-1.523187191  
-3.556439916  
-5.633649473  
-7.391331636  
-8.470111501  
-8.575845756  
-7.548620272  
-5.422801373  
-2.457062977  
0.8839046496  
4.003727248  
6.296260696  
7.289711512  
6.775760969  
4.884864168  
2.079638864  
-0.940740024  
-3.406286632  
-4.670789812  
-4.382167968  
-2.579396277  
0.3139831305  
3.600407006  
6.492815046  
8.32092381  
8.700268812  
7.616703611  
5.405052236  
2.633089881  
-0.0696893096  
-2.183995955  
-3.421600153  
-3.762763619  
-3.406888808  
-2.66171015  
-1.815071252  
-1.035856962  
-0.3369806739  
0.3914344761  
1.297035897  
2.465543033  
3.84793956  
5.245040905  
6.357515933  
6.884271205  
6.633383166  
5.604235863  
4.009282383  
2.224970814  
0.6863573074  
-0.2403631871  
-0.3657516116  
0.2690936728  
1.408529697  
2.660236865  
3.60732039  
3.917875598  
3.419329625  
2.119944826  
0.1795170924  
-2.15181049  
-4.599994904  
-6.915579666  
-8.893318017  
-10.36739689  
-11.19826501  
-11.26983364  
-10.50856939  
-8.922152479  
-6.641130484  
-3.939357972  
-1.212115843  
1.095185203  
2.594897784  
3.070572698  
2.556440566  
1.349261999  
-0.06140297556  
-1.131074231  
-1.427315449  
-0.7727186379  
0.6855221601  
2.507490762  
4.089382188  
4.851753971  
4.428025529  
2.791660137  
0.2790176416  
-2.501544261  
-4.846315854  
-6.162241826  
-6.136404862  
-4.815884166  
-2.575388791  
0.0122860941  
2.356412167  
4.017921344  
4.814305471  
4.831312121  
4.347207169  
3.705797683  
3.189782889  
2.941260871  
2.953739793  
3.129243598  
3.366959768  
3.637789289  
4.006307457  
4.585947524  
5.444468337  
6.502545609  
7.477166062  
7.909001272  
7.282023031  
5.205860169  
1.600718133  
-3.185825537  
-8.385498375  
-12.95698085  
-15.84391114  
-16.27091048  
-13.98543817  
-9.363967198  
-3.340096281  
2.832047011  
7.91183029  
11.00272016  
11.77733842  
10.52733575  
8.024477211  
5.240472703  
3.018909486  
1.807659154  
1.539006568  
1.694656383  
1.530284813  
0.3806327007  
-2.060887088  
-5.585360487  
-9.490378203  
-12.77705656  
-14.45992513  
-13.8898544  
-10.98563168  
-6.298937151  
-0.8904121334  
3.94634978  
7.030090007  
7.604692067  
5.53082076  
1.307068656  
-4.076723736  
-9.403610423  
-13.53165771  
-15.65111585  
-15.43483571  
-13.05639128  
-9.089331806  
-4.330369787  
0.3980186517  
4.415318111  
7.288820957  
8.8680174  
9.257468429  
8.748939431  
7.735443402  
6.625006769  
5.765477919  
5.386782585  
5.56557657  
6.21759574  
7.122416429  
7.981086111  
8.498638914  
8.473415789  
7.867478295  
6.832463734  
5.674952257  
4.763815142  
4.403338502  
4.712356475  
5.553828984  
6.547479932  
7.172315367  
6.934126449  
5.546079531  
3.059518214  
-0.107449309  
-3.265348637  
-5.652795918  
-6.68147323  
-6.146600142  
-4.327871262  
-1.937379553  
0.07979786613  
0.8361388079  
-0.2072048313  
-3.044744135  
-7.095178205  
-11.35147876  
-14.67017942  
-16.11051449  
-15.21560722  
-12.14551639  
-7.619994719  
-2.69155036  
1.574611772  
4.407316292  
5.522958775  
5.146945923  
3.864868716  
2.364699263  
1.168118078  
0.4504037976  
0.0135087295  
-0.5812940207  
-1.77542343  
-3.764842446  
-6.342687609  
-8.901684862  
-10.60668252  
-10.68309191  
-8.720266686  
-4.877328771  
0.09184162861  
5.017312155  
8.647105446  
10.03137343  
8.829584279  
5.43518714  
0.870708672  
-3.517650808  
-6.469403841  
-7.19079955  
-5.583901192  
-2.250521395  
1.727137392  
5.153020896  
7.106826594  
7.226873479  
5.794817101  
3.599550031  
1.633161631  
0.7279208741  
1.261269833  
3.029778128  
5.332848163  
7.233593453  
7.903369009  
6.928574437  
4.47268162  
1.237376457  
-1.763875994  
-3.542553589  
-3.468088045  
-1.485501985  
1.853974635  
5.558023445  
8.498261881  
9.755131199  
8.892571409  
6.078735852  
2.021346819  
-2.253672988  
-5.70409677  
-7.557486289  
-7.497194202  
-5.70210881  
-2.743602473  
0.6129190244  
3.630497529  
5.777453294  
6.81345954  
6.775999459  
5.892546094  
4.464177824  
2.76720368  
1.002837055  
-0.7005462208  
-2.251482964  
-3.556944387  
-4.509208241  
-5.009977745  
-5.022342742  
-4.624231046  
-4.031862777  
-3.571069383  
-3.594579174  
-4.366706544  
-5.953728132  
-8.161471829  
-10.54930719  
-12.5254058  
-13.50048831  
-13.05592957  
-11.07493724  
-7.795211372  
-3.764983342  
0.286267636  
3.625541401  
5.692073772  
6.223194578  
5.299154839  
3.300884913  
0.7994051933  
-1.587527218  
-3.331481976  
-4.08981331  
-3.746114258  
-2.396050045  
-0.2938027707  
2.219471504  
4.785473698  
7.084095712  
8.869840833  
9.990996248  
10.39532457  
10.12492674  
9.30057063  
8.094918151  
6.695963922  
5.266318844  
3.908314959  
2.646604057  
1.436758753  
0.2005690632  
-1.121564827  
-2.519169704  
-3.882080001  
-5.008283864  
-5.652625592  
-5.604188069  
-4.767306223  
-3.216381509  
-1.200768885  
0.9079461463  
2.713463822  
3.906473123  
