-15.22490557  
-14.05471287  
-10.10373656  
-4.45884015  
1.335531756  
5.745130008  
7.724630895  
7.047101588  
4.367579644  
0.9910369178  
-1.583804099  
-2.193069877  
-0.4268171589  
3.210468905  
7.460716785  
10.74580092  
11.72775809  
9.800792325  
5.339130447  
-0.3939183996  
-5.653069613  
-8.799731831  
-8.87033916  
-5.924849343  
-1.048574696  
4.000670239  
7.384225311  
7.811832116  
4.991083418  
-0.2607007527  
-6.284249751  
-11.13638328  
-13.24752884  
-11.952373  
-7.710778569  
-1.943283193  
3.460374824  
6.787962606  
7.081573754  
4.445383618  
-0.01946903467  
-4.62518844  
-7.70437532  
-8.197894846  
-6.016823081  
-2.054056014  
2.153232514  
4.985258397  
5.322277758  
2.94025923  
-1.418790804  
-6.321957901  
-10.16189631  
-11.72519358  
-10.607179  
-7.326195315  
-3.101521701  
0.6175425448  
2.693790687  
2.713224966  
1.113016716  
-1.019821661  
-2.40197913  
-2.087534839  
0.1220295998  
3.551742268  
6.867533825  
8.561430598  
7.535017096  
3.56696441  
-2.513721743  
-9.025711914  
-13.95016303  
-15.59303585  
-13.16887857  
-7.101928354  
1.065594248  
9.134649595  
14.93023468  
16.97677871  
14.94486947  
9.724519599  
3.10715286  
-2.809987815  
-6.292966616  
-6.490854295  
-3.640857896  
1.093766346  
6.078774992  
9.786115422  
11.2888853  
10.50900119  
8.148199391  
5.349142763  
3.227661681  
2.456271246  
3.050831274  
4.42894849  
5.702806443  
6.080652358  
5.21265655  
3.342106056  
1.201454602  
-0.3057601755  
-0.5102081348  
0.6949249549  
2.740967109  
4.544467469  
4.895238389  
2.934968533  
-1.452053365  
-7.490823873  
-13.6826813  
-18.24813773  
-19.70440507  
-17.38218976  
-11.69990263  
-4.091638691  
3.398508697  
8.729240198  
10.48344701  
8.29511541  
2.943398653  
-3.913031376  
-10.2685238  
-14.39019886  
-15.32092312  
-13.10680259  
-8.688610968  
-3.512280873  
0.9934207006  
3.885601933  
4.963800646  
4.738291514  
4.140280026  
4.095464659  
5.126893056  
7.135905074  
9.438918178  
11.04027368  
11.0332682  
8.974923321  
5.091585864  
0.2365922093  
-4.385766239  
-7.628930033  
-8.795169231  
-7.865558174  
-5.484849059  
-2.707578899  
-0.5997976834  
0.1561862154  
-0.4923161973  
-1.963294994  
-3.27835778  
-3.4571539  
-1.921903855  
1.239286521  
5.251784075  
8.890658275  
10.89448805  
10.41177154  
7.320724644  
2.305906822  
-3.340353344  
-8.127201993  
-10.8466045  
-10.96243035  
-8.774855651  
-5.305461805  
-1.94471528  
0.01575314077  
-0.1936112175  
-2.582536236  
-6.422629006  
-10.51151288  
-13.57995139  
-14.69727066  
-13.53744828  
-10.42333873  
-6.148707833  
-1.656784149  
2.298645108  
5.383890913  
7.72874863  
9.777827325  
12.01902018  
14.70372713  
17.67462677  
20.37291356  
22.02585437  
21.94379868  
19.81117099  
15.85528886  
10.82105721  
5.752079459  
1.652853114  
-0.8458155199  
-1.693558585  
-1.418991678  
-0.9152363812  
-1.086961146  
-2.487218136  
-5.079810762  
-8.220554395  
-10.87245824  
-11.9839631  
-10.89670099  
-7.633528651  
-2.955610387  
1.843214814  
5.343453723  
6.473013475  
4.883237319  
1.093943569  
-3.649579824  
-7.766350588  
-9.849318657  
-9.125194991  
-5.710167638  
-0.575686587  
4.763303208  
8.7316764  
10.18617789  
8.753032621  
4.903607401  
-0.2474086198  
-5.341473002  
-9.227680343  
-11.30760431  
-11.65805  
-10.89972523  
-9.872994533  
-9.251175689  
-9.242459768  
-9.496117469  
-9.250688011  
-7.66946055  
-4.235929972  
0.9444018941  
7.059139342  
12.76772246  
16.59467017  
17.4077375  
14.81550909  
9.341327943  
2.304295091  
-4.561880565  
-9.630315875  
-11.87053354  
-11.14279794  
-8.199225779  
-4.393138097  
-1.197601561  
0.3012700189  
-0.2370492068  
-2.317951519  
-4.818577076  
-6.415630518  
-6.082420176  
-3.480197404  
0.8937282557  
5.853590066  
9.918259332  
11.81461684  
10.9180732  
7.478943233  
2.556994178  
-2.313865269  
-5.61764197  
-6.340211586  
-4.28519144  
-0.1206260062  
4.853009067  
9.130096285  
11.4769368  
11.30153147  
8.800760525  
4.848471715  
0.6758849404  
-2.53777446  
-4.023321715  
-3.613483446  
-1.717926878  
0.8908618114  
3.389220243  
5.191879762  
6.116349283  
6.37199164  
6.392207951  
6.58696496  
7.120058482  
7.802767185  
8.147740851  
7.563545976  
5.614566568  
2.244175719  
-2.129267278  
-6.688052781  
-10.44385832  
-16.83639708  
-21.49017324  
-22.88437288  
-20.69636971  
-15.50865708  
-8.581618043  
-1.440620237  
4.58002068  
8.689579218  
10.7882772  
11.3828053  
11.32121551  
11.45297918  
12.33411973  
14.07018096  
16.33364165  
18.52952665  
20.03527627  
20.42374326  
19.5942447  
17.77679472  
15.42271275  
13.0324747  
10.98735171  
9.441728309  
8.305012727  
7.307624128  
6.118252324  
4.4678438  
2.241147936  
-0.4856438583  
-3.461765526  
-6.31826471  
-8.642968941  
-10.05670988  
-10.2811049  
-9.194682144  
-6.874844506  
-3.618700426  
0.06977381002  
3.539487851  
6.103815642  
7.191566238  
6.504360322  
4.13258026  
0.5821536996  
-3.316409089  
-6.609999203  
-8.48863556  
-8.536777086  
-6.884668724  
-4.197083  
-1.485557914  
0.2093602923  
0.1689739655  
-1.737978734  
-4.974205881  
-8.480108198  
-11.01362752  
-11.5788127  
-9.79914784  
-6.100619559  
-1.62738562  
2.09820929  
3.668976633  
2.277434603  
-1.976559287  
-8.070391676  
-14.35462582  
-19.07187441  
-20.92873951  
-19.52557917  
-15.49079865  
-10.26392518  
-5.592329971  
-2.909030581  
-2.806441578  
-4.795020174  
-7.442683333  
-8.861305427  
-7.384219966  
-2.206502279  
6.235877225  
16.29039944  
25.52560333  
31.45229787  
32.29992267  
27.59570777  
18.35445639  
6.811822055  
-4.217845377  
-12.15624678  
-15.39065098  
-13.69080323  
-8.190418946  
-0.9536555323  
5.719395597  
10.01486393  
11.12141616  
9.384532846  
6.069247398  
2.833403672  
1.105721069  
1.585668329  
4.030137109  
7.385911347  
10.20488362  
11.18413318  
9.636369109  
5.728844075  
0.416255356  
-4.89703246  
-8.837088444  
-10.51029226  
-9.768296586  
-7.204813809  
-3.898533183  
-1.004767943  
0.6532301621  
0.8492760073  
-0.010834475  
-1.085546207  
-1.443974511  
-0.4322375211  
2.071690576  
5.600198043  
9.247370396  
11.96727898  
12.90914521  
11.67306687  
8.405687275  
3.717111253  
-1.535162546  
-6.506584356  
-10.57435883  
-13.4281518  
-15.02844063  
-15.47231342  
-14.84099333  
-13.10583543  
-10.1396873  
-5.831411282  
-0.2529525031  
6.199761735  
12.76676326  
18.42443648  
22.11251582  
23.02248284  
20.852354  
15.93683397  
9.19904343  
1.927989515  
-4.555499845  
-9.243275367  
-11.68881263  
-12.08523633  
-11.15218648  
-9.872417314  
-9.165383094  
-9.601517586  
-11.24350256  
-13.65628215  
-16.07227299  
-17.6505739  
-17.74422383  
-16.09387728  
-12.89580714  
-8.735166966  
-4.416450914  
-0.7493648551  
1.64690956  
2.472914086  
1.790067281  
-0.02036288435  
-2.35561709  
-4.516025824  
-5.829861152  
-5.763111889  
-4.007996375  
-0.5472038459  
4.312462584  
9.949189365  
15.49230011  
19.95315158  
22.41220605  
22.23174829  
19.24442234  
13.86034778  
7.046463862  
0.1610319178  
-5.333044027  
-8.212580385  
-7.807501043  
-4.194309111  
1.791991658  
8.740883906  
15.0022646  
19.08804239  
20.03158607  
17.60831482  
12.36044746  
5.425429696  
-1.77726277  
-7.908565566  
-12.0204805  
-13.73529123  
-13.25733311  
-11.2321969  
-8.510363431  
-5.893326908  
-3.935599487  
-2.849718447  
-2.524168964  
-2.628993449  
-2.762008521  
-2.584854143  
-1.911352141  
-0.7333787715  
0.8076780921  
2.480799638  
4.030255902  
5.226384984  
5.895434132  
5.932647036  
5.307711352  
4.06912851  
2.34681899  
0.3454206402  
-1.681297154  
-3.478831317  
-4.856158334  
-5.746720861  
-6.241079121  
-6.569811816  
-7.029989518  
-7.869669871  
-9.165116187  
-10.73552766  
-12.13507959  
-12.74062017  
-11.92188379  
-9.24962886  
-4.677373363  
1.36722706  
8.022809981  
14.16914973  
18.69580244  
20.79075126  
20.16377  
17.13468871  
12.55511126  
7.58189101  
3.366123188  
0.7475327643  
0.04283136238  
0.9876354846  
2.844692701  
4.64116103  
5.460470663  
4.701276454  
2.230414712  
-1.6072108  
-6.113489564  
-10.44886042  
-13.86117914  
-15.86362742  
-16.31644536  
-15.40182364  
-13.51563633  
-11.12219845  
-8.622917897  
-6.276865797  
-4.187504869  
-2.344536951  
-0.6923940453  
0.8075306491  
2.145062764  
3.267117771  
4.111068445  
4.644462948  
4.889295043  
4.91820948  
4.824249941  
4.678717877  
4.497601273  
4.233477442  
3.798460603  
3.10946325  
2.1362391  
0.9300413942  
-0.3819606142  
-1.63728633  
-2.698678629  
-3.509222809  
-4.116174266  
-4.648268689  
-5.249364138  
-5.990186394  
-6.792240544  
-7.398105009  
-7.409323676  
-6.390474485  
-4.013541391  
-0.1989414334  
4.794619605  
10.36743779  
15.67460267  
19.80148662  
21.97455174  
21.75009126  
19.12803436  
14.55832465  
8.837872444  
2.926843682  
-2.265063856  
-6.06528974  
-8.151384061  
-8.567113235  
-7.647355815  
-5.882696011  
-3.768796255  
-1.685428241  
0.1636808872  
1.740947191  
3.108534909  
4.335734209  
5.416178269  
6.225243461  
6.532720634  
6.066970067  
4.609882223  
2.091898176  
-1.343953658  
-5.331299311  
-9.330060694  
-12.72676889  
-14.96160389  
-15.65072469  
-14.67302526  
-12.1992854  
-8.655896823  
-4.631758213  
-0.7511200041  
2.456355068  
4.656374678  
5.757484319  
5.895184999  
5.359738545  
4.490174939  
3.566464769  
2.732249247  
1.971392059  
1.145089353  
0.07700563561  
-1.342424267  
-3.069179851  
-4.869496768  
-6.352818101  
-7.07042437  
-6.65402677  
-4.952686345  
-2.12324884  
1.3598533  
4.786832483  
7.370572432  
8.439834247  
7.614186615  
4.910233304  
0.747482561  
-4.148973803  
-8.921685725  
-12.78074725  
-15.17448031  
-15.88545591  
-15.03076856  
-12.97531122  
-10.19282549  
-7.122857644  
-4.068898851  
-1.165146142  
1.586546053  
4.233079326  
6.778484602  
9.123607276  
11.06231543  
12.33670885  
12.73024739  
12.16259975  
10.74824063  
8.793585683  
6.729318187  
4.998120176  
3.934386775  
3.675770462  
4.135604903  
5.044126513  
6.042906824  
6.799097852  
7.10069154  
6.902217299  
6.309339655  
5.513148259  
4.7025717  
3.989728102  
3.376376497  
2.772290837  
2.055514302  
1.147766671  
0.07218602652  
-1.032515827  
-1.950289138  
-2.466111611  
-2.455477314  
-1.949839301  
-1.150020709  
-0.3777585485  
0.02182534517  
-0.2047964968  
-1.126975309  
-2.593677215  
-4.269471542  
-5.734270951  
-6.616423334  
-6.716366251  
-6.080132761  
-4.997359021  
-3.922260299  
-3.340343324  
-3.620475615  
-4.896092716  
-7.009953794  
-9.537550079  
-11.88131707  
-13.40875487  
-13.59772195  
-12.1534568  
-9.072792474  
-4.646925284  
0.5905726227  
5.953163569  
10.70726449  
14.17607612  
15.82867455  
15.34758  
12.67178869  
8.013266447  
1.844217463  
-5.147418485  
-12.13430138  
-18.25229896  
-22.7165953  
-24.93237214  
-24.57900841  
-21.65048894  
-16.4441061  
-9.501851124  
-1.520512052  
6.747188927  
14.57860578  
21.34055597  
26.51992093  
29.7345951  
30.73992453  
29.44390906  
25.93564035  
20.51859681  
13.72970572  
6.321283254  
-0.8108740674  
-6.754471978  
-10.74414326  
-12.32487896  
-11.47073558  
-8.619196402  
-4.600391799  
-0.4680472374  
2.732565446  
4.204099911  
3.583152017  
1.023985617  
-2.842586892  
-7.064648717  
-10.59830108  
-12.55131064  
-12.38049488  
-9.996979212  
-5.760215528  
-0.3715364207  
5.297275435  
10.39226889  
14.23598701  
16.42402064  
16.84773604  
15.65229016  
13.15385769  
9.745429118  
5.81703292  
1.705928457  
-2.319873905  
-6.051870982  
-9.31808683  
-11.96064129  
-13.82445025  
-14.76230552  
-14.65618358  
-13.4501598  
-11.18719359  
-8.040124278  
-4.326410941  
-0.4968598382  
2.908363948  
5.337266956  
6.32914295  
5.625359224  
3.261812777  
-0.3859227026  
-4.628499871  
-8.569343921  
-11.28077044  
-12.01646587  
-10.41052017  
-6.608323381  
-1.28546056  
4.464261921  
9.356356923  
12.21014486  
12.23875982  
9.259047659  
3.762704828  
-3.175438641  
-10.1331739  
-15.66297925  
-18.6189321  
-18.40588432  
-15.09014543  
-9.348956239  
-2.279773908  
4.873922729  
11.0049904  
15.3614825  
17.65365978  
18.03547543  
16.98221198  
15.11126009  
13.00208574  
11.06328641  
9.473845016  
8.200266939  
7.06960356  
5.866493999  
4.422203987  
2.673036775  
0.6795002192  
-1.389659532  
-3.296688929  
-4.784123174  
-5.624143469  
-5.662741562  
-4.856106445  
-3.296372155  
-1.221010707  
1.002255924  
2.922069973  
4.08234468  
4.123604082  
2.885118201  
0.4786725109  
-2.694424429  
-6.000148942  
-8.699643279  
-10.12272912  
-9.84354745  
-7.80840556  
-4.374964203  
-0.2447409126  
3.698451571  
6.602817862  
7.856961417  
7.233906296  
4.930773936  
1.495162042  
-2.336704216  
-5.839255013  
-8.474281105  
-9.995108076  
-10.45406689  
-10.12146088  
-9.352294855  
-8.45110278  
-7.581372281  
-6.746097074  
-5.837753146  
-4.73006318  
-3.36960252  
-1.827615417  
-0.2899689366  
1.01085326  
1.89365774  
2.315148424  
2.407146907  
2.444621023  
2.751479926  
3.576183055  
4.982986261  
6.801527568  
8.658048884  
10.08261631  
10.65856315  
10.1635534  
8.652490143  
6.451248782  
4.060624426  
2.00104853  
0.650031817  
0.1272847176  
0.2668326497  
0.6853500756  
0.9229020303  
0.6071642751  
-0.415807816  
-2.029175946  
-3.888613229  
-5.544936473  
-6.60186335  
-6.852575589  
-6.346377581  
-5.361812175  
-4.295890858  
-3.509242902  
-3.183199865  
-3.241451121  
-3.366854654  
-3.110935309  
-2.060747824  
-0.006521370194  
2.948926446  
6.380184195  
9.638112522  
12.03106562  
13.0339979  
12.46001309  
10.53843202  
7.870855625  
5.273130159  
3.54587463  
3.238354652  
4.473861229  
6.888324352  
9.702785002  
11.91339454  
12.55050246  
10.93933488  
6.893941396  
0.7932403445  
-6.482105398  
-13.73792097  
-19.73450595  
-23.4691306  
-24.40404072  
-22.58408367  
-18.61502939  
-13.50761587  
-8.425838819  
-4.402214279  
-2.09204577  
-1.629909693  
-2.626148287  
-4.305038485  
-5.748139558  
-6.176414188  
-5.191774515  
-2.907171503  
0.07635403438  
2.844503463  
4.450394277  
4.221218563  
1.998978575  
-1.761766445  
-6.077159726  
-9.683695843  
-11.38835002  
-10.41948308  
-6.673628507  
-0.7798910197  
6.044585534  
12.31267825  
16.67021448  
18.26711207  
16.98712361  
13.46729862  
8.900784416  
4.681945075  
2.000519875  
1.50658477  
3.145547618  
6.209040014  
9.580508359  
12.09450563  
12.89518639  
11.68268285  
8.774508822  
4.969802499  
1.267550963  
-1.46490304  
-2.763738931  
-2.694500063  
-1.795771671  
-0.8654220229  
-0.6651613284  
-1.644051576  
-3.772786222  
-6.541857309  
-9.121849702  
-10.63121418  
-10.4234961  
-8.302174226  
-4.5969754  
-0.08159478361  
4.237084267  
7.390016702  
8.694414195  
7.909165632  
5.260271459  
1.341504174  
-3.067720199  
-7.205284171  
-10.48999479  
-12.60614099  
-13.49983839  
-13.30722198  
-12.25269511  
-10.55789268  
-8.389999546  
-5.857744496  
-3.043566604  
-0.04812926704  
2.977566845  
5.828126448  
8.269112808  
10.08037813  
11.09941414  
11.2490682  
10.5426526  
9.07024496  
6.977564344  
4.449749246  
1.706392806  
-0.9954682269  
-3.362191929  
-5.082384042  
-5.872563123  
-5.546117922  
-4.088161087  
-1.709193312  
1.149653532  
3.876040004  
5.807198451  
6.387044884  
5.318546678  
2.666234928  
-1.125602415  
-5.310938522  
-9.000461938  
-11.36112146  
-11.80518885  
-10.12108582  
-6.515552358  
-1.562510913  
3.921444578  
9.038498222  
12.96823528  
15.09229046  
15.06989209  
12.86522245  
8.737605716  
3.206600119  
-3.001927746  
-9.030818346  
-13.99364412  
-17.10511734  
-17.82814694  
-16.00930816  
-11.96237801  
-6.459931032  
-0.6099245814  
4.374475904  
7.466758667  
8.105812521  
6.376988322  
3.027854225  
-0.7063299683  
-3.435730549  
-4.022109669  
-1.940764994  
2.516305942  
8.270411984  
13.72637772  
17.21540376  
17.48504208  
14.08953754  
7.557730247  
-0.7198818207  
-8.858487953  
-14.99490007  
-17.79865918  
-16.82471789  
-12.60271206  
-6.439743513  
-0.003234430877  
5.182029744  
8.164122428  
8.790156598  
7.666247189  
5.87706678  
4.568373956  
4.537363863  
5.967702651  
8.392507231  
10.88808006  
12.4217703  
12.22649504  
10.06866721  
6.317506558  
1.796145965  
-2.526357995  
-5.886522422  
-7.991069528  
-9.096220278  
-9.870949437  
-11.09250327  
-13.28539081  
-16.43881998  
-19.91373695  
-22.58638449  
-23.19282907  
-20.7662826  
-15.02151689  
-6.551901815  
3.238541969  
12.46156918  
19.23919727  
22.2198042  
20.95989428  
16.05516378  
8.980667576  
1.687996447  
-3.920957204  
-6.490277908  
-5.537073922  
-1.525439483  
4.318480006  
10.38074821  
15.10405479  
17.37266188  
16.73765333  
13.43896227  
8.244934057  
2.181226497  
-3.75619391  
-8.818371534  
-12.60052269  
-15.01510146  
-16.17816624  
-16.26931672  
-15.42453182  
-13.6992207  
-11.10612285  
-7.701843303  
-3.677690733  
0.5895902173  
4.555146351  
7.593655833  
9.134103168  
8.802254001  
6.528904342  
2.592896842  
-2.412733901  
-7.68211024  
-12.33996864  
-15.59468097  
-16.87027094  
-15.89540383  
-12.73856331  
-7.788953395  
-1.690078911  
4.762380331  
10.74380294  
15.52810923  
18.60044231  
19.73560037  
19.02569365  
16.84808801  
13.77704056  
10.45646997  
7.463225495  
5.19497654  
3.811863122  
3.246180908  
3.273851559  
3.621592317  
4.071856378  
4.528574686  
5.020956352  
5.645941538  
6.473898829  
7.458053309  
8.38888169  
8.919483314  
8.660892591  
7.317541541  
4.813314985  
1.356595112  
-2.589374884  
-6.431628867  
-9.632314983  
-11.8907384  
-13.25422055  
-14.10862135  
-15.03872882  
-16.59568018  
-19.04652304  
-22.19554687  
-25.35091872  
-27.46647284  
-27.43090309  
-24.42360053  
-18.22689445  
-9.389924045  
0.820121763  
10.67987473  
18.41843041  
22.6583015  
22.76143344  
18.98002228  
12.37070397  
4.502276857  
-2.951878237  
-8.614509631  
-11.68491315  
-12.03001142  
-10.08128602  
-6.59455015  
-2.368273887  
1.980519808  
6.115129753  
9.938313887  
13.45204147  
16.5940336  
19.13184719  
20.66705328  
20.75335555  
19.08180976  
15.6545359  
10.86758113  
5.455830738  
0.3055533005  
-3.805794449  
-6.449565073  
-7.673567503  
-7.962027371  
-8.033190827  
-8.542286073  
-9.798427434  
-11.60587687  
-13.30061679  
-13.98377394  
-12.87859773  
-9.684722704  
-4.793410763  
0.7329525406  
5.435729559  
7.916616072  
7.331110856  
3.747717017  
-1.766237424  
-7.388104582  
-11.06026413  
-11.13674085  
-6.95208619  
0.8796057674  
10.5511565  
19.53077312  
25.28532841  
26.0432128  
21.35972921  
12.30155218  
1.181008434  
-9.089751593  
-15.83430536  
-17.38462152  
-13.55490328  
-5.671793321  
3.846510848  
12.22985992  
17.18400106  
17.55120303  
13.60380053  
6.888776207  
-0.3159967366  
-5.752547971  
-7.897828487  
-6.417520518  
-2.221816877  
2.882762821  
6.821807551  
7.950604628  
5.59268431  
0.2477681767  
-6.591256439  
-12.94459218  
-17.00355285  
-17.72312854  
-15.15716747  
-10.43127188  
-5.367691981  
-1.888400967  
-1.391648964  
-4.301738172  
-9.932234078  
-16.69967635  
-22.61258912  
-25.87540571  
-25.41561008  
-21.1728642  
-14.07014668  
-5.690417297  
2.22540035  
8.291970226  
11.84193487  
13.03121796  
12.67030828  
11.85505934  
11.53347819  
12.16011681  
13.55390402  
15.00187273  
15.56551263  
14.47743491  
11.48606199  
7.024400777  
2.139003281  
-1.80384974  
-3.542455389  
-2.337467964  
1.753722184  
7.838390617  
14.40377591  
19.7245849  
22.34091512  
21.46345967  
17.18617792  
10.44649214  
2.750186393  
-4.251944866  
-9.20756039  
-11.39750861  
-10.87151199  
-8.358721148  
-4.995926496  
-1.968017927  
-0.1746884693  
-0.02021089874  
-1.37653669  
-3.711056486  
-6.31860496  
-8.569292057  
-10.08733301  
-10.80817685  
-10.90920591  
-10.65580455  
-10.2332866  
-9.636539829  
-8.663602262  
-7.016612787  
-4.469810857  
-1.035306449  
2.945403404  
6.831580204  
9.838560304  
11.27401537  
10.77681614  
8.472284704  
4.980521187  
1.261263026  
-1.665634953  
-3.039480536  
-2.613937932  
-0.7592671004  
1.631556032  
3.413517223  
3.558582562  
1.508627781  
-2.602245191  
-7.933541314  
-13.14630361  
-16.77716364  
-17.66837919  
-15.32295193  
-10.07438169  
-3.015760934  
4.293526517  
10.25705563  
13.6782074  
14.07435634  
11.77643998  
7.788592419  
3.456076204  
0.04730380313  
-1.620423617  
-1.398827904  
0.1909604799  
2.167584737  
3.435560656  
3.155489725  
1.021909148  
-2.63501178  
-6.950080642  
-10.78853457  
-13.08931402  
-13.17853781  
-10.95908037  
-6.923937772  
-1.996943778  
2.743820234  
6.372234587  
8.358423349  
8.683264759  
7.797752953  
6.448736537  
5.429943689  
5.334319081  
6.37805031  
8.341284865  
10.63527881  
12.47096285  
13.07938157  
11.92505684  
8.859646264  
4.181200452  
-1.41188667  
-6.959648817  
-11.44090713  
-13.99273606  
-14.10356461  
-11.73873069  
-7.369089243  
-1.890466614  
3.556612745  
7.834812793  
10.07411324  
9.890292229  
7.499128876  
3.686713334  
-0.3706877188  
-3.403734727  
-4.394232437  
-2.875412894  
0.8998651385  
5.981859117  
10.9462097  
14.26652142  
14.73967737  
11.84350905  
5.918592678  
-1.887945946  
-9.910588081  
-16.40956269  
-20.04481926  
-20.24036926  
-17.32915479  
-12.43310885  
-7.113627869  
-2.898878725  
-0.8332211803  
-1.187483616  
-3.417932726  
-6.382666009  
-8.741811169  
-9.409420614  
-7.90951268  
-4.521591903  
-0.1715694124  
3.891129147  
6.518620755  
7.046913434  
5.506473427  
2.591174599  
-0.6011127396  
-2.964852175  
-3.78136401  
-2.973294136  
-1.128617061  
0.7169573589  
1.466438719  
0.3844649456  
-2.590793637  
-6.759038995  
-10.83112096  
-13.31485884  
-12.99181684  
-9.330736684  
-2.701709231  
5.681879898  
14.07954873  
20.70170521  
24.2024682  
24.03756121  
20.58236342  
14.9826826  
8.794284672  
3.530185439  
0.2569893851  
-0.6419717323  
0.5208785025  
2.932008127  
5.596755431  
7.669341139  
8.68474273  
8.62689408  
7.829360828  
6.763190068  
5.801876246  
5.054659417  
4.327895  
3.222986891  
1.327563536  
-1.577299842  
-5.375514266  
-9.596192903  
-13.52654087  
-16.41980868  
-17.7266424  
-17.26986944  
-15.3028869  
-12.43201925  
-9.429473476  
-6.999275721  
-5.572265423  
-5.193894356  
-5.535839395  
-6.021165308  
-6.017481678  
-5.034543016  
-2.86675064  
0.3561546217  
4.214698479  
8.116255862  
11.43977869  
13.66506519  
14.45679546  
13.69490442  
11.46223279  
8.010582715  
3.72457589  
-0.9085429323  
-5.328812842  
-8.947664254  
-11.21920262  
-11.73961099  
-10.35737478  
-7.261235826  
-3.0072076  
1.544261659  
5.385936291  
7.589838811  
7.547402714  
5.155634756  
0.8882516395  
-4.281234322  
-9.096098911  
-12.32187077  
-13.06031627  
-10.98499772  
-6.430961806  
-0.3116834348  
6.114395516  
11.56227524  
15.03476036  
16.04701055  
14.70376759  
11.61651224  
7.694237156  
3.876009398  
0.8856279557  
-0.9240051656  
-1.601382801  
-1.507001923  
-1.145146899  
-0.9781254625  
-1.283386252  
-2.094052845  
-3.232054516  
-4.411416477  
-5.36742964  
-5.962143624  
-6.228449302  
-6.338883856  
-6.512945977  
-6.898586921  
-7.472788171  
-8.000197133  
-8.069985856  
-7.205691795  
-5.018759531  
-1.361032094  
3.570804578  
9.214593575  
14.72008612  
19.11238568  
21.50594924  
21.3185392  
18.43165071  
13.25429127  
6.668256905  
-0.1394485503  
-5.9240579  
-9.65611919  
-10.75663018  
-9.236097516  
-5.699109624  
-1.206849825  
2.975214536  
5.686624402  
6.162562499  
4.230544335  
0.3586533181  
-4.462866901  
-8.980596606  
-12.01213611  
-12.76629303  
-11.06041874  
-7.371481893  
-2.702715593  
1.699935281  
4.702560244  
5.607195264  
4.349276141  
1.508381904  
-1.873250518  
-4.612054345  
-5.748411614  
-4.844803603  
-2.124656652  
1.592608048  
5.14225387  
7.374635933  
7.514227703  
5.405446509  
1.567815061  
-2.957745656  
-6.924411294  
-9.258487533  
-9.383694846  
-7.389450852  
-3.991282784  
-0.2971634708  
2.54522223  
3.708183742  
2.937341645  
0.6200276548  
-2.350276451  
-4.867670966  
-5.970463649  
-5.147128074  
-2.496034973  
1.308432064  
5.228674024  
8.185009039  
9.382461303  
8.54208905  
5.969072885  
2.44322534  
-1.02653708  
-3.502314864  
-4.378155903  
-3.526095906  
-1.29233815  
1.642319079  
4.482964703  
6.547234636  
7.429431715  
7.061116  
5.66559185  
3.638459853  
1.406374099  
-0.6850279109  
-2.422054412  
-3.709738807  
-4.517686575  
-4.822312223  
-4.579481267  
-3.743510906  
-2.323398735  
-0.4464342052  
1.6086221  
3.43729577  
4.599502485  
4.751397385  
3.774400536  
1.850842363  
-0.5508444262  
-2.789133221  
-4.232923239  
-4.459498267  
-3.400472576  
-1.381958906  
0.9619172322  
2.880833851  
3.746710066  
3.261208187  
1.56172797  
-0.8130920551  
-3.091222572  
-4.516015724  
-4.594862414  
-3.264700121  
-0.9179028054  
1.722011104  
3.834783732  
4.770352688  
4.25912432  
2.495076039  
0.06409967813  
-2.257347723  
-3.763845282  
-4.052925644  
-3.147667348  
-1.4684671  
0.3347564055  
1.629560866  
2.038379572  
1.580193514  
0.6633443171  
-0.07128037986  
-0.003713253953  
1.204132112  
3.434910832  
6.097342737  
8.278552099  
9.024282809  
7.658257  
4.034958554  
-1.36144841  
-7.511234786  
-13.12323421  
-16.99017158  
-18.32578577  
-16.97902692  
-13.45942024  
-8.767809659  
-4.088396553  
-0.4409874087  
1.597073247  
2.015015084  
1.306521444  
0.2504909922  
-0.3858439849  
-0.1190975612  
1.093556318  
2.862285689  
4.529122634  
5.4278232  
5.146047291  
3.69712884  
1.540287542  
-0.559688567  
-1.787359938  
-1.560802021  
0.2512071978  
3.254154184  
6.624062383  
9.348498153  
10.53840774  
9.713048173  
6.967558568  
2.96854548  
-1.224171899  
-4.458168359  
-5.82266519  
-4.917461149  
-1.977249513  
2.185168418  
6.400330162  
9.464531294  
10.47166185  
9.061657111  
5.517823004  
0.6885588494  
-4.242199297  
-8.070790983  
-9.889243342  
-9.315889032  
-6.581824961  
-2.453529937  
1.983949136  
5.622798833  
7.627205746  
7.648955619  
5.907899003  
3.117575616  
0.2774682497  
-1.611699814  
-1.832692301  
-0.1597953206  
3.066660812  
7.020396829  
10.60367268  
12.73919189  
12.66078194  
10.12365109  
5.47636239  
-0.4257096459  
-6.441613002  
-11.43938388  
-14.58191099  
-15.52507031  
-14.47493576  
-12.09222841  
-9.276889318  
-6.899989246  
-5.563886998  
-5.460194917  
-6.36252579  
-7.747598769  
-8.998182969  
-9.617280266  
-9.382773003  
-8.394991136  
-7.008028033  
-5.676092721  
-4.774320928  
-4.460203592  
-4.624561596  
-4.946682235  
-5.029148948  
-4.558316981  
-3.42749008  
-1.774593852  
0.08054345738  
1.774743262  
3.060654786  
3.921240088  
4.589522841  
5.458655671  
6.910363738  
9.124111392  
11.94177588  
14.84721051  
17.0814498  
17.86515548  
16.65861382  
13.37081079  
8.441611153  
2.761020179  
-2.555981089  
-6.470630342  
-8.301701783  
-7.896384892  
-5.637054265  
-2.286028796  
1.274312758  
4.314086711  
6.447292729  
7.680224148  
8.309190167  
8.716189768  
9.148948467  
9.57657037  
9.681757716  
8.996155289  
7.127237853  
3.985290147  
-0.08627835621  
-4.341771032  
-7.830423203  
-9.70046002  
-9.504576542  
-7.392681201  
-4.111304722  
-0.7946054827  
1.393261596  
1.64763894  
-0.1898080002  
-3.551623956  
-7.308666661  
-10.13023116  
-10.92267476  
-9.198557801  
-5.24906117  
-0.05827335119  
5.01352239  
8.670221905  
10.09321935  
9.186279798  
6.569621004  
3.329353672  
0.6145364499  
-0.7727066631  
-0.6474554376  
0.5221229553  
1.822437298  
2.265830476  
1.186311223  
-1.488263828  
-5.189577143  
-8.906147676  
-11.55205857  
-12.37018742  
-11.21889076  
-8.633182927  
-5.63465309  
-3.358011399  
-2.631988667  
-3.67128012  
-5.997095586  
-8.619706912  
-10.41819111  
-10.57664885  
-8.911410402  
-5.960776099  
-2.795262712  
-0.6111347003  
-0.2547518107  
-1.857411664  
-4.726487891  
-7.548968079  
-8.849196313  
-7.545051962  
-3.402297806  
2.786454749  
9.380832304  
14.38814576  
16.11903666  
13.78382478  
7.821684829  
-0.1606497334  
-7.834557589  
-12.84317451  
-13.52097663  
-9.405920683  
-1.378666571  
8.613167165  
18.1506259  
25.0605987  
28.02142133  
26.86869376  
22.52028224  
16.57077361  
10.71458367  
6.205956145  
3.538166881  
2.434631503  
2.125758039  
1.781338625  
0.916656363  
-0.3909840389  
-1.558085903  
-1.795156778  
-0.5241419294  
2.26349538  
5.865548683  
9.021050857  
10.31878217  
8.722792021  
4.021882779  
-2.972841148  
-10.57508757  
-16.68752427  
-19.440425  
-17.79506666  
-11.90696258  
-3.120864661  
6.408022416  
14.34667416  
18.86573968  
19.15014734  
15.57877248  
9.52638292  
2.867484495  
-2.64220447  
-5.897759008  
-6.720802187  
-5.804986371  
-4.37380854  
-3.689439186  
-4.593775035  
-7.239462417  
-11.09048155  
-15.17004559  
-18.44586358  
-20.20064443  
-20.25226427  
-18.95414385  
-16.99482909  
-15.0918917  
-13.71031534  
-12.91777552  
-12.42707853  
-11.79603467  
-10.68899387  
-9.079406313  
-7.298212192  
-5.899097281  
-5.391384894  
-5.952623681  
-7.249611559  
-8.460671741  
-8.515323709  
-6.479185319  
-1.946538436  
4.712650811  
12.36137407  
19.38172837  
24.15823252  
25.59978813  
23.51794619  
18.72088612  
12.7773165  
7.519563261  
4.44939187  
4.249106746  
6.568412706  
10.16438279  
13.34970053  
14.5959429  
13.08285325  
9.001812335  
3.506225176  
-1.675520429  
-4.831338405  
-4.856621309  
-1.641406271  
3.878743811  
10.02322565  
14.91207173  
17.06780895  
15.86910633  
11.70745709  
5.804771942  
-0.2319070358  
-4.954125839  
-7.522011383  
-7.909718618  
-6.808837906  
-5.282921336  
-4.31376088  
-4.413274154  
-5.443514174  
-6.704535395  
-7.247424712  
-6.286148826  
-3.547279592  
0.5768053369  
5.129585144  
8.908184221  
10.87801563  
10.5298247  
8.048067266  
4.231398818  
0.199013995  
-3.004596586  
-4.758500422  
-5.04058096  
-4.370339084  
-3.549880423  
-3.310250221  
-4.004703122  
-5.470129714  
-7.110495206  
-8.167953619  
-8.072014849  
-6.723988514  
-4.596268295  
-2.595889103  
-1.733454758  
-2.717048094  
-5.625996652  
-9.79668534  
-13.97895871  
-16.72304927  
-16.86964451  
-13.97188752  
-8.495482886  
-1.716423071  
4.659494062  
9.03274412  
10.42171367  
8.774851788  
4.97453341  
0.5287025766  
-2.946381475  
-4.27703692  
-3.129761153  
-0.1208495064  
3.398138443  
5.805442597  
5.767067336  
2.700577946  
-3.008168593  
-10.1035485  
