2.965538999  
3.337075937  
2.79769323  
1.589499425  
0.1917122109  
-0.8619300886  
-1.170780434  
-0.5912342711  
0.7427805245  
2.500523906  
4.295713638  
5.827412898  
6.964531357  
7.745169107  
8.299747208  
8.739597946  
9.066857063  
9.151306141  
8.789501583  
7.823020949  
6.262783973  
4.357588916  
2.562823423  
1.404034938  
1.27525453  
2.245802816  
3.956910891  
5.665384987  
6.442148988  
5.475350126  
2.382177304  
-2.581452448  
-8.50024749  
-13.99761707  
-17.60942235  
-18.22661648  
-15.46818023  
-9.858701402  
-2.740797261  
4.065507132  
8.762512193  
10.08554968  
7.668469793  
2.149875623  
-5.014470584  
-11.97610777  
-17.02446429  
-19.06070942  
-17.87198381  
-14.12841101  
-9.114411726  
-4.289302671  
-0.8232442764  
0.7429648508  
0.6114364684  
-0.4109989656  
-1.244574131  
-0.9424779257  
0.9681760089  
4.322247323  
8.377807774  
12.0738467  
14.39060875  
14.68749108  
12.90535705  
9.569638152  
5.600041966  
1.997680286  
-0.4803650867  
-1.54844121  
-1.447763402  
-0.8166720015  
-0.4258642229  
-0.8735821003  
-2.347332572  
-4.53430971  
-6.711155588  
-7.983084003  
-7.592761743  
-5.196761588  
-1.018508302  
4.173168205  
9.255127934  
13.05308263  
14.66554163  
13.7125966  
10.43817378  
5.639317079  
0.4470746604  
-3.975111557  
-6.729314938  
-7.39662973  
-6.113342007  
-3.497544949  
-0.4550358098  
2.07651274  
3.374236066  
3.104570435  
1.386144162  
-1.26678431  
-4.097435361  
-6.31115825  
-7.277577834  
-6.681064813  
-4.58657737  
-1.410479759  
2.190825447  
5.483129822  
7.826118927  
8.813248919  
8.348247759  
6.643364544  
4.14415152  
1.403492628  
-1.06057922  
-2.885964278  
-3.936157873  
-4.303157375  
-4.247302597  
-4.095351148  
-4.129265091  
-4.499551601  
-5.188065688  
-6.028627398  
-6.774983636  
-7.190460487  
-7.127415667  
-6.569183337  
-5.6214002  
-4.45833282  
-3.246668425  
-2.077950229  
-0.9380486643  
0.2715978983  
1.666336335  
3.288840087  
5.033782088  
6.621185776  
7.638542823  
7.648432679  
6.333908923  
3.636777488  
-0.15930654  
-4.436278645  
-8.349396839  
-11.01435353  
-11.72672353  
-10.1536653  
-6.442464196  
-1.211999389  
4.57474694  
9.826013419  
13.56904598  
15.16668155  
14.44871554  
11.72829423  
7.704931176  
3.284840676  
-0.6317938125  
-3.342937926  
-4.472803816  
-4.013135141  
-2.278810532  
0.200735537  
2.820782391  
5.036066678  
6.462822366  
6.932077879  
6.491381676  
5.362734436  
3.871163163  
2.360774293  
1.114703619  
0.2931470447  
-0.09941760627  
-0.2108850392  
-0.3007292368  
-0.6676477841  
-1.559562994  
-3.086773202  
-5.162089331  
-7.488781568  
-9.607256173  
-10.99607371  
-11.20624755  
-9.994536731  
-7.417169728  
-3.852156769  
0.06385997981  
3.574488819  
5.985044279  
6.838346453  
6.035017057  
3.861955611  
0.918077953  
-2.043946104  
-4.315987452  
-5.416500532  
-5.204506953  
-3.894120001  
-1.968320916  
-0.02100944993  
1.422527805  
2.051499419  
1.838914404  
1.017067975  
-0.02746625786  
-0.9006082943  
-1.338378945  
-1.289299534  
-0.9156847298  
-0.5161100929  
-0.3984632896  
-0.7496114998  
-1.548699685  
-2.555974694  
-3.383185833  
-3.623523234  
-2.998284286  
-1.470718486  
0.7128335422  
3.071513196  
5.016596573  
6.019371437  
5.769653133  
4.276490189  
1.879749924  
-0.8320330617  
-3.174208972  
-4.545143583  
-4.581023273  
-3.243691671  
-0.819305906  
2.168036188  
5.099689774  
7.420231995  
8.765561607  
9.02879058  
8.351604959  
7.05109544  
5.50973153  
4.064128827  
2.924871213  
2.146757271  
1.651207218  
1.286023646  
0.8974347241  
0.3881824424  
-0.2568855627  
-0.9828578589  
-1.705287106  
-2.359850955  
-2.939047052  
-3.499358686  
-4.134068571  
-4.920709286  
-5.863061632  
-6.851765412  
-7.663124056  
-8.003738088  
-7.592919165  
-6.260458052  
-4.029242094  
-1.153455509  
1.905973729  
4.569482913  
6.272024558  
6.6077938  
5.447108935  
2.991302084  
-0.2530206328  
-3.577727996  
-6.230965606  
-7.590160758  
-7.306876672  
-5.387480639  
-2.190476798  
1.657062029  
5.401375288  
8.326323062  
9.900948973  
9.878061584  
8.326120702  
5.593931092  
2.223048426  
-1.167767707  
-3.999488413  
-5.829003555  
-6.410835287  
-5.719860071  
-3.938075501  
-1.412709365  
1.405460295  
4.034826787  
6.038248795  
7.091997772  
7.03859235  
5.913668262  
3.939159421  
1.480265295  
9.386929899  
7.120144228  
4.326081016  
1.600708752  
-0.4800434952  
-1.517398274  
-1.403516264  
-0.3576141097  
1.128627026  
2.423291934  
2.927976806  
2.244024231  
0.283894785  
-2.703925584  
-6.202614859  
-9.566328889  
-12.18960964  
-13.65774581  
-13.83642141  
-12.87901898  
-11.15567494  
-9.131570224  
-7.235324338  
-5.757881061  
-4.808876862  
-4.335960507  
-4.190840938  
-4.21125592  
-4.28557785  
-4.376659298  
-4.499734913  
-4.66885166  
-4.839699626  
-4.878925382  
-4.579792092  
-3.725218776  
-2.178686569  
0.03088551692  
2.666416378  
5.306688185  
7.439746056  
8.60310614  
8.528919655  
7.246013726  
5.100735037  
2.682392952  
0.6694911415  
-0.3602990113  
-0.09917328087  
1.396071123  
3.715585318  
6.213808938  
8.198748258  
9.136028867  
8.805002085  
7.358528638  
5.267963762  
3.170853231  
1.669374779  
1.142810689  
1.632558478  
2.834791306  
4.201731556  
5.118392526  
5.098628948  
3.939335092  
1.786061187  
-0.9081003734  
-3.515067312  
-5.412984209  
-6.160235751  
-5.611131179  
-3.942517832  
-1.589234795  
0.8862210257  
2.946626327  
4.209391657  
4.517673746  
3.939839559  
2.707301914  
1.118562127  
-0.5557125303  
-2.136828783  
-3.555869003  
-4.827382932  
-5.995986582  
-7.080291796  
-8.036504957  
-8.754536171  
-9.08629993  
-8.894232474  
-8.101623668  
-6.726965976  
-4.891027248  
-2.795105687  
-0.6780772318  
1.234413075  
2.774345377  
3.858457025  
4.493255643  
4.75922462  
4.780228101  
4.686310452  
4.578281572  
4.501147846  
4.431739832  
4.28380235  
3.931289647  
3.247280915  
2.151595619  
0.6559325576  
-1.107431651  
-2.886528627  
-4.347870605  
-5.149587745  
-5.035084861  
-3.922367691  
-1.959906863  
0.4753452377  
2.847825227  
4.590705442  
5.259682519  
4.668695804  
2.962698208  
0.5973117658  
-1.77797044  
-3.505140676  
-4.118411278  
-3.496992133  
-1.916819694  
0.02284088758  
1.58245078  
2.12183809  
1.320780578  
-0.6938079082  
-3.361984043  
-5.849751837  
-7.308247167  
-7.152368798  
-5.267251397  
-2.07036022  
1.598362208  
4.729792322  
6.464793823  
6.376580667  
4.62175269  
1.905641889  
-0.7328643846  
-2.252037537  
-1.94871987  
0.3005341519  
3.979084852  
8.073456699  
11.37696946  
12.8579403  
11.97509057  
8.83983062  
4.175082688  
-0.9133565698  
-5.27627054  
-8.060050379  
-8.936689878  
-8.154799395  
-6.402869558  
-4.53868393  
-3.281765855  
-2.974840534  
-3.493029545  
-4.32604166  
-4.797930896  
-4.342085318  
-2.731890321  
-0.1854122408  
2.69168504  
5.103472991  
6.331157116  
5.977291053  
4.103287421  
1.215144902  
-1.894816168  
-4.393790113  
-5.657988078  
-5.44428894  
-3.932766704  
-1.635260162  
0.7893751597  
2.74407958  
3.854809083  
4.035688799  
3.448565264  
2.38687478  
1.139000182  
-0.1114754186  
-1.311725131  
-2.489263465  
-3.656488965  
-4.721440404  
-5.453900305  
-5.532519152  
-4.663135046  
-2.725185464  
0.1145794738  
3.375614924  
6.350297199  
8.288454125  
8.625540416  
7.17885539  
4.241026734  
0.5306755239  
-2.993213293  
-5.400153784  
-6.057206396  
-4.812617953  
-2.034866892  
1.505322281  
4.871365829  
7.238759823  
8.125586108  
7.504231294  
5.764221044  
3.546176859  
1.508974525  
0.1116699533  
-0.5171128837  
-0.5830308085  
-0.5094300248  
-0.7482533455  
-1.589622906  
-3.038825639  
-4.802942283  
-6.389088559  
-7.276748188  
-7.101807403  
-5.787677615  
-3.579453672  
-0.9718837608  
1.441376476  
3.144286044  
3.841746603  
3.525262542  
2.445199338  
1.006211812  
-0.3733540955  
-1.388849262  
-1.923406425  
-2.050739572  
-1.974855493  
-1.935492917  
-2.116263144  
-2.586642677  
-3.292491686  
-4.090144559  
-4.80388559  
-5.281145637  
-5.425190427  
-5.197823259  
-4.598945643  
-3.639231923  
-2.323427847  
-0.6544025863  
1.343501113  
3.594308509  
5.950726589  
8.199017713  
10.09241163  
11.40444914  
11.98422767  
11.79332768  
10.91057248  
9.503155397  
7.775927745  
5.919029453  
4.07403615  
2.329838955  
0.7455922963  
-0.6151032954  
-1.660866686  
-2.278331395  
-2.372228985  
-1.927674103  
-1.068267727  
-0.07917938111  
0.6271761423  
0.6056780621  
-0.4880577329  
-2.76600257  
-6.025041851  
-9.750088759  
-13.21448158  
-15.65697647  
-16.48651785  
-15.45250237  
-12.72523899  
-8.857393339  
-4.634647651  
-0.8597658566  
1.863374282  
3.278768747  
3.515157599  
3.002809119  
2.301981378  
1.903513327  
2.069693202  
2.767714772  
3.714328673  
4.51075052  
4.815368984  
4.489516934  
3.66251289  
2.692300114  
2.036239321  
2.079275832  
2.982082495  
4.604605202  
6.533471459  
8.204859769  
9.080895926  
8.819311991  
7.379264888  
5.029220211  
2.257182201  
-0.3832252275  
-2.436893195  
-3.666887517  
-4.093225898  
-3.944590369  
-3.547484115  
-3.197545727  
-3.060646133  
-3.136726801  
-3.293553931  
-3.350556052  
-3.175001021  
-2.750260876  
-2.188996259  
-1.687321161  
-1.439903877  
-1.551403461  
-1.980824839  
-2.542137448  
-2.9623686  
-2.975920615  
-2.419842651  
-1.294414251  
0.2334604343  
1.884978431  
3.361753924  
4.44172665  
5.044209417  
5.241926435  
5.217973491  
5.185663259  
5.301812145  
5.604720362  
5.997338626  
6.27850641  
6.207891122  
5.57971985  
4.28024927  
2.313161606  
-0.2087529296  
-3.094502183  
-6.111191661  
-9.011197914  
-11.54509227  
-13.46637591  
-14.54112067  
-14.57455024  
-13.45733893  
-11.22070914  
-8.078024815  
-4.42747751  
-0.7991003953  
2.251999193  
4.28207368  
5.083770693  
4.754901238  
3.679220125  
2.414621122  
1.516799925  
1.35274247  
1.967766649  
3.057028168  
4.059998259  
4.354405517  
3.48914378  
1.377190383  
-1.622215121  
-4.769301798  
-7.145818167  
-7.934273436  
-6.685673914  
-3.486478537  
1.034513596  
5.867461081  
9.903652243  
12.25049043  
12.4794397  
10.72874579  
7.630762539  
4.091862913  
1.001147454  
-1.033970028  
-1.83919304  
-1.666954908  
-1.043387402  
-0.5305260062  
-0.4936051018  
-0.9586576337  
-1.610690267  
-1.930290179  
-1.415642763  
0.1941726084  
2.779002915  
5.834661702  
8.611540634  
10.34805443  
10.5180479  
9.006241217  
6.151264179  
2.642294757  
-0.6939754421  
-3.142586651  
-4.30218632  
-4.175350031  
-3.124327646  
-1.716655785  
-0.5216995699  
0.06788245589  
-0.0698742727  
-0.8011090275  
-1.842023824  
-2.904838577  
-3.821114729  
-4.592933992  
-5.354687679  
-6.266459662  
-7.38895981  
-8.598329137  
-9.583518319  
-9.935546881  
-9.299675658  
-7.533597307  
-4.808203822  
-1.605638524  
1.394259418  
3.5066782  
4.25053435  
3.501442192  
1.534733047  
-1.058369689  
-3.554324567  
-5.318905149  
-5.99237651  
-5.577220168  
-4.402320972  
-2.981008173  
-1.816740166  
-1.226636153  
-1.244039264  
-1.630692412  
-1.988635924  
-1.926401319  
-1.216262747  
0.1148984807  
1.792183413  
3.391135017  
4.489378176  
4.815198478  
4.3404947  
3.288138019  
2.055948795  
1.088837742  
0.7464372761  
1.210713787  
2.459024878  
4.301427519  
6.457603181  
8.63781755  
10.59712881  
12.14953071  
13.15016059  
13.46945808  
12.98580473  
11.61171076  
9.348100337  
6.341569106  
2.910147971  
-0.489785849  
-3.36082726  
-5.302636485  
-6.143817821  
-6.013566529  
-5.314081081  
-4.588329809  
-4.318800373  
-4.725446369  
-5.641155073  
-6.52381503  
-6.619735408  
-5.237619211  
-2.045685363  
2.714861936  
8.189101014  
13.07755415  
15.98203471  
15.83007327  
12.24352533  
5.724677613  
-2.415340587  
-10.38041315  
-16.37704951  
-19.1194409  
-18.19434892  
-14.16873939  
-8.403451927  
-2.630391648  
1.572575254  
3.241817387  
2.278163733  
-0.5877357815  
-4.09494141  
-6.90938124  
-8.081045515  
-7.347257316  
-5.183802734  
-2.594241622  
-0.7179727096  
-0.3987314102  
-1.866321764  
-4.6422669  
-7.700193049  
-9.822281451  
-10.02546638  
-7.908408307  
-3.799817455  
1.340653099  
6.231412801  
9.678837596  
10.94700213  
9.963922488  
7.30122108  
3.944529124  
0.9435902888  
-0.9308488277  
-1.404722675  
-0.7244099536  
0.5089102815  
1.621060964  
2.149973319  
2.024316213  
1.5697147  
1.344172651  
1.870259095  
3.371499391  
5.619649158  
7.958521375  
9.504065121  
9.453699131  
7.395049976  
3.500954474  
-1.464658157  
-6.340104635  
-9.898975398  
-11.2142163  
-9.933291039  
-6.374703208  
-1.417009639  
3.778675453  
8.117332041  
10.87406668  
11.85766076  
11.38965233  
10.11999992  
8.754961828  
7.798563737  
7.397605956  
7.337520797  
7.178763445  
6.472439717  
4.967686017  
2.730484338  
0.1305067816  
-2.295640544  
-4.049099024  
-4.860698079  
-4.795333117  
-4.228123126  
-3.700726278  
-3.711848703  
-4.520953742  
-6.039600987  
-7.852544997  
-9.362722057  
-10.00850133  
-9.474690027  
-7.82066165  
-5.47855238  
-3.121065293  
-1.444742618  
-0.9442660576  
-1.755621467  
-3.620638661  
-5.981900196  
-8.171272542  
-9.623661165  
-10.04130492  
-9.454315623  
-8.162577439  
-6.587608129  
-5.094704953  
-3.854449425  
-2.795505629  
-1.664548788  
-0.1676005977  
1.864551268  
4.354158738  
6.949518535  
9.110190757  
10.27938476  
10.08471316  
8.495196581  
5.874805942  
2.906566709  
0.4051627327  
-0.925350976  
-0.7117398804  
0.9621896094  
3.566425798  
6.272579064  
8.1954684  
8.655866026  
7.385428266  
4.612993613  
1.007865892  
-2.501583875  
-4.979736246  
-5.733327771  
-4.48987872  
-1.459342806  
2.7316294  
7.207841686  
11.06520105  
13.58115524  
14.36293122  
13.40174767  
11.02890497  
7.795271289  
4.313136824  
1.104630655  
-1.505591018  
-3.431053699  
-4.794399813  
-5.843484135  
-6.840302543  
-7.9555095  
-9.198168998  
-10.4002254  
-11.2605115  
-11.43714057  
-10.66357156  
-8.8557053  
-6.177448815  
-3.041002947  
-0.03433148698  
2.211782672  
3.185992436  
2.645058934  
0.7052251632  
-2.15547126  
-5.193245558  
-7.574864187  
-8.591322509  
-7.851883962  
-5.402889892  
-1.733806817  
2.336829922  
5.868728979  
8.045701292  
8.392399576  
6.900837475  
4.030346335  
0.580499496  
-2.526997634  
-4.495443285  
-4.859616268  
-3.594901442  
-1.101695074  
1.925453895  
4.701708838  
6.567566196  
7.154893077  
6.460235457  
4.812074996  
2.750558131  
0.8619803174  
-0.3805090268  
-0.7258408736  
-0.1793090362  
1.036841456  
2.573826455  
4.062990087  
5.204889802  
5.818478797  
5.845345783  
5.319993032  
4.326582241  
2.962763392  
1.323358164  
-0.4952057095  
-2.37946765  
-4.187348771  
-5.753006868  
-6.912439533  
-7.543590781  
-7.606361287  
-7.165497072  
-6.384030076  
-5.484902276  
-4.690295235  
-4.156931007  
-3.928351858  
-3.920347881  
-3.945257941  
-3.76827165  
-3.178672707  
-2.054591994  
-0.4024635786  
1.63898713  
3.829272612  
5.880286942  
7.51768458  
8.533421498  
8.818510713  
8.37260408  
7.29384304  
5.756221478  
3.981752829  
2.211883619  
0.6791619232  
-0.4217957353  
-0.964125423  
-0.9161083419  
-0.3590354608  
0.5135783661  
1.422610387  
2.056703258  
2.144230009  
1.526971872  
0.2139550393  
-1.604002278  
-3.589215721  
-5.337334764  
-6.483667329  
-6.805981962  
-6.292344646  
-5.150833578  
-3.754504808  
-2.534854844  
-1.853866906  
-1.892942631  
-2.593274038  
-3.667527598  
-4.681114848  
-5.179864869  
-4.826240683  
-3.503226869  
-1.354742998  
1.249287588  
3.812211161  
5.844129716  
6.9899641  
7.115330347  
6.327417623  
4.928415997  
3.319091359  
1.883736083  
0.8909885298  
0.4375557354  
0.4467972807  
0.7166162041  
0.9970137379  
1.070931309  
0.8142030079  
0.2199026474  
-0.6146985162  
-1.528581065  
-2.347811262  
-2.929370196  
-3.185931255  
-3.088159105  
-2.649537173  
-1.904022584  
-0.8875467455  
0.3691174401  
1.834449514  
3.461353782  
5.171008542  
6.843299773  
8.319056765  
9.415157714  
9.949532111  
9.770705461  
8.78613364  
6.984785992  
4.451204927  
1.369496684  
-1.983953815  
-5.26058237  
-8.073994228  
-10.04854215  
-10.87868475  
-10.39094799  
-8.595721317  
-5.714057516  
-2.166552464  
1.481531781  
4.614143452  
6.680798051  
7.309857918  
6.390398731  
4.099473746  
0.8643292409  
-2.733842241  
-6.091476561  
-8.715598381  
-10.3229372  
-10.87909643  
-10.56894655  
-9.709741437  
-8.635487914  
-7.589424586  
-6.658164255  
-5.76704342  
-4.735828996  
-3.373756315  
-1.579628018  
0.5892048072  
2.904776524  
5.01988103  
6.56747824  
7.275539535  
7.058349873  
6.051899769  
4.579091073  
3.05385274  
1.854388198  
1.207276661  
1.121796993  
1.398026657  
1.707844908  
1.722935291  
1.246781968  
0.3044987169  
-0.8431941344  
-1.770966934  
-2.025308004  
-1.283272126  
0.5194822329  
3.137050123  
6.060512522  
8.654655929  
10.34433783  
10.79193781  
10.00713002  
8.349342259  
6.416615391  
4.851595305  
4.124305896  
4.36219192  
5.286246104  
6.280698289  
6.581701381  
5.531026218  
2.816594762  
-1.378710967  
-6.373872063  
-11.14317032  
-14.58874259  
-15.85577302  
-14.5968266  
-11.10313922  
-6.257454116  
-1.315003382  
2.429196808  
3.993291803  
2.980226486  
-0.3111778311  
-4.968879828  
-9.720713807  
-13.28501841  
-14.71790518  
-13.65830184  
-10.40334643  
-5.79760398  
-0.9742955517  
2.971009956  
5.276983973  
5.698818276  
4.52947551  
2.463528787  
0.354475366  
-1.054109374  
-1.339916741  
-0.4948824235  
1.120325056  
2.935425902  
4.383664941  
5.095573157  
5.010583399  
4.374365876  
3.629391462  
3.241649761  
3.525907155  
4.529789586  
6.014632563  
7.536743892  
8.598423961  
8.815286393  
8.042439216  
6.417755896  
4.309836228  
2.191057058  
0.4809956757  
-0.5855997944  
-1.022057164  
-1.064733159  
-1.071018179  
-1.377990985  
-2.172174251  
-3.416055143  
-4.856673461  
-6.112878472  
-6.810567402  
-6.718878029  
-5.840031229  
-4.421401117  
-2.884711018  
-1.695096398  
-1.212853748  
-1.576319068  
-2.654001771  
-4.081417693  
-5.370750446  
-6.058456519  
-5.844620517  
-4.681480926  
-2.785535526  
-0.5719648442  
1.466118858  
2.895471973  
3.456481179  
3.121621911  
2.086180149  
0.6999966488  
-0.6342548492  
-1.563576204  
-1.858836649  
-1.444211928  
-0.3817391937  
1.174632092  
3.033367007  
5.006928187  
6.928110219  
8.641329086  
9.980694904  
10.75300823  
10.74258051  
9.746206752  
7.634016182  
4.4196242  
0.3154820794  
-4.250366054  
-8.671516075  
-12.25537982  
-14.35492177  
-14.51124622  
-12.57201605  
-8.753589888  
-3.626506914  
1.978255066  
7.125437686  
10.96128843  
12.88764076  
12.68431811  
10.55082655  
7.056636737  
3.01042896  
-0.7221400952  
-3.410298029  
-4.615242246  
-4.276152342  
-2.705749052  
-0.4978330721  
1.629427774  
3.015115854  
3.216959564  
2.113026628  
-0.08010387881  
-2.874682233  
-5.64452626  
-7.786522628  
-8.867772576  
-8.720635116  
-7.463534699  
-5.446693897  
-3.142865775  
-1.017389278  
0.5843259847  
1.501579587  
1.761693395  
1.528126691  
1.016711141  
0.4119446713  
-0.1870583621  
-0.7737928282  
-1.395642223  
-2.087591784  
-2.807562174  
-3.402786519  
-3.625996438  
-3.20216032  
-1.927125213  
0.2343906752  
3.087328251  
6.208307316  
9.019320399  
10.91846671  
11.4335935  
10.35511949  
7.807921375  
4.238518501  
0.3178109007  
-3.215909698  
-5.731537705  
-6.850311203  
-6.523413975  
-5.023768667  
-2.858278381  
-0.6284743657  
1.120090498  
2.019290137  
1.942100173  
0.9988393746  
-0.5237512039  
-2.255717438  
-3.83914336  
-4.999850527  
-5.581746697  
-5.544332648  
-4.935328753  
-3.855502003  
-2.430490738  
-0.7967574174  
0.9005761006  
2.506958555  
3.865090407  
4.83491844  
5.324636422  
5.322188185  
4.91254001  
4.268096245  
3.608080993  
3.134491827  
2.963245881  
3.074490532  
3.303095021  
3.379131382  
3.011754157  
1.993832452  
0.2946247731  
-1.892166057  
-4.166432812  
-6.007945045  
-6.911220589  
-6.532189506  
-4.803160118  
-1.979202184  
1.402518011  
4.643804523  
7.056222197  
8.135169714  
7.688644856  
5.884168779  
3.20044939  
0.2974030986  
-2.15877855  
-3.666642244  
-4.009806984  
-3.29544163  
-1.903734167  
-0.3665043931  
0.7878568789  
1.178408071  
0.6656035571  
-0.6274037453  
-2.366746082  
-4.113189404  
-5.447494147  
-6.079607891  
-5.913246533  
-5.052531442  
-3.754883965  
-2.348894642  
-1.143522167  
-0.3542698345  
-0.06387462616  
-0.2231494649  
-0.6854836437  
-1.260079752  
-1.766189344  
-2.073345282  
-2.11946108  
-1.906741419  
-1.482042289  
-0.9117288294  
-0.2606618383  
0.4186540434  
1.085632897  
1.703369055  
2.228719371  
2.606903959  
2.774668542  
2.672550917  
2.263302082  
1.551012201  
0.5948702637  
-0.4874994565  
-1.529707037  
-2.338808361  
-2.726671806  
-2.545044325  
-1.717812842  
-0.2642038146  
1.692005491  
3.930087528  
6.15688132  
8.04559389  
9.283748893  
9.623291851  
8.925068266  
7.190237285  
4.572796355  
1.369900766  
-2.010181075  
-5.09936763  
-7.43436849  
-8.626357639  
-8.426151562  
-6.774943218  
-3.831441965  
0.0318774375  
4.267165034  
8.223218589  
11.24409727  
12.78082204  
12.49731459  
10.34893743  
6.613504848  
1.861346084  
-3.137528749  
-7.556688851  
-10.68051285  
-12.05924221  
-11.61392195  
-9.661245319  
-6.845435944  
-3.98698972  
-1.880833421  
-1.092685746  
-1.806785827  
-3.768205728  
-6.340111628  
-8.666126347  
-9.898322055  
-9.431203045  
-7.077510368  
-3.135356917  
1.675154227  
6.391615486  
10.05774633  
11.97254956  
11.87071014  
9.983482768  
6.963144771  
3.693129317  
1.038886575  
-0.3886693889  
-0.3896449057  
0.7915511375  
2.562392422  
4.175781482  
4.96076532  
4.520776295  
2.841548224  
0.2799696483  
-2.557745534  
-5.006718304  
-6.541496951  
-6.92039837  
-6.23410869  
-4.848458213  
-3.265101058  
-1.94901301  
-1.180351191  
-0.9780250333  
-1.117159163  
-1.231012643  
-0.9603054318  
-0.09805669216  
1.319383417  
3.005874595  
4.5060634  
5.336931118  
5.144576744  
3.825932986  
1.576625801  
-1.15026194  
-3.761890092  
-5.684080862  
-6.513192946  
-6.117577733  
-4.661274201  
-2.546609901  
-0.2960660468  
1.589865676  
2.757804162  
3.076516588  
2.645844432  
1.743691571  
0.7322845231  
-0.04608501277  
-0.3543279111  
-0.1066273389  
0.631032721  
1.67849925  
2.800475289  
3.767290719  
4.401423746  
4.601427804  
4.34366494  
3.668746138  
2.662154902  
1.436988542  
0.1224636378  
-1.142933009  
-2.218013561  
-2.969792043  
-3.290964971  
-3.12199247  
-2.471981132  
-1.430492269  
-0.1633712135  
1.110525202  
2.159349465  
2.78710744  
2.879726774  
2.436049257  
1.57428257  
0.5100117049  
-0.4910461221  
-1.175724583  
-1.367141878  
-1.013876051  
-0.2114857294  
0.8107983227  
1.737454014  
2.239035308  
2.053786979  
1.059414443  
-0.683004177  
-2.925486121  
-5.273502224  
-7.263324443  
-8.460083087  
-8.554435263  
-7.435168887  
-5.220266346  
-2.238633375  
1.033383342  
4.065719831  
6.376690494  
7.620506083  
7.642153615  
6.490847205  
4.393979371  
1.702490834  
-1.176682613  
-3.845809672  
-5.96854093  
-7.304982693  
-7.731197832  
-7.247250621  
-5.97679708  
-4.157589627  
-2.118522283  
-0.2379468809  
1.118622993  
1.675696119  
1.324869408  
0.1798211699  
-1.413541635  
-2.926887591  
-3.758954587  
-3.385291668  
-1.512047815  
1.810405606  
6.153022779  
10.7732287  
14.77237503  
17.30944955  
17.81461498  
16.14144636  
12.61105384  
7.930995979  
3.008944615  
-1.286427857  
-4.347407815  
-5.966242381  
-6.350428822  
-6.012158506  
-5.569654904  
-5.526155141  
-6.099051686  
-7.154516713  
-8.267352322  
-8.88352825  
-8.528225147  
-6.987029185  
-4.397471374  
-1.219469317  
1.904702406  
4.351680296  
5.70908205  
5.891406996  
5.140100646  
3.909616823  
2.6824636  
1.782125933  
1.254005394  
0.8602168506  
0.1924353242  
-1.137113455  
-3.297171639  
-6.108074956  
-9.03612539  
-11.32379411  
-12.21906666  
-11.22953221  
-8.313960495  
-3.941349299  
1.010348462  
5.490259412  
8.573725439  
9.729770229  
8.97056541  
6.833925393  
4.204005478  
2.027929826  
1.019658609  
1.445536573  
3.058081288  
5.195203245  
7.008099192  
7.740643482  
6.969241413  
4.7287241  
1.490239028  
-1.993391443  
-4.917514022  
-6.65328151  
-6.902554595  
-5.739650531  
-3.540743757  
-0.8388577591  
1.837314771  
4.085095622  
5.676936558  
6.536491484  
6.670291259  
6.098287401  
4.821334799  
2.842071079  
0.227017789  
-2.825281966  
-5.952554671  
-8.664027667  
-10.44588888  
-10.9087864  
-9.926320263  
-7.70935205  
-4.778879832  
-1.834533965  
0.445572444  
1.609750984  
1.572077046  
0.6350015566  
-0.6170050832  
-1.519722064  
-1.559169904  
-0.5494167686  
1.304942015  
3.484465538  
5.342166485  
6.334919878  
6.214522876  
5.107703556  
3.454707174  
1.828625836  
0.7033121022  
0.2592208721  
0.3049969624  
0.3512075237  
-0.184326562  
-1.712182839  
-4.24791167  
-7.320954585  
-10.06424039  
-11.46924556  
-10.72928438  
-7.555917091  
-2.354200877  
3.816076531  
9.497119167  
13.2377797  
14.02293016  
11.59057267  
6.53156252  
0.1345551422  
-5.979552408  
-10.32109609  
-11.94846687  
-10.70899665  
-7.232390195  
-2.686000795  
1.62184216  
4.656931333  
5.957000561  
5.719607953  
4.660696633  
3.702379329  
3.604959427  
4.674036389  
6.644198438  
8.777158831  
10.13644672  
9.939491792  
7.861706689  
4.184810326  
-0.2637377105  
-4.360763786  
-7.042382174  
-7.643879744  
-6.110361832  
-3.008729064  
0.66065922  
3.786961986  
5.496846429  
5.411769395  
3.732136309  
1.126374929  
-1.530360348  
-3.473146575  
-4.308611239  
-4.131128028  
-3.456554366  
-3.000381734  
-3.381316403  
-4.8571138  
-7.188379439  
-9.682201135  
-11.4057618  
-11.5014905  
-9.499271854  
-5.519817059  
-0.2967982002  
4.997070899  
9.071877666  
10.89416669  
9.998227824  
6.638512902  
1.734274501  
-3.379897813  
-7.325667626  
-9.066295197  
-8.193617614  
-5.034059042  
-0.5444769139  
3.970042473  
7.233345809  
8.361095601  
7.105947196  
3.91687243  
-0.2012933691  
-3.984897646  
-6.278087643  
-6.36362933  
-4.164359708  
-0.2598710741  
4.28373393  
8.220005116  
10.47523729  
10.44725557  
8.165403608  
4.268034433  
-0.1931469585  
-4.062552367  
-6.412234801  
-6.798149638  
-5.367074123  
-2.78515147  
-0.01271878555  
2.003665038  
2.626272736  
1.717159155  
-0.3336406312  
-2.750205733  
-4.636891556  
-5.282702708  
-4.405123298  
-2.253197213  
0.4658161426  
2.81518715  
3.940962883  
3.367208391  
1.177229593  
-1.98135094  
-5.074166532  
-6.988161952  
-6.875278912  
-4.424200587  
0.02573100423  
5.564917661  
10.96362139  
15.01409704  
16.8591598  
16.20791601  
13.37732836  
9.155239371  
4.53707749  
0.4264519908  
-2.60326863  
-4.41479468  
-5.257003987  
-5.590229378  
-5.859036138  
-6.299081209  
-6.848032797  
-7.189461023  
-6.908345278  
-5.695475139  
-3.520186837  
-0.7027734308  
2.145270134  
4.296497741  
5.139208264  
4.385040273  
2.17936999  
-0.9254813483  
-4.127093699  
-6.608396839  
-7.77433233  
-7.413476972  
-5.735575198  
-3.279080173  
-0.7262137418  
1.308370738  
2.444954818  
2.612109602  
2.01250762  
1.006247669  
-0.03665680398  
-0.8574887365  
-1.362943903  
-1.601988655  
-1.687532663  
-1.70591706  
-1.658917949  
-1.465415081  
-1.020802735  
-0.2841715758  
0.651782014  
1.548282994  
2.08227176  
1.966493449  
1.083231421  
-0.4251516637  
-2.154847841  
-3.543265271  
-4.049945891  
-3.355634444  
-1.505321407  
1.065263939  
3.642066539  
5.45622614  
5.947027552  
4.971911719  
2.883125072  
0.4330705198  
-1.470305962  
-2.081065034  
-1.097291524  
1.195442044  
3.979650021  
6.154568131  
6.703765795  
5.061960977  
1.354832763  
-3.57744418  
-8.393105409  
-11.63953178  
-12.20154461  
-9.66374533  
-4.467592181  
2.19185045  
8.700992294  
13.49118136  
15.48561778  
14.39081264  
10.74496571  
5.714975195  
0.7144063425  
-3.030015317  
-4.823916508  
-4.657657463  
-3.128336243  
-1.171847293  
0.2935804743  
0.6867028431  
-0.06087571383  
-1.523794857  
-2.978540273  
-3.69662414  
-3.226058808  
-1.561018054  
0.856543241  
3.297564695  
5.005700125  
5.460268385  
4.548831526  
2.591539987  
0.2142721225  
-1.878499967  
-3.146535296  
-3.385605026  
-2.770556622  
-1.760585649  
-0.9076565325  
-0.6423178434  
-1.116233802  
-2.156849408  
-3.346375639  
-4.191113857  
-4.315047778  
-3.604912622  
-2.254091461  
-0.691731531  
0.5738589281  
1.137711419  
0.8390690199  
-0.189511498  
-1.579589982  
-2.865935456  
-3.653265054  
-3.748489206  
-3.211575781  
-2.310479036  
-1.402073138  
-0.7881840457  
-0.6032864722  
-0.7760521161  
-1.076774367  
-1.228477134  
-1.034781451  
-0.4715548892  
0.2956048399  
0.9760636668  
1.275787167  
1.02716056  
0.273740949  
-0.7268704712  
-1.587420043  
-1.93373395  
-1.552699295  
-0.4880267924  
0.9559721979  
2.309053813  
3.097449434  
3.016598286  
2.050548422  
0.4916999622  
-1.150451095  
-2.322553669  
-2.622691237  
-1.947692813  
-0.5374486717  
1.103449169  
2.383138872  
2.839201281  
2.319022137  
1.058426265  
-0.3733501499  
-1.24915659  
-0.9251148609  
0.9308409588  
4.199024771  
8.304797907  
12.35657459  
15.38447307  
16.6074881  
15.64909689  
12.6387084  
8.172864644  
3.153036225  
-1.447702021  
-4.819874349  
-6.490767226  
-6.396024296  
-4.843782728  
-2.396756939  
0.2832583752  
2.581771352  
4.035089606  
4.378265932  
3.545296375  
1.641506279  
-1.091285487  
-4.305339397  
-7.574662498  
-10.43076177  
-12.41830193  
-13.17379434  
-12.51549156  
-10.51866771  
-7.544547485  
-4.198165749  
-1.209648851  
0.7404371733  
1.207470263  
0.1249201081  
-2.14757197  
-4.895951119  
-7.233540039  
-8.347111275  
-7.737278019  
-5.379846838  
-1.754653322  
2.273503254  
5.692270882  
7.630475079  
7.613103748  
5.70545008  
2.501265632  
-1.043844579  
-3.885955549  
-5.19309036  
-4.583956821  
-2.235401296  
1.171771196  
4.651109741  
7.193504842  
8.052107463  
6.947977126  
4.14050999  
0.3472795077  
-3.458911935  
-6.314737085  
-7.517829165  
-6.797976608  
-4.367226816  
-0.8436221927  
2.922563485  
6.067926717  
7.921275372  
8.145534851  
6.787940633  
4.236352142  
1.102604187  
-1.931534686  
-4.266563919  
-5.502576693  
-5.501318753  
-4.387369331  
-2.495797925  
-0.2827460419  
1.780350621  
3.307830725  
4.077735051  
4.072827608  
3.477144785  
2.627998787  
1.931842023  
1.760523309  
2.350731467  
3.731353986  
5.699606891  
7.856669195  
9.698858531  
10.74470371  
10.66603437  
