1.662354049  
2.911817408  
3.520768983  
3.658466621  
3.657665388  
3.855508975  
4.42330799  
5.254270102  
5.959671869  
5.985517541  
4.816779869  
2.200928559  
-1.690169677  
-6.225453845  
-10.43286977  
-13.24592218  
-13.80878054  
-11.74641866  
-7.312274868  
-1.360695026  
4.855608732  
10.00846818  
13.04482998  
13.46231288  
11.42910683  
7.714276094  
3.451592535  
-0.1907869724  
-2.335864449  
-2.62379638  
-1.27624591  
1.012416063  
3.316285585  
4.772741058  
4.839694963  
3.439812687  
0.9543019858  
-1.923559212  
-4.422756321  
-5.940247202  
-6.221881509  
-5.425953969  
-4.055077535  
-2.782657245  
-2.230924319  
-2.769402312  
-4.393558755  
-6.717157761  
-9.077280544  
-10.71868325  
-11.0034224  
-9.587254687  
-6.516596554  
-2.223684736  
2.574266782  
7.041799135  
10.41323526  
12.15552486  
12.06950319  
10.31086787  
7.332836047  
3.77020892  
0.2958819644  
-2.516108089  
-4.291937515  
-4.905455282  
-4.467246225  
-3.264105711  
-1.668023955  
-0.03903177733  
1.354283527  
2.378797079  
3.037561341  
3.43106258  
3.693422548  
3.924675733  
4.141289534  
4.261732381  
4.133413271  
3.594077201  
2.548990475  
1.038119379  
-0.7318640471  
-2.407305662  
-3.560756393  
-3.802370192  
-2.900259158  
-0.8742355704  
1.968751173  
5.075079243  
7.757838888  
9.358572252  
9.416749114  
7.800992188  
4.763647285  
0.8992280407  
-2.98708015  
-6.069878655  
-7.704730247  
-7.587577278  
-5.830050525  
-2.930301183  
0.3532340537  
3.191901263  
4.890760757  
5.053386803  
3.665951753  
1.081467321  
-2.08787774  
-5.138156256  
-7.454189784  
-8.654916462  
-8.667244299  
-7.713261771  
-6.220029839  
-4.681854204  
-3.516403577  
-2.95519687  
-2.997003828  
-3.433098039  
-3.932208177  
-4.156321674  
-3.871013678  
-3.017322117  
-1.725160823  
-0.2666850312  
1.03368137  
1.903136668  
2.205353726  
1.980015807  
1.425352206  
0.8300208379  
0.4766074945  
0.5478832804  
1.066002495  
1.884334338  
2.734883232  
3.316346477  
3.394703626  
2.883838212  
1.879791571  
0.6369261146  
-0.50703912  
-1.233534203  
-1.340375013  
-0.8024269781  
0.2238532332  
1.453205232  
2.563949872  
3.299194699  
3.543177309  
3.347798284  
2.901479145  
2.452592363  
2.215546328  
2.293645628  
2.646764767  
3.115462809  
3.492262234  
3.612663948  
3.430053512  
3.043376006  
2.663205064  
2.525022331  
2.779955361  
3.404692518  
4.16902549  
4.681422921  
4.505884591  
3.316207351  
1.036433956  
-2.084173297  
-5.495543316  
-8.47334217  
-10.31583916  
-10.55294886  
-9.100935665  
-6.309551827  
-2.880366225  
0.3244454652  
2.527341486  
3.259770047  
2.495004232  
0.646258664  
-1.570866157  
-3.369228574  
-4.141481681  
-3.65196385  
-2.107898354  
-0.08735561967  
1.652543788  
2.425259186  
1.842098201  
-0.0552237489  
-2.798156173  
-5.628470737  
-7.724392693  
-8.444142949  
-7.512033888  
-5.092907459  
-1.737395996  
1.779056989  
4.669792345  
6.337906297  
6.509122589  
5.267310637  
2.996127073  
0.2574855387  
-2.34881659  
-4.30345641  
-5.239716513  
-4.967109876  
-3.461999784  
-0.8475584453  
2.62023604  
6.558121342  
10.46507286  
13.75599319  
15.8352316  
16.20937131  
14.61732466  
11.13830984  
6.23382928  
0.6926812773  
-4.523779087  
-8.504589642  
-10.62034941  
-10.69187173  
-9.038540515  
-6.382977043  
-3.634252738  
-1.613373411  
-0.8072098412  
-1.231282965  
-2.448338903  
-3.738430418  
-4.364836155  
-3.845923301  
-2.13922914  
0.3274900065  
2.79143507  
4.411456382  
4.558099201  
3.035507043  
0.1560657187  
-3.360429165  
-6.62927437  
-8.900011438  
-9.805372624  
-9.469327109  
-8.432862043  
-7.42162859  
-7.038358151  
-7.493280513  
-8.476167486  
-9.226004631  
-8.784619886  
-6.352975809  
-1.627610495  
5.004836677  
12.49335256  
19.37407497  
24.1757732  
25.85210342  
24.10023337  
19.45936503  
13.15371497  
6.728178541  
1.593675774  
-1.371244518  
-2.035382472  
-0.9815715104  
0.7560637524  
2.088733729  
2.264448242  
1.119922836  
-0.8909276572  
-2.896686143  
-3.961335035  
-3.462316187  
-1.357609716  
1.754793732  
4.808817931  
6.616439464  
6.270090441  
3.46350068  
-1.379058016  
-7.209958442  
-12.66657499  
-16.47848731  
-17.83966994  
-16.62603522  
-13.39307641  
-9.163013412  
-5.080265784  
-2.05432907  
-0.507706562  
-0.3051486441  
-0.8750348821  
-1.46755757  
-4.116958735  
-4.428564325  
-3.406563071  
-1.460286779  
0.7780640819  
2.626728458  
3.529328543  
3.184339999  
1.599137939  
-0.9369237856  
-3.942664085  
-6.865900033  
-9.199752322  
-10.56793802  
-10.7678501  
-9.775363084  
-7.724767663  
-4.878198194  
-1.592964106  
1.713547622  
4.607569717  
6.696737005  
7.699782224  
7.514632835  
6.262510865  
4.28460062  
2.077793899  
0.1752266407  
-1.000742415  
-1.269076205  
-0.7575596322  
0.1248398282  
0.8138514771  
0.7825351845  
-0.2587266093  
-2.224276846  
-4.633034486  
-6.726468889  
-7.698801429  
-6.971429435  
-4.421565859  
-0.4824342724  
3.930866097  
7.659983825  
9.640050235  
9.230438675  
6.430676294  
1.904814779  
-3.202500024  
-7.606294455  
-10.27151403  
-10.72625831  
-9.192518682  
-6.487218996  
-3.722728899  
-1.905121545  
-1.566375724  
-2.559343717  
-4.092596776  
-5.002315494  
-4.176691856  
-0.9922495831  
4.388594304  
10.96920128  
17.15109128  
21.18632342  
21.7140839  
18.21275856  
11.22002479  
2.242789685  
-6.625382009  
-13.27030622  
-16.13944191  
-14.66725854  
-9.41852472  
-1.910406456  
5.82862943  
11.82781936  
14.70179701  
13.98631927  
10.19497383  
4.596975208  
-1.201209659  
-5.734735534  
-8.075612288  
-8.03580025  
-6.135828502  
-3.370074682  
-0.8579675685  
0.5041558146  
0.2874782432  
-1.389552327  
-3.951110844  
-6.57715682  
-8.462522754  
-9.041099735  
-8.115806206  
-5.871433896  
-2.785112187  
0.5240645463  
3.455372646  
5.553664925  
6.579519532  
6.519835536  
5.552704776  
3.986999085  
2.194925562  
0.5483246597  
-0.6376040654  
-1.152580322  
-0.9291537541  
-0.06329036694  
1.192284845  
2.470041052  
3.364702308  
3.532983639  
2.79187443  
1.18597361  
-1.001295762  
-3.3032775  
-5.18280681  
-6.172778087  
-6.003934173  
-4.680741113  
-2.481102469  
0.1206768236  
2.583797297  
4.443067679  
5.419468743  
5.467132994  
4.747139941  
3.543435866  
2.154916661  
0.8033715446  
-0.4117964663  
-1.50101646  
-2.526041701  
-3.524847516  
-4.454667414  
-5.179388835  
-5.508715867  
-5.274738385  
-4.415549315  
-3.031234889  
-1.387011712  
0.1425078435  
1.172114095  
1.415949063  
0.7724357846  
-0.6431545691  
-2.527307442  
-4.466111804  
-6.035073292  
-6.889227893  
-6.819554697  
-5.767274799  
-3.804409456  
-1.099855368  
2.109291981  
5.530713494  
8.818139883  
11.57702114  
13.3940531  
13.9017241  
12.87166676  
10.31121731  
6.525234619  
2.107236402  
-2.158018873  
-5.468598635  
-7.213172322  
-7.149402518  
-5.490036171  
-2.857190901  
-0.1061625292  
1.934894027  
2.729472471  
2.213100226  
0.8228768044  
-0.6435457436  
-1.302044665  
-0.5033505056  
1.905946451  
5.476112728  
9.247018396  
12.02163651  
12.73880837  
10.82647957  
6.418013769  
0.3553841027  
-6.02900002  
-11.28741373  
-14.27195302  
-14.45831701  
-12.07610077  
-8.006763402  
-3.486628774  
0.2845005295  
2.499611787  
2.951314758  
2.028277778  
0.5133973525  
-0.7371825874  
-1.116996215  
-0.4806901604  
0.826152549  
2.122038797  
2.666504612  
1.953952085  
-0.08380506337  
-3.038582793  
-6.16139257  
-8.619435715  
-9.778157989  
-9.405054845  
-7.723255454  
-5.300405721  
-2.820425905  
-0.8288383007  
0.4493980099  
1.150332891  
1.656881173  
2.378827102  
3.518943972  
4.92501762  
6.096437871  
6.35468333  
5.121474785  
2.201585148  
-2.042362188  
-6.702958147  
-10.5439911  
-12.36041356  
-11.36692498  
-7.48233817  
-1.406256529  
5.548259538  
11.81990263  
16.04749111  
17.45617961  
16.05563843  
12.58715926  
8.242084797  
4.251645025  
1.491153152  
0.2343272494  
0.1383222916  
0.456656741  
0.3949511025  
-0.5272849457  
-2.247623834  
-4.154966217  
-5.315336301  
-4.85077579  
-2.332822918  
1.959112343  
7.021498091  
11.37673595  
13.51942236  
12.41573257  
7.88740258  
0.7438496629  
-7.394341404  
-14.53624891  
-18.89316994  
-19.40444861  
-16.05089039  
-9.856928502  
-2.581830228  
3.801346545  
7.675074385  
8.21965439  
5.59845376  
0.8416438905  
-4.519191499  
-8.937448517  
-11.29995928  
-11.20096535  
-8.970812531  
-5.473372292  
-1.760937853  
1.284931344  
3.204668649  
4.030068929  
4.167965095  
4.161003442  
4.427896054  
5.08541907  
5.916642008  
6.490025301  
6.374846145  
5.361986836  
3.598160081  
1.575803301  
-0.02316423031  
-0.5749188434  
0.2384894956  
2.274957828  
4.933571831  
7.318237114  
8.512589019  
7.874838353  
5.252991921  
1.047528131  
-3.899423143  
-8.550652521  
-11.97345984  
-13.59383689  
-13.32515432  
-11.5366256  
-8.882675725  
-6.060679193  
-3.585738467  
-1.660164435  
-0.1771440186  
1.152840947  
2.609440786  
4.283424134  
5.984209172  
7.27317475  
7.613916293  
6.585739393  
4.08144832  
0.4136481556  
-3.715447046  
-7.378493686  
-9.672712558  
-9.975403463  
-8.122955249  
-4.456118223  
0.2814019658  
5.155951291  
9.298245119  
12.11790265  
13.41396054  
13.35489364  
12.34681388  
10.84519943  
9.181342428  
7.464905971  
5.592913543  
3.35480779  
0.5877495733  
-2.681653207  
-6.167172727  
-9.355593473  
-11.63554334  
-12.48049994  
-11.62382798  
-9.165308711  
-5.571531769  
-1.567939517  
2.043812338  
4.585989123  
5.661473749  
5.222800841  
3.540013939  
1.087260917  
-1.607474663  
-4.097616761  
-6.09749176  
-7.490033205  
-8.275173133  
-8.492680593  
-8.159877677  
-7.254367068  
-5.749500888  
-3.684670576  
-1.23426003  
1.264340418  
3.349921488  
4.544359126  
4.499328891  
3.13447169  
0.7148531133  
-2.16925992  
-4.727034527  
-6.167766045  
-5.921252965  
-3.810764422  
-0.122676994  
4.453061834  
8.997855084  
12.60477111  
14.61338538  
14.76991615  
13.26710443  
10.65614981  
7.662909668  
4.969042065  
3.02714856  
1.964579148  
1.599153421  
1.552223152  
1.413475388  
0.8975328134  
-0.06073937565  
-1.300758557  
-2.515697041  
-3.382184189  
-3.689239565  
-3.41836934  
-2.746976183  
-1.976971951  
-1.418546216  
-1.27514408  
-1.574133364  
-2.169027305  
-2.81095516  
-3.259757927  
-3.389298145  
-3.243263318  
-3.01671715  
-2.967862428  
-3.29301707  
-4.014724048  
-4.931057466  
-5.653696725  
-5.729748823  
-4.809449942  
-2.801083578  
0.04611720063  
3.16892142  
5.828266949  
7.320563138  
7.195710346  
5.408900096  
2.351813169  
-1.252699954  
-4.562781643  
-6.869514553  
-7.805990697  
-7.443061317  
-6.238091477  
-4.852665175  
-3.90067137  
-3.713939449  
-4.208888862  
-4.904960868  
-5.094217992  
-4.10840862  
-1.59340641  
2.305972823  
6.921606759  
11.2176298  
14.08528629  
14.68754965  
12.74306255  
8.653734598  
3.427220184  
-1.590367087  
-5.095020796  
-6.204052197  
-4.717091199  
-1.176687831  
3.292375341  
7.317684789  
9.686283482  
9.700591993  
7.375548669  
3.419004622  
-0.9955881303  
-4.591710635  
-6.374926191  
-5.923497281  
-3.498889956  
0.05215466537  
3.568008358  
5.927675392  
6.381246705  
4.757015483  
1.488369516  
-2.539053307  
-6.265040507  
-8.767287117  
-9.513058717  
-8.478525979  
-6.109085176  
-3.14446721  
-0.3724184892  
1.607566281  
2.538052447  
2.533850507  
1.989667504  
1.405578632  
1.194423907  
1.536822019  
2.329618577  
3.239782442  
3.839744225  
3.773751697  
2.896273385  
1.334787826  
-0.5438285037  
-2.251031384  
-3.337971783  
-3.545561014  
-2.892416115  
-1.670559703  
-0.3494170828  
0.5808973383  
0.7755823274  
0.1551085939  
-1.062059054  
-2.42748741  
-3.412425096  
-3.592629855  
-2.808762033  
-1.248076351  
0.5839453047  
1.99981781  
2.337538298  
1.178443468  
-1.49205774  
-5.234274  
-9.236914491  
-12.51579874  
-14.17585485  
-13.66238546  
-10.92770507  
-6.461584825  
-1.172550332  
3.849350044  
7.622094284  
9.530734555  
9.481002248  
7.903136321  
5.605828671  
3.524893889  
2.442709665  
2.762714118  
4.405619302  
6.855816124  
9.339626366  
11.07626327  
11.52067844  
10.52170507  
8.347688426  
5.575733807  
2.885368991  
0.8282098158  
-0.3480862693  
-0.7627945644  
-0.8324225545  
-1.094359891  
-1.986500342  
-3.660798433  
-5.897210591  
-8.15027488  
-9.715064876  
-9.958095463  
-8.535990315  
-5.528166321  
-1.438450505  
2.935575715  
6.72256356  
9.21456237  
10.04492911  
9.252477775  
7.217546615  
4.499985296  
1.64175357  
-0.99360818  
-3.289016542  
-5.330582776  
-7.277471398  
-9.203272114  
-10.97899466  
-12.25268898  
-12.54384961  
-11.4251474  
-8.726683263  
-4.682936664  
0.04323018573  
4.485751448  
7.623991305  
8.682808245  
7.387959257  
4.08855972  
-0.3033093695  
-4.548471148  
-7.427245222  
-8.093631736  
-6.327942389  
-2.607824673  
2.027055165  
6.277567181  
8.963898367  
9.366242453  
7.425807984  
3.748715035  
-0.583492793  
-4.33450711  
-6.465550982  
-6.414442821  
-4.223775997  
-0.4901629304  
3.838182665  
7.744921436  
10.42092383  
11.45254079  
10.87741737  
9.106870638  
6.753910734  
4.429671348  
2.572330298  
1.354027914  
0.680903988  
0.2710323317  
-0.2257865382  
-1.108145266  
-2.536255643  
-4.494258727  
-6.799466134  
-9.144214435  
-11.1527297  
-12.44006964  
-12.668003  
-11.59862184  
-9.146509528  
-5.424760821  
-0.7721381263  
4.256316114  
8.950123585  
12.55856089  
14.44443445  
14.24221214  
11.9753112  
8.090695942  
3.387510368  
-1.153675508  
-4.60247811  
-6.309637549  
-6.070552683  
-4.170841814  
-1.296908224  
1.664524857  
3.878968648  
4.792718293  
4.268402283  
2.588097656  
0.3272418244  
-1.855753827  
-3.442516349  
-4.215975797  
-4.307661009  
-4.118452265  
-4.143653907  
-4.765731634  
-6.088668012  
-7.872883591  
-9.594745076  
-10.61165036  
-10.3775202  
-8.636356466  
-5.52897379  
-1.577100819  
2.450417642  
5.746500299  
7.684081151  
7.977101517  
6.738577349  
4.424507142  
1.688395599  
-0.8031880514  
-2.536333485  
-3.2510115  
-2.957542377  
-1.877394699  
-0.3399537303  
1.324158716  
2.859257195  
4.113831376  
5.027307281  
5.594322075  
5.831312397  
5.763244425  
5.433950505  
4.928473447  
4.387324652  
3.99448054  
3.932806361  
4.31718438  
5.129872626  
6.187443675  
7.161280163  
7.655523991  
7.32409547  
5.990563539  
3.728536218  
0.8695684284  
-2.072001663  
-4.539590566  
-6.098463216  
-6.570435633  
-6.093038831  
-5.080011284  
-4.092130151  
-3.65752109  
-4.098598969  
-5.421929577  
-7.307580996  
-9.202389735  
-10.4877054  
-10.66798316  
-9.520255942  
-7.157955356  
-3.991204542  
-0.5995920815  
2.438703727  
4.705054966  
6.036002763  
6.529494039  
6.46595932  
6.176830872  
5.909433043  
5.736110237  
5.538092194  
5.067354065  
4.062210906  
2.373903342  
0.05811753408  
-2.602204859  
-5.152946639  
-7.087348369  
-7.989999592  
-7.661088588  
-6.182110237  
-3.902767436  
-1.353007359  
0.8937513158  
2.366655141  
2.811992705  
2.246268722  
0.9363036153  
-0.6846303739  
-2.13890495  
-3.030818756  
-3.144168341  
-2.487916302  
-1.281447936  
0.113441134  
1.294168897  
1.925814959  
1.829406008  
1.02879772  
-0.2545614113  
-1.657281524  
-2.766284098  
-3.224987197  
-2.82688758  
-1.5725009  
0.3258961171  
2.494291279  
4.489908928  
5.913215529  
6.508941304  
6.228121036  
5.233560716  
3.847145055  
2.454682728  
1.396953018  
0.8799158742  
0.9308838731  
1.412321324  
2.085661371  
2.700682798  
3.07749091  
3.151555485  
2.966546839  
2.620351498  
2.18874893  
1.661775707  
0.9246890712  
-0.200770943  
-1.863575323  
-4.071350939  
-6.604955344  
-9.002624285  
-10.63663989  
-10.87372463  
-9.277667263  
-5.790804016  
-0.8289626216  
4.754673181  
9.842851377  
13.32628894  
14.40031868  
12.79781186  
8.883721657  
3.575255965  
-1.895840426  
-6.312976059  
-8.800012855  
-9.045281742  
-7.357486196  
-4.538530319  
-1.615211852  
0.4845081481  
1.208788672  
0.5275128202  
-1.095147816  
-2.885991348  
-4.040113606  
-3.9966124  
-2.622469578  
-0.2475101693  
2.455627544  
4.701030199  
5.848500693  
5.605144373  
4.105375274  
1.848396457  
-0.4792493777  
-2.231485443  
-3.002928001  
-2.737356563  
-1.715244738  
-0.4339158313  
0.5706706405  
0.8955372545  
0.3789100189  
-0.8842674911  
-2.612645832  
-4.457309441  
-6.117775894  
-7.410790174  
-8.271614691  
-8.698296055  
-8.674358598  
-8.114150802  
-6.864275374  
-4.7685776  
-1.773586888  
1.971064371  
6.066978806  
9.909199825  
12.8170725  
14.21872824  
13.82853441  
11.75267381  
8.478211841  
4.739744464  
1.301717624  
-1.272533726  
-2.784817613  
-3.438633246  
-3.730476469  
-4.229833829  
-5.32409474  
-7.02168491  
-8.891018567  
-10.16842121  
-10.00924962  
-7.803273398  
-3.447013141  
2.526652961  
9.01873926  
14.62689538  
18.02817459  
18.36566327  
15.51618272  
10.14998237  
3.55729545  
-2.709538517  
-7.270564414  
-9.296212659  
-8.71332179  
-6.178483061  
-2.832030267  
0.08468789621  
1.624417605  
1.416119963  
-0.2516590213  
-2.565317862  
-4.486671606  
-5.115049155  
-3.990091346  
-1.238069412  
2.480446881  
6.196379562  
8.949641776  
10.08912543  
9.456321977  
7.396927061  
4.605475965  
1.864855836  
-0.2238265547  
-1.426007339  
-1.911517244  
-2.138176857  
-2.629282966  
-3.730572492  
-5.438742045  
-7.367345102  
-8.86610864  
-9.254256012  
-8.086421095  
-5.356037505  
-1.560256614  
2.403567082  
5.4831535  
6.782979384  
5.843315445  
2.796322121  
-1.652415845  
-6.4130646  
-10.31360668  
-12.42201824  
-12.29113232  
-10.05514897  
-6.355072027  
-2.124238407  
1.692985906  
4.399579768  
5.704431983  
5.741279315  
4.956032069  
3.91270158  
3.090895132  
2.744341342  
2.862618916  
3.237902174  
3.599743045  
3.75767565  
3.691528818  
3.552355189  
3.57386678  
3.931465543  
4.609300045  
5.336294492  
5.628735308  
4.937761484  
2.85853474  
-0.6706358411  
-5.255405517  
-10.07217644  
-14.04436023  
-16.12729868  
-15.6205471  
-12.40997885  
-7.057341375  
-0.6978775534  
5.23530354  
9.386338559  
10.84361132  
9.389589323  
5.55737743  
0.4751092583  
-4.456499245  
-7.957252081  
-9.213768075  
-8.076854458  
-5.054921177  
-1.112704955  
2.65506434  
5.36758259  
6.609487428  
6.512868737  
5.650375958  
4.783253649  
4.556059839  
5.246504188  
6.65878482  
8.198471394  
9.103481784  
8.750209974  
6.925453686  
3.963520111  
0.69155116  
-1.809442616  
-2.556327808  
-1.014860046  
2.668747173  
7.640226552  
12.53471022  
15.84793696  
16.37202177  
13.56243415  
7.720995144  
-0.06518495408  
-8.213751121  
-15.07999388  
-19.40213609  
-20.6252416  
-19.00858376  
-15.48994468  
-11.35603915  
-7.827882152  
-5.693750338  
-5.103563469  
-5.583866172  
-6.259809153  
-6.203900039  
-4.791866579  
-1.946341456  
1.811761688  
5.519698338  
8.084097812  
8.643701621  
6.864633535  
3.072307453  
-1.822297688  
-6.577945875  
-9.978853747  
-11.17965093  
-9.934593576  
-6.645161788  
-2.218704647  
2.210846827  
5.609307787  
7.315505014  
7.184059585  
5.565754036  
3.146208368  
0.7057679436  
-1.117603974  
-1.989552047  
-1.923507582  
-1.2089437  
-0.2628399042  
0.5354236787  
0.9669456067  
1.016859772  
0.8340874802  
0.634060948  
0.5896475862  
0.7557265607  
1.055740896  
1.331605436  
1.432417244  
1.302194759  
1.027865445  
0.8251566139  
0.9651398821  
1.668197797  
3.005971561  
4.849942923  
6.888660412  
8.710356149  
9.923240716  
10.27148411  
9.705973226  
8.385205921  
6.607154803  
4.698235231  
2.90117315  
1.303930782  
-0.1637881685  
-1.665450008  
-3.349635894  
-5.242079458  
-7.182631043  
-8.837012068  
-9.786323311  
-9.668109109  
-8.321462763  
-5.883582002  
-2.798352485  
0.2746813194  
2.629509967  
3.712096335  
3.286979569  
1.51842263  
-1.06255731  
-3.699077224  
-5.617759152  
-6.245797739  
-5.372420424  
-3.208226135  
-0.3264608226  
2.495155345  
4.485502622  
5.084393922  
4.085403959  
1.682631649  
-1.584738246  
-4.968628929  
-7.688877343  
-9.104916277  
-8.844090458  
-6.864582244  
-3.449510757  
0.8560124801  
5.345076423  
9.265840332  
11.93856779  
12.86127999  
11.79527115  
8.821246231  
4.354848209  
-0.8901900703  
-5.998328439  
-10.00392443  
-12.0785242  
-11.71780808  
-8.882608964  
-4.050443736  
1.84962766  
7.617947675  
12.04721868  
14.20611649  
13.66950625  
10.62927788  
5.848700989  
0.4655314641  
-4.30688818  
-7.499285217  
-8.636429421  
-7.844540107  
-5.783782431  
-3.425061333  
-1.737613678  
-1.381855261  
-2.501356068  
-4.67829262  
-7.066772554  
-8.66344185  
-8.631965545  
-6.580790866  
-2.707779157  
2.233544228  
7.136190622  
10.84850627  
12.49550055  
11.71613071  
8.747628429  
4.336621706  
-0.4894393655  
-4.715209786  
-7.602851261  
-8.851264006  
-8.608356029  
-7.34514887  
-5.644955096  
-3.985717831  
-2.591203243  
-1.398550569  
-0.1462365977  
1.4571918  
3.551865449  
6.004976115  
8.398988407  
10.13987531  
10.65149443  
9.589541689  
6.998697542  
3.353149478  
-0.5413890458  
-3.759959773  
-5.521418254  
-5.420111736  
-3.552009449  
-0.4936589859  
2.861461642  
5.559665728  
6.858355487  
6.429571991  
4.435934203  
1.459820515  
-1.687274052  
-4.212236578  
-5.566685914  
-5.584287938  
-4.492458642  
-2.803230575  
-1.126019386  
0.03287505724  
0.4189551706  
0.08234560381  
-0.6752365223  
-1.43386227  
-1.818562232  
-1.634780411  
-0.9310907115  
0.02885664376  
0.8716466492  
1.257382834  
1.010214103  
0.1911408053  
-0.9113930449  
-1.869885832  
-2.256077057  
-1.784526038  
-0.4157567414  
1.613502118  
3.842769718  
5.70801875  
6.695179982  
6.483791697  
5.041202829  
2.641971575  
-0.1927029406  
-2.820199126  
-4.635252616  
-5.223550483  
-4.472980614  
-2.61509952  
-0.184893024  
2.095077319  
3.482952438  
3.402140077  
1.599813289  
-1.760398498  
-6.099599773  
-10.52712603  
-14.03064761  
-15.71383544  
-15.02602393  
-11.9242982  
-6.919895647  
-0.9866791606  
4.655306933  
8.832984104  
10.71661195  
10.03929829  
7.175562954  
3.050493189  
-1.102346478  
-4.071975266  
-4.99956493  
-3.613130082  
-0.2988546751  
4.013298501  
8.117809609  
10.87792969  
11.54520825  
9.960599261  
6.57947423  
2.31654954  
-1.738454399  
-4.64498962  
-5.875915684  
-5.443197901  
-3.851885783  
-1.904250614  
-0.4224500808  
0.01855618358  
-0.736839263  
-2.398114838  
-4.348249387  
-5.862954932  
-6.352413763  
-5.544965041  
-3.555925334  
-0.8263214436  
2.038994724  
4.472159587  
6.111122042  
6.881469924  
6.970582636  
6.713059044  
6.43695632  
6.33121942  
6.382773502  
6.402425762  
6.123617638  
5.330642112  
3.96326144  
2.155969158  
0.1976098548  
-1.570498823  
-2.875071695  
-3.599923247  
-3.806736903  
-3.679167552  
-3.41438082  
-3.10955907  
-2.695519447  
-1.952685345  
-0.611819309  
1.494163316  
4.286680709  
7.36954948  
10.07125764  
11.60470446  
11.30321992  
8.858450029  
4.476592133  
-1.110238337  
-6.796547697  
-11.38499132  
-13.91648554  
-13.94767529  
-11.68656359  
-7.939150427  
-3.878768659  
-0.7063130227  
0.6951287023  
0.00549524589  
-2.461190048  
-5.878468789  
-9.179594327  
-11.39152734  
-11.92516469  
-10.7333203  
-8.293012122  
-5.42584911  
-3.020806059  
-1.751301706  
-1.875326461  
-3.175858976  
-5.051034141  
-6.715725986  
-7.444277882  
-6.77706938  
-4.631911438  
-1.296791721  
2.680242139  
6.658350378  
10.0712045  
12.54577786  
13.94723699  
14.35230846  
13.97554762  
13.08225654  
11.91726285  
10.66459233  
9.436820665  
8.28176598  
7.192407396  
6.112631165  
4.941809964  
3.548898548  
1.806571135  
-0.3530937158  
-2.87413816  
-5.528696776  
-7.914309239  
-9.516048085  
-9.831719904  
-8.532326981  
-5.6090245  
-1.451694529  
3.181972142  
7.316649207  
9.998705458  
10.56010961  
8.826221282  
5.196749213  
0.5643593804  
-3.91470517  
-7.135032786  
-8.348125167  
-7.366005675  
-4.598574203  
-0.9132774037  
2.637214488  
5.131090184  
6.035878636  
5.328928725  
3.447680325  
1.096033945  
-1.018445772  
-2.42046422  
-2.993493683  
-2.957314946  
-2.71409865  
-2.630411415  
-2.846803041  
-3.195772319  
-3.266561871  
-2.596641913  
-0.916838822  
1.649954971  
4.525984129  
6.79558448  
7.47986861  
5.884847198  
1.902862351  
-3.847265853  
-10.10886799  
-15.29789829  
-17.95149543  
-17.1782057  
-12.96436377  
-6.230404447  
1.392779467  
8.008441266  
11.98846145  
12.43527907  
9.429464903  
3.987299694  
-2.256794926  
-7.542733302  
-10.49907779  
-10.52261583  
-7.912572624  
-3.728445152  
0.5728072958  
3.598746604  
4.436486363  
2.897456419  
-0.4710801106  
-4.594181013  
-8.216507058  
-10.27172181  
-10.16083714  
-7.865937107  
-3.885144065  
0.9674299647  
5.816149719  
9.946259779  
12.93180728  
14.64886752  
15.19696648  
14.78007792  
13.60322984  
11.82293806  
9.558622622  
6.942124943  
4.165892289  
1.493618985  
-0.7821885477  
-2.42294187  
-3.331026121  
-3.597943989  
-3.482884307  
-3.318989216  
-3.376769898  
-3.736689601  
-4.225865126  
-4.453888195  
-3.946503949  
-2.336440242  
0.4564059062  
4.126446686  
8.012581451  
11.2603816  
13.07100895  
12.9561297  
10.90978488  
7.431650776  
3.38460322  
-0.2730472237  
-2.794421521  
-3.886134662  
-3.799883077  
-3.236929469  
-3.092550198  
-4.123943871  
-6.654428942  
-10.41779615  
-14.60166095  
-18.08220332  
-19.77727974  
-19.00292858  
-15.71459273  
-10.55078847  
-4.661177695  
0.6277173611  
4.202585947  
5.484160733  
4.577099453  
2.203830326  
-0.5518143079  
-2.60399122  
-3.208553571  
-2.180650712  
0.0798057544  
2.755794937  
4.911594809  
5.818799311  
5.201580113  
3.323335122  
0.8922007393  
-1.176959122  
-2.061162072  
-1.289793548  
1.114441159  
4.652417689  
8.508732661  
11.79563209  
13.79914067  
14.1518854  
12.88756819  
10.37436814  
7.1638721  
3.815057444  
0.7531546864  
-1.796850188  
-3.79402267  
-5.305132871  
-6.409470573  
-7.127350464  
-7.399742042  
-7.122429759  
-6.214918806  
-4.691080273  
-2.699432541  
-0.5147165363  
1.517426799  
3.062538214  
3.876915842  
3.858279944  
3.054146007  
1.631647664  
-0.1736582087  
-2.107418828  
-3.927434966  
-5.411746161  
-6.353573848  
-6.561315393  
-5.880061823  
-4.239545269  
-1.716686846  
1.413650809  
4.67091197  
7.426698559  
9.030008308  
8.975439189  
7.067971595  
3.529466041  
-0.9977085168  
-5.567155327  
-9.145274705  
-10.87439116  
-10.3082369  
-7.548412176  
-3.236118393  
1.605026365  
5.834493678  
8.494448596  
9.057822186  
7.553848286  
4.536696966  
0.9095813879  
-2.340774117  
-4.419604407  
-4.92977321  
-3.952095804  
-1.984612098  
0.232373275  
1.946749159  
2.609785344  
2.015455871  
0.3308985656  
-1.980014199  
-4.307090635  
-6.067635718  
-6.85271137  
-6.5096964  
-5.14861018  
-3.082981233  
-0.7323195718  
1.482028804  
3.221469985  
4.281186575  
4.606394207  
4.281397443  
3.501704544  
2.536910261  
1.687566167  
1.236434605  
1.395519204  
2.254889366  
3.744871912  
5.626007503  
7.518202744  
8.971206382  
9.565223658  
9.017947708  
7.26769593  
4.505438365  
1.141605333  
-2.287068538  
-5.245892388  
-7.328552189  
-8.343684176  
-8.336178952  
-7.539191955  
-6.275895122  
-4.846848511  
-3.443039807  
-2.114319503  
-0.8018557475  
0.5813050953  
2.056243713  
3.511422338  
4.69426571  
5.270436793  
4.933838896  
3.529291764  
1.142088466  
-1.882427733  
-5.003129846  
-7.615982089  
-9.215420281  
-9.532642592  
-8.6055331  
-6.757251478  
-4.491033449  
-2.336822287  
-0.7010493652  
0.2315058077  
0.5143319599  
0.3742726716  
0.09404104623  
-0.1111086558  
-0.1753981441  
-0.1931114674  
-0.3556286763  
-0.8413607727  
-1.703507434  
-2.802108463  
-3.81073339  
-4.300443666  
-3.874473725  
-2.307344585  
0.3609021805  
3.809660549  
7.508845039  
10.85308215  
13.31461787  
14.56531967  
14.53083896  
13.36548823  
11.36515289  
8.856482566  
6.106169011  
3.282481922  
0.4771444784  
-2.231018533  
-4.707717735  
-6.729902489  
-8.012714866  
-8.295442849  
-7.457238583  
-5.615415288  
-3.159175328  
-0.6910169433  
1.119245143  
1.728703466  
0.9018546321  
-1.186456245  
-3.968365733  
-6.625169595  
-8.316802496  
-8.429466358  
-6.763156632  
-3.597884461  
0.3840931827  
4.295951911  
7.300632199  
8.84051339  
8.770799236  
7.358713031  
5.156670345  
2.799783314  
0.8014537674  
-0.5824920085  
-1.379113234  
-1.813767279  
-2.157551552  
-2.573045172  
-3.023271641  
-3.282259285  
-3.043941755  
-2.085393856  
-0.4159656882  
1.653999766  
3.562953268  
4.659763265  
4.426003284  
2.680122934  
-0.3145595637  
-3.886173092  
-7.133640063  
-9.196091065  
-9.524334114  
-8.061229483  
-5.265596208  
-1.966347411  
0.9080437758  
2.63508869  
2.934944726  
2.055780573  
0.6762677938  
-0.3436446916  
-0.2794066603  
1.183002717  
3.809922546  
6.871109278  
9.3654372  
10.34751481  
9.246375231  
6.06909425  
1.420342432  
-3.669502277  
-8.051201025  
-10.7975499  
-11.4674108  
-10.20938684  
-7.676585134  
-4.787247697  
-2.41592491  
-1.119910862  
-0.9894871777  
-1.664976432  
-2.505156224  
-2.840786375  
-2.221078163  
-0.5681322141  
1.809369344  
4.340112646  
6.400471827  
7.531979371  
7.588311683  
6.763420119  
5.497643155  
4.303046076  
3.576371843  
3.46896445  
3.858182087  
4.424524586  
4.798298103  
4.714630155  
4.114850942  
3.155599522  
2.125080775  
1.303653625  
0.8288426485  
0.6237655401  
0.4230462429  
-0.1089886925  
-1.211892944  
-2.8814352  
-4.805509155  
-6.420524913  
-7.081193363  
-6.292230044  
-3.922172603  
-0.3186679076  
3.727120004  
7.170370229  
9.007018508  
8.583851361  
5.824404849  
1.292887211  
-3.933089586  
-8.550190532  
-11.39489937  
-11.77782379  
-9.685156789  
-5.785220824  
-1.2369448  
2.642976956  
4.755438346  
4.526594064  
2.059645328  
-1.90939707  
-6.233654933  
-9.685655843  
-11.29812123  
-10.6188455  
-7.812610988  
-3.590113876  
1.006413937  
4.893202284  
7.226957882  
7.603821049  
6.129034906  
3.349806968  
0.08110829705  
-2.820535614  
-4.67208945  
-5.11423684  
-4.165447345  
-2.176398684  
0.2933306152  
2.637354478  
4.358982779  
5.183596899  
5.102881081  
4.345628215  
3.288270562  
2.332376829  
1.783252896  
1.762412452  
2.177276497  
2.756276902  
3.139912724  
3.002512233  
2.169666945  
0.6956475193  
-1.125372668  
-2.822737751  
-3.874051773  
-3.85845677  
-2.594462792  
-0.2196104735  
2.816356649  
5.849055061  
8.164999106  
9.190724943  
8.651816206  
6.654815149  
3.66622162  
0.3924144753  
-2.406575334  
