-3.281609161  
-2.655114008  
-2.036421743  
-1.865512823  
-2.390218293  
-3.60875069  
-5.289405377  
-7.055886223  
-8.508911848  
-9.346394901  
-9.447227713  
-8.896077091  
-7.944891219  
-6.925297753  
-6.139936044  
-5.765988823  
-5.799752427  
-6.058346105  
-6.237523628  
-6.007908253  
-5.120651324  
-3.490879354  
-1.233912015  
1.356617315  
3.882316567  
5.943422325  
7.241451906  
7.651072168  
7.240872205  
6.238662308  
4.954017674  
3.683770052  
2.630712809  
1.860577718  
1.309055747  
0.8335748505  
0.2895245346  
-0.3973762415  
-1.189102552  
-1.939224847  
-2.441733842  
-2.507459975  
-2.04051262  
-1.086342591  
0.1674888033  
1.440434465  
2.44288414  
2.966904745  
2.952613705  
2.506514587  
1.864304462  
1.309743271  
1.07667693  
1.267725664  
1.817933741  
2.516607418  
3.08059705  
3.254303006  
2.902038993  
2.060423687  
0.9317456459  
-0.1807910345  
-0.9750402513  
-1.255211141  
-1.004807373  
-0.4018435106  
0.2302844077  
0.5218834067  
0.1753576956  
-0.9339327314  
-2.705566236  
-4.826584037  
-6.844654562  
-8.280146486  
-8.745093383  
-8.036910189  
-6.184155828  
-3.436592907  
-0.2072562495  
3.014709732  
5.757615272  
7.647334203  
8.461645637  
8.154930453  
6.85574174  
4.842319766  
2.500631539  
0.267896952  
-1.435614386  
-2.281135052  
-2.101939407  
-0.9444442597  
0.9173834551  
3.01751466  
4.785833089  
5.676112077  
5.306482005  
3.575510475  
0.7178270053  
-2.724332401  
-6.015314373  
-8.402457335  
-9.310427534  
-8.500130128  
-6.145394855  
-2.80184412  
0.7274341685  
3.594823708  
5.124453662  
4.982107867  
3.252364885  
0.4037358383  
-2.844909445  
-5.715413722  
-7.563129014  
-8.018349273  
-7.042026275  
-4.889346666  
-2.002734813  
1.125149767  
4.073390534  
6.565165309  
8.476849788  
9.793591454  
10.53883096  
10.71144832  
10.25749768  
9.087174714  
7.128261329  
4.392139098  
1.023203455  
-2.69146114  
-6.360314506  
-9.563735663  
-11.94454933  
-13.28339802  
-13.53507126  
-12.81579995  
-11.34869773  
-9.388526411  
-7.152887685  
-4.782846874  
-2.343542295  
0.1403581619  
2.632801784  
5.042302262  
7.206358529  
8.913389839  
9.956285429  
10.19873055  
9.629606959  
8.383918859  
6.719894869  
4.957006948  
3.39327227  
2.227599747  
1.511587132  
1.145676299  
0.9203359246  
0.5887790057  
-0.05158426924  
-1.093568918  
-2.489175516  
-4.060534845  
-5.547625637  
-6.67757968  
-7.23571871  
-7.119856875  
-6.365575781  
-5.138593482  
-3.698296284  
-2.341990588  
-1.341885677  
-0.8866463127  
-1.037607963  
-1.707420099  
-2.666204155  
-3.577061965  
-4.058309962  
-3.764181515  
-2.469648598  
-0.1405165298  
3.030946746  
6.639811752  
10.13622694  
12.93735664  
14.55953709  
14.73717493  
13.49434889  
11.14481499  
8.214832752  
5.305653148  
2.932033669  
1.382960019  
0.6469682052  
0.4269441687  
0.2429587161  
-0.4056761438  
-1.867569409  
-4.209164142  
-7.169317245  
-10.21517649  
-12.68483319  
-13.97488263  
-13.71656254  
-11.88713654  
-8.82299269  
-5.131089411  
-1.526441793  
1.354892433  
3.111891594  
3.659864588  
3.217837342  
2.212567293  
1.134340146  
0.3917958046  
0.2091890373  
0.5920902984  
1.363177446  
2.247120413  
2.9702009  
3.33998754  
3.282133332  
2.829962824  
2.080528831  
1.141594325  
0.09408651048  
-1.015458191  
-2.153270823  
-3.262524948  
-4.235429151  
-4.912421926  
-5.115938725  
-4.710343291  
-3.666298021  
-2.102551369  
-0.2836934268  
1.432823805  
2.688399647  
3.226083939  
2.970413707  
2.055872738  
0.7918595342  
-0.4266471034  
-1.234775638  
-1.402403198  
-0.8938860641  
0.1355746361  
1.403456266  
2.599266723  
3.483816074  
3.953640884  
4.049625423  
3.910117796  
3.689918135  
3.47931485  
3.257304826  
2.899771167  
2.241857046  
1.171615316  
-0.2821054646  
-1.90527861  
-3.322030342  
-4.08637935  
-3.817876914  
-2.338727861  
0.2341498063  
3.476784682  
6.736078919  
9.27998097  
10.47850001  
9.963653314  
7.722491871  
4.097849039  
-0.3005326347  
-4.745529871  
-8.55766019  
-11.23941274  
-12.54613308  
-12.48361715  
-11.24640723  
-9.127611644  
-6.435470965  
-3.443302807  
-0.3819359695  
2.535490391  
5.080206949  
6.992502215  
8.002305542  
7.886683608  
6.547274168  
4.078384698  
0.7953683577  
-2.796458107  
-6.092835158  
-8.520996424  
-9.673699009  
-9.407219009  
-7.872991374  
-5.472176809  
-1.008153714  
1.730307944  
4.76223731  
7.350813304  
8.852475221  
8.898823631  
7.503317544  
5.061530776  
2.243373572  
-0.1938562748  
-1.619945056  
-1.713553942  
-0.5594696711  
1.367616863  
3.330307779  
4.533201202  
4.349583283  
2.507764244  
-0.81490751  
-5.017547597  
-9.215683385  
-12.45942999  
-13.97255218  
-13.34936117  
-10.65782339  
-6.422584663  
-1.493602617  
3.16363132  
6.700328136  
8.578383517  
8.67718149  
7.288908445  
5.008653281  
2.553588253  
0.5633768808  
-0.5629651235  
-0.7509467212  
-0.2360510013  
0.5399296685  
1.087563257  
1.034843724  
0.2498794431  
-1.113898237  
-2.661631341  
-3.875529702  
-4.272061365  
-3.551442226  
-1.696060855  
1.010067382  
4.045721156  
6.781819487  
8.639101579  
9.230697198  
8.451900764  
6.495441336  
3.791799949  
0.8943488711  
-1.657443493  
-3.46016709  
-4.324309387  
-4.292568766  
-3.600553885  
-2.596481062  
-1.644892959  
-1.039887346  
-0.9468758735  
-1.381522978  
-2.223788429  
-3.257226024  
-4.22053355  
-4.859451179  
-4.970920871  
-4.435630788  
-3.237807209  
-1.471825954  
0.6655423416  
2.898981262  
4.915110049  
6.416676739  
7.182245168  
7.118294013  
6.288608384  
4.908568691  
3.299829867  
1.812316577  
0.7317910417  
0.1986428586  
0.1634233849  
0.3962002901  
0.5515215118  
0.273374732  
-0.689556473  
-2.393624662  
-4.66469438  
-7.131449544  
-9.320493226  
-10.78606383  
-11.23517213  
-10.60910992  
-9.095424875  
-7.066446257  
-4.964173654  
-3.169124138  
-1.89596071  
-1.149681054  
-0.7554291865  
-0.4494865483  
0.002388586307  
0.7030581496  
1.576806735  
2.395920018  
2.873481085  
2.790000879  
2.107417287  
1.025873893  
-0.04333092259  
-0.5869676417  
-0.1504768187  
1.500887366  
4.274673139  
7.737184154  
11.20374648  
13.91080826  
15.2203515  
14.79532756  
12.69272783  
9.34585387  
5.441620547  
1.731045168  
-1.169025674  
-2.923654401  
-3.535312564  
-3.295840983  
-2.656517542  
-2.062669022  
-1.808000219  
-1.954223144  
-2.337565841  
-2.65374838  
-2.587425281  
-1.939139607  
-0.7063324533  
0.9070458867  
2.552164404  
3.843833799  
4.477108025  
4.312743452  
3.405453132  
1.970097385  
0.3025047363  
-1.314222433  
-2.68483742  
-3.735095011  
-4.496980507  
-5.058344122  
-5.501593425  
-5.858106238  
-6.096559499  
-6.1480378  
-5.95493017  
-5.520411704  
-4.934693119  
-4.363505916  
-3.999607661  
-3.993653482  
-4.390324624  
-5.095353503  
-5.888901916  
-6.48416352  
-6.613369574  
-6.112576119  
-4.976034071  
-3.360873096  
-1.539823537  
0.1822308432  
1.559630118  
2.474383769  
2.959231733  
3.169070998  
3.312695459  
3.570463966  
4.027760402  
4.647590125  
5.290774192  
5.774662624  
5.947322412  
5.74888548  
5.237027388  
4.567222635  
3.935398611  
3.504661778  
3.343675482  
3.399947095  
3.518453746  
3.499335038  
3.174134323  
2.473253849  
1.460516865  
0.3225938927  
-0.682894762  
-1.302289683  
-1.358076775  
-0.7944716733  
0.3168251268  
1.809088372  
3.475810687  
5.126072832  
6.61904103  
7.866612614  
8.80735656  
9.367774957  
9.433075779  
8.8467492  
7.446774342  
5.130731928  
1.92804387  
-1.94909633  
-6.100897828  
-9.992764456  
-13.05825871  
-14.82696162  
-15.04123849  
-13.7267453  
-11.19373318  
-7.96650729  
-4.659865832  
-1.837231608  
0.1098938424  
1.028905286  
1.004689577  
0.2962988864  
-0.7635218983  
-1.871769863  
-2.829598697  
-3.568311568  
-4.125579124  
-4.587777082  
-5.024737437  
-5.44355334  
-5.778631405  
-5.919931637  
-5.765878224  
-5.277635542  
-4.510786927  
-3.60903321  
-2.75935433  
-2.123358159  
-1.769932568  
-1.635609094  
-1.530717112  
-1.193955445  
-0.3808093987  
1.041814078  
3.026677895  
5.328603718  
7.54866549  
9.231383938  
9.988883277  
9.616245312  
8.163311117  
5.939852969  
3.449897988  
1.271421386  
-0.08643140197  
-0.3096902457  
0.6450573527  
2.546566512  
4.956557284  
7.349631851  
9.251716047  
10.35854764  
10.60160115  
10.143939  
9.308271107  
8.458833254  
7.872105585  
7.635211132  
7.603836957  
7.435291667  
6.691013846  
4.982096135  
2.11692548  
-1.793667516  
-6.309755322  
-10.73039616  
-14.24686327  
-16.14583361  
-16.00968785  
-13.85677988  
-10.17628797  
-5.838000889  
-1.89121238  
0.700397672  
1.318913156  
-0.1257159006  
-3.148112016  
-6.796658203  
-9.898466627  
-11.37892024  
-10.56937092  
-7.414956325  
-2.518349431  
3.000740951  
7.798283715  
10.67330847  
10.90754393  
8.479050772  
4.084612973  
-1.040801303  
-5.460655395  
-7.936136842  
-7.774588059  
-5.026389951  
-0.4722945295  
4.596379048  
8.742035106  
10.78477799  
10.1299482  
6.926045215  
2.010196008  
-3.339238109  
-7.767543491  
-10.21818157  
-10.20937735  
-7.937245422  
-4.183506539  
-0.06395471394  
3.301111371  
5.094618346  
5.000893445  
3.244560057  
0.471296244  
-2.481092436  
-4.843348318  
-6.125997902  
-6.221957703  
-5.380321459  
-4.073354862  
-2.810533881  
-1.965369281  
-1.67030759  
-1.807350342  
-2.087534007  
-2.183117889  
-1.86154652  
-1.073992935  
0.02935756418  
1.157583041  
1.985898875  
2.271237025  
1.936644602  
1.098244555  
0.0298846765  
-0.9182883496  
-1.417570236  
-1.242974441  
-0.3173738083  
1.289551519  
3.39876733  
5.776718543  
8.186910192  
10.42405077  
12.3272547  
13.77860071  
14.69808559  
15.04400444  
14.82071061  
14.08744676  
12.95720832  
11.57636296  
10.08387455  
8.560477526  
6.98747859  
5.237101068  
3.108819193  
0.4102311877  
-2.938028271  
-6.808651768  
-10.82437421  
-14.39350738  
-16.82938932  
-17.5297268  
-16.16683816  
-12.82842291  
-8.056732885  
-2.760685393  
1.986212318  
5.21185148  
6.30075131  
5.162150763  
2.257076793  
-1.528535978  
-5.130805497  
-7.603504608  
-8.374960917  
-7.390350697  
-5.099034232  
-2.294930244  
0.1365406058  
1.483671921  
1.403396891  
-0.01087567888  
-2.301849469  
-4.828220456  
-6.984955664  
-8.387158152  
-8.957472741  
-8.893940313  
-8.539059557  
-8.205786252  
-8.030188067  
-7.908511303  
-7.543372149  
-6.581528503  
-4.789889021  
-2.200064417  
0.8387815302  
3.726957731  
5.785804691  
6.478983308  
5.607740439  
3.409643435  
0.5207692146  
-2.19333746  
-3.887790502  
-3.990686358  
-2.376282688  
0.5975163092  
4.199899417  
7.550424194  
9.882780157  
10.76473593  
10.20571814  
8.621422657  
6.672255266  
5.032912426  
4.170966942  
4.206460549  
4.895036371  
5.734662832  
6.155247505  
5.724778174  
4.303168921  
2.095302404  
-0.4098811995  
-2.58969898  
-3.875469698  
-3.916999933  
-2.674780143  
-0.4174147289  
2.366674184  
5.108854843  
7.305144799  
8.624948721  
8.959583782  
8.408819195  
7.222569758  
5.724071239  
4.23891786  
3.043876866  
2.336725218  
2.219411046  
2.685480406  
3.608645128  
4.738695595  
5.717696055  
6.128906429  
5.581350624  
3.817356867  
0.8148822004  
-3.151448152  
-7.521846606  
-11.54826627  
-14.46250367  
-15.67456739  
-14.94403121  
-12.46846903  
-8.85399475  
-4.967612003  
-1.709061986  
0.2319559981  
0.5593286276  
-0.5630251559  
-2.583807601  
-4.75369006  
-6.370757788  
-7.002581217  
-6.612784352  
-5.551512574  
-4.414690134  
-3.820980972  
-4.18304603  
-5.551290222  
-7.583347906  
-9.649506755  
-11.03782881  
-11.18902102  
-9.881547034  
-7.305246295  
-4.000448295  
-0.6855703991  
1.966422006  
3.52660513  
3.918490892  
3.404237317  
2.460184167  
1.591429518  
1.154618851  
1.252276498  
1.733584052  
2.295941066  
2.644071041  
2.642355201  
2.399114975  
2.247408333  
2.626049821  
3.902748403  
6.204347187  
9.318862531  
12.71016001  
15.64706552  
17.40840506  
17.49809401  
15.79961312  
12.61875187  
8.600430933  
4.54680221  
1.195552629  
-0.971421264  
-1.831231623  
-1.608703245  
-0.7628032197  
0.1842017865  
0.8142527997  
0.9229275323  
0.5404266315  
-0.1330619162  
-0.8447611768  
-1.410445289  
-1.792822052  
-2.110004142  
-2.575106932  
-3.394213311  
-4.664586052  
-6.313273952  
-8.099455221  
-9.679059072  
-10.70695702  
-10.93898084  
-10.29777501  
-8.881551383  
-6.91698558  
-4.678056126  
-2.403603134  
-0.2441908086  
1.745345746  
3.571025744  
5.243437039  
6.728902009  
7.932489133  
8.722277076  
8.985135505  
8.688990359  
7.921728886  
6.884846531  
5.837944975  
5.011127256  
4.51774175  
4.303098937  
4.1536936  
3.769588935  
2.877946583  
1.347774071  
-0.7378339724  
-3.082957124  
-5.259237145  
-6.841731145  
-7.554387691  
-7.372568767  
-6.542498612  
-5.505268313  
-4.746920744  
-4.624102129  
-5.226344293  
-6.326413753  
-7.441737506  
-7.99202494  
-7.503748236  
-5.793419862  
-3.065512581  
0.1129568739  
2.959330176  
4.701281242  
4.811947831  
3.179487572  
0.1557981421  
-3.53294175  
-6.987618923  
-9.387791079  
-10.21664127  
-9.3916544  
-7.264123831  
-4.492199086  
-1.831153963  
0.0917173368  
0.948568864  
0.7802504632  
-0.05065747611  
-0.9998736658  
-1.523965624  
-1.245405607  
-0.05061711019  
1.90281611  
4.262252689  
6.605605553  
8.569809978  
9.939461285  
10.67098684  
10.85271386  
10.62407033  
10.08990626  
9.265086513  
8.071048012  
6.385265824  
4.1244613  
1.329610659  
-1.780446384  
-4.809793628  
-7.245920999  
-8.566058432  
-8.361239191  
-6.444618607  
-2.915283238  
1.838719653  
7.198344179  
12.41812825  
16.75347635  
19.584096  
20.51078538  
19.4105978  
16.44472542  
12.02185282  
6.725924623  
1.22108556  
-3.851488548  
-7.969645683  
-10.80464687  
-12.26166483  
-12.47859969  
-11.78215663  
-10.60841615  
-9.403313803  
-8.524194287  
-8.164817339  
-8.321700704  
-8.809964132  
-9.32436823  
-9.529158737  
-9.152658551  
-8.061294502  
-6.294014153  
-4.049508062  
-1.63231998  
0.6247820815  
2.439022  
3.634810472  
4.166206338  
4.10256973  
3.586604167  
2.781431506  
1.824814393  
0.8039866209  
-0.2439290079  
-1.310329092  
-2.383665242  
-3.421653116  
-4.338127001  
-5.009277944  
-5.296905795  
-5.080767822  
-4.289966653  
-2.92486638  
-1.065118257  
1.135950767  
3.466998182  
5.679936719  
7.513780316  
8.720474685  
9.093777401  
8.501802677  
6.920931511  
4.464499068  
1.396078798  
-1.88343588  
-4.881957663  
-7.094401304  
-8.101420527  
-7.66757886  
-5.813124462  
-2.835800801  
0.7306353732  
4.218696093  
6.9703664  
8.487671768  
8.551778943  
7.277152946  
5.082912903  
2.585255413  
0.436907922  
-0.8445677353  
-1.013078549  
-0.1567444991  
1.331593544  
2.86920597  
3.852590404  
3.83371989  
2.653503487  
0.4939145121  
-2.167045945  
-4.685693341  
-6.431790463  
-6.965472601  
-6.161069792  
-4.24193344  
-1.715949159  
0.7695611542  
2.611157591  
3.416883073  
3.108755652  
1.930093665  
0.3563027064  
-1.062843942  
-1.880143945  
-1.891526416  
-1.195581686  
-0.1525502042  
0.7448340329  
1.047468867  
0.5155194724  
-0.7822525039  
-2.471342713  
-3.98009477  
-4.722735318  
-4.299451267  
-2.647608959  
-0.09096561995  
2.735474335  
5.067572776  
6.247720802  
5.940190342  
4.25497517  
1.734928223  
-0.796915239  
-2.487842858  
-2.728046209  
-1.358802193  
1.253584388  
4.307997906  
6.801539639  
7.837612548  
6.914721857  
4.104265528  
0.05749315294  
-4.166329159  
-7.402711815  
-8.725713077  
-7.728095869  
-4.651193496  
-0.3231718231  
4.076898088  
7.358096433  
8.657221545  
7.676765705  
4.75151537  
0.727758633  
-3.303034908  
-6.330494264  
-7.710220957  
-7.322388443  
-5.561960853  
-3.173093225  
-0.9888073271  
0.3358934276  
0.5119674287  
-0.3299773682  
-1.728570107  
-3.083957193  
-3.882004535  
-3.872089236  
-3.13992861  
-2.055703215  
-1.121582244  
-0.7765848894  
-1.22935839  
-2.377309687  
-3.838628807  
-5.083747821  
-5.618668619  
-5.155882389  
-3.714502678  
-1.616908007  
0.6147885398  
2.42544014  
3.399806839  
3.384865488  
2.523832148  
1.195269984  
-0.1176572712  
-0.9810773649  
-1.136055802  
-0.5574856147  
0.5672470586  
1.925331868  
3.195861828  
4.154541571  
4.73099761  
5.003296826  
5.137888808  
5.301947402  
5.583177913  
5.947093034  
6.246428875  
6.277654097  
5.862762556  
4.926371679  
3.540725177  
1.923116048  
0.3864090802  
-0.7416292196  
-1.205759001  
-0.8926126719  
0.1358488484  
1.651176902  
3.304598778  
4.697368189  
5.459009172  
5.318442578  
4.156886274  
2.035804171  
-0.8034853849  
-3.969401921  
-6.977496083  
-9.330518786  
-10.61095274  
-10.56989788  
-9.192247363  
-6.718539521  
-3.610717599  
-0.4619853415  
2.133065134  
3.71764309  
4.083883192  
3.322458399  
1.792450697  
0.01619916653  
-1.472651497  
-2.283214311  
-2.275986607  
-1.591143484  
-0.5866153029  
0.2943662286  
0.6823093535  
0.4130126046  
-0.4144015407  
-1.474591337  
-2.336996723  
-2.629418828  
-2.18623107  
-1.126661085  
0.1685261054  
1.178399049  
1.422454653  
0.6385411501  
-1.105646832  
-3.410609704  
-5.658830001  
-7.209923284  
-7.612575977  
-6.760113093  
-4.933300703  
-2.711195805  
-0.7762674627  
0.3221677585  
0.3651379266  
-0.4484263214  
-1.558691082  
-2.232462146  
-1.821662343  
-0.006427556818  
3.061470851  
6.76824106  
10.2041573  
12.43684286  
12.80513559  
11.13749959  
7.821560045  
3.698629313  
-0.185941888  
-2.898294256  
-3.896817693  
-3.187996383  
-1.307276809  
0.8684630188  
2.415721636  
2.670687696  
1.447884178  
-0.8991114248  
-3.593663764  
-5.690278579  
-6.384271495  
-5.277023835  
-2.512268971  
1.258955832  
5.071832632  
7.936989009  
9.133567451  
8.415303149  
6.068380386  
2.808084019  
-0.4481130107  
-2.856366433  
-3.884631984  
-3.442571994  
-1.869990038  
0.2032173575  
2.073122907  
3.180714194  
3.264674749  
2.404957671  
0.9525795892  
-0.6213939788  
-1.900296467  
-2.658529877  
-2.916170717  
-2.898217889  
-2.919176773  
-3.238914824  
-3.944160741  
-4.899242406  
-5.783999088  
-6.205509508  
-5.844183246  
-4.582506368  
-2.570536278  
-0.2035742355  
1.982872573  
3.467947158  
3.900440107  
3.204073511  
1.599469765  
-0.463652517  
-2.441625586  
-3.855567754  
-4.423340309  
-4.124140271  
-3.178069052  
-1.951094769  
-0.8199881142  
-0.04389286962  
0.3143632715  
0.3921532264  
0.4570755888  
0.7895358833  
1.560480143  
2.748388702  
4.126167525  
5.324489494  
5.951712237  
5.730520973  
4.604838308  
2.779472159  
0.6766277167  
-1.17932104  
-2.313676459  
-2.442330048  
-1.557340271  
0.06965271749  
1.966802796  
3.598704465  
4.517317416  
4.480941463  
3.50687966  
1.84596606  
-0.1074423291  
-1.936684447  
-3.314451404  
-4.070874597  
-4.202060108  
-3.82545498  
-3.106885732  
-2.191961278  
-1.169334451  
-0.07733624124  
1.054587215  
2.154416631  
3.076408598  
3.612955534  
3.553859908  
2.77550627  
1.32560215  
-0.535111362  
-2.361656343  
-3.628010638  
-3.88030097  
-2.893331595  
-0.7761960775  
2.015751111  
4.777299289  
6.737117188  
7.276466793  
6.115040626  
3.402869003  
-0.3147159338  
-4.251471912  
-7.60666691  
-9.791238582  
-10.58024444  
-10.14224525  
-8.937746907  
-7.523944969  
-6.335937044  
-5.523397955  
-4.902846051  
-4.044725542  
-2.465795665  
0.1423219219  
3.733618948  
7.848331325  
11.70463442  
14.41938672  
15.28840678  
14.03184465  
10.91739232  
6.711929163  
2.468783286  
-0.7860541428  
-2.368970056  
-2.151589038  
-0.5992144508  
1.38111896  
2.736301204  
2.611846255  
0.633960154  
-2.962597785  
-7.401924121  
-11.6065677  
-14.53001832  
-15.47337132  
-14.28447377  
-11.37851084  
-7.579411551  
-3.840527221  
-0.9412555272  
0.739112709  
1.298961971  
1.225062716  
1.175944137  
1.71968713  
3.120449812  
5.24729037  
7.632926853  
9.655705503  
10.77468537  
10.73042357  
9.638481496  
7.94305358  
6.249588393  
5.099215253  
4.768512976  
5.168472911  
5.880065997  
6.314027952  
5.937073002  
4.482191141  
2.065638497  
-0.8340201405  
-3.530431466  
-5.365283885  
-5.943306065  
-5.28299371  
-3.827545967  
-2.30798924  
-1.501355434  
-1.963445462  
-3.82576085  
-6.726095926  
-9.898883238  
-12.39920072  
-13.39062468  
-12.40630563  
-9.501129402  
-5.247459273  
-0.5763381411  
3.486160622  
6.106312838  
6.86733337  
5.865912713  
3.656050854  
1.062143611  
-1.078526861  
-2.165060331  
-2.000736484  
-0.833012569  
0.7414917737  
1.974775704  
2.207539826  
1.081274514  
-1.337662439  
-4.555691656  
-7.77085001  
-10.07971451  
-10.71668893  
-9.262604202  
-5.768485453  
-0.7625555559  
4.861854625  
10.05017679  
13.83217417  
15.54873923  
15.00364313  
12.50213454  
8.766173403  
4.747206275  
1.3840168  
-0.6317102703  
-1.020450254  
0.03350885321  
1.95755356  
3.971834393  
5.324194916  
5.510869123  
4.418103898  
2.342661984  
-0.114747599  
-2.249942761  
-3.486761102  
-3.565870891  
-2.629644438  
-1.174301456  
0.1168897344  
0.6062300994  
-0.07585480416  
-1.892640019  
-4.395407655  
-6.855439019  
-8.493382641  
-8.732440409  
-7.392449012  
-4.759943275  
-1.509231419  
1.501696575  
3.495139912  
4.012137499  
3.048187606  
1.042841349  
-1.271934751  
-3.113286244  
-3.89851366  
-3.423344887  
-1.910756053  
0.08208649158  
1.863557363  
2.843952213  
2.728042127  
1.600439268  
-0.1213900452  
-1.845823189  
-3.019321987  
-3.317483032  
-2.749670855  
-1.64372345  
-0.5193702627  
0.1028922422  
-0.1099932053  
-1.182807441  
-2.818137961  
-4.491357777  
-5.619856925  
-5.74836768  
-4.689572752  
-2.576859249  
0.1827395524  
3.034329832  
5.434904797  
6.995244932  
7.562856805  
7.228017732  
6.261415603  
5.012450081  
3.805147073  
2.86319848  
2.280240771  
2.033399059  
2.024326837  
2.126906274  
2.22486425  
2.232267002  
2.099869446  
1.815748297  
1.407559178  
0.9474350314  
0.5532864657  
0.3766138445  
0.5699170149  
1.236009187  
2.373058657  
3.837338636  
5.345362574  
6.52657495  
7.019522366  
6.585271113  
5.199533283  
3.086179622  
0.6709418484  
-1.538967273  
-3.115195385  
-3.855381436  
-3.862786912  
-3.523229097  
-3.378469908  
-3.933020935  
-5.459041702  
-7.870082775  
-10.71496251  
-13.30318195  
-14.9262838  
-15.10207223  
-13.75535396  
-11.26600836  
-8.358776824  
-5.864584033  
-4.431332251  
-4.284881751  
-5.128719544  
-6.226266181  
-6.646998281  
-5.598368804  
-2.731046381  
1.691299216  
6.824214702  
11.47594558  
14.47168643  
15.03049815  
13.0283846  
9.056239263  
4.248662717  
-0.06321743564  
-2.761828847  
-3.280722511  
-1.758234095  
1.042061292  
4.014297592  
6.098064845  
6.637688165  
5.591241446  
3.520793299  
1.371874403  
0.1228818979  
0.4288831895  
2.383987274  
5.482916725  
8.791474051  
11.26268578  
12.08620145  
10.94993597  
8.127158349  
4.365983687  
0.6281815719  
-2.224947315  
-3.687788709  
-3.721750143  
-2.6943453  
-1.182496109  
0.2747555581  
1.374133801  
2.120637566  
2.751562547  
3.550096373  
4.632226078  
5.803101754  
6.552951004  
6.207806039  
4.187207548  
0.2741894917  
-5.209519453  
-11.40172857  
-17.09043975  
-21.04602455  
-22.38942342  
-20.87232224  
-16.97029578  
-11.75095485  
-6.555186902  
-2.593755822  
-0.5912665844  
-0.5938422078  
-2.001144572  
-3.807027905  
-4.962797175  
-4.737223286  
-2.951714966  
-0.01520148841  
3.245503297  
5.893226288  
7.213624925  
6.956823249  
5.406665309  
3.260387623  
1.369005374  
0.4359078597  
0.7818058989  
2.255750572  
4.315978284  
6.242238274  
7.395708266  
7.429876221  
6.379147633  
4.601546938  
2.608198778  
0.8537475326  
-0.4268132708  
-1.271757026  
-1.92024239  
-2.649734657  
-3.596456509  
-4.639672019  
-5.405506667  
-5.397470228  
-4.207999664  
-1.728646079  
1.72886799  
5.459607975  
8.545874196  
10.13821273  
9.74263685  
7.411335086  
3.76317784  
-0.1826198085  
-3.31127396  
-4.757345685  
-4.175020225  
-1.842378553  
1.436102783  
4.596220674  
6.659790554  
7.043237608  
5.726767855  
3.231005804  
0.4147259985  
-1.831852647  
-2.889905393  
-2.607286778  
-1.323095881  
0.2801110176  
1.437769681  
1.581849792  
0.5372155222  
-1.430900391  
-3.729864515  
-5.666940634  
-6.705440911  
-6.656520109  
-5.739272762  
-4.490834394  
-3.562425615  
-3.476827972  
-4.434303737  
-6.234109277  
-8.335816583  
-10.03481161  
-10.68775048  
-9.90958903  
-7.678082709  
-4.317850435  
-0.379861512  
3.532680659  
6.926926011  
9.517169479  
11.23174511  
12.14287878  
12.36142116  
11.94867551  
10.88585245  
9.113440642  
6.620149463  
3.537318013  
0.189629409  
-2.931046414  
-5.271182126  
-6.369593603  
-6.006386992  
-4.290697163  
-1.650285693  
1.279737819  
3.835159514  
5.508923308  
6.082439352  
5.65820198  
4.58530638  
3.308156566  
2.19612875  
1.418029765  
0.9073142088  
0.4288039752  
-0.2817585306  
-1.362918827  
-2.722193199  
-4.027334443  
-4.805061043  
-4.616365861  
-3.245860707  
-0.8331017928  
2.109286721  
4.808008348  
6.443378511  
6.399367602  
4.467525552  
0.9350975741  
-3.475935333  
-7.80378184  
-11.11659182  
-12.77330117  
-12.59484267  
-10.89434113  
-8.360696599  
-5.836327922  
-4.061753779  
-3.466936974  
-4.070405592  
-5.509635805  
-7.183161021  
-8.451005954  
-8.825939305  
-8.097058293  
-6.35473453  
-3.921169063  
-1.22132969  
1.355389859  
3.555697322  
5.297345885  
6.637673949  
7.699159873  
8.588179868  
9.340966592  
9.915542133  
10.22732164  
10.20762897  
9.85590512  
9.260520549  
8.57770389  
7.976797027  
7.574827425  
7.3885716  
7.325505412  
7.219194426  
6.896255859  
6.248402048  
5.279912746  
4.109786477  
2.925457665  
1.904647945  
1.135927752  
0.5710674681  
0.03183345446  
-0.7261062148  
-1.911778341  
-3.595986784  
-5.646672483  
-7.731599122  
-9.395305558  
-10.19100925  
-9.827149652  
-8.279997418  
-5.831764471  
-3.016006392  
-0.4814927483  
1.18707056  
1.637560806  
0.8556152184  
-0.8278150185  
-2.831241063  
-4.492736254  
-5.264730102  
-4.874741608  
-3.403444236  
-1.25658222  
0.9602453631  
2.625356641  
3.287074798  
2.795561702  
1.340936996  
-0.6128330632  
-2.47665497  
-3.720766761  
-4.037284944  
-3.43015309  
-2.204372671  
-0.8577540631  
0.09104333412  
0.2838775407  
-0.344379269  
-1.52664477  
-2.734146616  
-3.339274033  
-2.823682053  
-0.9683592439  
2.035323205  
5.593434885  
8.841970785  
10.87239048  
10.98895277  
8.92389052  
4.945205151  
-0.1796617713  
-5.360606088  
-9.45748591  
-11.57483176  
-11.29645043  
-8.793206849  
-4.772621542  
-0.2841485343  
3.564412066  
5.8983193  
6.2925506  
4.854233578  
2.152153791  
-0.979341307  
-3.697797922  
-5.390834188  
-5.823512446  
-5.154939766  
-3.827676712  
-2.374882455  
-1.215690937  
-0.5107422905  
-0.1268418155  
0.279827808  
1.095072189  
2.556677069  
4.615736605  
6.904827094  
8.831383294  
9.769835646  
9.289049019  
7.335609605  
4.304414112  
0.9631998685  
-1.754409802  
-3.027635018  
-2.41256295  
-0.005715111169  
3.549680902  
7.223509664  
9.881538648  
10.60881258  
8.977686664  
5.180676556  
-0.01096842831  
-5.449658813  
-9.914254753  
-12.42488092  
-12.481325  
-10.16291854  
-6.071464988  
-1.145099386  
3.594386332  
7.285195652  
9.39552345  
9.784624532  
8.656255426  
6.437429599  
3.632000374  
0.6968681403  
-2.02876037  
-4.335436816  
-6.113632401  
-7.310759202  
-7.902140557  
-7.889970639  
-7.326364368  
-6.341906697  
-5.155986045  
-4.051693503  
-3.313524665  
-3.143982893  
-3.587894655  
-4.495109004  
-5.541829864  
-6.311424457  
-6.41409861  
-5.609290974  
-3.891058367  
-1.506791038  
1.099728884  
3.405732954  
4.952604298  
5.471917138  
4.957240419  
3.66227819  
2.028860626  
0.5692006217  
-0.2615206838  
-0.166749643  
0.9394243635  
2.935686375  
5.540879482  
8.383105171  
11.06710305  
13.22391864  
14.53905105  
14.76633023  
13.7400154  
11.39518472  
7.797521994  
3.17280643  
-2.081243158  
-7.418096932  
-12.2094008  
-15.84995111  
-17.87922355  
-18.08760405  
-16.57486596  
-13.7390684  
-10.19285709  
-6.625664932  
-3.647144875  
-1.653673122  
-0.7535664954  
-0.7696110758  
-1.314928436  
-1.917439551  
-2.155632803  
-1.767531172  
-0.7054186826  
0.8732070175  
2.668765589  
4.332945014  
5.56289216  
6.170985238  
6.115803129  
5.493275592  
4.498028977  
3.370471078  
2.344644569  
1.60689202  
1.269183262  
1.356289445  
1.804606276  
2.471795897  
3.158419126  
3.643374815  
3.731984632  
3.310081796  
2.391025671  
1.13905724  
-0.1455981488  
-1.085696775  
-1.322090471  
-0.6226871637  
1.026712783  
3.381803174  
5.970538353  
8.19628622  
9.490956541  
9.476687126  
8.087221314  
5.607863349  
2.614975922  
-0.173967055  
-2.099896182  
-2.75338076  
-2.09913535  
-0.493301461  
1.415368327  
2.873792052  
3.247374705  
2.21073048  
-0.1513958844  
-3.363684284  
-6.694311554  
-9.362700732  
-10.75837009  
-10.60602899  
-9.030104921  
-6.503740158  
-3.702843599  
-1.313376029  
0.1485874641  
0.4523642606  
-0.3242823644  
-1.861664558  
-3.723632143  
-5.495794794  
-6.891090337  
-7.793368438  
-8.234144518  
-8.321883129  
-8.158379538  
-7.778276116  
-7.135624101  
-6.140881329  
-4.73058529  
-2.938286976  
-0.9338811408  
0.9900353013  
2.486290116  
3.25617753  
3.153234223  
2.250955947  
0.8479353534  
-0.5961314082  
-1.577475778  
-1.684422744  
-0.7120427099  
1.279097573  
3.977087868  
6.90033394  
9.521177841  
11.39439373  
12.25412338  
12.054619  
10.94902416  
9.219596677  
7.186312288  
5.124351561  
3.214414999  
1.535952142  
0.09740777666  
-1.114711248  
-2.09095584  
-2.777282089  
-3.08492562  
-2.926920876  
-2.265496973  
-1.150026789  
0.2716331788  
1.77593857  
3.115634224  
4.085040216  
4.577297812  
4.614114208  
4.337073343  
3.961948053  
3.709408754  
3.733236338  
4.068096557  
4.612937589  
5.15512294  
5.428130462  
5.185775308  
4.271495834  
2.663337358  
0.4829788216  
-2.032160896  
-4.584355523  
-6.882235542  
-8.700690421  
-9.919475033  
-10.53334386  
-10.6349728  
-10.37893892  
-9.93868651  
-9.46796905  
-9.074456956  
-8.807977291  
-8.660886907  
-8.575534162  
-8.453856442  
-8.166776157  
-7.564517062  
-6.491568934  
-4.810238278  
-2.433986413  
0.6331772495  
4.260497687  
8.170347436  
11.94696383  
15.08193977  
17.0553018  
17.44005789  
16.00821688  
12.81124225  
8.209791454  
2.83705317  
-2.504437984  
-6.995087254  
-9.967155028  
-11.05009404  
-10.25458009  
-7.970451368  
-4.874572856  
-1.76790977  
0.6192245462  
1.804686511  
1.668353584  
0.471366085  
-1.225670085  
-2.724744685  
-3.389692529  
-2.828486952  
