-5.645964362  
-7.472320313  
-7.984988227  
-6.938878584  
-4.466246516  
-1.074192138  
2.466352281  
5.312328917  
6.76750014  
6.465785347  
4.466011238  
1.231315051  
-2.49938411  
-5.909126883  
-8.312358523  
-9.317687155  
-8.902239446  
-7.383809121  
-5.307213861  
-3.28385332  
-1.832635395  
-1.264226404  
-1.632817254  
-2.757239682  
-4.293824123  
-5.832788868  
-6.989959738  
-7.474228713  
-7.123723563  
-5.914466487  
-3.950962006  
-1.44733877  
1.297257946  
3.930692839  
6.091079231  
7.462208018  
7.835129482  
7.162314167  
5.58662344  
3.429858739  
1.13528031  
-0.8272384039  
-2.071065862  
-2.387395523  
-1.796058564  
-0.5357826146  
1.004605285  
2.393776712  
3.271652625  
3.43493263  
2.870265138  
1.729116281  
0.2584643016  
-1.284259776  
-2.700091303  
-3.878003607  
-4.77886412  
-5.386979136  
-5.655909646  
-5.477664283  
-4.694700142  
-3.15583257  
-0.7973586687  
2.282565631  
5.789494304  
9.259326039  
12.14598566  
13.94747675  
14.33215114  
13.22479794  
10.82453141  
7.548913783  
3.923621718  
0.4545299384  
-2.476706909  
-4.66343281  
-6.062530101  
-6.7360254  
-6.777813452  
-6.260547857  
-5.226050333  
-3.720641209  
-1.854180516  
0.1524222618  
1.964965491  
3.195531053  
3.513593966  
2.772497979  
1.101277306  
-1.082913312  
-3.162140042  
-4.489425948  
-4.595202781  
-3.359416522  
-1.084742785  
1.564878493  
3.751533087  
4.722480957  
4.057786508  
1.821528913  
-1.440060219  
-4.860055017  
-7.523442197  
-8.761784877  
-8.369802132  
-6.667416881  
-4.382307958  
-2.390068752  
-1.400101394  
-1.696887685  
-3.02958154  
-4.692995972  
-5.77632845  
-5.495847893  
-3.495675762  
-0.008662704175  
4.184390111  
7.989675327  
10.3539049  
10.61748081  
8.745678725  
5.355926132  
1.52789704  
-1.542555531  
-2.930536302  
-2.280451831  
0.08459225785  
3.278263313  
6.150782444  
7.670317116  
7.256825564  
4.957443876  
1.408689619  
-2.395152221  
-5.442159491  
-7.031264689  
-6.976915589  
-5.62481238  
-3.682513848  
-1.934292889  
-0.9486364125  
-0.8856731921  
-1.471684739  
-2.14405679  
-2.306186566  
-1.591307944  
-0.03193954392  
1.932182313  
3.613223683  
4.343293836  
3.750618711  
1.937733117  
-0.5105498676  
-2.700284734  
-3.727250571  
-2.998596404  
-0.4633460725  
3.332660509  
7.391745187  
10.56442577  
11.90566825  
10.96871685  
7.939311152  
3.567712289  
-1.075223602  
-4.933187629  
-7.277608581  
-7.896893451  
-7.10540673  
-5.579386711  
-4.085628481  
-3.202219836  
-3.128228208  
-3.643130329  
-4.221149854  
-4.250929615  
-3.276519774  
-1.172874202  
1.802773188  
5.09465975  
8.02948703  
10.0246618  
10.74895608  
10.18380101  
8.574059133  
6.299299629  
3.724057897  
1.088694811  
-1.518884877  
-4.106965015  
-6.672132219  
-9.094789295  
-11.0919772  
-12.25761687  
-12.18351539  
-10.61903388  
-7.607922781  
-3.54476572  
0.8796206062  
4.835009111  
7.564367084  
8.584367012  
7.808809733  
5.555899563  
2.440065679  
-0.8124341266  
-3.561255037  
-5.399818571  
-6.212091718  
-6.132586185  
-5.438825416  
-4.426645344  
-3.318749479  
-2.236669978  
-1.235147681  
-0.3689404829  
0.252145337  
0.458010801  
0.07612318424  
-0.9665490797  
-2.542961633  
-4.280342449  
-5.607795926  
-5.901285811  
-4.689204123  
-1.850452174  
2.271203711  
6.892266069  
10.96575243  
13.46721555  
13.70606601  
11.56120009  
7.557667921  
2.748979842  
-1.56773572  
-4.220215208  
-4.499498921  
-2.361773386  
1.570049716  
6.204219248  
10.31215874  
12.88691199  
13.41423398  
11.97459375  
9.153155298  
5.799501541  
2.72720992  
0.4589177354  
-0.8991733807  
-1.619730514  
-2.180059566  
-3.025763835  
-4.366022425  
-6.078342928  
-7.756392014  
-8.878892398  
-9.031398767  
-8.09295603  
-6.313438081  
-4.248862658  
-2.576007022  
-1.853395735  
-2.316751773  
-3.785056125  
-5.713336733  
-7.374783944  
-8.107684334  
-7.539226625  
-5.706930658  
-3.036070129  
-0.1837861419  
2.191364834  
3.649760116  
4.101575899  
3.803214275  
3.224814058  
2.842238756  
2.934510837  
3.464807467  
4.091230313  
4.304324004  
3.640248458  
1.889256508  
-0.7805633339  
-3.834247424  
-6.51711046  
-8.089930969  
-8.071561238  
-6.404591609  
-3.485913347  
-0.05088574561  
3.049872708  
5.105731672  
5.748603393  
5.038177347  
3.407122498  
1.491866727  
-0.087769803  
-0.9228939857  
-0.9201798849  
-4.683855795  
-3.426003492  
-2.289563982  
-1.510137538  
-1.091444078  
-0.8363560097  
-0.4532153626  
0.3044986616  
1.517231358  
3.041197275  
4.534364372  
5.558499059  
5.723183418  
4.823747224  
2.927096759  
0.3765976879  
-2.28688077  
-4.464386528  
-5.657403826  
-5.599362447  
-4.32358154  
-2.151018892  
0.3952660558  
2.722184948  
4.307910832  
4.816029208  
4.157125517  
2.488867771  
0.162190267  
-2.366846069  
-4.635274994  
-6.259640102  
-6.995956828  
-6.767310023  
-5.660641344  
-3.898668238  
-1.794358682  
0.3048667675  
2.076509422  
3.278812612  
3.794823077  
3.655709591  
3.03565933  
2.214920314  
1.514813574  
1.21689235  
1.485371958  
2.314331707  
3.51735631  
4.767113064  
5.678488797  
5.915117956  
5.290148195  
3.831274284  
1.788458563  
-0.4215370541  
-2.321125925  
-3.499940261  
-3.728747257  
-3.025901859  
-1.656177436  
-0.06127149361  
1.258617539  
1.878546199  
1.560125081  
0.3098725416  
-1.629553919  
-3.849332311  
-5.882261616  
-7.315499091  
-7.876679187  
-7.472948172  
-6.179199514  
-4.188352744  
-1.74713949  
0.8978477448  
3.527053181  
5.944965536  
7.95872529  
9.358820408  
9.922335368  
9.44974385  
7.830687239  
5.1183361  
1.582269618  
-2.289115513  
-5.852925781  
-8.43801707  
-9.505616324  
-8.80039048  
-6.444438616  
-2.938570333  
0.9398460792  
4.322353796  
6.470763564  
6.972561866  
5.852362393  
3.563495581  
0.8583035008  
-1.427923283  
-2.61728669  
-2.38306767  
-0.8388965474  
1.503627846  
3.895815105  
5.581744236  
6.026151674  
5.070155414  
2.967448539  
0.2915192897  
-2.254590989  
-4.06360571  
-4.811327401  
-4.545735634  
-3.65016345  
-2.694403068  
-2.224517765  
-2.562465768  
-3.683556864  
-5.214018225  
-6.551209913  
-7.068015532  
-6.334430068  
-4.28259221  
-1.259070995  
2.05578187  
4.838631603  
6.36560658  
6.230807139  
4.472566133  
1.568095985  
-1.701506855  
-4.473796393  
-6.046690346  
-6.066826638  
-4.610607269  
-2.138867599  
0.6545618518  
3.048904828  
4.492263129  
4.730195984  
3.835422593  
2.140648047  
0.1068425957  
-1.8234345  
-3.338774387  
-4.30599386  
-4.746296748  
-4.761284734  
-4.44580974  
-3.826080823  
-2.848164177  
-1.419896318  
0.5132066943  
2.89183709  
5.501354793  
7.987076178  
9.927495096  
10.94448908  
10.8148294  
9.545212244  
7.384228869  
4.76529264  
2.19707297  
0.1348912776  
-1.128120164  
-1.518823563  
-1.176973  
-0.3903968101  
0.5029726513  
1.213523126  
1.569347564  
1.539666054  
1.212153234  
0.7390031434  
0.2745219244  
-0.07385723699  
-0.2677903538  
-0.3321243212  
-0.3301434815  
-0.334382909  
-0.4059026504  
-0.5879743802  
-0.911585332  
-1.403804385  
-2.08899672  
-2.97731794  
-4.042739806  
-5.200552804  
-6.297754315  
-7.127181712  
-7.468092071  
-7.145012783  
-6.087680316  
-4.371451474  
-2.221760289  
0.02313760844  
1.983250696  
3.322419415  
3.823846291  
3.434373294  
2.266728783  
0.5628301443  
-1.36688552  
-3.207398871  
-4.688070809  
-5.607500111  
-5.836859001  
-5.313349523  
-4.03778251  
-2.084865105  
0.3761625328  
3.064143235  
5.591407803  
7.508150579  
8.389050677  
7.947104594  
6.142795491  
3.248977626  
-0.161901074  
-3.321345181  
-5.4432888  
-5.933672371  
-4.570416045  
-1.594919294  
2.321757521  
6.238368241  
9.189061175  
10.44563883  
9.71797168  
7.230168263  
3.647159088  
-0.1268092502  
-3.215367118  
-5.019004894  
-5.367946598  
-4.53273215  
-3.093670891  
-1.717201099  
-0.9177555026  
-0.8872112293  
-1.449229321  
-2.151136481  
-2.457127474  
-1.970660187  
-0.6036516581  
1.370559129  
3.401433917  
4.853548357  
5.237873935  
4.397423467  
2.577727128  
0.3531572873  
-1.567929269  
-2.59162481  
-2.451666419  
-1.309103669  
0.3008283615  
1.659773032  
2.130136073  
1.398636161  
-0.3891223517  
-2.655401983  
-4.574835838  
-5.357094382  
-4.531624549  
-2.134961798  
1.267702522  
4.739217892  
7.2568883  
8.034727385  
6.77418396  
3.759227797  
-0.2360910664  
-4.196003439  
-7.18318496  
-8.622859331  
-8.456552876  
-7.117017066  
-5.338192715  
-3.870910188  
-3.206838659  
-3.408726993  
-4.106157548  
-4.656407686  
-4.410811509  
-2.988853924  
-0.4587998648  
2.64384804  
5.471773534  
7.144972084  
7.058600439  
5.112374015  
1.779275445  
-2.014937075  
-5.165993112  
-6.731086612  
-6.223549775  
-3.765403673  
-0.0476054533  
3.888974623  
6.980268181  
8.467523268  
8.122550566  
6.299880969  
3.803331687  
1.614439627  
0.5732356142  
1.114176703  
3.138796199  
6.059954425  
8.996579632  
11.05114095  
11.57941302  
10.36954819  
7.680768552  
4.139152175  
0.532555694  
-2.425109685  
-4.286396896  
-4.965636468  
-4.718087152  
-4.021595116  
-3.407060091  
-3.294142417  
-3.879736344  
-5.104238912  
-6.693599303  
-8.253079544  
-9.378085254  
-9.749821035  
-9.195602254  
-7.709186914  
-5.438954096  
-2.657130874  
0.2787804371  
2.967677284  
5.011034846  
6.066696001  
5.909355181  
4.488686783  
1.968512308  
-1.271941977  
-4.687789142  
-7.66835504  
-9.668813132  
-10.34040922  
-9.620509709  
-7.751115024  
-5.213809954  
-2.595096965  
-0.4197057315  
0.9973176972  
1.632234421  
1.739944659  
1.749189571  
2.098826123  
3.06952263  
4.668741013  
6.610701894  
8.401900269  
9.506756306  
9.539280747  
8.415359262  
6.410863983  
4.100439333  
2.191108769  
1.300741595  
1.751860331  
3.448927136  
5.882278684  
8.262180132  
9.744637655  
9.680508503  
7.810963075  
4.348559297  
-0.08108898455  
-4.618175032  
-8.411485247  
-10.84908878  
-11.70599251  
-11.16577188  
-9.714595123  
-7.947554055  
-6.355063102  
-5.16234542  
-4.276021761  
-3.354785937  
-1.978500143  
0.144381017  
3.005729835  
6.227377261  
9.123736134  
10.8858301  
10.83369065  
8.658362755  
4.573707699  
-0.6775106083  
-5.975771908  
-10.0994204  
-12.04687157  
-11.31425292  
-8.046330972  
-3.013664817  
2.581400893  
7.41745885  
10.39816796  
10.931027  
9.062904293  
5.43626429  
1.082260764  
-2.886000837  
-5.588624863  
-6.610424742  
-6.083407534  
-4.600754797  
-2.993921746  
-2.045247319  
-2.226713465  
-3.545740719  
-5.544520088  
-7.451048737  
-8.432760864  
-7.872073964  
-5.576979055  
-1.860608794  
2.535022112  
6.647307114  
9.568817903  
10.70579063  
9.940971688  
7.65314781  
4.590701773  
1.6415017  
-0.4278879583  
-1.183555888  
-0.6243775974  
0.8538241087  
2.611096182  
3.978444686  
4.463604892  
3.883131095  
2.384238676  
0.358439096  
-1.715091545  
-3.437009859  
-4.606929983  
-5.25551764  
-5.584402141  
-5.84278585  
-6.192283149  
-6.614628828  
-6.899958961  
-6.722310899  
-5.775451691  
-3.918138482  
-1.272390006  
1.766525174  
4.619020095  
6.684295245  
7.525161949  
7.012388216  
5.377981196  
3.156362174  
1.029735414  
-0.3738585006  
-0.6651672548  
0.1979275143  
1.911823281  
3.935385156  
5.666865896  
6.629939078  
6.608113024  
5.686235007  
4.190644937  
2.554154119  
1.156507034  
0.1970575993  
-0.3574121738  
-0.735115635  
-1.249720504  
-2.161603539  
-3.561621723  
-5.31940611  
-7.113804076  
-8.533285659  
-9.209563179  
-8.937040647  
-7.737287753  
-5.848428773  
-3.646402391  
-1.528245944  
0.2010660166  
1.400741976  
2.10503713  
2.475894476  
2.720954098  
3.010630815  
3.424620735  
3.943447419  
4.4810521  
4.937935306  
5.247791776  
5.39596468  
5.403038578  
5.284530267  
5.010344166  
4.489513  
3.595357393  
2.227689269  
0.3894016088  
-1.756542174  
-3.881526024  
-5.552534473  
-6.350453133  
-6.010739867  
-4.537521509  
-2.245015816  
0.2989416679  
2.419949099  
3.534049338  
3.33257757  
1.891456049  
-0.3371047976  
-2.655094628  
-4.334419473  
-4.849981558  
-4.053180989  
-2.226102811  
0.005036355149  
1.871466648  
2.71317438  
2.196332752  
0.4233388145  
-2.10250026  
-4.646375149  
-6.488134468  
-7.16104615  
-6.601013477  
-5.154696381  
-3.443834862  
-2.133273461  
-1.684340824  
-2.181049503  
-3.291911688  
-4.383085755  
-4.745506554  
-3.857912884  
-1.593697701  
1.702608441  
5.299599157  
8.299469404  
9.923105332  
9.765143405  
7.933338188  
5.024519275  
1.943687714  
-0.3753795645  
-1.257390487  
-0.4881750427  
1.630925959  
4.391289932  
6.909148013  
8.40385083  
8.432129782  
7.005646861  
4.559846421  
1.791550155  
-0.5756986909  
-2.019288579  
-2.365679735  
-1.816580993  
-0.8528582375  
-0.05537340973  
0.09405965697  
-0.6332030264  
-2.148577253  
-4.084854156  
-5.916398941  
-7.116574839  
-7.301670802  
-6.321431133  
-4.278554404  
-1.483940608  
1.627595566  
4.590412305  
6.985133096  
8.488308953  
8.897064053  
8.139350964  
6.280106848  
3.525987003  
0.2216951633  
-3.175059064  
-6.150842087  
-8.226066716  
-9.06149449  
-8.552763056  
-6.879372898  
-4.482641714  
-1.967020797  
0.05516871011  
1.133255748  
1.109699094  
0.16858769  
-1.219811097  
-2.446243399  
-2.957764802  
-2.439175739  
-0.9205724226  
1.226309973  
3.404073076  
4.981185898  
5.496151453  
4.806307807  
3.131417498  
0.9778334184  
-1.030274033  
-2.35435332  
-2.709973143  
-2.143625402  
-0.9939977882  
0.2451124323  
1.108478567  
1.322210897  
0.887030608  
0.05363384837  
-0.7976052198  
-1.324370835  
-1.371201121  
-1.039698773  
-0.6500418773  
-0.6053031748  
-1.208640861  
-2.504301366  
-4.208237938  
-5.763909014  
-6.513669915  
-5.93218544  
-3.841351033  
-0.5271290839  
3.291912464  
6.645760839  
8.593539639  
8.51648111  
6.327798254  
2.527567864  
-1.920925268  
-5.859332793  
-8.265478519  
-8.54495028  
-6.692367014  
-3.273368464  
0.764220409  
4.387280711  
6.786450561  
7.599862601  
6.984393786  
5.518506333  
3.975889808  
3.049560715  
3.119177877  
4.136253013  
5.660022849  
7.025470927  
7.581934301  
6.919832156  
5.010434126  
2.215666001  
-0.8301399721  
-3.422422824  
-5.002816834  
-5.3191373  
-4.480614111  
-2.897366513  
-1.131622371  
0.2847636391  
1.005043745  
0.9471932525  
0.2800106893  
-0.6698544351  
-1.550218735  
-2.105864453  
-2.250315805  
-2.06788616  
-1.753583291  
-1.519918124  
-1.508861475  
-1.741569627  
-2.121383173  
-2.484134648  
-2.672191203  
-2.601271483  
-2.293961418  
-1.868411082  
-1.488722977  
-1.298102174  
-1.361426774  
-1.638976479  
-2.000016616  
-2.269308127  
-2.287514095  
-1.96246305  
-1.293486053  
-0.3628594262  
0.6981324402  
1.751597145  
2.685204914  
3.421930445  
3.906799273  
4.081861786  
3.867193959  
3.164059339  
1.886694666  
0.01523696834  
-2.350160562  
-4.959403243  
-7.427430418  
-9.300812399  
-10.16390237  
-9.755620277  
-8.059791212  
-5.336133027  
-2.075261194  
1.11548179  
3.66560714  
5.190164795  
5.588504993  
5.062004373  
4.044091766  
3.063137967  
2.579841692  
2.848781075  
3.846047864  
5.28393025  
6.70627058  
7.633250093  
7.709965851  
6.813480858  
5.087547554  
2.897772346  
0.724617498  
-0.9705356164  
-1.865270711  
-1.848490142  
-1.02900393  
0.3150349245  
1.823990191  
3.151567946  
4.038564668  
4.348619542  
4.064170443  
3.254300645  
2.033291626  
0.5278016662  
-1.137243634  
-2.834756439  
-4.423440773  
-5.741375288  
-6.6161372  
-6.894315663  
-6.48337909  
-5.39143128  
-3.748482992  
-1.797635494  
0.1458303313  
1.758328493  
2.777417312  
3.056941397  
2.592348  
1.510281296  
0.02794337029  
-1.603254171  
-3.151570075  
-4.441104384  
-5.36307798  
-5.864981376  
-5.928358478  
-5.549094252  
-4.731135578  
-3.497196466  
-1.910951868  
-0.09858191203  
1.744147087  
3.368799632  
4.515956764  
4.972524113  
4.628168117  
3.512643744  
1.800492689  
-0.2206230044  
-2.210241521  
-3.847298296  
-4.893842713  
-5.233179207  
-4.874170686  
-3.924608085  
-2.546155284  
-0.907948365  
0.8458382753  
2.606395644  
4.290278539  
5.818950276  
7.101562018  
8.032427441  
8.50732792  
8.453655417  
7.861847666  
6.803339091  
5.424053179  
3.911560016  
2.444694493  
1.142711205  
0.03323252797  
-0.9468815985  
-1.914883775  
-2.980283306  
-4.179053325  
-5.429027229  
-6.526327326  
-7.189778156  
-7.143529979  
-6.213552955  
-4.406280938  
-1.940905951  
0.7800739917  
3.258195188  
5.021289488  
5.745189431  
5.337956437  
3.960262209  
1.974956419  
-0.1590460585  
-2.015822922  
-3.314559317  
-3.9805262  
-4.137576159  
-4.037218525  
-3.950073029  
-4.057385613  
-4.379776829  
-4.7671791  
-4.952951753  
-4.653104679  
-3.676103221  
-2.004978944  
0.1772558112  
2.528778757  
4.644028538  
6.171629555  
6.916223503  
6.890417996  
6.299611281  
5.464912837  
4.710042777  
4.250189885  
4.120230186  
4.166568038  
4.105662077  
3.630030441  
2.52653651  
0.7674205183  
-1.456865633  
-3.77522506  
-5.733440415  
-6.921966911  
-7.09474523  
-6.242670156  
-4.59969399  
-2.580460699  
-0.6690315398  
0.7077489696  
1.285558245  
1.018081713  
0.07060976394  
-1.24134794  
-2.546016431  
-3.512131789  
-3.921243089  
-3.698962382  
-2.903261784  
-1.681441717  
-0.2154417125  
1.324561224  
2.804926108  
4.128946303  
5.220318352  
6.003317823  
6.393245726  
6.305054735  
5.679028212  
4.513980286  
2.893707179  
0.9934998163  
-0.9401326129  
-2.634031372  
-3.845816094  
-4.417652658  
-4.31035852  
-3.60791487  
-2.491812775  
-1.194152761  
0.05552423231  
1.073855165  
1.746586478  
2.027958874  
1.922335061  
1.459831387  
0.6786163116  
-0.3776737183  
-1.646737871  
-3.026169644  
-4.356712339  
-5.423356152  
-5.982120611  
-5.81102691  
-4.773785649  
-2.877506706  
-0.3044054702  
2.597268866  
5.367011801  
7.521394459  
8.658398654  
8.550275481  
7.20001118  
4.845291742  
1.907652274  
-1.100945792  
-3.690445724  
-5.495512869  
-6.343385269  
-6.271279349  
-5.491621144  
-4.317300008  
-3.069167446  
-1.991625107  
-1.198680106  
-0.6633605274  
-0.250874227  
0.2162973751  
0.8818089548  
1.790555047  
2.855219553  
3.86517901  
4.536972822  
4.593922876  
3.8540091  
2.301754914  
0.1229238511  
-2.310701046  
-4.506845302  
-5.955987668  
-6.249152875  
-5.181761225  
-2.816765655  
0.5112184968  
4.255213522  
7.767374881  
10.43773537  
11.82729728  
11.76275671  
10.3688714  
8.029826694  
5.288939568  
2.712110656  
0.749933932  
-0.3663267971  
-0.668793875  
-0.4271852667  
-0.06193454537  
-0.02104211304  
-0.6543462341  
-2.11828955  
-4.334661583  
-7.01117506  
-9.71491008  
-11.9763876  
-13.39594699  
-13.72628692  
-12.9140975  
-11.09634638  
-8.558683337  
-5.67133016  
-2.819872848  
-0.3451347189  
1.500062629  
2.575947822  
2.865440073  
2.471841557  
1.605976654  
0.5613580238  
-0.3251880681  
-0.7278528018  
-0.3962534096  
0.7815491324  
2.733875845  
5.194792392  
7.738851502  
9.860653768  
11.0848956  
11.08104255  
9.751682796  
7.268001795  
4.0390055  
0.619803155  
-2.417394419  
-4.614008451  
-5.720843652  
-5.732673196  
-4.854625085  
-3.414941417  
-1.755498939  
-0.1376350059  
1.305968574  
2.560208108  
3.666550186  
4.640434298  
5.404366418  
5.768892245  
5.476035086  
4.295430875  
2.141029094  
-0.8358461926  
-4.217889463  
-7.379819094  
-9.626821708  
-10.37853592  
-9.344615205  
-6.635538436  
-2.768619113  
1.440610123  
5.076318592  
7.355851623  
7.832289094  
6.507530197  
3.823210436  
0.5329280347  
-2.505893604  
-4.559445335  
-5.199570211  
-4.391749358  
-2.470482416  
-0.0176424972  
2.313306217  
3.972182306  
4.636701769  
4.258033808  
3.025930644  
1.276905723  
-0.6169242106  
-2.340794959  
-3.687529071  
-4.560090257  
-4.940065413  
-4.846224077  
-4.306477193  
-3.355902268  
-2.058034674  
-0.5333172197  
1.02679729  
2.376634229  
3.267244471  
3.51855379  
3.087547052  
2.104463591  
0.8575140205  
-0.2761223519  
-0.9355129264  
-0.8850441131  
-0.09109575965  
1.260896935  
2.816902984  
4.157336667  
4.919505231  
4.899452072  
4.100328333  
2.713253869  
1.040347916  
-0.6103815274  
-2.019645285  
-3.107556532  
-3.924732506  
-4.591319236  
-5.21173007  
-5.802181343  
-6.262867053  
-6.408790649  
-6.049166592  
-5.084634057  
-3.582031827  
-1.792605594  
-0.09935840152  
1.094002549  
1.496530491  
1.038488811  
-0.08687104556  
-1.468355215  
-2.598687696  
-3.035111534  
-2.545074399  
-1.186286335  
0.7083706308  
2.638254338  
4.09958685  
4.751516688  
4.526487737  
3.646538283  
2.53982214  
1.686716263  
1.4498265  
1.948183602  
3.020156378  
4.287985845  
5.300159492  
5.699541057  
5.355491594  
4.410971485  
3.226412697  
2.240206398  
1.797002556  
2.008244029  
2.699138429  
3.465750416  
3.825643962  
3.409995726  
2.127142996  
0.2344617838  
-1.714691879  
-3.039013063  
-3.1608297  
-1.824662479  
0.7734827565  
3.995636978  
6.915420257  
8.573344227  
8.25708321  
5.720000664  
1.269551637  
-4.302321131  
-9.925308354  
-14.52992735  
-17.31538224  
-17.92820497  
-16.50477179  
-13.57551546  
-9.871810632  
-6.103905382  
-2.781774955  
-0.1302482692  
1.88650179  
3.454682188  
4.76616321  
5.898362759  
6.763827522  
7.145066693  
6.796540553  
5.570165602  
3.512534476  
0.8934688354  
-1.848010205  
-4.222872883  
-5.834493098  
-6.493408535  
-6.263419163  
-5.422862275  
-4.355445506  
-3.410275643  
-2.781456194  
-2.450161275  
-2.209201463  
-1.760150917  
-0.8467910577  
0.6245383035  
2.522626762  
4.511494496  
6.148066762  
7.024897212  
6.90911828  
5.829318125  
4.079343332  
2.135840872  
0.5153537024  
-0.3830466119  
-0.39881665  
0.3440899285  
1.480615685  
2.522900959  
3.015563518  
2.679234117  
1.498509585  
-0.2711035979  
-2.177045069  
-3.699886623  
-4.399603733  
-4.035177921  
-2.624930889  
-0.434357573  
2.100318062  
4.487151242  
6.298040902  
7.260941495  
7.303795628  
6.544744416  
5.238185116  
3.696732286  
2.212447212  
0.9973581748  
0.1549395136  
-0.3158912504  
-0.4914854887  
-0.4816426884  
-0.3891453771  
-0.2818958803  
-0.183668216  
-0.08333625577  
0.0429769749  
0.2058907094  
0.3827913599  
0.5118378895  
0.5035746473  
0.2681305604  
-0.2496545434  
-1.038664931  
-2.005733376  
-2.984565017  
-3.771487824  
-4.181251343  
-4.107945212  
-3.571516228  
-2.73162701  
-1.858371355  
-1.262084841  
-1.198568987  
-1.776951677  
-2.90074955  
-4.266333328  
-5.427631515  
-5.915600598  
-5.381787919  
-3.723946789  
-1.152533339  
1.828833074  
4.531721865  
6.255717835  
6.479837001  
5.017869443  
2.090641228  
-1.709378572  
-5.554884918  
-8.585874647  
-10.12157411  
-9.823739428  
-7.76761349  
-4.404541078  
-0.432011604  
3.387162957  
6.402896349  
8.204668715  
8.668745559  
7.924593772  
6.264716693  
4.036738829  
1.556601525  
-0.9323357398  
-3.25115403  
-5.246085931  
-6.748135255  
-7.560489938  
-7.488846258  
-6.40891607  
-4.345922596  
-1.530671599  
1.599358915  
4.468419119  
6.490172751  
7.221132309  
6.493027551  
4.479628712  
1.671495964  
-1.239780874  
-3.537388738  
-4.664731149  
-4.366090627  
-2.741541512  
-0.2017415459  
2.660827469  
5.242551383  
7.088571249  
7.995181061  
8.028789761  
7.463331952  
6.663642861  
5.957158306  
5.536242291  
5.419460997  
5.477707678  
5.508842202  
5.329589515  
4.85072422  
4.110739004  
3.260008336  
2.505396233  
2.037667198  
1.967388358  
2.288909494  
2.88002863  
3.532280226  
3.998218608  
4.040319231  
3.4705453  
2.17705095  
0.1408387446  
-2.552912522  
-5.70732407  
-9.014671664  
-12.07537153  
-14.44483768  
-15.71103349  
-15.59292936  
-14.03641365  
-11.27564055  
-7.829751489  
-4.41907558  
-1.808766456  
-0.6139388459  
-1.1195403  
-3.172191074  
-6.186368534  
-9.276092581  
-11.48475566  
-12.05187263  
-10.63866677  
-7.441374673  
-3.151634414  
1.231014139  
4.68309718  
6.453840626  
6.283985341  
4.478247293  
1.807395657  
-0.7308808034  
-2.218434814  
-2.094898509  
-0.3211798962  
2.621722862  
5.895641784  
8.575566412  
9.939499377  
9.685392748  
8.008197153  
5.516843115  
3.023298787  
1.276404848  
0.7287307135  
1.410799752  
2.94895687  
4.714382164  
6.047928989  
6.482556652  
5.889468234  
4.50288838  
2.821312169  
1.4247772  
0.7742212799  
1.061753435  
2.159832863  
3.681036096  
5.121543056  
6.034029679  
6.168578321  
5.534725103  
4.368162756  
3.020229708  
1.814882421  
0.927291777  
0.3277880316  
-0.1907261017  
-0.9150428152  
-2.082040567  
-3.766428384  
-5.827626337  
-7.935481192  
-9.665837753  
-10.63229971  
-10.60825345  
-9.597462377  
-7.830151617  
-5.687523192  
-3.581858225  
-1.833421185  
-0.5849525595  
0.2196742567  
0.7884189183  
1.384358505  
2.213401901  
3.334203607  
4.619296609  
5.779060361  
6.440311916  
6.255366932  
5.009832783  
2.699546406  
-0.4429956951  
-3.978362329  
-7.338166477  
-9.933470211  
-11.27105557  
-11.05510292  
-9.255445121  
-6.129262771  
-2.189943747  
1.875340143  
5.328999347  
7.527902002  
8.062547021  
6.8594247  
4.218245653  
0.7665967497  
-2.667204755  
-5.240536697  
-6.300438709  
-5.553088135  
-3.150514391  
0.3352900395  
4.051067275  
7.081424348  
8.69047536  
8.518215833  
6.674084667  
3.6987645  
0.4039280512  
-2.363262786  
-3.960543097  
-4.12364387  
-3.020745718  
-1.174333757  
0.7216338624  
2.028488226  
2.360071218  
1.688239287  
0.3262604398  
-1.199070714  
-2.33895063  
-2.710253683  
-2.215575167  
-1.057365066  
0.3538044827  
1.559535996  
2.221864112  
2.237824339  
1.759851892  
1.117142614  
0.6700821113  
0.6546460962  
1.077397964  
1.702670865  
2.139032659  
1.994384863  
1.042359978  
-0.6632651465  
-2.771940203  
-4.728494709  
-5.945458773  
-5.996859062  
-4.765430884  
-2.4903329  
0.3030903253  
2.968292506  
4.940199603  
5.90486059  
5.877100512  
5.160280122  
4.205087411  
3.421192153  
3.013123298  
2.903142817  
2.77183321  
2.203021193  
0.8793494601  
-1.246625837  
-3.875108823  
-6.4129206  
-8.148849051  
-8.494906108  
-7.210130103  
-4.524483732  
-1.111026986  
2.094992839  
4.177973315  
4.534873335  
3.081079362  
0.2962437007  
-2.911913654  
-5.487566834  
-6.562981  
-5.742057253  
-3.236842012  
0.1911685328  
3.469862149  
5.561048226  
5.800337647  
4.121805762  
1.092812457  
-2.2550477  
-4.747254303  
-5.439040124  
-3.921529453  
-0.4643347377  
4.050663091  
8.383730961  
11.30048965  
11.93164581  
10.01986516  
5.981768348  
0.771887534  
-4.403170507  
-8.427926893  
-10.57261828  
-10.65351173  
-9.019745365  
-6.38415966  
-3.563699975  
-1.219533782  
0.3191812979  
1.097262103  
1.43903355  
1.761975973  
2.372506695  
3.320766383  
4.367413134  
5.073693876  
4.981060994  
3.814011783  
1.630363949  
-1.139654267  
-3.786575107  
-5.522675674  
-5.728351961  
-4.163732782  
-1.074008197  
2.850550424  
6.653056009  
9.375584768  
10.33174893  
9.302579287  
6.594881234  
2.943512773  
-0.7126620639  
-3.512190276  
-4.923156785  
-4.888667881  
-3.821789587  
-2.453008414  
-1.57918974  
-1.793518304  
-3.281475869  
-5.747107795  
-8.493039389  
-10.62991585  
-11.35086103  
-10.1866414  
-7.163386155  
-2.814920171  
1.953783382  
6.110455183  
8.773605429  
9.442970976  
8.116924894  
5.267202157  
1.685032659  
-1.749502521  
-4.302751873  
-5.558153671  
-5.477303609  
-4.343570768  
-2.617935748  
-0.7625417104  
0.9063013808  
2.288655632  
3.477720462  
4.659803448  
5.981369517  
7.437513581  
8.827002111  
9.79373842  
9.942138115  
8.986006208  
6.87678636  
3.86248071  
0.4512837495  
-2.713713425  
-5.031590526  
-6.116595869  
-5.911135907  
-4.701477262  
-3.030025198  
-1.53131468  
-0.7430817886  
-0.9511016617  
-2.114637328  
-3.892607669  
-5.758178397  
-7.162091982  
-7.691724305  
-7.177278767  
-5.716506694  
-3.617537761  
-1.285811346  
0.902967008  
2.701242764  
4.030662565  
4.959523027  
5.63319032  
6.188891104  
6.688591315  
7.093397745  
7.284890916  
7.120263542  
6.4962267  
5.395450521  
3.898634241  
2.160759347  
0.3649767309  
-1.324196963  
-2.788423395  
-3.954594339  
-4.770940729  
-5.17796467  
-5.095885778  
-4.443567558  
-3.188670714  
-1.411316909  
0.6485823532  
2.590761954  
3.918249455  
4.15962043  
3.019098942  
0.5062496938  
-3.004838872  
-6.820409353  
-10.07817631  
-11.97081796  
-11.97914561  
-10.04200772  
-6.603369464  
-2.511733771  
1.207350733  
3.642850181  
4.266868305  
3.096146006  
0.69244771  
-2.003359743  
-3.956451682  
-4.356682226  
-2.872691971  
0.2377989771  
4.196685365  
7.932698931  
10.39744003  
10.87333341  
9.1801536  
5.719705565  
1.349395694  
-2.871686147  
-5.982978562  
-7.377118996  
-6.935870669  
-5.014975715  
-2.29446993  
0.4484064053  
2.566821505  
3.702357875  
3.832175405  
3.204478755  
2.198693311  
1.168415415  
0.3250007887  
-0.3010378342  
-0.8159368092  
-1.362792095  
-2.01234461  
-2.691930509  
-3.182960983  
-3.189153203  
-2.449469275  
-0.8519234516  
1.496524351  
4.272867306  
7.015930245  
9.253983583  
10.63874625  
11.04002705  
10.56925531  
9.525218521  
8.282346555  
7.161063316  
6.324782145  
5.737284984  
5.192251857  
4.401406264  
3.108317663  
1.187908544  
-1.301200769  
-4.126133882  
-6.943687585  
-9.393514504  
-11.18778139  
-12.16909935  
-12.32286112  
-11.74792877  
-10.60417085  
-9.061089736  
-7.26742328  
-5.349318533  
-3.430305916  
-1.65558135  
-0.2010061524  
0.7458485079  
1.031884099  
0.597093532  
-0.4780428248  
-1.959545128  
-3.494283984  
-4.688142235  
-5.207671384  
-4.874282583  
-3.719864618  
-1.983576413  
-0.04805862849  
1.667040924  
2.822137428  
3.249661719  
2.993368621  
2.284451742  
1.464033663  
0.8777589527  
0.7755212871  
1.245508302  
2.198937942  
3.404986521  
4.560332914  
5.369537071  
5.612995343  
5.187176777  
4.113407281  
2.521669431  
0.6212091923  
-1.331175672  
-3.059794935  
-4.296806172  
-4.812044288  
-4.449615036  
-3.169013724  
-1.08057966  
1.540351528  
4.275611914  
6.629446986  
8.129635307  
8.442217679  
7.467499237  
5.384877807  
2.625566422  
-0.2269840002  
-2.585600827  
-4.015222073  
-4.348457033  
-3.722914577  
-2.525577104  
-1.259262691  
-0.3727339322  
-0.1099209034  
-0.4294651466  
-1.023980704  
-1.435439587  
-1.230051476  
-0.1739142077  
1.652126133  
3.841985132  
5.768169262  
6.771470723  
6.377774291  
4.471342673  
1.365309572  
-2.258746689  
-5.5287656  
-7.626262939  
-8.022726582  
-6.635581423  
-3.855299596  
-0.4349243974  
2.72412724  
4.824586161  
5.38805738  
4.369286574  
2.140006258  
-0.6463946982  
-3.261883002  
-5.11518314  
-5.902620457  
-5.656427374  
