3.103313789  
-0.6238126841  
-4.180819265  
-7.197068131  
-9.382865543  
-10.55656787  
-10.65279882  
-9.715595776  
-7.883588677  
-5.374153811  
-2.469983065  
0.4939409446  
3.149379015  
5.127344473  
6.107770716  
5.882180835  
4.416050044  
1.891000248  
-1.293260908  
-4.569885283  
-7.306972275  
-8.942228405  
-9.117829963  
-7.777840728  
-5.196881346  
-1.925876676  
1.335794356  
3.910063523  
5.306049399  
5.335811014  
4.147675126  
2.169105901  
-0.02182612473  
-1.856217457  
-2.917204108  
-3.025217432  
-2.24545782  
-0.8237544244  
0.9200032093  
2.699705589  
4.334207366  
5.76066041  
6.992639104  
8.047777418  
8.88140744  
9.359866369  
9.290484243  
8.501079522  
6.939232181  
4.749617447  
2.291472985  
0.07724416486  
-1.358413213  
-1.622954715  
-0.6109489601  
1.421650464  
3.886123172  
5.993020337  
6.954577414  
6.200192396  
3.541216219  
-0.7647289092  
-6.069758193  
-11.49542266  
-16.14858958  
-19.33047207  
-20.68050054  
-20.21936954  
-18.28840193  
-15.41401536  
-12.1463207  
-8.923646072  
-6.000385626  
-3.449935547  
-1.227479578  
0.7416820572  
2.48720656  
3.961001792  
5.055283093  
5.657985096  
5.717052073  
5.282533268  
4.505835018  
3.594504216  
2.740548446  
2.052600804  
1.522031383  
1.040195776  
0.4632656482  
-0.2994526302  
-1.209793077  
-2.071937365  
-2.569365143  
-2.362017237  
-1.214121924  
0.8917794206  
3.698513706  
6.702935781  
9.269283937  
10.79752611  
10.8963414  
9.505782206  
6.928472681  
3.756195997  
0.7118438206  
-1.546093412  
-2.59728021  
-2.359270058  
-1.084958396  
0.7378526596  
2.549598595  
3.891103915  
4.530300166  
4.50621479  
4.081444464  
3.624628151  
3.46621736  
3.777366346  
4.511302853  
5.423570417  
6.160138824  
6.380194745  
5.870514044  
4.613460151  
2.788395947  
0.7096923481  
-1.274447012  
-2.88668867  
-3.994427108  
-4.631217112  
-4.963409224  
-5.21799423  
-5.599098594  
-6.221726329  
-7.082467757  
-8.072232489  
-9.021156816  
-9.75609052  
-10.14943128  
-10.14424579  
-9.751629405  
-9.027216206  
-8.040640755  
-6.852184243  
-5.505329975  
-4.035380227  
-2.486548318  
-0.9262279408  
0.5529288043  
1.846179098  
2.860480799  
3.538659116  
3.872875116  
3.900849624  
3.686212283  
3.292063658  
2.760861717  
2.111765511  
1.358798208  
0.542759367  
-0.2389180533  
-0.8229917781  
-1.005116413  
-0.599148364  
0.4837749367  
2.163569262  
4.158005934  
6.011144956  
7.188343938  
7.219439294  
5.851137997  
3.159949756  
-0.4172502377  
-4.156552105  
-7.214568347  
-8.849157522  
-8.631020138  
-6.581221218  
-3.187453003  
0.7137526501  
4.160997298  
6.336133544  
6.797913193  
5.610062169  
3.322420514  
0.8076575702  
-0.999880768  
-1.385953588  
-0.07439114235  
2.684454019  
6.181199612  
9.450025004  
11.54467016  
11.80489904  
10.03498555  
6.544415515  
2.04435591  
-2.562676891  
-6.431644708  
-8.986065968  
-10.03112293  
-9.74311704  
-8.550398069  
-6.954334375  
-5.354685342  
-3.937193024  
-2.655714261  
-1.306402411  
0.3406238821  
2.404966115  
4.806696398  
7.256649124  
9.328731907  
10.58713333  
10.72245091  
9.648909425  
7.530275683  
4.728209351  
1.694418375  
-1.153583194  
-3.529831986  
-5.319899631  
-6.556286302  
-7.347074998  
-7.792615225  
-7.92765293  
-7.713719371  
-7.083726584  
-6.017023469  
-4.607724245  
-3.0892145  
-1.793491941  
-1.050412316  
-1.058955584  
-1.779441058  
-2.894857909  
-3.869559538  
-4.100419784  
-3.120309688  
-0.7891317238  
2.596218132  
6.321656236  
9.415302218  
10.91043712  
10.13838771  
6.961492546  
1.868458582  
-4.107626726  
-9.635427128  
-13.43114618  
-14.60614199  
-12.91456031  
-8.826490152  
-3.402766175  
1.993768571  
6.067386808  
7.932698491  
7.334628103  
4.686147156  
0.9195901714  
-2.797800207  
-5.39597118  
-6.18420309  
-5.005918785  
-2.231302459  
1.396753445  
5.005473419  
7.844329094  
9.47136016  
9.825726412  
9.178212606  
7.989832324  
6.733987377  
5.742664683  
5.122299619  
4.757052839  
4.386637103  
3.723250741  
2.563895445  
0.8619505275  
-1.259454599  
-3.547726967  
-5.692923685  
-7.403156957  
-8.459332213  
-8.738039176  
-8.206186853  
-6.901470492  
-4.915082154  
-2.387075995  
0.4860847377  
3.442671421  
6.161036968  
8.291154871  
9.513746288  
9.614728202  
8.552331645  
6.491459046  
3.787326772  
0.9156440773  
-8.9508491  
-6.576709588  
-2.673395517  
2.084521783  
6.82482152  
10.65555864  
12.85061165  
13.00317434  
11.1128246  
7.584989884  
3.140701473  
-1.344396867  
-5.034793311  
-7.316617198  
-7.920823531  
-6.957080674  
-4.851075256  
-2.204761431  
0.3788685558  
2.454511911  
3.830387892  
4.574976365  
4.937525922  
5.213859423  
5.607351466  
6.136471993  
6.623755765  
6.771336393  
6.295809196  
5.071194861  
3.222794584  
1.129639758  
-0.6750718599  
-1.67821117  
-1.577811687  
-0.4215971477  
1.363554086  
3.073249277  
3.935411449  
3.365209577  
1.181198609  
-2.294064936  
-6.291461872  
-9.802494256  
-11.87705143  
-11.91932654  
-9.885785292  
-6.317480856  
-2.190970321  
1.369281165  
3.428231008  
3.521040831  
1.788221648  
-1.077493664  
-4.054685486  
-6.114823998  
-6.539072643  
-5.130953341  
-2.261141886  
1.2638188  
4.460636457  
6.469391835  
6.799094933  
5.44613559  
2.858490906  
-0.2300050351  
-3.031317702  
-4.921676781  
-5.580478188  
-5.017610542  
-3.499068487  
-1.414452874  
0.8559607435  
3.026408831  
4.921967444  
6.437769016  
7.477419609  
7.913505864  
7.599331906  
6.433393129  
4.448769091  
1.8816249  
-0.8248122674  
-3.101910954  
-4.409069246  
-4.41166123  
-3.118485918  
-0.9203126575  
1.49824056  
3.35661799  
4.026692239  
3.248310239  
1.233827162  
-1.382342836  
-3.740734388  
-5.039484598  
-4.808270817  
-3.078032404  
-0.3838096367  
2.405534889  
4.376208494  
4.879246841  
3.753529307  
1.382513349  
-1.437889779  
-3.776639454  
-4.894328495  
-4.504517926  
-2.876150844  
-0.7384496152  
0.9806842836  
1.492212134  
0.4403333938  
-1.951870844  
-4.940248256  
-7.504517655  
-8.697858851  
-7.980794691  
-5.422848895  
-1.700101793  
2.11328415  
4.890662852  
5.81943048  
4.66538044  
1.846866003  
-1.703976294  
-4.843782877  
-6.580982749  
-6.378289062  
-4.297695279  
-0.9473378756  
2.742074802  
5.827475511  
7.641636366  
7.964777153  
7.031312258  
5.384394963  
3.643891265  
2.279785341  
1.474151992  
1.115694514  
0.9169349532  
0.5964079429  
0.04462816336  
-0.5985475192  
-0.9899997874  
-0.7364535202  
0.4068734435  
2.374896892  
4.740452674  
6.803635959  
7.801456821  
7.169075491  
4.760164187  
0.9438612659  
-3.463971863  
-7.420627  
-9.959812494  
-10.48025254  
-8.924868967  
-5.79185583  
-1.975100993  
1.512033729  
3.838106646  
4.583035649  
3.82575148  
2.070200714  
0.04448008253  
-1.55186588  
-2.264777539  
-1.997640161  
-0.9901326114  
0.3156327974  
1.463451283  
2.152815826  
2.329964495  
2.173687171  
1.990744002  
2.068815429  
2.547922262  
3.360194915  
4.258378755  
4.917412901  
5.06509814  
4.587997655  
3.57031162  
2.251532636  
0.9217427882  
-0.201695996  
-1.065127842  
-1.799465064  
-2.661244569  
-3.916093959  
-5.710023306  
-7.979580164  
-10.43758931  
-12.64280639  
-14.13003592  
-14.55450213  
-13.79892637  
-12.00580987  
-9.52532084  
-6.800031213  
-4.230013632  
-2.067020272  
-0.3732767926  
0.9458096233  
2.054562694  
3.08513326  
4.064198814  
4.898137854  
5.421208522  
5.4846724  
5.047428921  
4.227687412  
3.290707708  
2.573674449  
2.374610541  
2.847723232  
3.946061542  
5.434576112  
6.969253037  
8.212066573  
8.937380739  
9.08899157  
8.767134306  
8.153514009  
7.408302618  
6.585376876  
5.605309872  
4.302000833  
2.527142363  
0.2698131615  
-2.262409073  
-4.64381122  
-6.326177795  
-6.806066998  
-5.808753749  
-3.421344988  
-0.1199069912  
3.330342572  
6.07831019  
7.431701333  
7.062880308  
5.105580919  
2.107598881  
-1.146398345  
-3.882657786  
-5.572633817  
-6.074541047  
-5.636307465  
-4.763924107  
-4.007743936  
-3.748344097  
-4.062536184  
-4.718709443  
-5.300769137  
-5.409747976  
-4.860853244  
-3.793688488  
-2.645331155  
-1.988621422  
-2.292136824  
-3.693118625  
-5.87613686  
-8.116401576  
-9.488228612  
-9.177057533  
-6.790041313  
-2.552662709  
2.688557695  
7.674225842  
11.0956591  
12.00197048  
10.11818288  
5.965829166  
0.7388745763  
-4.033368165  
-6.934591282  
-7.081909627  
-4.386700721  
0.4250449473  
6.037238667  
10.94001682  
13.8722437  
14.17328  
11.94001742  
7.950136486  
3.387376197  
-0.5353722529  
-2.932887091  
-3.476345943  
-2.433513696  
-0.5238389134  
1.350155248  
2.400113881  
2.182420334  
0.697197699  
-1.660605145  
-4.265651007  
-6.476833508  
-7.82881604  
-8.144305468  
-7.54389038  
-6.366337974  
-5.038435527  
-3.942478226  
-3.320914878  
-3.237561496  
-3.592580229  
-4.172719146  
-4.713511978  
-4.955640661  
-4.688207178  
-3.7808114  
-2.209255685  
-0.07568856031  
2.383721307  
4.816056941  
6.804753447  
7.958887666  
8.022639423  
6.973658505  
5.072626347  
2.834397754  
0.9132539202  
-0.07510238358  
0.2550432843  
1.917401374  
4.515485883  
7.333120245  
9.536367462  
10.42903346  
9.680030874  
7.444060502  
4.328184528  
1.207138778  
-1.057411664  
-1.902323948  
-1.255943875  
0.4307414044  
2.330674766  
3.51987044  
3.296751771  
1.432801385  
-1.733021694  
-5.391369943  
-8.520665393  
-10.21988694  
-10.00306331  
-7.955463808  
-4.699365117  
-1.183604505  
1.627901998  
3.059413376  
2.914266666  
1.491626609  
-0.5688775287  
-2.550196653  
-3.926642302  
-4.536957091  
-4.598913676  
-4.564727473  
-4.878823387  
-5.738354317  
-6.957223301  
-7.995614057  
-8.15304199  
-6.857657327  
-3.942602574  
0.2015246592  
4.668836247  
8.276890415  
9.931250879  
8.995239557  
5.535957289  
0.3553583779  
-5.21354502  
-9.685378348  
-11.85536669  
-11.1466378  
-7.760608437  
-2.586254593  
3.094727144  
8.002667048  
11.22110901  
12.40900828  
11.80629327  
10.05097598  
7.891682039  
5.91128632  
4.36451026  
3.18079594  
2.1143945  
0.9633825324  
-0.2479486652  
-1.212545873  
-1.445218624  
-0.5134717399  
1.69939228  
4.815963481  
7.964680623  
9.987990776  
9.807630738  
6.828167735  
1.232128735  
-5.954510703  
-13.07528303  
-18.28786678  
-20.10863038  
-17.88223432  
-12.01725691  
-3.901032369  
4.488673317  
11.15579163  
14.65946334  
14.50462185  
11.22618351  
6.146610994  
0.8965449778  
-3.133223969  
-5.220416806  
-5.478374487  
-4.714333351  
-4.041978873  
-4.397902682  
-6.143646099  
-8.901246504  
-11.68314529  
-13.26821962  
-12.6841878  
-9.615691336  
-4.582337229  
1.187040187  
6.147611232  
8.964468692  
8.985213459  
6.487975669  
2.610256383  
-1.024583061  
-2.8590507  
-1.94250778  
1.726715342  
7.179342737  
12.78480776  
16.7894264  
17.9006319  
15.71832682  
10.866616  
4.781934215  
-0.7690424746  
-4.276485505  
-4.979932647  
-3.100762254  
0.2604904858  
3.522322494  
5.17657387  
4.308865474  
0.9099857097  
-4.122984487  
-9.290388643  
-12.99073648  
-14.04742349  
-12.08633755  
-7.64429606  
-1.981612473  
3.329116683  
6.895115762  
7.913634832  
6.372717238  
2.990929361  
-1.066710057  
-4.588350537  
-6.692020861  
-7.059282593  
-5.963046149  
-4.100858746  
-2.309180176  
-1.26697715  
-1.289616641  
-2.272309319  
-3.783866531  
-5.258739229  
-6.206460024  
-6.361234454  
-5.726219975  
-4.512418364  
-3.012910391  
-1.473671764  
-0.01631575552  
1.360176656  
2.709272807  
4.039689155  
5.24419359  
6.095272046  
6.317969706  
5.714341785  
4.287613467  
2.308878627  
0.2876192898  
-1.156859143  
-1.486617788  
-0.4348311105  
1.874753793  
4.926568882  
7.938814958  
10.08052616  
10.71239662  
9.574381679  
6.860469572  
3.158731319  
-0.7207929817  
-3.972382593  
-6.002596235  
-6.558332008  
-5.7444432  
-3.939488582  
-1.650884203  
0.6343489723  
2.554002151  
3.905449052  
4.616923891  
4.686326517  
4.127469343  
2.953980158  
1.207905501  
-0.9860173968  
-3.376412453  
-5.587488302  
-7.185301643  
-7.796932496  
-7.243649433  
-5.634890238  
-3.376768852  
-1.076221736  
0.639358433  
1.331488196  
0.9153773931  
-0.2851935213  
-1.624431943  
-2.345186442  
-1.849605897  
0.06170103313  
3.069905704  
6.390197458  
8.992121997  
9.925256651  
8.646776414  
5.240195627  
0.4448441657  
-4.525336256  
-8.326176344  
-9.887594631  
-8.751101427  
-5.231189903  
-0.3447418547  
4.47488037  
7.794294616  
8.600846503  
6.599653286  
2.297704287  
-3.148125167  
-8.270051195  
-11.71080303  
-12.60134684  
-10.78630227  
-6.838479791  
-1.868947326  
2.801472631  
6.007410972  
7.036080583  
5.779601701  
2.714012085  
-1.271985413  
-5.136300985  
-7.952027171  
-9.114830943  
-8.445589977  
-6.179359263  
-2.862435057  
0.8022377681  
4.117665002  
6.528571463  
7.710439013  
7.606318415  
6.415461767  
4.541828825  
2.511080258  
0.8655741594  
0.0501441029  
0.3072414165  
1.604977338  
3.621676382  
5.802170862  
7.484037638  
8.070173175  
7.204788341  
4.90079546  
1.573542881  
-2.040931093  
-5.070810031  
-6.74993867  
-6.6462634  
-4.80565364  
-1.760712231  
1.606184375  
4.310580044  
5.55217589  
4.951901978  
2.664593858  
-0.6704566438  
-4.127751072  
-6.781231334  
-7.986880036  
-7.571929641  
-5.870019175  
-3.591699103  
-1.573481562  
-0.488616382  
-0.6154747863  
-1.740406332  
-3.227777097  
-4.234756904  
-4.000990681  
-2.118632118  
1.305287349  
5.647444342  
9.929435377  
13.09194875  
14.2975835  
13.17075467  
9.904547197  
5.206736819  
0.1062544189  
-4.318741798  
-7.210898687  
-8.127838417  
-7.1143427  
-4.645280774  
-1.468889697  
1.596139363  
3.851386768  
4.851727945  
4.459164328  
2.821638627  
0.299872976  
-2.627666491  
-5.455979854  
-7.726619877  
-9.080575096  
-9.296068762  
-8.316535171  
-6.268212044  
-3.459703358  
-0.3522657644  
2.506786351  
4.584457163  
5.478944433  
5.023922336  
3.347568767  
0.8615105751  
-1.826872424  
-4.061956134  
-5.309640088  
-5.301307244  
-4.108315523  
-2.122139122  
0.05682008429  
1.790663424  
2.585500716  
2.229305892  
0.8457097067  
-1.150555366  
-3.180586031  
-4.669873406  
-5.206500138  
-4.642591055  
-3.11259053  
-0.9694577927  
1.334598548  
3.380904944  
4.888046626  
5.757537905  
6.054645553  
5.940365416  
5.585944459  
5.104402921  
4.523833635  
3.809008985  
2.918038735  
1.866932479  
0.7717477362  
-0.1533066825  
-0.6463628422  
-0.4824127674  
0.4369572975  
2.021450773  
3.982815791  
5.886900214  
7.255285795  
7.688067744  
6.971678791  
5.13964593  
2.468248013  
-0.5912283524  
-3.523358373  
-5.870339106  
-7.330840416  
-7.810868827  
-7.417287387  
-6.402111513  
-5.07918009  
-3.740483964  
-2.596043385  
-1.750634716  
-1.2169163  
-0.9524838068  
-0.9018910709  
-1.025640455  
-1.305605359  
-1.727317918  
-2.249906196  
-2.780291357  
-3.16764507  
-3.226829681  
-2.78850823  
-1.762163542  
-0.1909377923  
1.723539035  
3.64118726  
5.150479157  
5.869468688  
5.55533026  
4.190857503  
2.019534656  
-0.4873188726  
-2.729676195  
-4.12331086  
-4.253883435  
-2.998962601  
-0.5820007652  
2.461516296  
5.402476232  
7.494345134  
8.162975097  
7.159825881  
4.636156722  
1.115616925  
-2.630318596  
-5.773087917  
-7.634232492  
-7.854138656  
-6.477433037  
-3.932776218  
-0.9137608322  
1.805421194  
3.568659859  
3.997442098  
3.070245622  
1.104640475  
-1.347332903  
-3.656491603  
-5.280117088  
-5.887239777  
-5.415669686  
-4.053201655  
-2.157997899  
-0.1489837526  
1.59830366  
2.822090149  
3.398052817  
3.321145395  
2.663946607  
1.535061945  
0.0561983269  
-1.635314286  
-3.36603091  
-4.905716989  
-5.966800813  
-6.237506813  
-5.44863925  
-3.458708081  
-0.3309385365  
3.62682013  
7.88026852  
11.74997478  
14.54151483  
15.69413821  
14.91006153  
12.23010237  
8.035119748  
2.97244661  
-2.17408174  
-6.638179381  
-9.81286394  
-11.34945238  
-11.19658869  
-9.578215573  
-6.923343093  
-3.768788954  
-0.6576166576  
1.948282379  
3.730060028  
4.543974104  
4.424426627  
3.56118515  
2.255011327  
0.8568508652  
-0.3020851264  
-0.9786378156  
-1.070807889  
-0.6415368358  
0.09694517743  
0.8395348912  
1.275004737  
1.181454753  
0.5025757573  
-0.621142641  
-1.881026946  
-2.885663832  
-3.281117134  
-2.869913551  
-1.689651489  
-0.02177963907  
1.678132045  
2.911924431  
3.293540741  
2.677812892  
1.219620434  
-0.6599447724  
-2.394238028  
-3.443430256  
-3.464800006  
-2.425612648  
-0.620158021  
1.417163616  
3.076830186  
3.865073387  
3.558830379  
2.273827591  
0.4228066087  
-1.422966019  
-2.723626181  
-3.149394179  
-2.688780472  
-1.650266688  
-0.5567811245  
0.03211422549  
-0.2885107015  
-1.627396357  
-3.751532964  
-6.151029999  
-8.192358989  
-9.309484045  
-9.171113065  
-7.771722105  
-5.420440297  
-2.635967493  
0.0142102461  
2.07603285  
3.321066167  
3.777294773  
3.676595475  
3.345339563  
3.081913767  
3.065658463  
3.326319152  
3.777951246  
4.295836311  
4.798970048  
5.299814004  
5.89738185  
6.713951802  
7.800293336  
9.050117051  
10.16487035  
10.69441541  
10.15249815  
8.177257757  
4.68680131  
-0.02465573194  
-5.290708598  
-10.18896067  
-13.74732019  
-15.18866672  
-14.14685675  
-10.79126712  
-5.819851117  
-0.3157084877  
4.500587177  
7.561819184  
8.214533133  
6.382513435  
2.591272131  
-2.15348863  
-6.604233853  
-9.569154551  
-10.19755738  
-8.185438121  
-3.853054838  
1.923209086  
7.908553272  
12.79115244  
15.48230927  
15.36616433  
12.44107358  
7.319395379  
1.084971273  
-4.959014011  
-9.592557713  
-11.95939011  
-11.75735013  
-9.291502992  
-5.376852272  
-1.115860716  
2.390990078  
4.324959464  
4.344414275  
2.64396821  
-0.136539744  
-3.124303429  
-5.482971695  
-6.658371431  
-6.52695103  
-5.403225584  
-3.906315746  
-2.730099482  
-2.392479946  
-3.046581428  
-4.417363335  
-5.886735392  
-6.701494767  
-6.236956754  
-4.22885582  
-0.894294294  
3.10291111  
6.836786935  
9.398186874  
10.17997249  
9.075648549  
6.524540314  
3.384994239  
0.6724531455  
-0.7563336156  
-0.4730391286  
1.385088026  
4.155573254  
6.857178265  
8.498086658  
8.389027587  
6.363058996  
2.833668022  
-1.325764678  
-5.041860949  
-7.358289401  
-7.711579689  
-6.082477068  
-2.980700343  
0.7261224454  
4.080795517  
6.315991838  
7.059324183  
6.405941359  
4.844703772  
3.070147979  
1.745701841  
1.294311177  
1.778788016  
2.901864204  
4.11683618  
4.806643317  
4.472317451  
2.874672048  
0.09316511317  
-3.505471498  
-7.368942692  
-10.89423206  
-13.55536689  
-14.99374739  
-15.05808906  
-13.79850375  
-11.43067487  
-8.28842585  
-4.777362147  
-1.333088327  
1.620105948  
3.716139436  
4.701077116  
4.486790273  
3.188818563  
1.130111951  
-1.202398421  
-3.248474539  
-4.496266595  
-4.605096414  
-3.494023657  
-1.367279284  
1.33555123  
4.054136644  
6.255522206  
7.57275073  
7.892669397  
7.36679989  
6.343150672  
5.241955468  
4.415934565  
4.04029451  
4.0672844  
4.25856855  
4.282930386  
3.845569251  
2.805317866  
1.240768456  
-0.5565715096  
-2.160001087  
-3.131554734  
-3.153288517  
-2.125854403  
-0.2054306095  
2.230205079  
4.674335605  
6.614259085  
7.649556729  
7.575011018  
6.410296855  
4.375147786  
1.823257199  
-0.8430328114  
-3.254280569  
-5.134240868  
-6.330701569  
-6.817690839  
-6.676170796  
-6.062465448  
-5.172476413  
-4.206856912  
-3.339933936  
-2.694328199  
-2.323851601  
-2.208277565  
-2.263279249  
-2.366349075  
-2.394931157  
-2.267848182  
-1.977756533  
-1.602632504  
-1.289237367  
-1.209995276  
-1.504161422  
-2.22114361  
-3.285354511  
-4.4969019  
-5.571749978  
-6.21217045  
-6.187599453  
-5.401369507  
-3.922236865  
-1.970239947  
0.139131876  
2.075165349  
3.571723357  
4.482667961  
4.798101997  
4.620457827  
4.113346164  
3.444475384  
2.744245546  
2.093402208  
1.539882653  
1.131859516  
0.946268475  
1.093340995  
1.687647288  
2.791476269  
4.351150812  
6.15485332  
7.83767966  
8.945975553  
9.05211145  
7.890201364  
5.470137952  
2.127886029  
-1.514931129  
-4.682685  
-6.639628578  
-6.893945742  
-5.351429999  
-2.368526894  
1.318639887  
4.776522698  
7.120635564  
7.757460136  
6.551300484  
3.865277035  
0.4613961317  
-2.714057378  
-4.799131219  
-5.26132381  
-4.047774806  
-1.596644472  
1.293471729  
3.697398585  
4.831594896  
4.278153289  
2.099903073  
-1.185189863  
-4.760102921  
-7.746805226  
-9.454616479  
-9.565864872  
-8.206376866  
-5.884141764  
-3.319282191  
-1.220457495  
-0.07704598253  
-0.02941977328  
-0.8536356582  
-2.060562327  
-3.073933757  
-3.428317549  
-2.923237208  
-1.6850066  
-0.1181143763  
1.236504229  
1.889258762  
1.574174547  
0.3491194378  
-1.409555194  
-3.117823329  
-4.166225969  
-4.116270341  
-2.848236021  
-0.6119713225  
2.037912715  
4.404992935  
5.863391269  
6.054253963  
5.004581195  
3.129350274  
1.113204307  
-0.2949785315  
-0.5137729604  
0.6830241795  
3.080728068  
6.068514751  
8.803969043  
10.4506012  
10.41908063  
8.541075076  
5.124088048  
0.8707107148  
-3.314385561  
-6.57328919  
-8.327078208  
-8.424448316  
-7.165026467  
-5.192899687  
-3.293978725  
-2.158185019  
-2.176450277  
-3.330614427  
-5.205839532  
-7.118742405  
-8.321265988  
-8.219892266  
-6.547641276  
-3.442263916  
0.5875071043  
4.79358383  
8.377791037  
10.68527894  
11.35132358  
10.3673051  
8.056187825  
4.972539844  
1.759982586  
-0.9941800254  
-2.87230511  
-3.686303174  
-3.479645845  
-2.481998644  
-1.036091311  
0.4818795537  
1.731492782  
2.45787689  
2.520364132  
1.903094364  
0.7116229476  
-0.8421138575  
-2.466586194  
-3.830328924  
-4.613823674  
-4.568744867  
-3.574565019  
-1.679044796  
0.8907539544  
3.755301778  
6.446833273  
8.500034289  
9.549494845  
9.410179541  
8.119680383  
5.929850511  
3.248383889  
0.5443633383  
-1.758172052  
-3.371125762  
-4.194324334  
-4.316094034  
-3.964350516  
-3.424072017  
-2.946335267  
-2.676154436  
-2.620367921  
-2.664557932  
-2.632802646  
-2.370504236  
-1.822676376  
-1.080277904  
-0.37606384  
-0.02638722441  
-0.3326059786  
-1.469984205  
-3.398787097  
-5.828982208  
-8.256755068  
-10.07096408  
-10.70621943  
-9.802794134  
-7.327394524  
-3.615994345  
0.6807403521  
4.741973361  
7.776759235  
9.226405606  
8.911604277  
7.07948798  
4.332862366  
1.458059786  
-0.8009176723  
-1.955908573  
-1.910745861  
-0.9763692065  
0.2427585793  
1.058286659  
0.9393065095  
-0.2917980621  
-2.374705303  
-4.670321096  
-6.351131229  
-6.666865835  
-5.202532647  
-2.044423011  
2.204320464  
6.570975372  
9.98389719  
11.58592205  
10.99337461  
8.417918873  
4.609869859  
0.637613424  
-2.42986559  
-3.838495703  
-3.363576759  
-1.355988899  
1.392977118  
3.922483192  
5.419002647  
5.474812529  
4.20372728  
2.177751726  
0.2085831561  
-0.9497824084  
-0.8745547484  
0.3708179184  
2.254204505  
3.959979607  
4.679162229  
3.905202419  
1.633145383  
-1.608210144  
-4.90544215  
-7.243964945  
-7.833244961  
-6.366678178  
-3.130628356  
1.072803233  
5.163070427  
8.100181068  
9.181960345  
8.22606416  
5.584183243  
1.993329905  
-1.677225704  
-4.693163485  
-6.646913366  
-7.516399157  
-7.58364424  
-7.257112029  
-6.874179206  
-6.563177468  
-6.217251414  
-5.585756736  
-4.440707779  
-2.744406365  
-0.7419473399  
1.06974821  
2.096374031  
1.87342381  
0.2816016135  
-2.337212716  
-5.220989133  
-7.389063554  
-7.948504493  
-6.406763414  
-2.881750324  
1.871793088  
6.642862194  
10.10581582  
11.2203598  
9.562639856  
5.477661499  
-0.00198996067  
-5.451520253  
-9.473655167  
-11.11123166  
-10.12182722  
-7.027263982  
-2.923282974  
0.8876538957  
3.320439321  
3.850440483  
2.665279104  
0.5781636276  
-1.265940479  
-1.79260764  
-0.375399738  
2.93550678  
7.407919755  
11.84663693  
14.96545198  
15.79225725  
13.9782878  
9.914768064  
4.622703987  
-0.5467300584  
-4.305866755  
-5.796656215  
-4.820192075  
-1.866397356  
2.056099594  
5.729931571  
8.08038699  
8.463728803  
6.813756171  
3.615544806  
-0.2717082398  
-3.878969859  
-6.396232335  
-7.370914888  
-6.789586321  
-5.035510592  
-2.750124834  
-0.648690712  
0.655807455  
0.7788386123  
-0.3791193203  
-2.642884405  
-5.621279023  
-8.790350883  
-11.58125252  
-13.46165072  
-14.00768021  
-12.96667581  
-10.3084596  
-6.256869067  
-1.288305132  
3.915591824  
8.56606301  
11.9069223  
13.37064197  
12.71414552  
10.09596951  
6.066889779  
1.467133248  
-2.751149654  
-5.735098047  
-6.923174157  
-6.168303724  
-3.760071518  
-0.3411728425  
3.258055804  
6.221781979  
7.934242384  
8.102945963  
6.793720561  
4.377740673  
1.414268638  
-1.492629051  
-3.82345155  
-5.229006964  
-5.560494515  
-4.850446006  
-3.264225172  
-1.045870788  
1.523191034  
4.145403307  
6.513588609  
8.316134674  
9.255130526  
9.084936855  
7.667210835  
5.027089667  
1.388935499  
-2.82814323  
-7.064683992  
-10.71940411  
-13.27063062  
-14.38910605  
-14.00990685  
-12.34078466  
-9.801684863  
-6.910566877  
-4.14711456  
-1.833574633  
-0.06765677333  
1.272758624  
2.454985792  
3.770489653  
5.405747714  
7.3467072  
9.348950207  
10.98604452  
11.76450177  
11.27274477  
9.319843457  
6.021446821  
1.804847435  
-2.67157415  
-6.664250887  
-9.516043661  
-10.80631539  
-10.43856974  
-8.64314389  
-5.897380484  
-2.78940029  
0.1330653711  
2.48498086  
4.104798182  
5.041885547  
5.482428247  
5.644527866  
5.681200262  
5.624796178  
5.389904576  
4.830001686  
3.823440957  
2.353782589  
0.5516413391  
-1.320598235  
-2.938612955  
-4.017160809  
-4.406232237  
-4.146381505  
-3.460593019  
-2.682136976  
-2.141038518  
-2.047812009  
-2.415733047  
-3.050905958  
-3.616325579  
-3.749936872  
-3.196671977  
-1.907945819  
-0.07202534242  
1.937984195  
3.682790664  
4.802186723  
5.135982944  
4.77674128  
4.033446682  
3.316610045  
2.983978803  
3.201672624  
3.872007606  
4.657066631  
5.093618369  
4.761718248  
3.448379939  
1.246990314  
-1.446307276  
-4.042735933  
-5.943082558  
-6.730518283  
-6.306554955  
-4.920501994  
-3.079183969  
-1.366043521  
-0.2324091705  
0.1639967344  
0.01240064746  
-0.2299618212  
-0.02609026283  
1.007378234  
2.905985224  
5.278008941  
7.379102796  
8.328189012  
7.401116693  
4.307034986  
-0.6482455447  
-6.575857324  
-12.20352499  
-16.20989674  
-17.59621559  
-15.98188665  
-11.73063826  
-5.864463782  
0.2126323313  
5.100091891  
7.780879825  
7.883670705  
5.751820364  
2.303884978  
-1.265831492  
-3.851102726  
-4.750278425  
-3.842837075  
-1.580420102  
1.194101161  
3.533999531  
4.688114939  
4.32015743  
2.586491867  
0.05889270658  
-2.472555563  
-4.247257898  
-4.753738795  
-3.857965205  
-1.811129824  
0.8528439576  
3.487719097  
5.515872844  
6.567007153  
6.54224148  
5.598524877  
4.072491034  
2.376420026  
0.8993565364  
-0.0641504201  
-0.3502072632  
0.06779236468  
1.090575532  
2.512778053  
4.048213229  
5.364489576  
6.132694037  
6.092968721  
5.126712038  
3.315649803  
0.9631801036  
-1.441880394  
-3.323873947  
-4.164735488  
-3.657790141  
-1.823789606  
0.9535530145  
3.995152493  
6.489217307  
7.70924008  
7.225743714  
5.046689363  
1.638890428  
-2.183212677  
-5.474500807  
-7.421100953  
-7.570468393  
-5.960436613  
-3.107583349  
0.1423739645  
2.857584856  
4.28378574  
4.050637905  
2.261271103  
-0.557678658  
-3.625637774  
-6.142192913  
-7.513817064  
-7.507268782  
-6.289541594  
-4.350841931  
-2.342245826  
-0.8825617838  
-0.3932080364  
-1.005679833  
-2.559619188  
-4.680223091  
-6.901320592  
-8.791507451  
-10.04650535  
-10.52774985  
-10.2479465  
-9.321367216  
-7.904535902  
-6.150190077  
-4.186564637  
-2.120502882  
-0.05243777565  
1.912194737  
3.666160089  
5.119790859  
6.227940148  
7.010035168  
7.549710274  
7.968440541  
8.378961706  
8.83457644  
9.294976417  
9.625547837  
9.636067952  
9.149941624  
8.082101464  
6.497602328  
4.626479575  
2.823275907  
1.477676058  
0.9001658288  
1.217346919  
2.311522921  
3.827910744  
5.253294091  
6.048141375  
5.796852913  
4.333413982  
1.804880744  
-1.348525209  
-4.49484486  
-6.968434275  
-8.243171045  
-8.074131313  
-6.568624894  
-4.165818475  
-1.528354086  
0.6270845546  
1.716722851  
1.445251206  
-0.1114290313  
-2.519382602  
-5.094200656  
-7.076723327  
-7.832432337  
-7.022925096  
-4.704082512  
-1.323863171  
2.381502349  
5.567326748  
7.490074563  
7.692013543  
6.112246406  
3.095182013  
-0.7045267796  
-4.492996508  
-7.535593556  
-9.327507045  
-9.690518096  
-8.773111949  
-6.961024617  
-4.732519725  
-2.508684952  
-0.5482680678  
1.08080835  
2.449519092  
3.661408668  
4.738628695  
5.550977282  
5.823555631  
5.229122679  
3.537258334  
0.7661369898  
-2.725463744  
-6.253984302  
-8.949020611  
-9.984975737  
-8.840656248  
-5.502966316  
-0.5397922291  
4.997264672  
9.827558847  
12.78830987  
13.17336804  
10.95844967  
6.836049328  
2.038434638  
-2.00780479  
-4.097705907  
-3.610383245  
-0.7060759406  
3.706646507  
8.228937044  
11.38123605  
12.04298649  
9.790503983  
5.030978537  
-1.107778767  
-7.098354151  
-11.44855359  
-13.12009167  
-11.80835736  
-8.004832295  
-2.831025393  
2.298610791  
6.078721049  
7.659464769  
6.839797471  
4.061626193  
0.2216052023  
-3.628905185  
-6.596672689  
-8.177284558  
-8.342096108  
-7.469762944  
-6.160320228  
-5.003145086  
-4.377971894  
-4.349893766  
-4.68307769  
-4.956933436  
-4.736592704  
-3.736214449  
-1.921674431  
0.476187324  
3.03489901  
5.269888221  
6.774901542  
7.329318793  
6.94347898  
5.835559534  
4.354978776  
2.880943719  
1.727395773  
1.078298956  
0.9640534528  
1.276442469  
1.810265331  
2.316854117  
2.557006789  
2.345935818  
1.587221547  
0.2946821652  
-1.39973668  
-3.255683792  
-4.955491169  
-6.157252839  
-6.564062401  
-5.995918244  
-4.445350693  
-2.09786631  
0.6946296554  
3.486436227  
5.840753536  
7.434881807  
8.136725958  
8.027932453  
7.364632463  
6.486612459  
5.703138762  
5.192520754  
4.948915182  
4.794796979  
4.455475973  
3.670544962  
2.303654649  
0.4116509443  
-1.752965596  
-3.809683064  
-5.367082123  
-6.150831074  
-6.099129122  
-5.391773729  
-4.400418816  
-3.573558295  
-3.291751736  
-3.739288787  
-4.83418086  
-6.240666792  
-7.462779151  
-7.992300894  
-7.467557479  
-5.79577269  
-3.202327384  
-0.1913847165  
2.572595255  
4.431092746  
4.901781834  
3.808767518  
1.339987743  
-1.982159732  
-5.409617085  
-8.131289585  
-9.452399996  
