-5.113789105  
-4.686294603  
-3.545223464  
-1.729234878  
0.5192949371  
2.802406598  
4.665104134  
5.717068866  
5.743175056  
4.770857693  
3.073870503  
1.10920016  
-0.5976319262  
-1.58907328  
-1.597336014  
-0.6180996429  
1.084945767  
3.047352936  
4.726049515  
5.643898821  
5.51745566  
4.332502793  
2.345885013  
0.01246058589  
-2.142826872  
-3.671890274  
-4.327595857  
-4.129236238  
-3.350229196  
-2.431375701  
-1.844918265  
-1.949383759  
-2.878152154  
-4.494999917  
-6.430039483  
-8.18561574  
-9.280924702  
-9.392687707  
-8.450654068  
-6.660423415  
-4.447850499  
-2.342260438  
-0.8331137814  
-0.2411659539  
-0.6394365364  
-1.843252748  
-3.46801341  
-5.034347702  
-6.088774035  
-6.306713381  
-5.553200873  
-3.891369754  
-1.544483431  
1.170932935  
3.918762735  
6.404523165  
8.41306099  
9.821434841  
10.59323099  
10.76359551  
10.42272454  
9.700939695  
8.753893054  
7.744270284  
6.817799459  
6.075665976  
5.550306005  
5.194190085  
4.889676655  
4.482050109  
3.829331681  
2.854660805  
1.583372205  
0.149600608  
-1.2338735  
-2.336459731  
-2.983521045  
-3.118893519  
-2.833655439  
-2.348448161  
-1.951745675  
-1.911636225  
-2.388768757  
-3.379036766  
-4.705763592  
-6.065294428  
-7.112321436  
-7.5580072  
-7.249813106  
-6.208303449  
-4.610965242  
-2.730969424  
-0.8536390792  
0.8002383305  
2.119140537  
3.101437011  
3.816574192  
4.345968413  
4.729603537  
4.940809226  
4.899562821  
4.51842169  
3.761225286  
2.688498974  
1.467630682  
0.3390123224  
-0.453424101  
-0.7440468807  
-0.5098652914  
0.1080007163  
0.8368938132  
1.351307376  
1.372858177  
0.7582006064  
-0.4551778717  
-2.061241141  
-3.751609578  
-5.212853152  
-6.221152664  
-6.701984849  
-6.735218034  
-6.505803614  
-6.219745375  
-6.017205413  
-5.915072895  
-5.799949279  
-5.473583044  
-4.733350073  
-3.457521516  
-1.663516399  
0.4823885645  
2.707466733  
4.711489815  
6.253632341  
7.216539875  
7.625944793  
7.621258331  
7.390640874  
7.096619369  
6.820336802  
6.54390677  
6.174281934  
5.595522352  
4.725540962  
3.552933124  
2.139254241  
0.5880526097  
-1.002719092  
-2.58011687  
-4.145623066  
-5.726000551  
-7.315525385  
-8.815496615  
-10.00313004  
-10.55464398  
-10.12786993  
-8.484986917  
-5.615155457  
-1.809092363  
2.352626807  
6.109802391  
8.709815859  
9.619933158  
8.69778416  
6.259954407  
3.017177835  
-0.1136763605  
-2.269213022  
-2.89233273  
-1.897920408  
0.3041291237  
2.939640061  
5.115868787  
6.104937636  
5.573858321  
3.686220731  
1.042172397  
-1.523427309  
-3.217587033  
-3.548385738  
-2.480546993  
-0.4362804269  
1.85720583  
3.620001211  
4.284273619  
3.680454211  
2.081391835  
0.09063933465  
-1.584493524  
-2.394146045  
-2.148217872  
-1.087038445  
0.206233116  
1.022279151  
0.7959615772  
-0.6653969692  
-3.078640605  
-5.747240767  
-7.773681838  
-8.353725602  
-7.05481086  
-3.984227833  
0.2119237553  
4.522525219  
7.864257344  
9.400510264  
8.784858005  
6.252632168  
2.53417308  
-1.37877159  
-4.53533792  
-6.298485605  
-6.503353513  
-5.456290267  
-3.783919751  
-2.190613081  
-1.210675248  
-1.039360979  
-1.496435855  
-2.128266175  
-2.406371322  
-1.948067018  
-0.6791458141  
1.119537619  
2.898080598  
4.026194184  
4.018978595  
2.721596858  
0.3885181917  
-2.371561613  
-4.769375006  
-6.072644921  
-5.832305706  
-4.026153005  
-1.075411647  
2.270314362  
5.143864479  
6.803339681  
6.835703574  
5.264171893  
2.532771631  
-0.6221818596  
-3.372864957  
-5.015102292  
-5.140501374  
-3.724532333  
-1.115220293  
2.066123837  
5.080274877  
7.240241108  
8.056963424  
7.332257142  
5.186012838  
2.019599601  
-1.571198451  
-4.913836015  
-7.385261299  
-8.525803677  
-8.122638988  
-6.249153862  
-3.252441418  
0.31100696  
3.78205811  
6.529270893  
8.076756448  
8.201264516  
6.974808932  
4.740693595  
2.026931776  
-0.5823379235  
-2.584823279  
-3.671465152  
-3.782172902  
-3.092597502  
-1.938562958  
-0.702961563  
0.2995905349  
0.9054912513  
1.128910578  
1.127788064  
1.124116935  
1.307829456  
1.757996123  
2.407976251  
3.06541227  
3.478901162  
3.427404343  
2.8011344  
1.646230044  
0.1583707426  
-1.371925743  
-2.643479753  
-3.429976345  
-3.63930105  
-3.328986145  
-2.675445018  
-1.910041393  
-1.245216887  
-0.8155232946  
-0.6514013903  
-3.090747331  
-3.6123704  
-3.699273932  
-3.397789989  
-2.662146288  
-1.41863545  
0.3263325649  
2.390338071  
4.385596743  
5.785305226  
6.075337613  
4.942800323  
2.431319393  
-1.002616438  
-4.567539587  
-7.338231687  
-8.523711693  
-7.717189713  
-5.043362247  
-1.148379864  
2.972110754  
6.257939046  
7.895002476  
7.55405778  
5.482459252  
2.420544781  
-0.629394302  
-2.707407947  
-3.177780993  
-1.903068532  
0.7378309412  
3.984318458  
6.930547697  
8.784375346  
9.068660841  
7.710240176  
5.003121639  
1.474363647  
-2.290566075  
-5.800407259  
-8.742665264  
-10.98527438  
-12.51356613  
-13.34319981  
-13.45404318  
-12.77573842  
-11.22988507  
-8.807170149  
-5.64131745  
-2.041586903  
1.538352452  
4.591949382  
6.683784592  
7.564089253  
7.233807439  
5.937480104  
4.086929075  
2.14302188  
0.496373243  
-0.6141873089  
-1.122950407  
-1.100093791  
-0.6795759071  
0.01276209327  
0.8992883918  
1.943923001  
3.106563989  
4.285534944  
5.282661068  
5.817627624  
5.598074648  
4.426605662  
2.306425875  
-0.4984757556  
-3.481053523  
-5.993794329  
-7.412575297  
-7.313813278  
-5.608279272  
-2.585892853  
1.146765402  
4.819875017  
7.698626436  
9.265947199  
9.335509848  
8.065144127  
5.874533596  
3.301931641  
0.8518917949  
-1.116152289  
-2.428642148  
-3.067734071  
-3.097511812  
-2.588689697  
-1.580453742  
-0.09803147533  
1.783624922  
3.864505155  
5.777580081  
7.016439792  
7.042917275  
5.451434509  
2.138455543  
-2.586020553  
-7.996408821  
-13.0782731  
-16.76067035  
-18.19256654  
-16.98182101  
-13.32124373  
-7.95807497  
-2.010362305  
3.318533537  
7.044306495  
8.63633444  
8.116808036  
6.001885751  
3.111800762  
0.3157231342  
-1.706859709  
-2.617845467  
-2.448691396  
-1.511914248  
-0.2407449105  
0.9787385431  
1.923172381  
2.560886729  
2.996032027  
3.362212395  
3.717299107  
3.987200683  
3.983716107  
3.489370331  
2.373400397  
0.6886455898  
-1.295012135  
-3.141410449  
-4.371301515  
-4.61724682  
-3.755219588  
-1.963870387  
0.3132313522  
2.493225331  
4.027103043  
4.562975463  
4.045157193  
2.717018443  
1.028635813  
-0.5174290159  
-1.528912493  
-1.840906001  
-1.550657004  
-0.963211175  
-0.47155544  
-0.4156640595  
-0.9688998224  
-2.08720291  
-3.532146576  
-4.952642327  
-5.991759301  
-6.380573367  
-5.990826781  
-4.837365807  
-3.041531547  
-0.7797150915  
1.75743758  
4.37992723  
6.888501711  
9.055950171  
10.62202705  
11.3191928  
10.93172249  
9.372446863  
6.748285434  
3.383535117  
-0.218703839  
-3.475518672  
-5.858969772  
-7.026178981  
-6.902393466  
-5.688613469  
-3.790660325  
-1.69382778  
0.1736048335  
1.541528403  
2.331649192  
2.617990644  
2.53752123  
2.193596416  
1.597219349  
0.6744380003  
-0.6611328916  
-2.402252052  
-4.35915098  
-6.137294355  
-7.208634901  
-7.066458214  
-5.416766441  
-2.336499229  
1.668781689  
5.746192877  
8.907274793  
10.31283589  
9.540882497  
6.744777257  
2.639007856  
-1.69511128  
-5.130059681  
-6.838847275  
-6.553644308  
-4.647031704  
-2.003806537  
0.2783229075  
1.261131228  
0.4859854351  
-1.868362422  
-5.046158037  
-7.974382759  
-9.63340118  
-9.4102541  
-7.311020042  
-3.956926308  
-0.3645371881  
2.413071736  
3.657015703  
3.232368407  
1.626074083  
-0.2428845174  
-1.374805482  
-1.076158351  
0.7594857422  
3.582775935  
6.364232812  
7.958622675  
7.532546332  
4.902889334  
0.6605390408  
-3.974001595  
-7.523634998  
-8.735347103  
-7.006668925  
-2.610435392  
3.36359378  
9.336583634  
13.73236376  
15.47076376  
14.29853978  
10.84802876  
6.405355889  
2.467862618  
0.2408298013  
0.2426899853  
2.149443951  
4.926575206  
7.198997064  
7.730101381  
5.846539509  
1.667123011  
-3.936469361  
-9.627268581  
-14.03588759  
-16.18996674  
-15.79773601  
-13.29770563  
-9.669043113  
-6.0783143  
-3.490172701  
-2.375316579  
-2.60861387  
-3.579549851  
-4.462281238  
-4.539862119  
-3.464354745  
-1.364150515  
1.230501561  
3.60584063  
5.13895754  
5.524679055  
4.874145456  
3.655203968  
2.504202061  
1.98447678  
2.382686894  
3.615620346  
5.275641186  
6.790176234  
7.629835232  
7.485477481  
6.351253529  
4.490376785  
2.30710899  
0.1835572264  
-1.649815629  
-3.158931279  
-4.45311912  
-5.664108813  
-6.816231707  
-7.751721167  
-8.152336464  
-7.65760902  
-6.036998245  
-3.345781215  
0.005607740378  
3.310605603  
5.748377505  
6.634507054  
5.655602126  
3.002188349  
-0.6545523958  
-4.343860955  
-7.080242088  
-8.159809277  
-7.369309098  
-5.037483534  
-1.912023076  
1.094579702  
3.20207955  
4.000488653  
3.549585519  
2.310864781  
0.9430568545  
0.04038512073  
-0.08849002015  
0.4798380647  
1.339293835  
1.941036564  
1.83748802  
0.8886400743  
-0.6504253967  
-2.197540059  
-3.045565481  
-2.626447252  
-0.7406372371  
2.334050308  
5.897679463  
9.032787767  
10.89001516  
10.95731541  
9.220704647  
6.162585095  
2.600298237  
-0.5773843462  
-2.684411839  
-3.429953567  
-2.968482931  
-1.798629364  
-0.5552146933  
0.2257332813  
0.2838049601  
-0.3067676566  
-1.209336359  
-1.992573973  
-2.323948242  
-2.112347193  
-1.545482398  
-1.009655107  
-0.9252447058  
-1.563201488  
-2.914736116  
-4.665684092  
-6.287308638  
-7.211572373  
-7.027597754  
-5.628491932  
-3.256283016  
-0.4299740054  
2.216484414  
4.128574718  
4.991113412  
4.802011214  
3.84110872  
2.552981766  
1.391007556  
0.6792018527  
0.536121109  
0.8777856126  
1.485475503  
2.102042312  
2.515047414  
2.597414864  
2.300008972  
1.614299561  
0.5365748969  
-0.9380911702  
-2.782141773  
-4.876915938  
-6.96348287  
-8.641641671  
-9.440764104  
-8.956405334  
-7.013556081  
-3.795279295  
0.1242280405  
3.877443312  
6.52301738  
7.329924432  
6.036181637  
2.988226675  
-0.9025401565  
-4.392855412  
-6.272000852  
-5.748505672  
-2.733132844  
2.082687617  
7.392344004  
11.64407667  
13.50660543  
12.28486617  
8.151158928  
2.112900639  
-4.278192297  
-9.386721625  
-11.97918823  
-11.58078101  
-8.591216663  
-4.126012635  
0.361075876  
3.54854328  
4.656757467  
3.666422424  
1.281473953  
-1.342142614  
-3.004210029  
-2.865398581  
-0.7170688545  
2.966632745  
7.200924587  
10.81864935  
12.83844933  
12.75030692  
10.63146703  
7.06873323  
2.930333983  
-0.9219306949  
-3.876980739  
-5.697005826  
-6.491117577  
-6.57015556  
-6.254400671  
-5.717664441  
-4.930008185  
-3.71692215  
-1.903110153  
0.5262912084  
3.321863353  
5.975492092  
7.843680425  
8.349037256  
7.187217671  
4.460872635  
0.6863256725  
-3.336184181  
-6.748599538  
-8.882302446  
-9.443412313  
-8.575029399  
-6.779086881  
-4.729637365  
-3.046147203  
-2.106396763  
-1.960579464  
-2.368555129  
-2.936116944  
-3.291005996  
-3.227978737  
-2.768279016  
-2.115349919  
-1.531249525  
-1.190182972  
-1.074532393  
-0.9613401313  
-0.5101322765  
0.5793015735  
2.401544777  
4.742136174  
7.085828979  
8.745963483  
9.078579709  
7.710536852  
4.701062141  
0.5753596084  
-3.789378029  
-7.395158892  
-9.400746282  
-9.358026219  
-7.332564705  
-3.871902663  
0.1651036143  
3.860212547  
6.487449791  
7.687139219  
7.51454735  
6.359396034  
4.774853444  
3.281152938  
2.211252351  
1.644837817  
1.441560957  
1.34818179  
1.130394159  
0.6762806086  
0.0344024791  
-0.6218199231  
-1.08226939  
-1.200595573  
-0.9645110092  
-0.5081430034  
-0.06328291134  
0.1289789641  
-0.09001153558  
-0.7373993039  
-1.683883308  
-2.70209338  
-3.546597503  
-4.032733771  
-4.08419037  
-3.734069031  
-3.08460032  
-2.247874326  
-1.296889751  
-0.2500877467  
0.9040226424  
2.155121176  
3.419443375  
4.517928585  
5.202742697  
5.230475515  
4.458634309  
2.928448784  
0.8972791807  
-1.200477406  
-2.859913395  
-3.649438535  
-3.345425203  
-2.01086693  
0.01179373779  
2.194984905  
3.978869057  
4.933498583  
4.877574456  
3.915970826  
2.386494683  
0.7372961212  
-0.6205954796  
-1.434743441  
-1.667664452  
-1.47443259  
-1.116979693  
-0.8525534543  
-0.8406337435  
-1.102125567  
-1.54173023  
-2.018063048  
-2.427187842  
-2.760818958  
-3.112345814  
-3.626877103  
-4.416301506  
-5.476699152  
-6.646412877  
-7.628024656  
-8.071920413  
-7.693489672  
-6.380333198  
-4.247169013  
-1.614329773  
1.085721339  
3.441375612  
5.185688228  
6.264460907  
6.82257334  
7.113830631  
7.369889196  
7.681131556  
7.939396647  
7.869743462  
7.143853259  
5.534451099  
3.051062278  
0.0006073252721  
-3.058451967  
-5.461204462  
-6.63561034  
-6.288315834  
-4.51067712  
-1.764620279  
1.250400693  
3.805793805  
5.356590227  
5.685599608  
4.930548072  
3.488367692  
1.835885477  
0.3369365618  
-0.8892838423  
-1.987286289  
-3.263867072  
-5.005687745  
-7.289010927  
-9.861236369  
-12.1502941  
-13.41165272  
-12.97055753  
-10.47805006  
-6.088312226  
-0.4870410329  
5.251034971  
9.939289755  
12.60721756  
12.77581184  
10.59187887  
6.778346695  
2.417545747  
-1.361599317  
-3.692218578  
-4.178711314  
-2.948161108  
-0.5407334043  
2.310433992  
4.92596763  
6.867571366  
8.008569464  
8.477986477  
8.516860547  
8.316419282  
7.910106801  
7.165095959  
5.874673609  
3.908543734  
1.351027589  
-1.441246054  
-3.900629452  
-5.419628215  
-5.575945618  
-4.327547531  
-2.096819184  
0.3027580949  
1.88958455  
1.823248026  
-0.2992843628  
-4.262917448  
-9.238586892  
-13.98325397  
-17.182035  
-17.82997826  
-15.53515067  
-10.64758084  
-4.17285619  
2.502999604  
7.991964727  
11.26992353  
11.9214382  
10.19656571  
6.874450971  
2.988928652  
-0.4891837478  
-2.9116247  
-4.079334456  
-4.210758859  
-3.78041086  
-3.296672234  
-3.101802337  
-3.261707002  
-3.575637054  
-3.691019694  
-3.272334728  
-2.157234513  
-0.4423353115  
1.530155158  
3.276584576  
4.326841381  
4.374834828  
3.374203696  
1.551128823  
-0.6639467973  
-2.757300482  
-4.263221273  
-4.865382894  
-4.443842665  
-3.065309242  
-0.9336787525  
1.672540588  
4.45180901  
7.108111031  
9.359675234  
10.94221406  
11.62321814  
11.23623454  
9.730489499  
7.217991187  
3.994112324  
0.5120488925  
-2.694056405  
-5.123383393  
-6.429627461  
-6.511503426  
-5.541210346  
-3.917303179  
-2.152559838  
-0.7290140835  
0.03597502688  
0.07158399739  
-0.4412096476  
-1.140910328  
-1.60894083  
-1.505016851  
-0.6721184162  
0.8195836167  
2.69934611  
4.579599344  
6.066530121  
6.861564484  
6.82459151  
5.9853486  
4.507885038  
2.627379345  
0.5844623353  
-1.421617038  
-3.250586881  
-4.812124316  
-6.042741385  
-6.884436581  
-7.277146374  
-7.168599633  
-6.536112222  
-5.409182897  
-3.881611323  
-2.106794074  
-0.2772850034  
1.404085329  
2.751904461  
3.617605168  
3.899232352  
3.545910724  
2.56396068  
1.02910646  
-0.8973293663  
-2.958067959  
-4.809587826  
-6.064042771  
-6.365772798  
-5.490279586  
-3.439281738  
-0.4980140416  
2.775222388  
5.641032388  
7.341531242  
7.297152009  
5.283911229  
1.535659677  
-3.267887355  
-8.135607482  
-11.99373418  
-13.95006626  
-13.52072864  
-10.75428025  
-6.216292314  
-0.8380261432  
4.327066146  
8.368365405  
10.72885537  
11.30424372  
10.40874983  
8.627336135  
6.607820842  
4.861665939  
3.634787041  
2.882908441  
2.349393676  
1.709644043  
0.7262923869  
-0.6405469996  
-2.2047801  
-3.613923981  
-4.472269064  
-4.482095081  
-3.553332125  
-1.845036628  
0.2732688102  
2.32496901  
3.858682122  
4.566799687  
4.355258819  
3.348254678  
1.833809872  
0.1739427076  
-1.289130969  
-2.303174742  
-2.737589751  
-2.577278442  
-1.892006435  
-0.7995844257  
0.5620787486  
2.047914745  
3.507471906  
4.785559496  
5.731666348  
6.22191419  
6.18834326  
5.643239201  
4.684620401  
3.47441508  
2.191596878  
0.9740248523  
-0.1297955743  
-1.178373843  
-2.31287264  
-3.694316735  
-5.4214751  
-7.458336534  
-9.600053585  
-11.4952782  
-12.72450309  
-12.91422773  
-11.85284205  
-9.570974987  
-6.358678809  
-2.710679018  
0.7864793902  
3.593564885  
5.344200763  
5.921822301  
5.468770972  
4.329148042  
2.946343248  
1.747354026  
1.046298908  
0.9897527361  
1.551037991  
2.565227574  
3.786687297  
4.948984019  
5.812357849  
6.193123849  
5.977930692  
5.130012194  
3.693234525  
1.794383603  
-0.3616875459  
-2.511953743  
-4.375084336  
-5.708167112  
-6.367459304  
-6.353386823  
-5.820086946  
-5.038395205  
-4.316287036  
-3.897341693  
-3.869451924  
-4.117139999  
-4.339979358  
-4.138915888  
-3.14870612  
-1.176292099  
1.700927919  
5.113414213  
8.467840401  
11.09013493  
12.40247977  
12.0810536  
10.14605502  
6.956626545  
3.113565123  
-0.6980532982  
-3.876136866  
-6.027773883  
-7.020052665  
-6.94893018  
-6.04829273  
-4.580623724  
-2.753426004  
-0.691389144  
1.53133718  
3.821096963  
5.996591618  
7.763035689  
8.752311172  
8.624957709  
7.201169708  
4.570412747  
1.130329775  
-2.473507804  
-5.501304446  
-7.325031512  
-7.621937654  
-6.488668077  
-4.430827069  
-2.221953273  
-0.6699501046  
-0.3624036171  
-1.473059271  
-3.695044633  
-6.326906391  
-8.487841678  
-9.395216921  
-8.61535022  
-6.205654172  
-2.700679968  
1.054666892  
4.171261726  
5.994695302  
6.305949323  
5.378042784  
3.870254498  
2.594733946  
2.232370493  
3.091552207  
4.989585282  
7.296898383  
9.131542252  
9.643233126  
8.297479307  
5.070263547  
0.49168996  
-4.476334443  
-8.692807259  
-11.14659998  
-11.23209774  
-8.913668895  
-4.735035497  
0.3250767776  
5.106950416  
8.561518867  
10.00136001  
9.248234627  
6.645773906  
2.942868703  
-0.9141520283  
-4.022891521  
-5.738807301  
-5.812678512  
-4.425031561  
-2.117093062  
0.3587103817  
2.229726577  
2.8904416  
2.044825655  
-0.2260080684  
-3.483637437  
-7.03370681  
-10.08560533  
-11.93456429  
-12.12481029  
-10.5556996  
-7.504901251  
-3.561571944  
0.5156013797  
3.981243397  
6.280950514  
7.177649752  
6.793022144  
5.552789377  
4.051217364  
2.873241469  
2.425194376  
2.82289879  
3.869189677  
5.126237062  
6.059606491  
6.209348678  
5.335634353  
3.49484109  
1.024100319  
-1.559012576  
-3.708815065  
-5.007694305  
-5.278215121  
-4.618484422  
-3.353351096  
-1.920620588  
-0.7309198455  
-0.04623414441  
0.0862813126  
-0.1718935774  
-0.5223900524  
-0.6401273272  
-0.2845945984  
0.6226331166  
1.975631975  
3.519386163  
4.926721823  
5.889763323  
6.197436454  
5.778444902  
4.70267357  
3.147772704  
1.347013826  
-0.4632338502  
-2.08252148  
-3.366404997  
-4.230601096  
-4.647138505  
-4.640287014  
-4.285550043  
-3.708957799  
-3.079499146  
-2.587486487  
-2.406417312  
-2.643796656  
-3.294245515  
-4.212203611  
-5.119426435  
-5.653909564  
-5.454231325  
-4.260647413  
-2.005973172  
1.131298039  
4.731378253  
8.200295912  
10.88800496  
12.23116933  
11.88644645  
9.821149328  
6.337866437  
2.025311384  
-2.354983183  
-6.021621085  
-8.33272164  
-8.917367739  
-7.751113209  
-5.159669404  
-1.749853885  
1.71808482  
4.490615876  
5.980223256  
5.8899119  
4.275232561  
1.528523518  
-1.713203257  
-4.717619503  
-6.829812656  
-7.626818739  
-7.014586938  
-5.240787042  
-2.818049371  
-0.376562594  
1.514145654  
2.503640829  
2.552286996  
1.9273304  
1.10272887  
0.5921846471  
0.7674001119  
1.72066559  
3.219092917  
4.769916787  
5.780190069  
5.761817271  
4.514869586  
2.225675708  
-0.5588485107  
-3.079798029  
-4.595946683  
-4.623326384  
-3.106717016  
-0.4637330863  
2.518583789  
4.907391078  
5.900667542  
5.070582794  
2.496284569  
-1.256675108  
-5.303942827  
-8.703024921  
-10.72307373  
-11.03768429  
-9.781183117  
-7.455551686  
-4.725739839  
-2.178594205  
-0.1317392533  
1.440372465  
2.838944973  
4.459372739  
6.565759163  
9.109313845  
11.66493589  
13.51957062  
13.89145368  
12.2103424  
8.362460509  
2.810262365  
-3.465002062  
-9.19257051  
-13.15004889  
-14.50794555  
-13.07281506  
-9.350126919  
-4.403588527  
0.4486028054  
4.008624183  
5.530961951  
4.911562506  
2.680165756  
-0.1959822787  
-2.630452437  
-3.755450041  
-3.174349631  
-1.055042666  
1.956446429  
4.965066255  
7.118342038  
7.864939313  
7.100709084  
5.163650685  
2.690195752  
0.3891365046  
-1.187659344  
-1.803195496  
-1.576173984  
-0.9007788783  
-0.2818404994  
-0.1469493476  
-0.7000271442  
-1.861822259  
-3.310142584  
-4.598193682  
-5.305280734  
-5.16756114  
-4.148380292  
-2.43226572  
-0.354088734  
1.704680409  
3.4139838  
4.556800098  
5.041998571  
4.876634925  
4.120576382  
2.849638032  
1.145026892  
-0.8891312125  
-3.094603801  
-5.23795545  
-7.021296339  
-8.133904752  
-8.335008799  
-7.541214435  
-5.884188138  
-3.709710387  
-1.506971104  
0.2185965856  
1.093392982  
0.9973394654  
0.1160008468  
-1.100421  
-2.065515279  
-2.237253589  
-1.296054335  
0.7368502731  
3.481607871  
6.293065993  
8.440840725  
9.32353079  
8.65221298  
6.546343794  
3.511112819  
0.3013267517  
-2.288533844  
-3.645923092  
-3.508009098  
-2.026788403  
0.2859593936  
2.715311072  
4.553031692  
5.297830429  
4.787919317  
3.229768978  
1.118863295  
-0.9198352459  
-2.321594664  
-2.745122749  
-2.162938585  
-0.8559621694  
0.6817825724  
1.896957919  
2.342745588  
1.809326119  
0.3840804263  
-1.572103759  
-3.522513653  
-4.897283243  
-5.242183078  
-4.3357814  
-2.247787598  
0.6723105811  
3.869973375  
6.703613912  
8.57810262  
9.065410847  
7.989200249  
5.459278623  
1.85215138  
-2.256482767  
-6.193866348  
-9.308837969  
-11.08680595  
-11.2417063  
-9.769030349  
-6.949769124  
-3.303037907  
0.5059916003  
3.787565382  
5.956306312  
6.642994683  
5.766429035  
3.549754707  
0.4765436032  
-2.805647528  
-5.615100721  
-7.372703098  
-7.71753017  
-6.577635268  
-4.182082887  
-1.012670587  
2.293811842  
5.072379064  
6.760242885  
7.005718696  
5.735630214  
3.169644954  
-0.2201144782  
-3.796263242  
-6.874351098  
-8.851208112  
-9.320707739  
-8.155718041  
-5.539987659  
-1.941653405  
1.969838087  
5.450623097  
7.830490467  
8.653091751  
7.778229692  
5.4217307  
2.12029393  
-1.375161779  
-4.257296648  
-5.83759116  
-5.699380388  
-3.79258466  
-0.4469276198  
3.700232481  
7.844529316  
11.18989964  
13.11666482  
13.30329118  
11.77572115  
8.877484975  
5.173875575  
1.318839051  
-2.080605163  
-4.57123809  
-5.912582739  
-6.084120877  
-5.251083039  
-3.707277116  
-1.813951807  
0.05226096132  
1.538611724  
2.346916356  
2.263136234  
1.190437749  
-0.8171411625  
-3.531625417  
-6.554490918  
-9.359959888  
-11.38163443  
-12.13082778  
-11.32013111  
-8.957162296  
-5.375730995  
-1.185638271  
2.85490856  
6.015803497  
7.773921956  
7.943016774  
6.714625471  
4.595034061  
2.25484364  
0.3352255148  
-0.7302929691  
-0.82380199  
-0.1479985492  
0.8711879719  
1.750030217  
2.123409546  
1.871453923  
1.152751337  
0.3328921472  
-0.1658831813  
-0.03958424438  
0.7625212812  
1.994592152  
3.182916903  
3.787068266  
3.399507454  
1.913017557  
-0.4068315019  
-2.976697564  
-5.067146327  
-6.038766259  
-5.565156146  
-3.765596031  
-1.197000076  
1.300150773  
2.858523465  
2.863982566  
1.16886192  
-1.832992793  
-5.298399361  
-8.170324235  
-9.486803999  
-8.669279086  
-5.70203534  
-1.14810538  
4.00241872  
8.60440161  
11.66722288  
12.61021233  
11.392093  
8.483647094  
4.701486938  
0.9610723913  
-1.973090016  
-3.667962277  
-4.088557945  
-3.544957882  
-2.550688418  
-1.646343727  
-1.245272459  
-1.5425873  
-2.502025  
-3.907914013  
-5.451268767  
-6.815071292  
-7.733372308  
-8.016232842  
-7.549401276  
-6.286814393  
-4.252244596  
-1.55547167  
1.586027971  
4.838958959  
7.779353836  
9.960087676  
11.01186127  
10.7507179  
9.25510766  
6.879013506  
4.185136169  
1.808429645  
0.2860362681  
-0.0946915743  
0.6201218134  
2.066403614  
3.67634019  
4.857592111  
5.180755119  
4.513713316  
3.05792195  
1.273861258  
-0.2798604026  
-1.139819902  
-1.098191296  
-0.2759663154  
0.9157979152  
1.913383949  
2.189767554  
1.432069338  
-0.3520019791  
-2.832891042  
-5.461338569  
-7.63758173  
-8.890220175  
-9.006556163  
-8.075298928  
-6.43413412  
-4.547101375  
-2.858490963  
-1.673974391  
-1.105274417  
-1.088261129  
-1.456306377  
-2.031648545  
-2.694351496  
-3.401595055  
-4.15376515  
-4.928307114  
-5.617478988  
-6.005908704  
-5.80790325  
-4.759107612  
-2.732161081  
0.1682813834  
3.573279182  
6.902979076  
9.49885304  
10.79881976  
10.5011016  
8.662842283  
5.698378384  
2.273849745  
-0.8716123408  
-3.123880765  
-4.15064281  
-3.970439296  
-2.91618812  
-1.509220853  
-0.2874386319  
0.3567846756  
0.2798499573  
-0.3956147291  
-1.346672347  
-2.170619046  
-2.516732932  
-2.18679484  
-1.176819287  
0.3451751416  
2.109148656  
3.831342027  
5.290102072  
6.367772492  
7.052365588  
7.40738191  
7.526936238  
7.494032297  
7.353768224  
7.104405857  
6.702064413  
6.072416559  
5.125125168  
3.771565593  
1.949562188  
-0.3424186297  
-3.005552637  
-5.808139057  
-8.379253103  
-10.24663191  
-10.92616236  
-10.05188864  
-7.515121228  
-3.567440634  
1.157479792  
5.730907606  
9.121152276  
10.45048235  
9.247764772  
5.618313492  
0.2683136424  
-5.639565277  
-10.77142794  
-13.97300132  
-14.58425476  
-12.6207415  
-8.761551564  
-4.142391417  
-0.01418927149  
2.627839223  
3.328278332  
2.278972951  
0.2169951545  
-1.851027932  
-3.004784412  
-2.726309371  
-1.069902933  
1.370270756  
3.681763564  
4.966447103  
4.667847008  
2.778998601  
-0.1416828451  
-3.152134312  
-5.242809874  
-5.677545917  
-4.241264194  
-1.309777944  
2.280448122  
5.514880548  
7.535753044  
7.91243197  
6.755472925  
4.639543247  
2.368980724  
0.6750710173  
-0.04335450185  
0.1571992869  
0.8198420797  
1.294888454  
1.01847485  
-0.2452605936  
-2.291563655  
-4.536234743  
-6.229084726  
-6.740229513  
-5.811137913  
-3.673662253  
-0.9882094085  
1.381122064  
2.67512654  
2.519450489  
1.07128955  
-1.025253401  
-2.864378652  
-3.60709471  
-2.796046504  
-0.5415633126  
2.492573316  
5.304820879  
6.901998136  
6.656497574  
4.5484672  
1.204501083  
-2.286246926  
-4.720535077  
-5.178409291  
-3.335576385  
0.4153295354  
5.076490494  
9.353087308  
12.05583182  
12.46523635  
10.53974258  
6.90392371  
2.627248234  
-1.127200961  
-3.464648089  
-4.013103895  
-2.993334826  
-1.092409304  
0.8049364458  
1.928345677  
1.869918972  
0.6893340561  
-1.149136196  
-2.973755833  
-4.158868186  
-4.343195944  
-3.540103815  
-2.11003249  
-0.6156070265  
0.3806738749  
0.5012767716  
-0.3410430735  
-1.945374445  
-3.918947427  
-5.821759007  
-7.30122852  
-8.169489149  
-8.404124303  
-8.08639267  
-7.315636632  
-6.145064226  
-4.570706449  
-2.578151494  
-0.2227727562  
2.299307567  
4.632005854  
6.314980291  
6.906381362  
6.134301821  
4.021339712  
0.930282327  
-2.496748787  
-5.496555668  
-7.395353863  
-7.804589371  
-6.736422777  
-4.597612479  
-2.060340316  
0.1502378464  
1.483498349  
1.732119959  
1.087698474  
0.06625330638  
-0.6705130024  
-0.5388176517  
0.7713938231  
3.190059817  
6.281163085  
9.369109996  
11.7342878  
12.81566496  
12.36018346  
10.47902886  
7.602042232  
4.35195421  
1.380761927  
-0.7843318023  
-1.847456989  
-1.784099294  
-0.816171609  
0.6607981  
2.174610122  
3.275284978  
3.620133609  
3.036059373  
1.554066872  
-0.5881670825  
-2.980018058  
-5.110178006  
-6.472778842  
-6.691651695  
-5.635164107  
-3.487316449  
-0.7443031078  
1.878391302  
3.617619989  
3.87425787  
2.40601154  
-0.5611941422  
-4.348765605  
-7.978360092  
-10.42968349  
-10.93346132  
-9.212128152  
-5.590012697  
-0.9306262829  
3.58936564  
6.807857606  
7.910352917  
6.666973951  
3.499469126  
-0.6437482758  
-4.566685735  
-7.172811143  
-7.773249037  
-6.263166041  
-3.117109811  
0.7871884286  
4.452797959  
7.060019985  
8.18093483  
7.84999139  
6.480181707  
4.666880347  
2.956743352  
1.66563753  
0.8061555787  
0.1416420904  
-0.66401683  
-1.865492182  
-3.497454228  
-5.332570865  
-6.951512177  
-7.896666705  
-7.849361502  
-6.761674391  
-4.891535102  
-2.726559813  
-0.8238609961  
0.3756287661  
0.6907343664  
0.2501293139  
-0.5674739131  
-1.278866158  
-1.47260641  
-0.9512157971  
0.211028817  
1.71212902  
3.147130397  
4.163017949  
4.583642784  
4.458359192  
4.019260098  
3.568321267  
3.343024336  
3.416616431  
3.674269775  
3.874823516  
3.77219732  
3.245049066  
2.378042185  
1.456024043  
0.8665056966  
0.9434978664  
1.811819964  
3.29511777  
4.930237157  
6.09248839  
6.194423508  
4.890920438  
2.217288515  
-1.39213712  
-5.216641513  
-8.458415722  
-10.47883433  
-10.98149691  
-10.0797481  
-8.227074711  
-6.037455867  
-4.061861075  
-2.602452753  
-1.631615271  
-0.8441161524  
0.1787722915  
1.756363988  
3.929014506  
6.383110452  
8.514393752  
9.612997261  
9.108389661  
6.788705495  
2.915519162  
-1.810185338  
-6.424462992  
-9.96417909  
-11.7333706  
-11.48699095  
-9.475577053  
-6.341540963  
-2.907006757  
0.07318697626  
2.112236741  
3.085533965  
3.198143935  
2.85032456  
2.45897042  
2.303219751  
2.447469231  
2.761500508  
3.018905921  
3.026042774  
2.72488974  
2.227066505  
1.766383563  
1.591697846  
1.846556154  
2.487761281  
3.27954299  
3.869535962  
3.919513602  
3.24074786  
1.880199791  
0.1211593365  
-1.60608013  
-2.873402687  
-3.409984538  
-3.205492728  
-2.521243536  
-1.80217294  
-1.518669764  
-1.993260586  
-3.273355036  
-5.095500739  
-6.954579664  
-8.254919296  
-8.492507822  
-7.408104381  
-5.06295104  
-1.816906126  
1.777532302  
5.125090347  
7.730599847  
9.292298211  
9.725755362  
9.126140563  
7.697677635  
5.686082367  
3.34056835  
0.9118495742  
-1.329198604  
-3.080604067  
-4.03267139  
-3.935488744  
-2.695720708  
-0.4659842491  
2.318225428  
4.988442932  
6.786273686  
7.069928604  
5.524330305  
2.302781521  
-1.958292233  
-6.273692112  
-9.566263927  
-10.97548387  
-10.12330623  
-7.2495839  
-3.166210173  
0.9647376529  
3.96656079  
4.996016777  
3.796007709  
0.7731739369  
-3.124581326  
-6.692453722  
-8.825884471  
-8.839709709  
-6.652851029  
-2.787215848  
1.810106719  
6.057143353  
9.043743291  
10.25978683  
9.682267208  
7.709501861  
4.981675087  
2.160589868  
-0.2530964748  
-2.009456563  
