9.507014709  
7.975512723  
5.173990341  
1.625900236  
-1.738304839  
-3.852860427  
-3.874076733  
-1.504646692  
2.831827155  
8.039812942  
12.62711868  
15.13308772  
14.58072926  
10.80849409  
4.569050488  
-2.647461078  
-9.021605197  
-12.92500397  
-13.39469181  
-10.41426392  
-4.912902816  
1.519074975  
7.110531005  
10.43628495  
10.82648295  
8.532321869  
4.599845277  
0.496514775  
-2.386293587  
-3.193199833  
-1.879055821  
0.7896549534  
3.504763701  
4.868685178  
3.881575965  
0.3049940654  
-5.216370898  
-11.31610436  
-16.30184749  
-18.66294192  
-17.53284183  
-12.96410847  
-5.932854303  
1.926840375  
8.775971423  
13.07385095  
13.98281578  
11.55994706  
6.688919523  
0.784401938  
-4.632666528  
-8.357623586  
-9.799439016  
-9.075151355  
-6.889749498  
-4.255263285  
-2.147594099  
-1.210798272  
-1.595139918  
-2.966576284  
-4.668583329  
-5.970808012  
-6.316969194  
-5.49216447  
-3.662648521  
-1.286911153  
1.060437616  
2.88465504  
3.918068661  
4.171852438  
3.882453394  
3.380781049  
2.938584847  
2.652288972  
2.408736455  
1.945613548  
0.983630166  
-0.6201882568  
-2.758104497  
-5.04440745  
-6.894074217  
-7.688916967  
-6.980730858  
-4.664484748  
-1.06041359  
3.129849271  
6.98891828  
9.627570275  
10.43637652  
9.268919769  
6.49850032  
2.926855668  
-0.4323978542  
-2.634709187  
-3.068816596  
-1.627103273  
1.267662118  
4.786650328  
7.933153939  
9.824229576  
9.933428387  
8.225223793  
5.145147311  
1.473361864  
-1.910389394  
-4.277645765  
-5.243181276  
-4.843967511  
-3.48770457  
-1.793958037  
-0.3828463981  
0.3203532062  
0.2046161297  
-0.5165381843  
-1.400867288  
-1.942791951  
-1.751421481  
-0.6830355688  
1.112469297  
3.241957128  
5.195062312  
6.501273935  
6.865884104  
6.242506336  
4.823184441  
2.955466513  
1.019472496  
-0.6908807242  
-2.042656656  
-3.072698777  
-3.93270245  
-4.795167492  
-5.757283914  
-6.778897116  
-7.676991166  
-8.178245959  
-8.010590074  
-7.001599524  
-5.150040006  
-2.647066201  
0.1589589953  
2.841428439  
4.992648998  
6.310062508  
6.648815619  
6.031097818  
4.617348836  
2.655035556  
0.4241581006  
-1.805456133  
-3.799016668  
-5.366880805  
-6.368661386  
-6.719723735  
-6.403001827  
-5.481616017  
-4.102443206  
-2.480890057  
-0.8632404585  
0.5269750974  
1.542612961  
2.14642821  
2.408402079  
2.462970318  
2.43833082  
2.383874143  
2.227061074  
1.784154958  
0.8310196453  
-0.7837284434  
-3.02177709  
-5.582148283  
-7.912004437  
-9.316625916  
-9.149736892  
-7.032845468  
-3.033423469  
2.264837137  
7.839440796  
12.45004689  
14.95149511  
14.61248929  
11.34370805  
5.759931238  
-0.952711535  
-7.3344968  
-12.03267259  
-14.15411567  
-13.48495181  
-10.51115776  
-6.235260099  
-1.847989422  
1.640617689  
3.693708105  
4.372130331  
4.254674937  
4.184994163  
4.93324057  
6.888497774  
9.887455071  
13.23902673  
15.93866879  
17.00213814  
15.80748289  
12.33026766  
7.191351922  
1.498006542  
-3.472969138  
-6.649542134  
-7.476792591  
-6.068426895  
-3.151225326  
0.1765689655  
2.792402471  
3.889295232  
3.200783967  
1.043384071  
-1.829582805  
-4.507191875  
-6.235609991  
-6.662224719  
-5.929952487  
-4.594939817  
-3.400943803  
-2.9913543  
-3.659350349  
-5.222536852  
-7.065603984  
-8.338100761  
-8.242863302  
-6.320896414  
-2.639411888  
2.179250686  
7.1000024  
10.94768759  
12.72959911  
11.91331013  
8.580027739  
3.411438945  
-2.48336353  
-7.849767343  
-11.59945561  
-13.06903354  
-12.16118025  
-9.338742781  
-5.482145805  
-1.654060066  
1.165174345  
2.306330073  
1.553393895  
-0.8271189967  
-4.167989138  
-7.5683863  
-10.10459253  
-11.03722463  
-9.972212083  
-6.944807813  
-2.412437965  
2.839744088  
7.86020128  
11.72631751  
13.73411812  
13.54378977  
11.25078907  
7.367402237  
2.718274973  
-1.727904916  
-5.054488228  
-6.578781896  
-5.981815827  
-3.360882  
0.8019651023  
5.74337213  
10.56759744  
14.40785228  
16.56911128  
16.63044011  
14.49698109  
10.40248779  
4.870208036  
-1.358349936  
-7.418673918  
-12.43640763  
-15.65162757  
-16.54314722  
-14.93501851  
-11.06156488  
-5.566922604  
0.5768547968  
6.232124367  
10.31517104  
12.02873386  
11.05128582  
7.629782979  
2.542171439  
-3.071537399  
-7.974111328  
-11.1266328  
-11.93682315  
-10.39195462  
2.280598455  
-4.24760698  
-10.42297341  
-14.86150548  
-16.53652182  
-15.04691479  
-10.72697666  
-4.565592575  
2.04433407  
7.658571523  
11.14127259  
11.93646901  
10.18227961  
6.643417676  
2.487040307  
-1.032536306  
-2.894293922  
-2.554152344  
-0.05546112711  
4.011385415  
8.678009639  
12.8435048  
15.5306276  
16.09223927  
14.32721858  
10.49184543  
5.218445831  
-0.629097323  
-6.125974723  
-10.44900638  
-13.00597242  
-13.51743404  
-12.04600793  
-8.974038456  
-4.9342082  
-0.7009391397  
2.945029558  
5.360022674  
6.163687141  
5.320205829  
3.150407744  
0.2630712758  
-2.587042093  
-4.685478354  
-5.542904221  
-5.027202998  
-3.401235077  
-1.248817166  
0.6961714354  
1.771481955  
1.593591659  
0.1848948401  
-2.023051286  
-4.317170345  
-5.926347102  
-6.272641602  
-5.169524714  
-2.899868494  
-0.1429144919  
2.231992492  
3.442146216  
3.04989312  
1.116544129  
-1.80277767  
-4.826644956  
-7.026404092  
-7.726945097  
-6.729544704  
-4.380654675  
-1.460514211  
1.074253957  
2.409779062  
2.14895811  
0.4468478848  
-2.040194026  
-4.376296292  
-5.664391021  
-5.352388469  
-3.421267958  
-0.388835856  
2.873507492  
5.448031698  
6.694271076  
6.473706639  
5.193455688  
3.649893607  
2.724686854  
3.040183504  
4.699107571  
7.207307811  
9.615952863  
10.84217849  
10.0615782  
7.035860969  
2.256116334  
-3.158066697  
-7.78044642  
-10.32025116  
-10.03885082  
-6.999381923  
-2.060875985  
3.386592295  
7.86124134  
10.25819604  
10.19030532  
8.086014793  
5.011247863  
2.276674125  
0.9659792716  
1.548806831  
3.713568812  
6.479541122  
8.550492271  
8.786990458  
6.631517992  
2.334954419  
-3.099232032  
-8.238820232  
-11.70600116  
-12.65332416  
-11.06530829  
-7.776464242  
-4.193214761  
-1.810138003  
-1.684133341  
-4.04799892  
-8.200326439  
-12.716257  
-15.91444343  
-16.42678832  
-13.67988542  
-8.123667021  
-1.125446971  
5.441472725  
9.783248884  
10.75472125  
8.226418783  
3.129155477  
-2.838236112  
-7.742617849  
-10.01838456  
-8.943809768  
-4.841580984  
1.055095358  
7.020157473  
11.3950818  
13.10841801  
11.98915997  
8.780114081  
4.857056464  
1.75414943  
0.6547828089  
2.012157074  
5.415967004  
9.737974247  
13.49925246  
15.33429287  
14.40318259  
10.62763442  
4.689126033  
-2.194671071  
-8.631776308  
-13.43700958  
-15.91790973  
-15.99131224  
-14.11610652  
-11.08560081  
-7.760559559  
-4.831291583  
-2.675239905  
-1.336127229  
-0.6076422496  
-0.1739055872  
0.2509453979  
0.8300788313  
1.578635473  
2.39789651  
3.141075118  
3.677215187  
3.928569032  
3.874069918  
3.528865144  
2.919590909  
2.07371459  
1.030396705  
-0.1339988933  
-1.283482094  
-2.222562793  
-2.729818405  
-2.620582622  
-1.818944414  
-0.4108664889  
1.346832619  
3.072880678  
4.354361033  
4.858473732  
4.426504367  
3.117377275  
1.184929182  
-1.003735675  
-3.080162398  
-4.777088826  
-5.985712555  
-6.749038294  
-7.197206529  
-7.453168106  
-7.548884437  
-7.388337955  
-6.775726169  
-5.501110829  
-3.452182603  
-0.7080309592  
2.425192605  
5.457596038  
7.83056392  
9.069682486  
8.926388019  
7.461093584  
5.03903265  
2.238937808  
-0.2966715723  
-2.022323689  
-2.612462511  
-2.012540516  
-0.4105696228  
1.85114283  
4.386120783  
6.854582228  
9.006871177  
10.67429993  
11.72594696  
12.02458611  
11.41445199  
9.757833018  
7.012981523  
3.322357911  
-0.9319141843  
-5.143289583  
-8.582472182  
-10.56939451  
-10.66929082  
-8.850079802  
-5.542788527  
-1.572473366  
2.033229636  
4.310248185  
4.623480153  
2.851526688  
-0.5681692696  
-4.75181274  
-8.609709625  
-11.14562269  
-11.7278736  
-10.25388786  
-7.163013994  
-3.298703573  
0.3340288571  
2.841010502  
3.661647461  
2.682535772  
0.21962458  
-3.111878136  
-6.58875579  
-9.567962811  
-11.61651821  
-12.55388034  
-12.41063197  
-11.33543934  
-9.495961952  
-7.015222601  
-3.965453728  
-0.4149813912  
3.499432062  
7.513789222  
11.22605289  
14.14954784  
15.82150899  
15.93495108  
14.45001867  
11.64403861  
8.077035367  
4.475281144  
1.5614182  
-0.1229666138  
-0.352912193  
0.7242874128  
2.629045955  
4.674307774  
6.141669783  
6.462619632  
5.358857754  
2.907967919  
-0.4791061564  
-4.160007407  
-7.414920975  
-9.614206904  
-10.36009836  
-9.570608143  
-7.488101594  
-4.612428992  
-1.575473866  
1.013040833  
2.7118861  
3.351477126  
3.067600271  
2.255375885  
1.452548438  
1.180097099  
1.781380558  
3.304742694  
5.465873289  
7.706695712  
9.340946905  
9.750321645  
8.576699998  
5.852587958  
2.025508844  
-2.139149081  
-5.756376251  
-8.067750481  
-8.663792993  
-7.61309834  
-5.453217475  
-3.038628083  
-1.285490358  
-0.887403383  
-2.089437042  
-4.59367202  
-7.63151792  
-10.18705181  
-11.30724264  
-10.40496735  
-7.459509413  
-3.048217753  
1.805700215  
5.926878949  
8.334781263  
8.536969015  
6.676324802  
3.484311704  
0.05272192332  
-2.506121704  
-3.404807284  
-2.423187299  
0.02922783873  
3.051187892  
5.544916645  
6.575509184  
5.680753831  
3.032925687  
-0.5991234985  
-4.076640718  
-6.235950448  
-6.244898469  
-3.86086911  
0.4876065195  
5.818126671  
10.87135163  
14.46044746  
15.78639064  
14.62687561  
11.34950167  
6.75643495  
1.819752  
-2.602711644  
-5.980818239  
-8.193627722  
-9.465195769  
-10.19063575  
-10.72364284  
-11.2062601  
-11.50285538  
-11.26074084  
-10.07318143  
-7.683170803  
-4.150874391  
0.08081952388  
4.253681679  
7.479916961  
8.990706144  
8.368855149  
5.690085327  
1.525514636  
-3.198509195  
-7.442008141  
-10.32175984  
-11.32972463  
-10.43647232  
-8.053959239  
-4.876291811  
-1.654373904  
1.021890671  
2.866452055  
3.92557686  
4.491935225  
4.94223185  
5.559917904  
6.406834968  
7.288334421  
7.822688675  
7.589174279  
6.30217365  
3.949937633  
0.8485589789  
-2.410056193  
-5.10267495  
-6.568366348  
-6.392586881  
-4.526749513  
-1.308942469  
2.618001183  
6.464755425  
9.483296062  
11.13238841  
11.17974485  
9.721488983  
7.12464755  
3.918326307  
0.6687699784  
-2.129075304  
-4.122667392  
-5.130232888  
-5.134278362  
-4.254618692  
-2.714407628  
-0.8064162146  
1.140572608  
2.799605612  
3.8907701  
4.230906236  
3.777267379  
2.649673075  
1.117122707  
-0.4565380798  
-1.699661185  
-2.330823677  
-2.238198028  
-1.512801649  
-0.4207073011  
0.6809379889  
1.459105346  
1.713300384  
1.438865575  
0.8204495774  
0.1547001113  
-0.2729398511  
-0.3138196874  
-0.0365419675  
0.2719643685  
0.1922880604  
-0.6785105955  
-2.563705325  
-5.387237921  
-8.744214992  
-11.97963428  
-14.3566814  
-15.26387858  
-14.39436452  
-11.83743253  
-8.050306758  
-3.718325079  
0.4498403866  
3.922213999  
6.470111662  
8.178208458  
9.336733993  
10.25783088  
11.08741804  
11.68806751  
11.64476579  
10.40157015  
7.48782511  
2.755703381  
-3.459913384  
-10.32758737  
-16.67348489  
-21.26855872  
-23.16553493  
-21.9801898  
-18.02369318  
-12.23688575  
-5.939495109  
-0.4668384517  
3.196070461  
4.670963596  
4.255489337  
2.786786468  
1.346386481  
0.9029890494  
2.007294564  
4.633435729  
8.211642434  
11.83368297  
14.55751347  
15.70847835  
15.08004982  
12.97454889  
10.07970324  
7.230999447  
5.144477538  
4.209118104  
4.402217892  
5.34570194  
6.472610101  
7.238200117  
7.300277742  
6.61034496  
5.393154799  
4.033395608  
2.919083491  
2.301952293  
2.222865082  
2.521539772  
2.916666717  
3.117542283  
2.920829274  
2.257429619  
1.178959222  
-0.1999050135  
-1.769209111  
-3.466045108  
-5.270508905  
-7.158837742  
-9.040198861  
-10.71503961  
-11.8866683  
-12.2359358  
-11.53958005  
-9.788718749  
-7.255553556  
-4.469252573  
-2.092698895  
-0.729931238  
-0.7250030133  
-2.02390411  
-4.156050319  
-6.354100591  
-7.783035212  
-7.808251179  
-6.213594196  
-3.292198538  
0.2273191105  
3.40154677  
5.370821523  
5.637315516  
4.228407664  
1.688020671  
-1.103644959  
-3.222667433  
-4.007824499  
-3.276769483  
-1.378509475  
0.9350067204  
2.772914787  
3.412964235  
2.545984495  
0.3735769402  
-2.472439411  
-5.157402871  
-6.935186327  
-7.39932811  
-6.605491967  
-5.024264303  
-3.344908661  
-2.204409795  
-1.942473012  
-2.472821555  
-3.317824911  
-3.793295087  
-3.274898201  
-1.4474174  
1.55604751  
5.177957585  
8.616740935  
11.09993005  
12.151619  
11.75705803  
10.3636047  
8.715928323  
7.583172708  
7.475136251  
8.449184404  
10.0778984  
11.59064108  
12.14063521  
11.1047947  
8.312020407  
4.120984922  
-0.6787479877  
-5.107099195  
-8.291985482  
-9.724496594  
-9.386934298  
-7.716391817  
-5.424653747  
-3.24405273  
-1.691263481  
-0.9298170187  
-0.7724473151  
-0.8113919919  
-0.618614556  
0.06515452212  
1.225324741  
2.589583953  
3.753775809  
4.362797043  
4.27041233  
3.61052331  
2.747601302  
2.122371706  
2.051882366  
2.564253879  
3.339070958  
3.787287503  
3.252718764  
1.269671648  
-2.214516086  
-6.737045032  
-11.38532539  
-15.02306157  
-16.61377351  
-15.54273974  
-11.83451355  
-6.192914068  
0.1554183283  
5.772252505  
9.384502196  
10.21771496  
8.19166502  
3.925806396  
-1.441082621  
-6.560143253  
-10.22037292  
-11.64012348  
-10.62947853  
-7.59182109  
-3.378596914  
0.9518690284  
4.401915379  
6.261137519  
6.243655128  
4.515804636  
1.621757353  
-1.664699218  
-4.523557858  
-6.267825493  
-6.485385906  
-5.120035393  
-2.479062015  
0.8338489001  
4.049622851  
6.405862893  
7.326095008  
6.566122  
4.289203068  
1.044187085  
-2.357039142  
-5.039046849  
-6.290891918  
-5.760699595  
-3.558953912  
-0.2353687601  
3.369743919  
6.359789029  
8.033331873  
8.075886172  
6.631919221  
4.234194478  
1.614121017  
-0.5433401021  
-1.817218969  
-2.16630443  
-1.903759744  
-1.540774477  
-1.556574653  
-2.179977037  
-3.265612484  
-4.315726899  
-4.646757271  
-3.646465441  
-1.031751594  
2.987639327  
7.705113081  
12.08511598  
15.05527914  
15.83011497  
14.15960618  
10.41858749  
5.504684841  
0.5764137208  
-3.283838001  
-5.372731093  
-5.538650895  
-4.173726707  
-2.036888791  
0.02360511585  
1.348494081  
1.651778224  
1.054207641  
-0.0333644932  
-1.121178467  
-1.858125227  
-2.169108969  
-2.260282609  
-2.494324254  
-3.190765319  
-4.437463541  
-5.996458704  
-7.351250464  
-7.886455637  
-7.136061698  
-5.00459164  
-1.869508529  
1.486865307  
4.105482213  
5.166666317  
4.284195608  
1.668481058  
-1.908385223  
-5.344634043  
-7.565525323  
-7.884342863  
-6.240632497  
-3.227407265  
0.1089460633  
2.632289419  
3.519882171  
2.563316783  
0.2574222773  
-2.360821633  
-4.074055704  
-3.925301477  
-1.584648306  
2.489792208  
7.160377098  
10.9597453  
12.56983206  
11.27081253  
7.207444915  
1.379247093  
-4.647582683  
-9.215559346  
-11.08471252  
-9.809718622  
-5.864235305  
-0.4757164579  
4.770411249  
8.423675344  
9.596480435  
8.191244498  
4.862183067  
0.7381531304  
-2.987855833  
-5.456483643  
-6.391700213  
-6.124428645  
-5.394463323  
-5.013216564  
-5.516574378  
-6.936776708  
-8.775928694  
-10.18897543  
-10.30765502  
-8.586159379  
-5.041609234  
-0.3000819802  
4.572106955  
8.396496822  
10.25879465  
9.80555548  
7.361172347  
3.826773065  
0.3965268764  
-1.812756552  
-2.096470644  
-0.3547613805  
2.912919121  
6.799166853  
10.29293049  
12.59053158  
13.31149973  
12.55628454  
10.80104108  
8.680938567  
6.748229836  
5.29327546  
4.28722919  
3.455988285  
2.445424416  
1.00576376  
-0.880433622  
-2.97690896  
-4.885395883  
-6.211638757  
-6.737581386  
-6.528628019  
-5.929629773  
-5.445828283  
-5.549759305  
-6.485057859  
-8.142045128  
-10.05617153  
-11.53713016  
-11.88947084  
-10.65144156  
-7.77016335  
-3.651259474  
0.9372152935  
5.077627167  
7.964216946  
9.129044233  
8.56080573  
6.681520747  
4.193497257  
1.851275992  
0.2356063463  
-0.397658518  
-0.149721163  
0.6093717158  
1.409544091  
1.864773349  
1.805551912  
1.31516687  
0.6625266319  
0.1629819279  
0.02475264885  
0.242846179  
0.5837943836  
0.6698246322  
0.1331466404  
-1.216675589  
-3.276350563  
-5.631665667  
-7.653739904  
-8.683008196  
-8.243017637  
-6.212953967  
-2.898563621  
1.027308589  
4.701411689  
7.312148232  
8.33272386  
7.672150032  
5.695547497  
3.105585657  
0.7202564836  
-0.7851937199  
-1.092616384  
-0.3448860418  
0.894032047  
1.812780143  
1.609634476  
-0.2428668114  
-3.80411774  
-8.600588899  
-13.71121534  
-17.98158902  
-20.30958648  
-19.92577187  
-16.59406154  
-10.68092127  
-3.077163225  
5.004399254  
12.30083295  
17.77022703  
20.79531179  
21.27370904  
19.5807252  
16.42419298  
12.63743832  
8.969072584  
5.924490164  
3.695673686  
2.188673455  
1.13003019  
0.212144856  
-0.7711036357  
-1.841360654  
-2.82991725  
-3.448277876  
-3.409866324  
-2.560944946  
-0.9750898665  
1.023894584  
2.923935112  
4.158051669  
4.27196693  
3.075616624  
0.7298601541  
-2.263488578  
-5.172791451  
-7.223133269  
-7.808487902  
-6.669494443  
-3.983889914  
-0.3398820823  
3.404546693  
6.340337482  
7.744718989  
7.271264396  
5.039334837  
1.597868091  
-2.225676524  
-5.547713243  
-7.658842858  
-8.197631315  
-7.221190059  
-5.157308425  
-2.657925845  
-0.4018880411  
1.092315006  
1.589312475  
1.163354464  
0.128406943  
-1.098007008  
-2.147661021  
-2.8191153  
-3.122462583  
-3.240489456  
-3.424821228  
-3.867928872  
-4.599811475  
-5.449075687  
-6.085331418  
-6.130933149  
-5.305037155  
-3.549983273  
-1.09392375  
1.577036583  
3.834957959  
5.083268648  
4.936238822  
3.349850947  
0.6623441872  
-2.471128976  
-5.234260877  
-6.853745134  
-6.796010405  
-4.903295359  
-1.433849317  
3.001590219  
7.58636802  
11.48578965  
14.02639969  
14.82315539  
13.82892533  
11.30389207  
7.723736055  
3.658835761  
-0.3409327789  
-3.829082464  
-6.500877872  
-8.190505926  
-8.842182813  
-8.474914173  
-7.157580863  
-5.002512488  
-2.175296065  
1.08981499  
4.482983177  
7.632199456  
10.14189005  
11.65259229  
11.90935492  
10.82205621  
8.500719643  
5.25397369  
1.546706453  
-2.077576478  
-5.095813118  
-7.106274315  
-7.909947319  
-7.553591479  
-6.322325768  
-4.679348198  
-3.16185088  
-2.252964317  
-2.257552583  
-3.212140738  
-4.85481212  
-6.66928044  
-8.000135859  
-8.217333289  
-6.892006478  
-3.937925417  
0.3232713748  
5.198928626  
9.764755327  
13.07875928  
14.41819583  
13.47678271  
10.46529141  
6.081215327  
1.347756439  
-2.640966924  
-5.002900794  
-5.302416437  
-3.669519192  
-0.7673818164  
2.386552901  
4.699207343  
5.304226129  
3.804350997  
0.3861215022  
-4.22496252  
-8.955810161  
-12.66966726  
-14.46351282  
-13.89791269  
-11.09927088  
-6.71190358  
-1.719582743  
2.809189977  
5.980549369  
7.27156603  
6.618373655  
4.384146894  
1.228277534  
-2.078386651  
-4.839074145  
-6.571915239  
-7.079621337  
-6.444522488  
-4.96496388  
-3.059671049  
-1.167371275  
0.338179293  
1.207802033  
1.349689357  
0.8381294828  
-0.09955228188  
-1.117956509  
-1.811654977  
-1.79454303  
-0.791475361  
1.275768959  
4.232518439  
7.648805714  
10.90411034  
13.31487661  
14.29945249  
13.53837593  
11.08253941  
7.371029862  
3.144051835  
-0.7328653021  
-3.488062609  
-4.644310411  
-4.140582479  
-2.336376115  
0.1047644255  
2.417907229  
3.962698698  
4.40121548  
3.771151439  
2.43182562  
0.9031098642  
-0.3459032671  
-1.083305958  
-1.407737703  
-1.711364834  
-2.520169194  
-4.263304295  
-7.05155831  
-10.54695817  
-13.97964978  
-16.32176564  
-16.57592618  
-14.09498414  
-8.833784486  
-1.448824113  
6.796056073  
14.30279638  
19.52206081  
21.34249179  
19.37867099  
14.0775056  
6.613570048  
-1.397644786  
-8.290226196  
-12.7379487  
-14.04396543  
-12.26160498  
-8.126286987  
-2.829254829  
2.297641368  
6.100294055  
7.845809032  
7.340781522  
4.911413788  
1.268583157  
-2.69445715  
-6.115319567  
-8.337364676  
-9.014994803  
-8.139972111  
-5.998534279  
-3.081116568  
0.02975172346  
2.770504812  
4.689919413  
5.514664878  
5.182013113  
3.838187507  
1.803591876  
-0.4903281301  
-2.583564309  
-4.075527814  
-4.701585345  
-4.381374178  
-3.227002996  
-1.508153241  
0.4178960182  
2.193696246  
3.543695641  
4.329658185  
4.565923821  
4.392967466  
4.019911951  
3.655258662  
3.447127102  
3.449652289  
3.622223239  
3.857082436  
4.021890885  
4.000541829  
3.718417378  
3.145976099  
2.284017926  
1.141367558  
-0.2816527871  
-1.993661658  
-3.993664485  
-6.239570427  
-8.616669426  
-10.92113517  
-12.87003565  
-14.14116116  
-14.43593432  
-13.55015889  
-11.43334518  
-8.219010874  
-4.215570202  
0.1424902468  
4.372876808  
8.035288728  
10.81187015  
12.55967929  
13.32332959  
13.30526758  
12.80101005  
12.11460054  
11.47444386  
10.97006992  
10.52655216  
9.925308703  
8.869498726  
7.080684279  
4.403841507  
0.892393459  
-3.153561395  
-7.213860459  
-10.64221265  
-12.81122539  
-13.27515762  
-11.90699306  
-8.967764158  
-5.080096244  
-1.102295959  
2.072036561  
3.739568177  
3.576406242  
1.734642997  
-1.187195559  
-4.298306505  
-6.655928916  
-7.525626298  
-6.586435054  
-4.019422813  
-0.4516561159  
3.229180426  
6.134283698  
7.628498722  
7.502322604  
6.008783529  
3.755599195  
1.489442847  
-0.1561592102  
-0.8661454488  
-0.73500352  
-0.2143882325  
0.0640303395  
-0.4702749859  
-2.104020641  
-4.712577609  
-7.772579521  
-10.51264971  
-12.15383669  
-12.16094571  
-10.42198229  
-7.296513729  
-3.51686637  
0.02571669871  
2.540989543  
3.563035809  
3.06822628  
1.455005795  
-0.6017427661  
-2.369345479  
-3.27596273  
-3.060605361  
-1.812845562  
0.100287775  
2.185404841  
3.994011851  
5.254639536  
5.925719099  
6.160695249  
6.208912081  
6.29673136  
6.536144132  
6.893190713  
7.222421312  
7.34697426  
7.147041145  
6.618287361  
5.876247991  
5.106233612  
4.481337383  
4.084442231  
3.868498227  
3.673497436  
3.295248645  
2.579118703  
1.500799258  
0.1998045325  
-1.050973509  
-1.931862511  
-2.189241193  
-1.733655442  
-0.68666239  
0.6420900356  
1.840888313  
2.515997397  
2.405061556  
1.446714216  
-0.2137880778  
-2.27975688  
-4.395021184  
-6.238244344  
-7.588694728  
-8.347680298  
-8.519760779  
-8.173732716  
-7.408642439  
-6.342521486  
-5.125277343  
-3.959540358  
-3.103855114  
-2.836301317  
-3.374026644  
-4.768312977  
-6.815460809  
-9.030374091  
-10.71646013  
-11.13432987  
-9.732386533  
-6.369665803  
-1.44928311  
4.102269988  
9.030866838  
12.08826002  
12.41275322  
9.838033349  
5.020611278  
-0.6757010969  
-5.525973965  
-7.932231204  
-6.911196368  
-2.429025658  
4.530794366  
12.20191598  
18.51366438  
21.67613121  
20.69651625  
15.66859444  
7.745574836  
-1.195410478  
-9.0926401  
-14.27540779  
-15.89943411  
-14.11377851  
-9.919866701  
-4.783484216  
-0.138314893  
3.050613273  
4.522781411  
4.691032674  
4.372196461  
4.390786051  
5.208432742  
6.71825559  
8.280024534  
8.982079945  
8.031139226  
5.122063948  
0.6436905847  
-4.366718563  
-8.518830175  
-10.52200589  
-9.642848583  
-6.006509432  
-0.6284683715  
4.84858443  
8.639297714  
9.371710346  
6.537292499  
0.6877711654  
-6.689369599  
-13.58339364  
-18.03650063  
-18.70848769  
-15.25968352  
-8.440215174  
0.1343688694  
8.445657711  
14.62888647  
17.45756648  
16.62052755  
12.72566001  
7.050084723  
1.13004337  
-3.676548292  
-6.526176303  
-7.238648185  
-6.238013495  
-4.329286207  
-2.398836833  
-1.138164089  
-0.8703808172  
-1.516256289  
-2.688516867  
-3.865132337  
-4.575608263  
-4.540909632  
-3.731977544  
-2.343219472  
-0.7042531144  
0.8323044625  
1.989641736  
2.626820076  
2.75198276  
2.495783472  
2.060817212  
1.663894259  
1.483784637  
1.621459788  
2.075929676  
2.738033518  
3.405094434  
3.819136674  
3.727518898  
2.957427496  
1.486724509  
-0.5120716591  
-2.676776874  
-4.520809165  
-5.551861553  
-5.416525861  
-4.028501252  
-1.635308316  
1.208326021  
3.765731894  
5.315062351  
5.363163601  
3.810212537  
1.008303784  
-2.313368748  
-5.242799444  
-6.945307453  
-6.911408932  
-5.114176404  
-2.023630743  
1.530335181  
4.606453632  
6.435343466  
6.64841881  
5.379766443  
3.208870351  
0.9633325734  
-0.5541265439  
-0.8259078308  
0.216445381  
2.175736893  
4.322931228  
5.835413065  
6.061282728  
4.724924658  
2.010628533  
-1.497764575  
-4.996394627  
-7.698703111  
-9.054272578  
-8.883501799  
-7.393754578  
-5.082670608  
-2.569604141  
-0.414772056  
1.01681997  
1.611108527  
1.475756261  
0.8505358322  
-0.001115920056  
-0.8776671117  
-1.675583586  
-2.372639827  
-2.976879716  
-3.471644018  
-3.785428307  
-3.801560796  
-3.403468291  
-2.534521504  
-1.244364902  
0.3014001722  
1.856144063  
3.161202581  
4.023690379  
4.373573147  
4.277822877  
3.906219786  
3.462244721  
3.106399764  
2.902267276  
2.806465015  
2.705880154  
2.486052744  
2.101288289  
1.615336498  
1.192483708  
1.038573223  
1.312371801  
2.041645343  
3.079331148  
4.122511061  
4.794461407  
4.766042138  
3.875992288  
2.20688163  
0.0861142806  
-1.994388443  
-3.518467709  
-4.103370201  
-3.624423052  
-2.265555484  
-0.477333511  
1.1466748  
2.038835374  
1.821359425  
0.4170134448  
-1.924383411  
-4.688984678  
-7.230559746  
-8.931738868  
-9.350592071  
-8.316504314  
-5.956758615  
-2.655802125  
1.03437204  
4.505838584  
7.202370214  
8.704734062  
8.785315159  
7.431993172  
4.844994833  
1.410144453  
-2.350281069  
-5.848606786  
-8.521478778  
-9.928462189  
-9.841964922  
-8.306024789  
-5.642907073  
-2.396315451  
0.7836903832  
3.29048252  
4.707826524  
4.912509456  
4.10024052  
2.722893987  
1.351458209  
0.5026874987  
0.4805797907  
1.281284705  
2.591909577  
3.885284595  
4.582793518  
4.235822797  
2.670102373  
0.04864534573  
-3.165599187  
-6.335077228  
-8.821667149  
-10.15616256  
-10.15301186  
-8.938878231  
-6.891558693  
-4.513434203  
-2.282227815  
-0.5257953243  
0.6435781549  
1.321532478  
1.741351083  
2.170573054  
2.81172446  
3.738902381  
4.8865816  
6.087561209  
7.140691374  
7.881051261  
8.227744007  
8.195429361  
7.870380324  
7.364764267  
6.769134481  
6.121494314  
5.402883041  
4.558207089  
3.531497401  
2.300472821  
0.8973906138  
-0.5899148737  
-2.034347732  
-3.294355378  
-4.236701642  
-4.750080824  
-4.748942449  
-4.173341326  
-2.993484717  
-1.225490575  
1.042033185  
3.619519815  
6.201384403  
8.380447316  
9.701191258  
9.748906509  
8.257218956  
5.205338519  
0.8732445278  
-4.169956414  
-9.152584047  
-13.24884453  
-15.75626837  
-16.25764913  
-14.72371336  
-11.52648606  
-7.356461735  
-3.062853359  
0.5425561545  
2.867207218  
3.65861874  
3.034874481  
1.420558376  
-0.5902221387  
-2.403075368  
-3.577324142  
-3.924121099  
-3.526019986  
-2.678950217  
-1.779469249  
-1.19425454  
-1.151356233  
-1.683442575  
-2.635777082  
-3.73126025  
-4.66803616  
-5.216606392  
-5.285303817  
-4.934497209  
-4.336998376  
-3.699610558  
-3.173203651  
-2.782391693  
-2.399886215  
-1.77662019  
-0.6211566817  
1.294114513  
4.03208373  
7.4275634  
11.08425581  
14.43827144  
16.87554889  
17.87454996  
17.13743318  
14.67472987  
10.82023823  
6.170823668  
1.465563786  
-2.565988378  
-5.349290371  
-6.569866393  
-6.215593634  
-4.551053779  
-2.036084953  
0.7866167762  
3.405254016  
5.428091673  
6.632400929  
6.970312441  
6.54008858  
5.537735759  
4.204438349  
2.780729547  
1.471928021  
0.4237299456  
-0.2951163165  
-0.7044427426  
-0.9158584477  
-1.121233212  
-1.560029557  
-2.463761448  
-3.984509696  
-6.124242475  
-8.688049964  
-11.28364149  
-13.38001387  
-14.42126364  
-13.9723725  
-11.8584925  
-8.254446214  
-3.689836388  
1.043323774  
5.065025  
7.621299881  
8.279218048  
7.045031724  
4.366863926  
1.016002427  
-2.122610469  
-4.291269007  
-5.061057299  
-4.433793955  
-2.814051836  
-0.8610367919  
0.7320686645  
1.460775223  
1.162981428  
0.05540668991  
-1.356964625  
-2.466328664  
-2.778813131  
-2.088826043  
-0.5516334874  
1.370697586  
3.071847202  
4.016980399  
3.937653253  
2.938170195  
1.474777232  
0.2117393125  
-0.2001413936  
0.6498143187  
2.775488885  
5.760404548  
8.860726077  
11.21418053  
12.0902187  
11.10387558  
8.328050633  
4.271792334  
-0.2653733188  
-4.415005569  
-7.467854873  
-9.040633184  
-9.136614634  
-8.091201584  
-6.430092244  
-4.692783189  
-3.280232444  
-2.371715169  
-1.928301896  
-1.769230564  
-1.683580811  
-1.531109968  
-1.294594374  
-1.067657063  
-0.9882639058  
-1.149038412  
-1.52392882  
-1.943875487  
-2.135050623  
-1.80908343  
-0.7744460279  
0.9710170811  
3.201379674  
5.495323649  
7.334326571  
8.23878566  
7.901960602  
6.282052791  
3.625507659  
0.4152684516  
-2.740670883  
-5.249149631  
-6.663004113  
-6.771485316  
-5.631253868  
-3.536209227  
-0.9396483091  
1.648375667  
3.763400991  
5.067804143  
5.398388448  
4.776735915  
3.386246342  
1.524482745  
-0.4584300853  
-2.224370718  
-3.504420777  
-4.139704693  
-4.099171409  
-3.471139006  
-2.430586673  
-1.189930313  
0.05410303203  
1.162789623  
2.074601132  
2.795674185  
3.36564948  
3.812274764  
4.113567979  
4.185246707  
3.9028021  
3.154452352  
1.90765096  
0.2630168823  
-1.530148903  
-3.112230694  
-4.102785345  
-4.218537993  
-3.38250623  
-1.783981355  
0.1397636128  
1.8060032  
2.650850937  
2.308887024  
0.7507921837  
-1.670821726  
-4.292009425  
-6.313406738  
-7.034918099  
-6.079711252  
-3.535971774  
0.03397793851  
3.728878674  
6.554833903  
7.712797403  
6.841097282  
4.137120273  
0.3169788469  
-3.579400535  
-6.48248997  
-7.59994636  
-6.644053242  
-3.911408298  
-0.1911104387  
3.469922335  
6.072739136  
6.95070526  
5.948040423  
3.44241171  
0.2103341134  
-2.817721963  
-4.833695942  
-5.374708288  
-4.428001152  
-2.393930069  
0.07114274922  
2.273609779  
3.688863512  
4.090306464  
3.566764615  
2.43413615  
1.083124973  
-0.1756005526  
-1.210457878  
-2.077959004  
-2.94310913  
-3.947477128  
-5.082152729  
-6.122447533  
-6.659388083  
-6.227053028  
-4.487304593  
-1.407929842  
2.634208028  
6.873544053  
10.31030474  
11.96531071  
11.16505702  
7.7713713  
