6.994722842  
3.359460594  
-0.2685445683  
-2.593545653  
-2.801581509  
-0.8181412876  
2.679499975  
6.498726277  
9.336847705  
10.21848567  
8.817912774  
5.558721169  
1.459582451  
-2.218240322  
-4.398465835  
-4.544626925  
-2.821039827  
-0.007507763126  
2.797915336  
4.579648612  
4.76475637  
3.414181703  
1.177948131  
-0.9676217719  
-2.103747742  
-1.73302575  
0.01149913344  
2.391833084  
4.320608824  
4.758636259  
3.113221158  
-0.5072264912  
-5.278475026  
-9.898641098  
-13.0032505  
-13.6177711  
-11.49292611  
-7.20662379  
-1.995402743  
2.629598582  
5.354090687  
5.462726267  
3.04044905  
-1.088249261  
-5.653631564  
-9.361865279  
-11.29697133  
-11.16978784  
-9.338729114  
-6.609913338  
-3.901603238  
-1.901933773  
-0.8450868836  
-0.4817372219  
-0.2438998675  
0.4691837907  
2.001930455  
4.26680431  
6.75353352  
8.721893213  
9.504475041  
8.801080928  
6.846276374  
4.376625146  
2.398227938  
1.830949781  
3.155371571  
6.192850835  
10.10598004  
13.63066587  
15.46910735  
14.71438072  
11.16328869  
5.410048557  
-1.313010016  
-7.496337851  
-11.79670354  
-13.41845788  
-12.31152301  
-9.12974418  
-4.975554608  
-1.027442553  
1.818690353  
3.175620002  
3.193161445  
2.397566265  
1.417866426  
0.7112500538  
0.392661431  
0.2279509019  
-0.2166806618  
-1.337696386  
-3.271724637  
-5.782280274  
-8.305909865  
-10.14360885  
-10.72419518  
-9.835153677  
-7.726107668  
-5.036932119  
-2.569808562  
-0.9864728635  
-0.5448233886  
-0.979497071  
-1.581204764  
-1.456965369  
0.1158330465  
3.368461864  
7.874875769  
12.61285379  
16.24648596  
17.54521513  
15.8026906  
11.11263964  
4.402397041  
-2.797015436  
-8.778012557  
-12.14840752  
-12.2332132  
-9.259908951  
-4.270975241  
1.204731931  
5.614070046  
7.828248287  
7.440551884  
4.829309999  
0.9807942812  
-2.857029421  
-5.569822815  
-6.49418622  
-5.564778545  
-3.261595112  
-0.3951486281  
2.183544515  
3.84556476  
4.337113544  
3.787224356  
2.588420938  
1.21047553  
0.02325599492  
-0.8086227233  
-1.331681518  
-1.723842054  
-2.174777062  
-2.782679422  
-3.510811672  
-4.217523868  
-4.740049966  
-4.989361442  
-5.009405627  
-4.970621657  
-5.09694314  
-5.555411221  
-6.355448245  
-7.303304551  
-8.036489582  
-8.131521876  
-7.248307448  
-5.258256385  
-2.307288887  
1.211909196  
4.770423125  
7.857672081  
10.12471116  
11.46561631  
12.01017654  
12.03491055  
11.83045453  
11.57915856  
11.29149519  
10.8254606  
9.979073915  
8.615863978  
6.768735741  
4.674953243  
2.721619741  
1.317011173  
0.7343490817  
0.9888095223  
1.799459104  
2.658208705  
2.988311915  
2.340221567  
0.556038734  
-2.157904576  
-5.279859813  
-8.129880385  
-10.08347745  
-10.76893507  
-10.18041738  
-8.668362464  
-6.811742909  
-5.218311522  
-4.323625598  
-4.258810298  
-4.831000197  
-5.619018984  
-6.145215013  
-6.057834401  
-5.256378701  
-3.915412585  
-2.401454149  
-1.118074575  
-0.3409802269  
-0.1078531859  
-0.2060370093  
-0.2631909007  
0.09393266548  
1.074132845  
2.614847659  
4.377424594  
5.850246522  
6.5247639  
6.081362904  
4.517124217  
2.167638907  
-0.3870785908  
-2.500925533  
-3.662536094  
-3.649225768  
-2.582213963  
-0.8672314981  
0.9543749995  
2.387993999  
3.135880333  
3.164105414  
2.668483425  
1.96024458  
1.3217673  
0.8918161801  
0.6257172855  
0.3439594355  
-0.1540727697  
-0.9619226662  
-1.981254435  
-2.921793804  
-3.393755727  
-3.062187607  
-1.804948747  
0.1901322244  
2.434500711  
4.262646112  
5.03569557  
4.358153244  
2.231981911  
-0.909555957  
-4.30626189  
-7.084222497  
-8.51026062  
-8.204703876  
-6.243029993  
-3.114493293  
0.4453975253  
3.68917023  
6.077717559  
7.413122082  
7.843470591  
7.745819996  
7.537071795  
7.487143417  
7.606020496  
7.647056716  
7.224304698  
5.997903925  
3.854859031  
1.012624285  
-1.999966052  
-4.485455674  
-5.799286622  
-5.574419195  
-3.86896725  
-1.180669653  
1.683791233  
3.847263642  
4.633584303  
3.784418196  
1.550298066  
-1.375461231  
-4.061052594  
-5.616156153  
-5.461759866  
-3.50837484  
-0.1908282925  
3.647508536  
6.983216353  
8.884929263  
8.751181225  
6.45109455  
2.337236119  
-2.861901139  
-8.230150054  
-12.87600815  
-16.11352097  
-17.57265214  
-17.22486402  
-15.3336221  
-12.35629471  
-8.829515684  
-5.265842515  
-2.078868482  
2.107764343  
3.438918453  
3.624120182  
2.923006116  
1.874342464  
1.101758874  
1.103392199  
2.089718578  
3.916744583  
6.131366346  
8.111572879  
9.256508146  
9.168021376  
7.769653907  
5.329220461  
2.380478141  
-0.4306204179  
-2.528276692  
-3.563803095  
-3.502294006  
-2.615908875  
-1.388816462  
-0.3644920704  
0.01794896749  
-0.4500398465  
-1.693390818  
-3.386478064  
-5.059188496  
-6.241680471  
-6.603254476  
-6.04424949  
-4.715707369  
-2.964582545  
-1.225028012  
0.1081081976  
0.7837192985  
0.7461300574  
0.1218167627  
-0.8492225593  
-1.910035053  
-2.875742325  
-3.683837054  
-4.389426604  
-5.109519056  
-5.939221606  
-6.873457844  
-7.766531501  
-8.348974781  
-8.300823681  
-7.359657497  
-5.427656724  
-2.639689499  
0.6348654449  
3.863338683  
6.477180544  
8.019596363  
8.269518447  
7.303801532  
5.47773214  
3.32842666  
1.429052146  
0.2363225101  
-0.02490809289  
0.5917978119  
1.787215482  
3.115300445  
4.116443881  
4.445535186  
3.959718244  
2.745320855  
1.082674041  
-0.6349437399  
-2.001569925  
-2.690286834  
-2.516041687  
-1.46105414  
0.3340754097  
2.603116024  
4.999042067  
7.14258768  
8.671472148  
9.290581479  
8.82272884  
7.254834695  
4.768155261  
1.737504413  
-1.313321947  
-3.802965903  
-5.218708934  
-5.249793317  
-3.890260656  
-1.474917355  
1.37384735  
3.886165894  
5.341694466  
5.271454613  
3.604612845  
0.7110987363  
-2.681329457  
-5.679662466  
-7.476748881  
-7.588273491  
-6.003188423  
-3.198370391  
-0.008331843398  
2.614574926  
3.878959669  
3.387872032  
1.255186851  
-1.931395803  
-5.289445928  
-7.90738379  
-9.113876042  
-8.667848691  
-6.811699159  
-4.174424341  
-1.559187726  
0.3141211553  
1.028151064  
0.5805734722  
-0.6422359827  
-2.016263914  
-2.901350001  
-2.857640249  
-1.785902565  
0.05149933669  
2.130855293  
3.849959136  
4.728769145  
4.559824986  
3.460195447  
1.812198593  
0.1187330558  
-1.172843974  
-1.815778936  
-1.828809138  
-1.461857046  
-1.079019618  
-1.004156297  
-1.386173747  
-2.132690154  
-2.935336214  
-3.377023462  
-3.082679948  
-1.860241364  
0.2173390337  
2.817303634  
5.437667283  
7.55250095  
8.763680875  
8.910016472  
8.100164305  
6.661875438  
5.0274585  
3.594932172  
2.610008891  
2.104742981  
1.908521581  
1.723179541  
1.234618032  
0.2241257649  
-1.354391478  
-3.35185871  
-5.458877205  
-7.283939005  
-8.450567817  
-8.686845358  
-7.886279699  
-6.12896199  
-3.662664829  
-0.8519071345  
1.892362876  
4.188625703  
5.753241699  
6.450356557  
6.314286787  
5.538372709  
4.429122424  
3.33142662  
2.538940946  
2.210977441  
2.320199573  
2.65126529  
2.858625241  
2.574157428  
1.537119634  
-0.2932760163  
-2.683084155  
-5.153836159  
-7.100080384  
-7.967216309  
-7.438285903  
-5.568618447  
-2.817067091  
0.04877858162  
2.156472105  
2.786841559  
1.608239334  
-1.190342741  
-4.917900923  
-8.556818405  
-11.04948736  
-11.61189301  
-9.976466882  
-6.484662894  
-1.994717324  
2.371571007  
5.566469221  
6.932396606  
6.39509921  
4.470610423  
2.082452594  
0.247655736  
-0.266078411  
0.8007696372  
3.110731644  
5.840972803  
7.959553238  
8.575671838  
7.248345273  
4.151193912  
0.03828675449  
-3.978658522  
-6.769719846  
-7.533279106  
-6.038946015  
-2.691382314  
1.601238645  
5.707247135  
8.607119863  
9.677700376  
8.839489885  
6.529888149  
3.523579823  
0.6691856092  
-1.366634549  
-2.266440713  
-2.096099048  
-1.210393969  
-0.07851125869  
0.8991177841  
1.51547419  
1.784366619  
1.87247396  
1.974650168  
2.190583296  
2.456295767  
2.558364959  
2.222976125  
1.24039307  
-0.4290633462  
-2.613754428  
-4.973337325  
-7.109525866  
-8.700237276  
-9.601645543  
-9.874691483  
-9.723276211  
-9.368859325  
-8.915132458  
-8.264816713  
-7.133566058  
-5.168667535  
-2.136273199  
1.892846  
6.438302089  
10.6443769  
13.46647835  
13.96722587  
11.63407281  
6.612040457  
-0.2373110013  
-7.489643961  
-13.49640253  
-16.81795317  
-16.62507424  
-12.94571414  
-6.676902228  
0.6482881188  
7.274208503  
11.69625566  
13.05605335  
11.34423382  
7.356576404  
2.424737809  
-1.990193575  
-4.715403613  
-5.172037834  
-3.486093529  
-0.3857744198  
3.067444578  
5.819740024  
7.129349232  
6.7466914  
4.929272555  
2.305769672  
-0.3507193752  
-2.358809849  
-3.300102554  
-3.082319087  
-1.892566814  
-0.07611674016  
2.00389137  
4.072467291  
5.982440521  
7.686165344  
9.165216274  
10.35832368  
11.12469277  
11.26154609  
10.56985115  
8.940625626  
6.424735317  
3.254774808  
-0.1939095064  
-3.492546831  
-6.268585413  
-8.297751923  
-9.546918145  
-10.15419353  
-10.35528086  
-10.38401537  
-10.38313572  
-10.35638054  
-10.17701493  
-9.647306416  
-8.585801894  
-6.910619618  
-4.690048693  
-2.144366235  
0.399877965  
2.586549  
4.11273858  
4.793648071  
4.594181608  
3.623990427  
2.103747434  
0.3164053588  
-1.442811791  
-2.908641674  
-3.877135691  
-4.227325786  
-3.93491436  
-3.077282946  
-1.825880933  
-0.4210556767  
0.8725093134  
1.824613011  
2.299272146  
2.296672194  
1.959516712  
1.53468874  
1.29560872  
1.446134766  
2.037320164  
2.92844608  
3.81224022  
4.303509458  
4.067403387  
2.946585376  
1.04251087  
-1.282149958  
-3.488326019  
-5.011226989  
-5.431230481  
-4.609357568  
-2.740669458  
-0.3045931667  
2.074797641  
3.814751901  
4.545760505  
4.213218705  
3.076204019  
1.60588419  
0.3204935632  
-0.3849122795  
-0.3551625756  
0.3001956084  
1.278137067  
2.218454918  
2.850796664  
3.095219875  
3.077937884  
3.057329332  
3.290779199  
3.89692102  
4.770959889  
5.591454113  
5.92198694  
5.373809268  
3.769774445  
1.246101632  
-1.751166266  
-4.580810878  
-6.596959984  
-7.351002242  
-6.734113329  
-5.009218801  
-2.720077764  
-0.5091889888  
1.090840772  
1.818243637  
1.73907021  
1.182680291  
0.5838332068  
0.2944691636  
0.4395944931  
0.8743061933  
1.259280701  
1.224730645  
0.5561103046  
-0.6767842076  
-2.106545373  
-3.186353029  
-3.403069015  
-2.507225963  
-0.6684744802  
1.51427353  
3.169222522  
3.434556074  
1.776735512  
-1.767971085  
-6.522912896  
-11.31240665  
-14.78493838  
-15.82336304  
-13.91180137  
-9.336446774  
-3.146859386  
3.119790724  
7.871944328  
9.922164909  
8.828896297  
5.015795946  
-0.3661336268  
-5.786855709  
-9.783927787  
-11.36759792  
-10.26283728  
-6.923818359  
-2.331885993  
2.343533856  
6.103150049  
8.379957465  
9.131215649  
8.74938087  
7.843449414  
6.982008952  
6.494026997  
6.393321254  
6.441021141  
6.306783869  
5.754361492  
4.772219577  
3.595948831  
2.614915848  
2.202977326  
2.543773541  
3.523694346  
4.739478227  
5.622952583  
5.639699399  
4.48903616  
2.230492083  
-0.7120339808  
-3.673004407  
-5.953446614  
-7.042427442  
-6.775189484  
-5.374756844  
-3.365696449  
-1.393903106  
-0.01779530103  
0.4565239863  
0.04280385727  
-0.9709393642  
-2.155657598  
-3.106970752  
-3.580599983  
-3.551129489  
-3.180530102  
-2.718842075  
-2.384333287  
-2.274978566  
-2.346313681  
-2.460070798  
-2.47652097  
-2.344290491  
-2.142526841  
-2.051351124  
-2.258930319  
-2.843735126  
-3.685630862  
-4.452288586  
-4.67971483  
-3.927654117  
-1.957278286  
1.136424428  
4.894438259  
8.588708234  
11.42015028  
12.7575538  
12.33622856  
10.34521155  
7.368667191  
4.197933346  
1.577330843  
-0.02815209112  
-0.5617020822  
-0.3549847798  
0.03138137135  
0.04703657952  
-0.6195297214  
-1.910220507  
-3.416014375  
-4.540776721  
-4.750293122  
-3.812040261  
-1.931202931  
0.2760328293  
1.971786277  
2.387067587  
1.111420846  
-1.72531383  
-5.451624786  
-9.043643735  
-11.44717732  
-11.92469285  
-10.30679218  
-7.057616533  
-3.126560148  
0.3668686298  
2.508656399  
2.896606104  
1.769460648  
-0.08881802234  
-1.639283961  
-1.973699967  
-0.6613861729  
2.06600911  
5.361062029  
8.028875244  
8.931027052  
7.39090726  
3.463317183  
-2.025556202  
-7.686600395  
-11.96213389  
-13.58292173  
-11.94482553  
-7.288782837  
-0.6315238996  
6.526536571  
12.62181139  
16.44650267  
17.44307705  
15.7965148  
12.31321769  
8.140666927  
4.424960689  
2.012078461  
1.273324736  
2.087454132  
3.959623301  
6.2182308  
8.216562103  
9.47846448  
9.758129071  
9.020006372  
7.3716765  
4.991692947  
2.084431767  
-1.128011053  
-4.390286567  
-7.402026113  
-9.835944212  
-11.3961177  
-11.90404579  
-11.38070426  
-10.08616987  
-8.48842978  
-7.156991916  
-6.605988339  
-7.134145783  
-8.715957028  
-10.98557644  
-13.32602816  
-15.04105103  
-15.55772881  
-14.59578103  
-12.24879473  
-8.950861132  
-5.339705249  
-2.061270947  
0.4205652821  
1.948305146  
2.691442843  
3.060768888  
3.548755959  
4.551382768  
6.230496064  
8.459714051  
10.86742537  
12.95793755  
14.26764125  
14.50441026  
13.62751095  
11.84748272  
9.552552243  
7.190674242  
5.147244753  
3.655433385  
2.761629066  
2.34854268  
2.200637244  
2.086037211  
1.828410662  
1.350025363  
0.67911723  
-0.07378000238  
-0.7584536401  
-1.23257325  
-1.402472609  
-1.249906475  
-0.8415267128  
-0.3203500759  
0.1201822866  
0.2774410264  
-0.008864583481  
-0.8043575791  
-2.040692848  
-3.504750728  
-4.868192694  
-5.759422321  
-5.86590639  
-5.04088903  
-3.380340387  
-1.238422402  
0.83570703  
2.233328729  
2.461607665  
1.308118498  
-1.060322789  
-4.104682047  
-7.036467949  
-9.028955236  
-9.457822815  
-8.097240891  
-5.206282577  
-1.471734788  
2.181870272  
4.860427991  
5.964264355  
5.363944536  
3.430256866  
0.9071228938  
-1.332387845  
-2.567796066  
-2.45852552  
-1.142481324  
0.825221985  
2.670707295  
3.668100464  
3.383402701  
1.813346525  
-0.6254539396  
-3.249165617  
-5.344157133  
-6.403732387  
-6.280984464  
-5.206559826  
-3.669995599  
-2.212960975  
-1.214216215  
-0.7478444967  
-0.5679520854  
-0.2248357881  
0.7323332559  
2.544721232  
5.107501798  
7.963728308  
10.43597967  
11.85135972  
11.77913257  
10.1931993  
7.497061658  
4.3980619  
1.67267036  
-0.09444686743  
-0.7035488605  
-0.3940108902  
0.2621541007  
0.5907108767  
0.08670079329  
-1.372864499  
-3.455845595  
-5.473256292  
-6.619187184  
-6.27022628  
-4.238007094  
-0.8818401526  
2.964986596  
6.237473439  
7.972731357  
7.624747829  
5.253621996  
1.523483246  
-2.493304243  
-5.643514584  
-7.046431705  
-6.35969109  
-3.873981777  
-0.4101299294  
2.943477804  
5.165056127  
5.597762405  
4.121450903  
1.152573944  
-2.515174619  
-5.967130102  
-8.432658724  
-9.476308718  
-9.065087396  
-7.508163464  
-5.307937051  
-2.985857723  
-0.9453324199  
0.5894454985  
1.555038243  
1.979051749  
1.904271389  
1.347442199  
0.3115770958  
-1.158794001  
-2.913720209  
-4.667197354  
-6.029473788  
-6.604690924  
-6.125128542  
-4.571562332  
-2.226997161  
0.3694117476  
2.566101272  
3.800286965  
3.790238823  
2.649079908  
0.8730666835  
-0.8012881722  
-1.630720512  
-1.114671885  
0.8234008196  
3.787145378  
7.012157642  
9.594280054  
10.7687569  
10.14955344  
7.850862466  
4.452056114  
0.8196696054  
-2.153015194  
-3.80244597  
-3.865355194  
-2.513597061  
-0.2516048247  
2.278403187  
4.509487152  
6.106058184  
7.013583306  
7.395125494  
7.491172317  
7.466722296  
7.311668454  
6.83662234  
5.766167045  
3.890552933  
1.211144324  
-1.985448648  
-5.164040505  
-7.685537818  
-9.013718464  
-8.910632707  
-7.546282114  
-5.475159028  
-3.478120359  
-2.316607979  
-2.479886598  
-4.011912447  
-6.480031979  
-9.100628092  
-10.98340832  
-11.41479606  
-10.0866144  
-7.19398776  
-3.370371273  
0.5173761259  
3.643966929  
5.47786571  
5.926995057  
5.331759042  
4.312105393  
3.525033282  
3.418458103  
4.066793784  
5.143784713  
6.039783583  
6.081037065  
4.774542952  
1.995027007  
-1.947714927  
-6.381049623  
-10.45407216  
-13.3713733  
-14.59982633  
-13.98571798  
-11.75333586  
-8.397450329  
-4.51618776  
-0.6458777753  
2.848356045  
5.799002562  
8.186351196  
10.04766912  
11.39289931  
12.16658999  
12.27197994  
11.64331672  
10.32913788  
8.541756687  
6.640275048  
5.041193312  
4.082297261  
3.888746243  
4.295935884  
4.867871318  
5.01754038  
4.198146432  
2.104831334  
-1.182927964  
-5.173167978  
-9.067096837  
-11.97384432  
-13.17137622  
-12.33196597  
-9.638572306  
-5.751218645  
-1.629561438  
1.736084016  
3.603226859  
3.679789142  
2.189362597  
-0.2185361545  
-2.682005887  
-4.394766016  
-4.844012598  
-3.945883582  
-2.041243817  
0.2396907833  
2.194104988  
3.271491851  
3.234745539  
2.210154476  
0.6176614068  
-0.9876897756  
-2.105185979  
-2.444446751  
-1.999136484  
-1.020255472  
0.09413665723  
0.9489289701  
1.287470352  
1.067162948  
0.4535735056  
-0.2587356245  
-0.765419118  
-0.8665163929  
-0.5351918383  
0.08081161326  
0.7216136021  
1.115806587  
1.081476447  
0.5920903084  
-0.213732763  
-1.078505015  
-1.708609891  
-1.862941389  
-1.417707749  
-0.3892381912  
1.086307888  
2.801718943  
4.533064588  
6.078536444  
7.271253394  
7.969905763  
8.042706539  
7.364017246  
5.836852323  
3.440902552  
0.2901409659  
-3.32646437  
-6.947875597  
-10.00267162  
-11.92440857  
-12.29371537  
-10.96513844  
-8.135006259  
-4.32063902  
-0.2472830298  
3.330619862  
5.823364519  
6.955987514  
6.825925387  
5.847557146  
4.59903274  
3.619696645  
3.224353909  
3.397147846  
3.802756769  
3.913910035  
3.214360272  
1.408950565  
-1.432578627  
-4.851714656  
-8.111913117  
-10.41331692  
-11.14398332  
-10.08491205  
-7.498349469  
-4.065138248  
-0.6861188799  
1.791773424  
2.837119169  
2.397425615  
0.9086414933  
-0.8552629341  
-2.045839161  
-2.031567621  
-0.620798351  
1.859307621  
4.657155563  
6.836859031  
7.587844536  
6.503131597  
3.734068339  
-0.03191635961  
-3.766816309  
-6.410688803  
-7.195937894  
-5.883910422  
-2.838332646  
1.087485033  
4.812836628  
7.356680105  
8.125186374  
7.069678265  
4.668463004  
1.744216608  
-0.818031498  
-2.35629018  
-2.625937902  
-1.841617297  
-0.5585670582  
0.5597699374  
1.002726036  
0.6083004191  
-0.3758497856  
-1.388215837  
-1.77243415  
-1.041816857  
0.9054778038  
3.700166377  
6.580739149  
8.61747709  
9.011001824  
7.367369449  
3.856882446  
-0.7998471721  
-5.519405255  
-9.160807953  
-10.85390773  
-10.24826191  
-7.605027165  
-3.704736439  
0.3974296725  
3.689281925  
5.490943239  
5.626071163  
4.425551305  
2.569858439  
0.8285723334  
-0.2124111758  
-0.3441421865  
0.2144432604  
0.9212902969  
1.131952546  
0.3576856115  
-1.529837716  
-4.219424657  
-7.036440119  
-9.151286775  
-9.852623144  
-8.795288292  
-6.139999349  
-2.536191074  
1.050570727  
3.615457613  
4.411140165  
3.173392628  
0.2066197916  
-3.696543115  
-7.476798715  
-10.1041493  
-10.86061984  
-9.528278559  
-6.43147916  
-2.3267001  
1.822021792  
5.112865742  
6.942663524  
7.145696803  
6.002564196  
4.126030621  
2.265024061  
1.087605127  
1.004285034  
2.076093745  
4.024097969  
6.32758865  
8.375944571  
9.62935158  
9.74740084  
8.658734869  
6.563616727  
3.878426957  
1.142081169  
-1.092254191  
-2.359677347  
-2.365995657  
-1.041794404  
1.436258493  
4.659668883  
8.03965417  
10.89501728  
12.56949421  
12.56308841  
10.65288984  
6.973760532  
2.031274206  
-3.36903764  
-8.272581081  
-11.7801308  
-13.25974508  
-12.51113559  
-9.833635698  
-5.970716521  
-1.936288465  
1.237669367  
2.766965915  
2.321030933  
0.1082573797  
-3.187627578  
-6.606237231  
-9.189851349  
-10.26321012  
-9.630840413  
-7.631519215  
-5.031023034  
-2.783062263  
-1.72899835  
-2.327239607  
-4.49581221  
-7.618418529  
-10.71501885  
-12.72762164  
-12.83610968  
-10.70901108  
-6.613259952  
-1.34956654  
3.967244417  
8.217012774  
10.58024448  
10.75193034  
9.003417038  
6.079806787  
2.969821998  
0.6214554329  
-0.3110302643  
0.3821320165  
2.452810374  
5.309762238  
8.214326027  
10.48979853  
11.68077937  
11.62290105  
10.41820257  
8.343950016  
5.741514721  
2.931016247  
0.1787157888  
-2.284165605  
-4.218227434  
-5.347762826  
-5.381023708  
-4.089271293  
-1.424440411  
2.370233028  
6.711515084  
10.73123229  
13.44433497  
13.99744466  
11.92942482  
7.359625816  
1.031610914  
-5.820898372  
-11.76453403  
-15.53920862  
-16.40665742  
-14.36744979  
-10.17384696  
-5.125591418  
-0.7025323922  
1.859554392  
1.92320644  
-0.374113334  
-4.175210783  
-8.173114913  
-11.01214755  
-11.69621167  
-9.879194113  
-5.950810736  
-0.8966216475  
4.017941453  
7.635787668  
9.245298959  
8.763462358  
6.714881206  
4.023637208  
1.694137907  
0.4890964616  
0.7081304073  
2.132066314  
4.13999579  
5.948622194  
6.885870505  
6.604685777  
5.16931577  
2.994313481  
0.6686918619  
-1.264315521  
-2.490201857  
-3.005449577  
-3.075814513  
-3.093934588  
-3.395784842  
-4.108499428  
-5.088005388  
-5.969597497  
-6.311526449  
-5.776752207  
-4.283824729  
-2.069287915  
0.3636728623  
2.394244369  
3.479518692  
3.328901507  
1.997728887  
-0.1306845207  
-2.466245855  
-4.393034685  
-5.447752265  
-5.437275847  
-4.461114523  
-2.839709229  
-0.9824510937  
0.7519874183  
2.152007041  
3.175791474  
3.900985395  
4.431174863  
4.805057897  
4.951277899  
4.711233912  
3.922304066  
2.526561855  
0.656333531  
-1.346197273  
-2.994636847  
-3.795579597  
-3.413893205  
-1.807570729  
0.7203222546  
3.579134734  
6.046856397  
7.479208965  
7.504976957  
6.14285704  
3.799379471  
1.146195678  
-1.084911615  
-2.323529445  
-2.327427819  
-1.242097178  
0.4635142134  
2.160377011  
3.265083878  
3.418836149  
2.582160817  
1.018442413  
-0.8216653049  
-2.469443639  
-3.59882547  
-4.122140299  
-4.18974997  
-4.097988064  
-4.142948643  
-4.476763025  
-5.021479201  
-5.474597818  
-5.407236293  
-4.422578241  
-2.320231971  
0.7912075576  
4.474772042  
8.050194527  
10.76097609  
11.97473595  
11.35773769  
8.972539667  
5.271215447  
0.9872627605  
-3.042275791  
-6.075331005  
-7.632170024  
-7.591615525  
-6.19748922  
-3.980669549  
-1.621816725  
0.2091321303  
0.9997087714  
0.4983453767  
-1.242704833  
-3.888608595  
-6.899068781  
-9.64421756  
-11.53666769  
-12.1547651  
-11.3329532  
-9.19963812  
-6.151507716  
-2.765620344  
0.3348814563  
2.632149228  
3.84468247  
4.001526283  
3.434595734  
2.684878669  
2.342994496  
2.866293924  
4.425633348  
6.830551716  
9.561343954  
11.90544974  
13.16275339  
12.86046325  
10.91141373  
7.663684802  
3.820784563  
0.2513556377  
-2.257205383  
-3.227225418  
-2.630629532  
-0.8954067157  
1.225365796  
2.883076048  
3.391609637  
2.434470326  
0.1574754347  
-2.880532258  
-5.881776222  
-8.05245513  
-8.83789635  
-8.077554536  
-6.034562268  
-3.295664351  
-0.5784610174  
1.489062022  
2.54567274  
2.576983794  
1.878809129  
0.9232997079  
0.1783468599  
-0.05639007904  
0.2576601557  
0.9038900549  
1.507847385  
1.687568455  
1.201847385  
0.04419113994  
-1.549044627  
-3.176967584  
-4.409432649  
-4.930721794  
-4.641322  
-3.683171678  
-2.380939923  
-1.121191388  
-0.2124540893  
0.2246837827  
0.299007134  
0.3068816583  
0.6208346693  
1.545665418  
3.19039643  
5.399486028  
7.767816458  
9.737333142  
10.74746001  
10.39458498  
8.55318392  
5.422791346  
1.487251063  
-2.601647012  
-6.18258617  
-8.740675137  
-10.0185472  
-10.05448758  
-9.140974002  
-7.719565312  
-6.245026715  
-5.058546903  
-4.305423993  
-3.918291505  
-3.667346376  
-3.259661563  
-2.45589332  
-1.168199356  
0.4909804549  
2.225184739  
3.632169263  
4.322683832  
4.045888673  
2.784306877  
0.7884882851  
-1.462420739  
-3.367550614  
-4.352637266  
-4.021130877  
-2.26714607  
0.6815536811  
4.303974789  
7.900727854  
10.75399533  
12.29113875  
12.20986826  
10.53421181  
7.590290009  
3.913159196  
0.114261851  
-3.25240152  
-5.79027881  
-7.304807689  
-7.789812821  
-7.371196366  
-6.234782249  
-4.566339642  
-2.523106326  
-0.2410313205  
2.133543197  
4.409264421  
6.334899211  
7.618637128  
7.981760882  
7.231889848  
5.331351602  
2.435523768  
-1.115191671  
-4.850967462  
-8.261043051  
-10.88963875  
-12.41222139  
-12.67312864  
-11.68004201  
-9.566233088  
-6.541593261  
-2.854425569  
1.222535863  
5.382883267  
9.269249545  
12.47066713  
14.55430929  
15.13789038  
13.99006341  
11.12867538  
6.878904915  
1.859219082  
-3.117244933  
-7.210685357  
-9.750770188  
-10.40464557  
-9.26348724  
-6.815614748  
-3.808184918  
-1.035308476  
0.8842386248  
1.670857401  
1.437788083  
0.6178244255  
-0.2119834423  
-0.5482875916  
-0.1477476077  
0.8826618151  
2.123320675  
2.995584209  
2.978552528  
1.812952409  
-0.3811074643  
-3.117390383  
-5.687715908  
-7.391106813  
-7.770645573  
-6.775732191  
-4.790676388  
-2.515045249  
-0.731795198  
-0.03889869939  
-0.6348530024  
-2.232788511  
-4.136386069  
-5.457340088  
-5.406210639  
-3.562717966  
-0.0364513213  
4.536540114  
9.163150157  
12.77689824  
14.54738752  
14.11901203  
11.70554634  
8.013754502  
4.023445363  
0.6958328859  
-1.297763184  
-1.74453101  
-0.9095525341  
0.591363569  
2.016515738  
2.743530022  
2.455860781  
1.215179925  
-0.5950675699  
-2.426686072  
-3.764809849  
-4.297926597  
-4.004751847  
-3.134478609  
-2.094672632  
-1.291778325  
-0.9829089161  
-1.190524127  
-1.707237883  
-2.185458166  
-2.277338156  
-1.774289882  
-0.6970668273  
0.6943890276  
1.974247534  
2.682384181  
2.470903368  
1.218619355  
-0.9218460132  
-3.557326973  
-6.155570688  
-8.18270286  
-9.235791719  
-9.133762505  
-7.944790479  
-5.948285135  
-3.548081294  
-1.165194253  
0.8593879776  
2.328181223  
3.205819359  
3.59540065  
3.685992385  
3.689679819  
3.785745251  
4.083775033  
4.609966438  
5.313926956  
6.088856499  
6.796965131  
7.293626647  
7.446816919  
7.151619393  
6.341451933  
4.998098869  
3.161426791  
0.9376851691  
-1.496745719  
-3.900545359  
-5.9857046  
-7.451024117  
-8.02952725  
-7.543887428  
-5.959513588  
-3.422005819  
-0.2655460442  
3.017486044  
5.847759847  
7.662960914  
8.035820132  
6.77994046  
4.015424372  
0.1722573752  
-4.077385602  
-7.948853339  
-10.71008463  
-11.84301765  
-11.16014485  
-8.844262179  
-5.39887466  
-1.520989779  
2.069914086  
4.799926683  
6.359625465  
6.742422042  
6.195448176  
5.10301709  
3.843278267  
2.666235096  
1.632801907  
0.6330533981  
-0.5261410393  
-1.998462261  
-3.78775062  
-5.693586334  
-7.337416624  
-8.265401154  
-8.096190751  
-6.663990615  
-4.10626424  
-0.8618303716  
2.426051289  
5.075372201  
6.550043057  
6.606169393  
5.354117098  
3.217215642  
0.8011162419  
-1.283802778  
-2.590437067  
-2.941538567  
-2.444864348  
-1.418069764  
-0.2544270356  
0.7212292259  
1.355989018  
1.698114195  
1.946050365  
2.340322115  
3.041458125  
4.041360142  
5.142639202  
6.015364481  
6.312315962  
5.802288462  
4.473776016  
2.570716886  
0.5446329247  
-1.064553278  
-1.783112632  
-1.345969884  
0.216437865  
2.572751612  
5.16737079  
7.355844711  
8.560129684  
8.402102843  
6.78335474  
3.896948832  
0.1760573539  
-3.801050974  
-7.423538793  
-10.15396522  
-11.61111626  
-11.62208621  
-10.24280876  
-7.749063028  
-4.59964086  
-1.372624118  
1.322854934  
2.951831798  
3.160378644  
1.86164645  
-0.7237696035  
-4.092188235  
-7.5508951  
-10.36720945  
-11.93918583  
-11.94326139  
-10.41590196  
-7.741995288  
-4.548977201  
-1.534322565  
0.7240949885  
1.918339867  
2.075999365  
1.52192134  
0.7502842231  
0.2503404574  
0.3443059856  
1.09117375  
2.28720397  
3.560037696  
4.520516894  
4.915979933  
4.728388171  
4.180524819  
3.647013269  
3.501981179  
3.959514869  
4.967343335  
6.196711398  
7.137727619  
7.271478593  
6.261310743  
4.096366284  
1.134636061  
-1.974269238  
-4.465754216  
-5.68118849  
-5.262322734  
-3.256475809  
-0.09943136139  
3.516527211  
6.844284535  
9.28644176  
10.53737178  
10.62122057  
9.821634157  
8.536500385  
7.11536331  
5.740153671  
4.390732862  
2.903042246  
1.091919604  
-1.114015904  
-3.582473808  
-5.972416477  
-7.8212226  
-8.69573718  
-8.353230386  
-6.852127138  
-4.568414359  
-2.106139585  
-0.1278782389  
0.8400542346  
0.5629234861  
-0.8385371284  
-2.936676457  
-5.140610274  
-6.885626155  
-7.80425948  
-7.822661729  
-7.153101935  
-6.190161017  
-5.351337422  
-4.920814932  
-4.951922444  
-5.26089862  
-5.510741759  
-5.351367586  
-4.562752273  
-3.147988708  
-1.342633526  
0.4620393861  
1.852788684  
2.535807038  
2.434616435  
1.710045389  
0.6969653754  
-0.217181449  
-0.726387232  
-0.7035951883  
-0.2273439023  
0.4696492669  
1.107811427  
1.481233145  
1.544249763  
1.430494033  
1.396806974  
1.713389551  
2.542486113  
3.853082043  
5.406420153  
6.821212651  
7.697799795  
7.757907779  
6.949575287  
5.478051425  
3.748904503  
2.240615066  
1.349080211  
1.257106266  
1.87397403  
2.866549167  
3.772133647  
4.155472286  
3.757339475  
2.585199007  
0.9160760121  
-0.7887893828  
-2.028931955  
-2.421915127  
-1.822713622  
-0.3688980279  
1.559838458  
3.451757102  
4.806150449  
5.265054856  
4.696314755  
3.208831577  
1.103166383  
-1.220411061  
-3.364979791  
-5.021467716  
-6.015997222  
-6.316528395  
-6.008333899  
-5.254611981  
-4.257558706  
-3.228491135  
-2.367052397  
-1.843716989  
-1.779234139  
-2.219410584  
-3.110964534  
-4.289966977  
-5.495022443  
-6.411420282  
-6.741475581  
-6.284498233  
-5.00212999  
-3.045374205  
-0.7292760166  
1.542342483  
3.382349921  
4.524019652  
4.889347683  
4.598457534  
3.915747726  
3.15030592  
2.544777433  
2.192101336  
2.010797579  
1.789136754  
1.283615077  
0.3363689726  
-1.032673629  
-2.596190203  
-3.968759201  
-4.723329653  
-4.537758115  
-3.320783378  
-1.270686642  
1.159351657  
3.384036125  
4.860703548  
5.259732843  
4.5726919  
3.118617392  
1.441541348  
0.1290404163  
-0.3902647289  
-0.002543150837  
1.037191946  
2.176269891  
2.7434698  
2.181940723  
0.2615125236  
-2.800964031  
-6.358082111  
-9.488217039  
-11.25048308  
-10.96449189  
-8.430599943  
-4.021782067  
1.384816667  
6.621402635  
10.52963233  
12.26281084  
11.50478497  
8.544317976  
4.185843016  
-0.4755018234  
-4.348555554  
-6.626460135  
-6.975305932  
-5.582764438  
-3.060209794  
-0.2340676725  
