-2.264235732  
-1.47496711  
0.05912352909  
1.955233085  
3.687588681  
4.772186827  
4.941368935  
4.24169339  
3.014324917  
1.759766398  
0.933299209  
0.747188395  
1.058480804  
1.394247887  
1.117629604  
-0.3155477987  
-3.098807803  
-6.914113616  
-10.94016601  
-14.04746085  
-15.13229746  
-13.48826277  
-9.091666343  
-2.696369668  
4.3102115  
10.26204625  
13.68115958  
13.71478238  
10.40433059  
4.695624253  
-1.820850082  
-7.365608401  
-10.48431752  
-10.46254729  
-7.513463125  
-2.681880155  
2.502178937  
6.508396073  
8.275027928  
7.514589252  
4.764035137  
1.170794035  
-1.908902753  
-3.3642683  
-2.688140228  
-0.1255440488  
3.429588614  
6.748577704  
8.68450749  
8.552334265  
6.350019605  
2.753671433  
-1.104750763  
-3.998532871  
-4.985970862  
-3.687959926  
-0.3812392137  
4.11136775  
8.68639874  
12.2869861  
14.18521942  
14.13628153  
12.37019413  
9.443703168  
6.019176091  
2.654820951  
-0.3230194411  
-2.83253858  
-4.9476476  
-6.759252833  
-8.253881456  
-9.265593235  
-9.524093565  
-8.780491262  
-6.958404604  
-4.264723306  
-1.206857769  
1.503356172  
3.136553937  
3.165520707  
1.444065948  
-1.718212157  
-5.615628615  
-9.326742403  
-11.96142487  
-12.89856455  
-11.94164219  
-9.346954935  
-5.721105022  
-1.826493881  
1.63871775  
4.215153222  
5.759645202  
6.409949145  
6.460807874  
6.204792309  
5.800605908  
5.218045399  
4.27800582  
2.769081685  
0.5928341194  
-2.122101193  
-4.986798343  
-7.421225577  
-8.810566327  
-8.701057715  
-6.97086068  
-3.916057099  
-0.2166310784  
3.215772682  
5.469216073  
5.877307446  
4.208807824  
0.7457885612  
-3.772981937  
-8.32839066  
-11.86861386  
-13.56089549  
-12.98138998  
-10.19631052  
-5.719208536  
-0.3631020871  
4.967096845  
9.483871426  
12.6743551  
14.3702071  
14.7214373  
14.0921705  
12.91597348  
11.55590231  
10.20903577  
8.878976177  
7.418364636  
5.622608818  
3.341699713  
0.5728590442  
-2.496699807  
-5.512011351  
-8.033011401  
-9.654288708  
-10.12641465  
-9.441065811  
-7.851015226  
-5.813818934  
-3.870277232  
-2.489132472  
-1.92216434  
-2.114226819  
-2.700145591  
-3.097085181  
-2.673267789  
-0.9494698801  
2.223758565  
6.567912478  
11.39346984  
15.73722401  
18.59072001  
19.16204545  
17.09988043  
12.61520413  
6.461656145  
-0.2263678654  
-6.198822732  
-10.38929721  
-12.16827511  
-11.48195162  
-8.839738989  
-5.155958401  
-1.492135504  
1.226444547  
2.440670065  
2.072353985  
0.4975036954  
-1.606066711  
-3.484757161  
-4.537496289  
-4.478059994  
-3.386921667  
-1.6448401  
0.2220299309  
1.729074395  
2.588330098  
2.781424624  
2.529762456  
2.177081817  
2.0295491  
2.212759715  
2.599121472  
2.834755961  
2.460633867  
1.089295464  
-1.422525779  
-4.86677495  
-8.685094038  
-12.08725496  
-14.25842278  
-14.59657048  
-12.90847  
-9.501785544  
-5.139226377  
-0.8607012657  
2.281495683  
3.502479267  
2.50129951  
-0.4476703535  
-4.555953648  
-8.719689189  
-11.80241853  
-12.92531284  
-11.68674932  
-8.25372872  
-3.303753823  
2.162678146  
7.084084399  
10.60127634  
12.25144425  
12.04493436  
10.41167915  
8.041264721  
5.668877312  
3.871364772  
2.930199357  
2.794760896  
3.147567931  
3.542889877  
3.570413134  
2.991917759  
1.811218866  
0.2614410249  
-1.279326955  
-2.411279986  
-2.832793632  
-2.419510759  
-1.241831056  
0.4775806665  
2.44464471  
4.380495863  
6.082807652  
7.443567731  
8.424034699  
9.005382011  
9.143277121  
8.752686421  
7.735785378  
6.046392909  
3.765931645  
1.156117742  
-1.342932714  
-3.184077107  
-3.844421118  
-2.982712193  
-0.5742042764  
3.025093584  
7.115636119  
10.79443366  
13.16689634  
13.57436629  
11.77252159  
8.007212254  
2.962681994  
-2.405634133  
-7.107411442  
-10.35624796  
-11.74459668  
-11.30901499  
-9.474221563  
-6.901237234  
-4.292132346  
-2.21326696  
-0.9876264246  
-0.6796426079  
-1.162621985  
-2.231179  
-3.70854398  
-5.505280197  
-7.608652218  
-10.01210001  
-12.62039356  
-15.17818487  
-17.26286371  
-18.35908037  
-18.00017748  
-15.93308964  
-12.24853934  
-7.424286364  
-2.254281677  
2.326682011  
5.477391157  
6.675637675  
5.865472887  
3.478671346  
0.3203794043  
-2.64935402  
-4.574381351  
-4.925614149  
-3.624385505  
-1.033550191  
2.175109497  
5.231367311  
7.48786608  
-6.396309784  
-4.503008197  
-2.868776312  
-1.284178705  
0.5968513993  
3.121059108  
6.471529443  
10.53417776  
14.85110818  
18.69213245  
21.2367068  
21.81771102  
20.15124181  
16.47323588  
11.528093  
6.399569584  
2.226071195  
-0.1165335785  
-0.2661996194  
1.521590327  
4.454715701  
7.448448351  
9.458150708  
9.796398223  
8.334448249  
5.524889024  
2.240249382  
-0.5180710746  
-1.944729118  
-1.684086916  
0.06733667417  
2.638083119  
5.107578916  
6.601896265  
6.560741805  
4.890822456  
1.962365655  
-1.539791971  
-4.851170106  
-7.363877648  
-8.784725958  
-9.168632184  
-8.828152853  
-8.164408413  
-7.490280315  
-6.914696912  
-6.32933208  
-5.496783859  
-4.199006421  
-2.381398856  
-0.2302224119  
1.852200753  
3.369401774  
3.905572612  
3.286670243  
1.664221277  
-0.5142697378  
-2.642414286  
-4.152993168  
-4.706296813  
-4.299796606  
-3.257760194  
-2.102616754  
-1.353510432  
-1.324951592  
-1.999822067  
-3.025239496  
-3.835830495  
-3.862754074  
-2.754855903  
-0.53237301  
2.383981332  
5.282800143  
7.376441934  
8.049347062  
7.057187887  
4.610374217  
1.314737088  
-2.00988322  
-4.572316058  
-5.83483503  
-5.649748028  
-4.269793145  
-2.237828811  
-0.200512898  
1.287802812  
1.907407139  
1.622602787  
0.6349639112  
-0.7289553669  
-2.145431057  
-3.387967502  
-4.358977647  
-5.058551497  
-5.516689456  
-5.72857378  
-5.627693209  
-5.111381351  
-4.106846794  
-2.644388791  
-0.8980024132  
0.8349459332  
2.217817586  
2.996231455  
3.110141232  
2.746926622  
2.303984605  
2.262215156  
3.007661896  
4.663333403  
6.996304717  
9.443685641  
11.26125043  
11.75405604  
10.51559864  
7.593472481  
3.51973965  
-0.8124890338  
-4.393268467  
-6.385558219  
-6.367885494  
-4.451406667  
-1.234080539  
2.390973546  
5.507353128  
7.436263583  
7.901570988  
7.050005791  
5.329957268  
3.282468919  
1.327488874  
-0.3730400061  
-1.925747647  
-3.590848656  
-5.592435705  
-7.935432059  
-10.31007092  
-12.13261896  
-12.71885029  
-11.5336106  
-8.425901477  
-3.757582593  
1.633034911  
6.634792375  
10.17618225  
11.54630017  
10.61566118  
7.878423124  
4.296225694  
0.9913676966  
-1.110412054  
-1.56828448  
-0.5485481685  
1.260695525  
2.912848477  
3.553225288  
2.73511688  
0.5913442525  
-2.199514661  
-4.642341748  
-5.772653355  
-5.002925434  
-2.348615915  
1.545357856  
5.589616288  
8.587285719  
9.612299854  
8.304528394  
4.985294394  
0.5565429471  
-3.781762858  
-6.903004321  
-8.094104513  
-7.257817057  
-4.917903483  
-2.033014858  
0.3142254748  
1.250080325  
0.3602043352  
-2.21413043  
-5.852644888  
-9.668209139  
-12.77766438  
-14.54279083  
-14.71112378  
-13.42566629  
-11.11814562  
-8.336455741  
-5.571748893  
-3.141724687  
-1.159012035  
0.4207105171  
1.704463475  
2.76767538  
3.599811835  
4.108988162  
4.178460177  
3.746584848  
2.87329611  
1.762661215  
0.7291073325  
0.1169802297  
0.2004504805  
1.097523795  
2.726178092  
4.815453549  
6.966252835  
8.741979961  
9.763004074  
9.781937224  
8.72635065  
6.706813383  
3.996509647  
0.9916222068  
-1.840447423  
-4.021887352  
-5.133435129  
-4.888414362  
-3.202681142  
-0.2439581871  
3.559484667  
7.56699322  
11.0340557  
13.26601169  
13.7832068  
12.45281303  
9.544823939  
5.68690557  
1.720937138  
-1.505247035  
-3.354649014  
-3.563923053  
-2.303154943  
-0.1137451462  
2.257191631  
4.075241597  
4.82298589  
4.328808322  
2.78441802  
0.6522052407  
-1.500837807  
-3.183843808  
-4.11752274  
-4.283906353  
-3.882658884  
-3.219934317  
-2.578005191  
-2.117277322  
-1.845673851  
-1.661306888  
-1.44382354  
-1.150309126  
-0.8703745582  
-0.8126735609  
-1.224471608  
-2.275281358  
-3.95314728  
-6.020377386  
-8.054474856  
-9.567448138  
-10.16494371  
-9.688255093  
-8.28516397  
-6.379061633  
-4.542245915  
-3.314689755  
-3.030848658  
-3.7157243  
-5.087137315  
-6.663086223  
-7.934512342  
-8.5400205  
-8.378511445  
-7.61930234  
-6.608221495  
-5.707790678  
-5.134995828  
-4.861215276  
-4.615176601  
-3.98978994  
-2.612917676  
-0.3159791448  
2.766632634  
6.209183279  
9.417214908  
11.81804899  
13.04887036  
13.07141781  
12.16917062  
10.82772846  
9.544432521  
8.641955252  
8.16030465  
7.871936561  
7.415954436  
6.49808393  
5.073051804  
3.427792808  
2.118867905  
1.773680145  
2.821954318  
5.259108625  
8.541574971  
11.67360011  
13.47813877  
12.97454522  
9.73854745  
4.114817022  
-2.806382803  
-9.460885023  
-14.25769599  
-16.06343023  
-14.56538444  
-10.38766229  
-4.912422182  
0.1447689157  
3.272777897  
3.642304204  
1.365609575  
-2.548843006  
-6.534152565  
-8.985453279  
-8.792511327  
-5.709652532  
-0.4424829258  
5.574943292  
10.63668276  
13.3034486  
12.84722089  
9.460686703  
4.170994063  
-1.504069532  
-6.036484437  
-8.3445751  
-8.080796949  
-5.66908798  
-2.097644247  
1.446248739  
3.96600289  
4.938509317  
4.405209829  
2.860003882  
0.9946610329  
-0.5920738087  
-1.611213829  
-2.152086726  
-2.589804035  
-3.38087029  
-4.836031047  
-6.963198483  
-9.441149133  
-11.73047083  
-13.27361456  
-13.70185715  
-12.96623284  
-11.34147974  
-9.303484993  
-7.331388461  
-5.71536557  
-4.448763778  
-3.249683615  
-1.705369667  
0.5167840508  
3.476165782  
6.864023125  
10.05138759  
12.27098742  
12.87274401  
11.56264813  
8.537796268  
4.465620542  
0.3097509151  
-2.941277867  
-4.552805386  
-4.239363589  
-2.216388741  
0.9005937728  
4.305977919  
7.245367068  
9.205458212  
9.995279342  
9.706360638  
8.585792876  
6.88630225  
4.760429111  
2.241524042  
-0.6867207882  
-3.971087416  
-7.382338608  
-10.48057401  
-12.68253964  
-13.41791265  
-12.32165808  
-9.389229919  
-5.0297342  
0.01311956319  
4.854009517  
8.71097919  
11.1185969  
12.03455823  
11.8024675  
10.98571509  
10.13501044  
9.576803405  
9.302124448  
8.997442022  
8.2050537  
6.550456257  
3.947143807  
0.6959758352  
-2.56546722  
-5.05210616  
-6.09478302  
-5.383648721  
-3.101846954  
0.1024218787  
3.299984184  
5.559690603  
6.227241626  
5.109387545  
2.503668917  
-0.9304948066  
-4.407493059  
-7.270511447  
-9.175548156  
-10.14489098  
-10.48203035  
-10.59249961  
-10.78859679  
-11.15771692  
-11.54450532  
-11.64814143  
-11.18774417  
-10.06054679  
-8.420683366  
-6.639770731  
-5.161122628  
-4.306420913  
-4.117776929  
-4.308375638  
-4.353906795  
-3.699889865  
-2.009310613  
0.648569689  
3.752577044  
6.46181401  
7.893220971  
7.452418333  
5.0972771  
1.42903399  
-2.438119174  
-5.200206641  
-5.778581956  
-3.687237387  
0.777790725  
6.600089918  
12.3435235  
16.59600788  
18.40852794  
17.58050052  
14.69426489  
10.8880433  
7.448006543  
5.363027568  
4.998355708  
6.000986948  
7.466238434  
8.30117243  
7.650251303  
5.227127478  
1.431766272  
-2.788984277  
-6.285089315  
-8.124303461  
-7.935090146  
-6.044862325  
-3.361825609  
-1.042820087  
-0.06805197001  
-0.8781300707  
-3.206473679  
-6.16934407  
-8.582245792  
-9.389342128  
-8.051794207  
-4.756100191  
-0.3686492281  
3.846058765  
6.642316467  
7.197874968  
5.366766045  
1.698404668  
-2.773220694  
-6.88483315  
-9.710679518  
-10.81101571  
-10.28367778  
-8.618797169  
-6.432073719  
-4.195065628  
-2.075685757  
0.04891826185  
2.420560634  
5.152940721  
8.028667275  
10.44600155  
11.56168256  
10.59375013  
7.175220886  
1.615640998  
-5.051096333  
-11.28261595  
-15.46046504  
-16.40489914  
-13.7950885  
-8.337488376  
-1.60423148  
4.424618594  
7.974939435  
8.047130066  
4.745306254  
-0.7512236368  
-6.572666313  
-10.77546412  
-11.98465437  
-9.843392031  
-5.115019071  
0.5983940802  
5.424791906  
7.881583358  
7.396899245  
4.510666707  
0.6843112168  
-2.216240905  
-2.585769989  
0.3373353427  
6.172869871  
13.48958408  
20.2552181  
24.49284946  
24.92096307  
21.36200343  
14.78540743  
6.976990394  
-0.04678385854  
-4.677556481  
-6.19231446  
-4.915771195  
-2.026715747  
0.9099863578  
2.513283735  
2.057109953  
-0.3154009564  
-3.697173469  
-6.79039694  
-8.404470114  
-7.897441302  
-5.406663817  
-1.79460764  
1.661152401  
3.715929074  
3.582389539  
1.184996137  
-2.83611828  
-7.361119129  
-11.17247055  
-13.34350396  
-13.5002549  
-11.87638069  
-9.159716636  
-6.203156968  
-3.715854574  
-2.048595318  
-1.143273815  
-0.6490291977  
-0.1433727958  
0.6402921774  
1.674145734  
2.64144739  
3.080350644  
2.603718189  
1.10182934  
-1.158262503  
-3.582081865  
-5.432309968  
-6.08146552  
-5.238022169  
-3.060001192  
-0.1120841515  
2.819258621  
4.985014207  
5.912591326  
5.538576005  
4.190488862  
2.430312353  
0.824447895  
-0.2688069559  
-0.8121189186  
-1.060812761  
-1.408523807  
-2.172504113  
-3.40910728  
-4.839240073  
-5.92092163  
-6.047623926  
-4.799176251  
-2.146928946  
1.472936353  
5.25797004  
8.286466994  
9.831737182  
9.632342249  
8.016506105  
5.826026205  
4.153773033  
3.975358209  
5.796018204  
9.433527101  
14.01609516  
18.20478097  
20.57620979  
20.04831661  
16.2171642  
9.501095998  
1.049750434  
-7.551338309  
-14.68855511  
-19.11875689  
-20.24675047  
-18.21366836  
-13.79000645  
-8.124741906  
-2.438286548  
2.249085145  
5.286616956  
6.436803512  
5.813382669  
3.762622281  
0.7426740592  
-2.760172224  
-6.268020367  
-9.317743456  
-11.46880731  
-12.3400322  
-11.68288312  
-9.472699423  
-5.979302432  
-1.774586593  
2.349268274  
5.54662808  
7.131533656  
6.774266207  
4.614925858  
1.248332047  
-2.426405876  
-5.453552996  
-7.092822077  
-7.031038243  
-5.464735896  
-3.024761073  
-0.5647508047  
1.119906236  
1.55220013  
0.7280652404  
-0.8857680276  
-2.51101198  
-3.323314045  
-2.738202301  
-0.6242056435  
2.627298708  
6.200745842  
9.095282421  
10.43116084  
9.729144753  
7.076183753  
3.124821809  
-1.076058206  
-4.371217492  
-5.826136599  
-4.996932264  
-2.065643335  
2.197661772  
6.635594718  
10.01135142  
11.33943402  
10.14978344  
6.615283549  
1.510102529  
-3.988101197  
-8.598474364  
-11.26031266  
-11.3954912  
-9.043536559  
-4.837094121  
0.1725145058  
4.791280565  
7.986189087  
9.136898083  
8.1709631  
5.550262778  
2.116769732  
-1.156249373  
-3.436539808  
-4.252515845  
-3.600402032  
-1.912235419  
0.1012398877  
1.682549159  
2.263006606  
1.630878878  
-0.01677787304  
-2.150951133  
-4.088444161  
-5.211936096  
-5.161858018  
-3.94017486  
-1.896167247  
0.3967747959  
2.329058538  
3.443323929  
3.561463967  
2.811328528  
1.550086859  
0.2172682978  
-0.8259820507  
-1.412114096  
-1.596293381  
-1.592344744  
-1.644353161  
-1.887758556  
-2.258549307  
-2.491471769  
-2.214205635  
-1.106526439  
0.9343507852  
3.687841957  
6.611557774  
8.961950078  
10.00281626  
9.23655652  
6.580875128  
2.428086345  
-2.438557464  
-7.049885572  
-10.51432235  
-12.2566667  
-12.15657405  
-10.54480421  
-8.063054767  
-5.43881423  
-3.253931415  
-1.785134357  
-0.9669214706  
-0.4820444779  
0.06127694168  
0.9368391601  
2.167926196  
3.506040424  
4.529125426  
4.821220971  
4.16332326  
2.658997725  
0.7410891178  
-0.9507104069  
-1.782873277  
-1.35724353  
0.3275155715  
2.845189989  
5.460116852  
7.359436217  
7.922594914  
6.935327659  
4.671872405  
1.813202975  
-0.7746487115  
-2.328986943  
-2.447887452  
-1.228070092  
0.7655022128  
2.689907429  
3.711292244  
3.292119468  
1.381665444  
-1.554576415  
-4.676554727  
-7.034789888  
-7.870660262  
-6.853059694  
-4.175802711  
-0.488298913  
3.311844247  
6.350903632  
8.024225892  
8.136761535  
6.901214764  
4.80730365  
2.41974606  
0.1839693833  
-1.689745971  
-3.226994317  
-4.584754528  
-5.893213061  
-7.116481994  
-7.997252922  
-8.11728513  
-7.058697674  
-4.60823084  
-0.9240454915  
3.408438859  
7.469885775  
10.23598315  
10.8778083  
9.038451988  
4.990946248  
-0.3844259631  
-5.809681957  
-9.951305155  
-11.79561286  
-10.9434393  
-7.732062142  
-3.143829504  
1.473764628  
4.793807641  
5.88629749  
4.473423772  
0.9901665311  
-3.563140537  
-7.926405463  
-10.94745533  
-11.90027706  
-10.66194328  
-7.703302996  
-3.907388699  
-0.2810866193  
2.345827137  
3.542602252  
3.35964089  
2.258105095  
0.9229094809  
0.02873188745  
0.03712488955  
1.085350008  
2.991416196  
5.358584157  
7.730625186  
9.736897811  
11.17672146  
12.02057702  
12.34022306  
12.20758405  
11.61322805  
10.44551641  
8.544779345  
5.813913555  
2.339760232  
-1.530276448  
-5.200330296  
-7.940886946  
-9.082086973  
-8.228671061  
-5.424685752  
-1.20562868  
3.492177373  
7.550268012  
9.956831579  
10.08141396  
7.851291242  
3.772900678  
-1.211310595  
-5.988753527  
-9.584450247  
-11.41645704  
-11.42177538  
-10.01790861  
-7.918887007  
-5.871750997  
-4.404428835  
-3.669907055  
-3.436825934  
-3.224715518  
-2.531049737  
-1.064834464  
1.101049535  
3.517722622  
5.497114165  
6.352150898  
5.655690447  
3.42375991  
0.1524953376  
-3.312143824  
-6.034113435  
-7.291479258  
-6.821378654  
-4.919050436  
-2.352153977  
-0.1140315435  
0.9043926857  
0.2149804064  
-2.096664331  
-5.388581891  
-8.663778887  
-10.88854056  
-11.32102986  
-9.74035377  
-6.501071238  
-2.398784798  
1.602301356  
4.682181413  
6.408751141  
6.83018394  
6.390327916  
5.706548109  
5.29953107  
5.381022243  
5.782063895  
6.04938382  
5.671436864  
4.342845977  
2.157411366  
-0.3567725173  
-2.388190938  
-3.134430574  
-2.132437338  
0.5011217822  
4.023375921  
7.25222797  
8.941945527  
8.228707173  
4.991112355  
-0.0119123469  
-5.295645694  
-9.069209816  
-9.798964548  
-6.736624309  
-0.2335028995  
8.276473303  
16.63850744  
22.58416746  
24.400785  
21.45334884  
14.39119791  
4.969308043  
-4.463930208  
-11.6542279  
-15.09015281  
-14.41252182  
-10.46203734  
-4.959513082  
0.06989964518  
2.938619032  
2.79955459  
-0.1430844399  
-4.768090771  
-9.455682796  
-12.63963597  
-13.30656097  
-11.28314112  
-7.231111093  
-2.371682334  
1.949944422  
4.702631547  
5.462640555  
4.474893499  
2.481596783  
0.3991586577  
-1.027933294  
-1.46908106  
-1.065682164  
-0.2998791765  
0.2594279823  
0.2232339003  
-0.4477759529  
-1.436887324  
-2.227231643  
-2.352501321  
-1.636141944  
-0.31580821  
1.005944724  
1.575414224  
0.7900625425  
-1.525469378  
-4.980707736  
-8.682443034  
-11.49130312  
-12.39091115  
-10.8433381  
-7.003533011  
-1.710585712  
3.750464205  
8.042293434  
10.19452334  
9.907003582  
7.633338517  
4.414910678  
1.520642531  
0.01434843865  
0.3961571022  
2.439265572  
5.276444728  
7.705818636  
8.611468656  
7.356546833  
4.017245437  
-0.6193309069  
-5.290735454  
-8.648668963  
-9.674262895  
-7.986213648  
-3.947898218  
1.452124306  
6.898428509  
11.12404858  
13.24340752  
12.94580682  
10.50485874  
6.62185478  
2.172174087  
-2.052970656  
-5.527542354  
-8.049570375  
-9.681665107  
-10.61820489  
-11.04438187  
-11.04554476  
-10.59668856  
-9.624434233  
-8.102574274  
-6.129480658  
-3.945447352  
-1.875667557  
-0.2181598758  
0.8781314254  
1.492224723  
1.92812184  
2.621505594  
3.982811404  
6.229958245  
9.27165191  
12.68745495  
15.81887317  
17.94754591  
18.50598266  
17.25370142  
14.36182894  
10.37817729  
6.082897398  
2.279094354  
-0.4183045685  
-1.73346267  
-1.779395723  
-0.9979370773  
-0.01434085152  
0.5460861851  
0.2250803633  
-1.161939116  
-3.50178902  
-6.438244356  
-9.480563919  
-12.12986125  
-13.98862931  
-14.82934656  
-14.6135754  
-13.46723351  
-11.62713978  
-9.377048857  
-6.98897812  
-4.680432123  
-2.592421838  
-0.788688266  
0.7266587259  
1.978367556  
2.983779218  
3.720980342  
4.112246463  
4.031854042  
3.341727476  
1.949511598  
-0.1262140236  
-2.705974595  
-5.43771093  
-7.838521821  
-9.389614756  
-9.665511611  
-8.462796924  
-5.887456855  
-2.36672626  
1.428776858  
4.739697137  
6.910169787  
7.562746608  
6.702088881  
4.71251134  
2.246202212  
0.03349958983  
-1.327471358  
-1.536638185  
-0.6615192278  
0.9104608449  
2.61949073  
3.930443224  
4.513110361  
4.345486425  
3.706731167  
3.064368171  
2.89641276  
3.511007838  
4.926027601  
6.849677667  
8.767706593  
10.10624129  
10.41415755  
9.503806812  
7.504997505  
4.818180526  
1.987255073  
-0.4619006249  
-2.162777023  
-2.986242273  
-3.037361095  
-2.582731541  
-1.942610699  
-1.389893732  
-1.089211485  
-1.088858907  
-1.355102942  
-1.822264418  
-2.429375724  
-3.125293311  
-3.84360826  
-4.467137269  
-4.810539036  
-4.643841017  
-3.761213138  
-2.075620941  
0.298259802  
3.014316155  
5.545547633  
7.313222532  
7.860277286  
7.010953193  
4.955107352  
2.215879145  
-0.5016068984  
-2.538466378  
-3.511790622  
-3.462143641  
-2.857241249  
-2.43740747  
-2.945227721  
-4.827959333  
-8.018922023  
-11.88452806  
-15.37124252  
-17.31806233  
-16.8388329  
-13.64707734  
-8.207306121  
-1.649398082  
4.539637438  
8.955362836  
10.70676056  
9.69479718  
6.64132203  
2.851732471  
-0.2158379316  
-1.43501635  
-0.3883034576  
2.491252202  
6.064713415  
8.873288534  
9.638619669  
7.710232174  
3.309036602  
-2.51664823  
-8.210032743  
-12.19482477  
-13.37227173  
-11.46199538  
-7.075572025  
-1.502086208  
3.718408648  
7.287826287  
8.544147005  
7.62833021  
5.375711012  
2.978444385  
1.542599408  
1.696357284  
3.38385932  
5.911118387  
8.220636462  
9.29158404  
8.520375157  
5.946137113  
2.242853853  
-1.516271275  
-4.236049144  
-5.182980296  
-4.239546462  
-1.940429909  
0.7202907054  
2.641408017  
3.001729279  
1.546947432  
-1.322164697  
-4.688080027  
-7.430281314  
-8.603730968  
-7.75134543  
-5.045699467  
-1.21674349  
2.702760133  
5.72065647  
7.196980116  
7.018711449  
5.584649218  
3.616040376  
1.86937422  
0.8591890151  
0.6906159715  
1.057774878  
1.401575268  
1.16211917  
0.02746688886  
-1.916273545  
-4.190744139  
-6.086059907  
-6.918230446  
-6.289420568  
-4.255658347  
-1.339328756  
1.621240006  
3.735441851  
4.348132729  
3.25422207  
0.7686334418  
-2.370028067  
-5.227617337  
-6.957054632  
-7.042928692  
-5.432248768  
-2.517288136  
1.012684443  
4.391526799  
6.989863777  
8.453217449  
8.728751666  
7.988235358  
6.492439888  
4.46010139  
1.997120074  
-0.8874566333  
-4.191064482  
-7.798497272  
-11.39445406  
-14.45826906  
-16.36019219  
-16.53784385  
-14.69612526  
-10.95787007  
-5.902692897  
-0.4652812719  
4.288949286  
7.449633807  
8.522436856  
7.581693619  
5.261669519  
2.582111571  
0.6554041256  
0.360373937  
2.079385584  
5.577082099  
10.05674163  
14.37722698  
17.36624767  
18.13885218  
16.33099996  
12.18571092  
6.474268286  
0.2826766849  
-5.270073573  
-9.300769462  
-11.34653189  
-11.42373189  
-9.95879837  
-7.624559491  
-5.138125735  
-3.080049436  
-1.780171135  
-1.289999029  
-1.433481623  
-1.906810917  
-2.388935963  
-2.628938836  
-2.490674501  
-1.953113985  
-1.079698741  
0.02271319736  
1.236593043  
2.44833131  
3.546153658  
4.411709678  
4.91869645  
4.947816749  
4.41850727  
3.327963225  
1.781308631  
-0.003396459466  
-1.724960726  
-3.061509335  
-3.751039136  
-3.666676956  
-2.861901367  
-1.567989045  
-0.1396258696  
1.039128586  
1.66285422  
1.594827802  
0.9107046171  
-0.1198707163  
-1.111373714  
-1.679320379  
-1.56247766  
-0.7135942329  
0.6700736452  
2.188395301  
3.343051961  
3.677267814  
2.911385771  
1.03518394  
-1.670702269  
-4.692113948  
-7.403116442  
-9.219575933  
-9.742945465  
-8.855648673  
-6.7433293  
-3.839998451  
-0.7135102684  
2.075361036  
4.101167941  
5.156071938  
5.267874576  
4.655222312  
3.639322856  
2.542610483  
1.605752068  
0.9454658325  
0.5603130514  
0.3750274502  
0.3017593462  
0.2925992996  
0.3631009099  
0.5788956165  
1.012455506  
1.689143498  
2.546506762  
3.426422112  
4.107827909  
4.372134975  
4.080023722  
3.231897594  
1.987606649  
0.6335922881  
-0.4966774694  
-1.126070438  
-1.127779664  
-0.5771811903  
0.2594171903  
1.000353833  
1.268238477  
0.8171549737  
-0.3740013781  
-2.075062907  
-3.858093361  
-5.218562362  
-5.729066275  
-5.177920042  
-3.647201379  
-1.502142436  
0.7090734483  
2.417115077  
3.205698774  
2.942736416  
1.824458744  
0.3147135881  
-1.005054224  
-1.629944069  
-1.308236232  
-0.1415969916  
1.427876847  
2.745640732  
3.152094897  
2.206252288  
-0.1461051754  
-3.517378339  
-7.160379871  
-10.1692663  
-11.74166876  
-11.42230126  
-9.250442654  
-5.760823961  
-1.831753959  
1.577432558  
3.720693027  
4.299223815  
3.558505482  
2.212460207  
1.21239116  
1.428472938  
3.342084234  
6.847825615  
11.23334212  
15.35177475  
17.94183404  
18.00283089  
15.111755  
9.58392016  
2.423814764  
-4.924438332  
-10.95679746  
-14.50891661  
-15.05867831  
-12.84386919  
-8.763189553  
-4.094189178  
-0.1161741452  
2.24725976  
2.660755359  
1.42104637  
-0.6912097449  
-2.695517332  
-3.735717498  
-3.340653602  
-1.543405758  
1.168989788  
4.04684029  
6.336850758  
7.517638585  
7.43403857  
6.292167099  
4.528416833  
2.610072499  
0.8476198039  
-0.7085656097  
-2.248359365  
-4.068248772  
-6.378021858  
-9.126884919  
-11.92395213  
-14.09569877  
-14.873375  
-13.65401992  
-10.24723913  
-5.018138797  
1.13357439  
6.966499803  
11.21358417  
12.92956224  
11.76384068  
8.072970096  
2.834913737  
-2.61187398  
-6.927731761  
-9.12318481  
-8.800302898  
-6.217886605  
-2.169817149  
2.276990163  
6.098521757  
8.585877265  
9.496192779  
9.048331544  
7.780516985  
6.329488539  
5.210200598  
4.667498396  
4.640364283  
4.837523881  
4.885453892  
4.488531215  
3.542611654  
2.165340878  
0.639783015  
-0.7001624007  
-1.594921184  
-1.947168915  
-1.842120952  
-1.497461584  
-1.167237487  
-1.04025632  
-1.173352441  
-1.484340672  
-1.804649882  
-1.967895516  
-1.896600677  
-1.650470569  
-1.415021157  
-1.433126287  
-1.904744218  
-2.893278926  
-4.275659362  
-5.757761803  
-6.953130703  
-7.499728973  
-7.175161202  
-5.970744766  
-4.098667021  
-1.929504149  
0.118951131  
1.704380218  
2.6537913  
2.998832175  
2.943103897  
2.774921303  
2.75641337  
3.026498777  
3.5491209  
4.122412928  
4.444263653  
4.212390855  
3.227392312  
1.467885163  
-0.8836692014  
-3.470957496  
-5.84095712  
-7.548191112  
-8.260672063  
-7.843199115  
-6.399537045  
-4.263694473  
-1.940116323  
-0.001957494562  
1.035140616  
0.8396884127  
-0.6362156066  
-3.111244311  
-6.00220658  
-8.52950574  
-9.886731665  
-9.440551677  
-6.912434784  
-2.490450745  
3.169164308  
9.064990953  
14.0778735  
17.24926176  
18.03563213  
16.46361786  
13.13344759  
9.060148436  
5.390766219  
3.076729183  
2.598898115  
3.831500819  
6.091203984  
8.360684809  
9.619738852  
9.180086021  
6.915578051  
3.310715632  
-0.6920091183  
-3.999402987  
-5.730574828  
-5.515887678  
-3.630816777  
-0.9168113966  
1.488474128  
2.524919656  
1.564745998  
-1.369979817  
-5.601118626  
-10.00360972  
-13.36221454  
-14.75850967  
-13.86056363  
-11.02036729  
-7.148804722  
-3.412371083  
-0.8548607973  
-0.07064737732  
-1.036278611  
-3.151212647  
-5.466426188  
-7.016331965  
-7.13702459  
-5.662826199  
-2.939723359  
0.3388344767  
3.40513787  
5.694145703  
7.021213134  
7.597838894  
7.885314946  
8.348136308  
9.207441629  
10.29536355  
11.07352152  
10.81683077  
8.899882887  
5.081176312  
-0.3237109645  
-6.45310622  
-12.10375354  
-16.06917447  
-17.50254395  
-16.18246826  
-12.59012085  
-7.768575081  
-3.008142666  
0.540088841  
2.196986939  
1.928244508  
0.3065670886  
-1.716288058  
-3.144351585  
-3.263421148  
-1.850757937  
0.7940424925  
3.994757068  
6.957650641  
9.04485032  
9.964147282  
9.81376711  
8.977888026  
7.924757585  
6.993702241  
6.257608711  
5.51456385  
4.409186373  
2.63155198  
0.1095947764  
-2.888136406  
-5.788710087  
-7.885513594  
-8.58529123  
-7.640461113  
-5.276600611  
-2.159946209  
0.7931986348  
2.70501122  
3.024541388  
1.714422664  
-0.7322733576  
-3.454678907  
-5.512684075  
-6.202648507  
-5.290806759  
-3.08286819  
-0.3052315907  
2.160547288  
3.596724476  
3.709209174  
2.736195993  
1.366239286  
0.4930864117  
0.8918200764  
2.928481352  
6.404115922  
10.58794806  
14.42969007  
16.8801123  
17.21318388  
15.24387818  
11.37258929  
6.446347224  
1.488193889  
-2.612153093  
-5.343924217  
-6.680691428  
-7.019499362  
-6.984877837  
-7.172889608  
-7.926631208  
-9.218878688  
-10.67682686  
-11.73302992  
-11.84408789  
-10.69815122  
-8.339981645  
-5.173895752  
-1.848122714  
0.936465501  
2.627908468  
2.970612343  
2.056680985  
0.2733892504  
-1.827312861  
-3.689704614  
-4.894516595  
-5.240948614  
-4.756999204  
-3.649201826  
-2.219459369  
-0.7805178675  
0.4064203969  
1.163089324  
1.399851116  
1.108713056  
0.3557937175  
-0.722311733  
-1.92312877  
-2.994207243  
-3.668888709  
-3.721593315  
-3.030499008  
-1.626438208  
0.2939744115  
2.403850145  
4.326355684  
5.737918937  
6.460537565  
6.509479871  
6.076096262  
5.448302407  
4.895264279  
4.558620744  
4.393225065  
4.184220041  
3.639486462  
2.526696069  
0.8038628264  
-1.309850167  
-3.358423202  
-4.77058071  
-5.044416001  
-3.933867352  
-1.569633315  
1.534997276  
4.605861616  
6.825633949  
7.580534331  
6.655293973  
4.309355985  
1.205000791  
-1.792809312  
-3.881272325  
-4.562693095  
-3.785376592  
-1.936367222  
0.3095657717  
2.231072632  
3.30683681  
3.381517621  
2.693555483  
1.756562012  
1.138301782  
1.218520805  
2.015423823  
3.147431686  
3.949464432  
3.708040563  
1.935915867  
-1.409613142  
-5.84436259  
-10.44643317  
-14.09552658  
-15.79053904  
-14.94643614  
-11.57687031  
-6.3048935  
-0.1984526352  
5.518057598  
9.787943268  
11.98565763  
12.0456795  
10.42743827  
7.938112587  
5.476183495  
3.777221679  
3.235095241  
3.841582452  
5.246805688  
6.906141464  
8.257792121  
8.874205673  
8.547875724  
7.299355373  
5.322110255  
2.895735059  
0.3020033717  
-2.231650301  
-4.553142525  
-6.578827729  
-8.27472508  
-9.641066198  
-10.70707452  
-11.53249685  
-12.20570858  
-12.82843624  
-13.48477901  
-14.20264579  
-14.92416555  
-15.50257078  
-15.73493186  
-15.42574027  
-14.46101247  
-12.8638454  
-10.80493773  
-8.556028327  
