-6.674209248  
-9.571000749  
-11.26489256  
-11.51547696  
-10.40246492  
-8.257708831  
-5.54818194  
-2.75312121  
-0.2697031371  
1.637404526  
2.846919624  
3.368529994  
3.323976465  
2.929309513  
2.473864492  
2.283823286  
2.660429315  
3.795085576  
5.680625161  
8.051369055  
10.38641245  
11.99679347  
12.19053216  
10.4787035  
6.762477901  
1.435946686  
-4.642684032  
-10.32175068  
-14.43327108  
-16.102637  
-14.99938054  
-11.44884575  
-6.362976038  
-1.002581165  
3.363853532  
5.805949328  
5.979557721  
4.203910116  
1.346507277  
-1.44694583  
-3.094035002  
-2.885842793  
-0.6763640803  
3.097873911  
7.563260065  
11.66577516  
14.45599995  
15.3184951  
14.08692291  
11.027364  
6.71449672  
1.854109317  
-2.886881863  
-6.99572031  
-10.15501081  
-12.22032325  
-13.16524631  
-13.0295974  
-11.8952615  
-9.893616076  
-7.228678629  
-4.189729155  
-1.130789622  
1.589634195  
3.694289154  
5.06741879  
5.794539987  
6.137632838  
6.444673234  
7.018401999  
7.988237797  
9.232857477  
10.38672132  
10.93602314  
10.37796499  
8.393181951  
4.974111162  
0.4648746886  
-4.503039281  
-9.160571803  
-12.78943027  
-14.89029685  
-15.2808422  
-14.09903302  
-11.72018837  
-8.624606022  
-5.26599117  
-1.985143521  
1.008739704  
3.596153623  
5.676689452  
7.112253697  
7.718735834  
7.317734468  
5.830802848  
3.375683842  
0.3166960055  
-2.765982242  
-5.194830668  
-6.373658974  
-5.971554279  
-4.048315413  
-1.0714639  
2.191851812  
4.883109638  
6.300204365  
6.107408854  
4.438866692  
1.859290483  
-0.8092256606  
-2.7416765  
-3.366566967  
-2.543436106  
-0.6057423087  
1.743849263  
3.652001328  
4.378141601  
3.52125307  
1.142021694  
-2.253332682  
-5.857807456  
-8.788976866  
-10.32578513  
-10.08889529  
-8.118593917  
-4.838043424  
-0.9237139707  
2.871530169  
5.890208395  
7.694030912  
8.117826096  
7.255161751  
5.395585022  
2.941057296  
0.3261113321  
-2.044080769  
-3.835424053  
-4.81201976  
-4.855852062  
-3.981764775  
-2.343680808  
-0.2234473556  
2.005667229  
3.941971334  
5.235734159  
5.668362913  
5.20773851  
4.020903765  
2.436661832  
0.8656920485  
-0.3006309843  
-0.7845270737  
-0.4833144172  
0.517108904  
1.976677653  
3.569026075  
4.95998556  
5.874083862  
6.134361416  
5.672680314  
4.518462384  
2.778997398  
0.622640496  
-1.731281028  
-4.020989996  
-5.959769929  
-7.271835674  
-7.747621369  
-7.307423231  
-6.052005406  
-4.275584732  
-2.423800259  
-0.9959164045  
-0.4112024145  
-0.8768216748  
-2.300947373  
-4.28628417  
-6.216805659  
-7.420785472  
-7.366052359  
-5.828600623  
-2.979664905  
0.6410398489  
4.263424733  
7.098179084  
8.55799497  
8.421099611  
6.886489501  
4.504386879  
2.005024344  
0.08098994223  
-0.8079537688  
-0.5478192633  
0.6300123352  
2.255428967  
3.790846357  
4.806268723  
5.099724104  
4.72696324  
3.938155363  
3.052367811  
2.320979277  
1.832229406  
1.490846664  
1.076701013  
0.3558887203  
-0.8019556447  
-2.347955614  
-4.051096129  
-5.570869922  
-6.57888619  
-6.883443518  
-6.509159012  
-5.699629515  
-4.83930303  
-4.320382079  
-4.401214432  
-5.106329138  
-6.204097094  
-7.270926448  
-7.820922306  
-7.457689251  
-5.998234215  
-3.529621475  
-0.3829463124  
2.962618511  
6.010651901  
8.36916252  
9.825989769  
10.36010744  
10.09499277  
9.219790394  
7.912393488  
6.293382185  
4.424008008  
2.341938064  
0.1130049405  
-2.128224837  
-4.170275621  
-5.755623105  
-6.640529175  
-6.661708183  
-5.785075277  
-4.119288726  
-1.89090509  
0.6073842016  
3.075001181  
5.247905129  
6.917917414  
7.92899188  
8.164205754  
7.541486244  
6.03078602  
3.692360789  
0.7208254885  
-2.530242619  
-5.567618548  
-7.833416931  
-8.826582488  
-8.240245915  
-6.071255062  
-2.660045053  
1.362992948  
5.219319318  
8.176215027  
9.736049724  
9.761401293  
8.494435028  
6.462430891  
4.299120064  
2.540493176  
1.463137627  
1.019061538  
0.8874959339  
0.6230376666  
-0.1549988184  
-1.601971729  
-3.575864607  
-5.681236934  
-7.413762866  
-8.351930465  
-8.323493873  
-7.481856471  
-6.259524394  
-5.211023495  
-4.799883593  
-5.207692687  
-6.238703118  
-7.361576127  
-7.881459006  
-7.187649146  
-4.992023056  
-1.472551132  
2.734074537  
6.696278778  
9.459495413  
10.3390936  
9.137838352  
6.214941609  
2.382254489  
7.47603907  
9.26325747  
9.211726826  
7.836430818  
5.775934924  
3.615960142  
1.773484742  
0.4593543703  
-0.2909254201  
-0.5480767079  
-0.4167795246  
0.01278425563  
0.678963975  
1.534832582  
2.523920277  
3.564334261  
4.552501277  
5.3857682  
5.992280847  
6.351917802  
6.495463956  
6.479126891  
6.343510595  
6.074985188  
5.589012221  
4.748233396  
3.415072996  
1.524275489  
-0.8495785345  
-3.456661419  
-5.888063555  
-7.647867499  
-8.26751583  
-7.433828277  
-5.094952821  
-1.511879011  
2.763857923  
6.986598258  
10.36780275  
12.24788089  
12.24804548  
10.365621  
6.988925346  
2.826261821  
-1.236977892  
-4.322868273  
-5.747583145  
-5.169713679  
-2.667778609  
1.270643741  
5.846932029  
10.1162728  
13.18413386  
14.39135  
13.4468992  
10.47868288  
5.991734671  
0.7450431629  
-4.42181357  
-8.769247223  
-11.80122163  
-13.33856294  
-13.50857299  
-12.66091346  
-11.23961639  
-9.651775633  
-8.171325916  
-6.902433517  
-5.805946766  
-4.77100616  
-3.699892386  
-2.571766988  
-1.461293789  
-0.5069791653  
0.1553684465  
0.4642114932  
0.4763315461  
0.3610745755  
0.3423824776  
0.6079065843  
1.220070136  
2.06637555  
2.874277381  
3.292668425  
3.016293341  
1.910220896  
0.08726201274  
-2.095689454  
-4.129601572  
-5.508932938  
-5.90112248  
-5.271063388  
-3.913050932  
-2.37182203  
-1.271848222  
-1.107103795  
-2.060458997  
-3.915719312  
-6.097471147  
-7.8327715  
-8.387986806  
-7.30752012  
-4.577960862  
-0.6630529046  
3.605221855  
7.249104764  
9.41517862  
9.611837019  
7.844583694  
4.611979962  
0.7675599345  
-2.707741817  
-4.954810038  
-5.437994215  
-4.049536125  
-1.099597947  
2.791432489  
6.857274974  
10.35729415  
12.71361226  
13.59100381  
12.9179218  
10.86255983  
7.783405749  
4.169530214  
0.5767583972  
-2.441926251  
-4.414748062  
-5.034982302  
-4.236202202  
-2.235717832  
0.4780686742  
3.228219001  
5.295293513  
6.096596938  
5.350501448  
3.173972227  
0.07573521462  
-3.162833229  
-5.69133309  
-6.821024879  
-6.213015252  
-3.965320608  
-0.5717488701  
3.232491314  
6.685750475  
9.203051387  
10.50078865  
10.6064678  
9.760391693  
8.257015064  
6.296198189  
3.909644019  
0.9962564718  
-2.546280526  
-6.650414936  
-10.94808388  
-14.75265386  
-17.18710504  
-17.43566315  
-15.0424109  
-10.15034531  
-3.581727032  
3.29393762  
8.887950802  
11.8292117  
11.3762297  
7.667705697  
1.719148614  
-4.848179254  
-10.2716823  
-13.16374034  
-12.91624564  
-9.861933956  
-5.13860948  
-0.2999444636  
3.198707834  
4.468387955  
3.45240811  
0.9022685847  
-1.925161604  
-3.742197752  
-3.710183489  
-1.755823489  
1.388332037  
4.43582636  
6.005096083  
5.126142589  
1.617781053  
-3.798903749  
-9.695338621  
-14.37704692  
-16.42544161  
-15.15813677  
-10.85339841  
-4.664031434  
1.748780308  
6.737783745  
9.173610615  
8.765634576  
6.100335355  
2.395620685  
-0.9348531458  
-2.752590843  
-2.540114858  
-0.5115618066  
2.53565477  
5.560188108  
7.675041564  
8.457957361  
8.06545558  
7.118359334  
6.412136121  
6.568934661  
7.767049074  
9.651603306  
11.46028795  
12.31613082  
11.57598732  
9.101831163  
5.34985608  
1.23932758  
-2.155538254  
-3.98139687  
-3.913725384  
-2.283995898  
0.02292884263  
1.868437737  
2.253601711  
0.669382518  
-2.71855995  
-7.114794705  
-11.35265448  
-14.27624679  
-15.11396825  
-13.71639518  
-10.58050674  
-6.657666258  
-3.01758869  
-0.4883972309  
0.6022227  
0.4988330454  
-0.1149939319  
-0.4005479585  
0.30709816  
2.243307324  
5.120110763  
8.223654901  
10.66403588  
11.68634023  
10.93314133  
8.568823887  
5.227018112  
1.804478733  
-0.823759817  
-2.069820943  
-1.792634898  
-0.3060844161  
1.756069218  
3.662884175  
4.815896204  
4.910249077  
3.98237339  
2.342972713  
0.4336652181  
-1.332610886  
-2.689832256  
-3.561783245  
-4.029123025  
-4.249801461  
-4.376069707  
-4.50565857  
-4.682952269  
-4.938914567  
-5.338064486  
-5.996698452  
-7.050261518  
-8.574097447  
-10.48883357  
-12.49716802  
-14.09473271  
-14.67347227  
-13.69982782  
-10.91552572  
-6.490214948  
-1.061564759  
4.37004702  
8.677759628  
10.91382757  
10.59316652  
7.862606346  
3.494189696  
-1.306240328  
-5.225174166  
-7.207550508  
-6.752663637  
-4.049198797  
0.09231829074  
4.488730354  
7.938137249  
9.569957063  
9.085700915  
6.821051281  
3.616645262  
0.544147408  
-1.423434508  
-1.695161951  
-0.2166398655  
2.543292557  
5.759069843  
8.508030334  
10.03944167  
9.972918222  
8.374482461  
5.70008956  
2.637071835  
-0.09894322401  
-1.947788768  
-2.6196819  
-2.11950443  
-0.6895826221  
1.296680066  
3.448586104  
5.44364032  
7.065981889  
8.1993959  
8.792778267  
8.822620179  
8.273043095  
7.142031706  
5.468408266  
3.363238421  
1.026106756  
-1.268230698  
-3.216149594  
-4.554776723  
-5.135269675  
-4.976503977  
-4.279924379  
-3.396547023  
-2.750384036  
-2.734968794  
-3.607889747  
-5.409975956  
-7.931086407  
-10.73410566  
-13.23560118  
-14.82813172  
-15.01855538  
-13.5512898  
-10.4865744  
-6.212139874  
-1.380682217  
3.217107598  
6.817707645  
8.85035601  
9.062502822  
7.572336916  
4.83289767  
1.51517808  
-1.660042312  
-4.096777563  
-5.457175331  
-5.717256256  
-5.131281553  
-4.118413635  
-3.109184058  
-2.40136599  
-2.071334076  
-1.968097228  
-1.789259103  
-1.210229434  
-0.01995212869  
1.785635923  
3.985977332  
6.20039259  
8.01126152  
9.100937253  
9.352013554  
8.873846019  
7.945340081  
6.895513287  
5.967493032  
5.218961852  
4.499582473  
3.517391708  
1.97192883  
-0.2953940123  
-3.192706454  
-6.35732905  
-9.23911925  
-11.26432541  
-12.0245911  
-11.42266363  
-9.718085  
-7.449680001  
-5.255891694  
-3.652840612  
-2.849062887  
-2.66701718  
-2.606339997  
-2.034192742  
-0.4407008274  
2.329984659  
5.959421871  
9.69778794  
12.56788112  
13.67156766  
12.50091622  
9.148937522  
4.343114471  
-0.7200093613  
-4.696519593  
-6.478322865  
-5.520925229  
-2.014119025  
3.157867483  
8.655231327  
13.04779857  
15.19711208  
14.54401129  
11.22353286  
5.984803085  
-0.0466173806  
-5.682244687  
-9.963063505  
-12.35024198  
-12.77399407  
-11.54922845  
-9.206940665  
-6.309246417  
-3.309335617  
-0.4909330401  
2.013412218  
4.155125591  
5.896706085  
7.170060356  
7.881996571  
7.957220478  
7.390439743  
6.275331329  
4.789959017  
3.140409449  
1.486336194  
-0.1162843639  
-1.72449282  
-3.458777985  
-5.41053597  
-7.544962196  
-9.645693457  
-11.33541546  
-12.17844685  
-11.83654745  
-10.22227886  
-7.587075324  
-4.498308012  
-1.697422089  
0.1238327482  
0.5564045657  
-0.3681623101  
-2.160049945  
-4.013736558  
-5.073961871  
-4.740330043  
-2.904624243  
-0.03066361953  
2.964311326  
5.000220444  
5.207554505  
3.259136939  
-0.4580956643  
-4.902044229  
-8.660967397  
-10.38412176  
-9.222708185  
-5.136157884  
1.042946826  
7.816740045  
13.44616317  
16.46286364  
16.10949669  
12.56943074  
6.912747021  
0.7754257809  
-4.127090435  
-6.499416422  
-5.824842861  
-2.477125508  
2.439350212  
7.458991939  
11.20814018  
12.79553657  
12.02187527  
9.355963324  
5.70467671  
2.070412209  
-0.7792466976  
-2.518122501  
-3.28387519  
-3.525300005  
-3.746213328  
-4.251702681  
-4.996762836  
-5.595008191  
-5.482833917  
-4.174523466  
-1.508733692  
2.211644135  
6.246519188  
9.612687088  
11.38434096  
10.99926337  
8.46494862  
4.3905673  
-0.1718392608  
-4.030049039  
-6.203564572  
-6.213769423  
-4.221811637  
-0.973232499  
2.429839433  
4.854819924  
5.461135465  
3.922735571  
0.4902449402  
-4.11476416  
-8.929147618  
-13.02274914  
-15.73299654  
-16.79528831  
-16.34399758  
-14.80213882  
-12.71018069  
-10.55640433  
-8.661053443  
-7.139944727  
-5.941579858  
-4.926941755  
-3.951354576  
-2.915041891  
-1.768627404  
-0.4829917442  
0.9904216506  
2.738943862  
4.86820662  
7.442281874  
10.40600151  
13.52422324  
16.37223832  
18.39644819  
19.03979328  
17.90092113  
14.87942284  
10.25778989  
4.686396249  
-0.9345779679  
-5.650704168  
-8.675702789  
-9.579869153  
-8.391627429  
-5.583489651  
-1.946268547  
1.613114534  
4.294347705  
5.586985051  
5.367564732  
3.889882369  
1.678311143  
-0.6397557302  
-2.511991145  
-3.600047927  
-3.844416425  
-3.443625389  
-2.761228826  
-2.193115677  
-2.036331195  
-2.397022509  
-3.161341864  
-4.033863585  
-4.629033516  
-4.587391709  
-3.683337002  
-1.895337684  
0.5788563344  
3.364004037  
5.993339765  
8.01523395  
9.093219098  
9.075362328  
8.018031271  
6.161476524  
3.866520901  
1.530471173  
-0.496122593  
-1.972710285  
-2.799729248  
-3.01476228  
-2.760356732  
-2.236368022  
-1.651427716  
-1.185539488  
-0.9697249933  
-1.081949179  
-1.553010549  
-2.374232165  
-3.500603967  
-4.8477516  
-6.286638504  
-7.643662271  
-8.713891604  
-9.291227744  
-9.212199855  
-8.402782715  
-6.912934376  
-4.924022444  
-2.720597806  
-0.6288580737  
1.064087985  
2.18709336  
2.733040158  
2.859379327  
2.836195745  
2.953783398  
3.416814271  
4.25954168  
5.313195569  
6.242420109  
6.646212281  
6.196575566  
4.772588574  
2.544343994  
-0.02741074887  
-2.286470049  
-3.55248244  
-3.323555365  
-1.451005432  
1.770092202  
5.630418023  
9.158913764  
11.36480966  
11.50683171  
9.315005997  
5.099214515  
-0.2927867516  
-5.664627065  
-9.76301356  
-11.59670159  
-10.69733998  
-7.250345949  
-2.057820408  
3.659212458  
8.568190531  
11.56072847  
12.02735582  
9.998612459  
6.116322005  
1.445256963  
-2.821443605  
-5.681739253  
-6.582334014  
-5.546569564  
-3.141585275  
-0.2986937079  
1.959301747  
2.806025538  
1.835139428  
-0.8394239594  
-4.629487176  
-8.646326773  
-11.94875913  
-13.79381501  
-13.82075701  
-12.12109375  
-9.181706009  
-5.724686408  
-2.495351982  
-0.06172657663  
1.318532711  
1.730802329  
1.53420024  
1.218823816  
1.23764384  
1.86533564  
3.124373823  
4.79542812  
6.501954064  
7.836875379  
8.488478825  
8.326245972  
7.422962262  
6.011630345  
4.396960145  
2.854534173  
1.552558347  
0.5211461837  
-0.3235101418  
-1.11212462  
-1.938709349  
-2.791833141  
-3.526449075  
-3.888011763  
-3.58314314  
-2.375768513  
-0.1794036367  
2.882766867  
6.468959798  
10.06537955  
13.07762113  
14.94489304  
15.2504679  
13.80412261  
10.68040844  
6.207299974  
0.9101845958  
-4.575935164  
-9.608943866  
-13.63895882  
-16.28856323  
-17.4017402  
-17.05421695  
-15.52376899  
-13.22565711  
-10.62514471  
-8.144434992  
-6.084311796  
-4.578806471  
-3.594332746  
-2.973389853  
-2.510097674  
-2.034275445  
-1.476468587  
-0.8908299793  
-0.4255905141  
-0.2489258528  
-0.455188797  
-0.9869292422  
-1.606684153  
-1.938510444  
-1.575955825  
-0.227821119  
2.145252051  
5.25440695  
8.503835235  
11.11857611  
12.35240078  
11.71895055  
9.174367775  
5.187393953  
0.6624485405  
-3.275126674  
-5.577988646  
-5.575543466  
-3.182326898  
1.051848702  
6.072694953  
10.60151306  
13.48607388  
14.01994087  
12.1352179  
8.410747461  
3.893417738  
-0.2128935489  
-2.896195749  
-3.617904514  
-2.444281372  
0.007108234275  
2.782852071  
4.898567891  
5.635638441  
4.738715445  
2.458346144  
-0.5653404902  
-3.530949101  
-5.735993525  
-6.783254732  
-6.670422185  
-5.742672407  
-4.534711204  
-3.564252364  
-3.151342757  
-3.324260214  
-3.8388709  
-4.297018933  
-4.315348883  
-3.680673841  
-2.436046115  
-0.8691105087  
0.5891812826  
1.515516429  
1.638500808  
0.9245422472  
-0.4233100292  
-2.049599058  
-3.579735575  
-4.751462979  
-5.495899507  
-5.939286126  
-6.326437248  
-6.895822755  
-7.7537201  
-8.795295838  
-9.703683817  
-10.0306995  
-9.334416167  
-7.329302792  
-4.0002646  
0.3561860085  
5.177208294  
9.752245238  
13.38081761  
15.52602738  
15.924475  
14.62871309  
11.97833587  
8.514311973  
4.862458932  
1.614374745  
-0.7710958286  
-2.032118669  
-2.12948701  
-1.235788728  
0.3062911142  
2.049970031  
3.526852367  
4.335651236  
4.223235251  
3.141093784  
1.261104602  
-1.05931767  
-3.360569848  
-5.195946165  
-6.248948081  
-6.418299116  
-5.841738396  
-4.846465446  
-3.837138353  
-3.154567598  
-2.95131156  
-3.128631703  
-3.361579299  
-3.210333639  
-2.285246998  
-0.411420183  
2.265814386  
5.277261565  
7.938863532  
9.546144832  
9.595729665  
7.962460603  
4.970987245  
1.332295454  
-2.04159574  
-4.291452227  
-4.856089179  
-3.632988772  
-1.004007105  
2.281742558  
5.330644643  
7.363072748  
7.927771031  
7.008418115  
4.994804803  
2.534849897  
0.3203534343  
-1.122726456  
-1.57498929  
-1.157492669  
-0.2583203858  
0.6142455404  
0.9979404292  
0.6078955054  
-0.6028347695  
-2.461215569  
-4.650926334  
-6.811498782  
-8.622952798  
-9.852551341  
-10.36104898  
-10.08442662  
-9.015242606  
-7.202915632  
-4.77666138  
-1.976783023  
0.8320793434  
3.191050895  
4.63097382  
4.796960081  
3.577364672  
1.189274432  
-1.821372811  
-4.68279483  
-6.586517552  
-6.912428095  
-5.420433873  
-2.34348344  
1.655901904  
5.660432347  
8.754910951  
10.28609436  
10.04251531  
8.29545859  
5.687550237  
3.006395122  
0.9198822357  
-0.2368938668  
-0.5507726539  
-0.4663839134  
-0.5928243057  
-1.450565555  
-3.249251356  
-5.776330425  
-8.437718666  
-10.43832829  
-11.04110845  
-9.815772078  
-6.791931274  
-2.464889704  
2.346634488  
6.740826524  
9.988910736  
11.7219926  
11.99045942  
11.18436927  
9.852069714  
8.488090214  
7.368038239  
6.486656974  
5.613692632  
4.437426992  
2.733824282  
0.4922923104  
-2.051193703  
-4.484730024  
-6.364354268  
-7.372177119  
-7.424923276  
-6.690107525  
-5.504891847  
-4.232720095  
-3.118548819  
-2.204607409  
-1.343990428  
-0.308455202  
1.05429704  
2.683058529  
4.251479407  
5.237868706  
5.103852913  
3.52244081  
0.5685343179  
-3.210586031  
-6.890146252  
-9.415653155  
-9.932470661  
-8.089089154  
-4.20513239  
0.766271136  
5.485953599  
8.618327077  
9.243019891  
7.154642716  
2.948313274  
-2.144041115  
-6.620316705  
-9.163650158  
-9.041691913  
-6.32189525  
-1.834849109  
3.099707207  
7.0920154  
9.108398659  
8.766661423  
6.409927625  
2.944235876  
-0.4953141949  
-2.929959362  
-3.841569337  
-3.296685724  
-1.857703131  
-0.3245824071  
0.5914285541  
0.5399962642  
-0.3484382871  
-1.535001988  
-2.305213159  
-2.071748377  
-0.6316717634  
1.720021574  
4.265632088  
6.104582204  
6.473262294  
5.030309409  
2.003906432  
-1.854283121  
-5.496220882  
-7.909946309  
-8.444979072  
-7.020794972  
-4.148949814  
-0.7632090222  
2.083336605  
3.551954293  
3.27306479  
1.442194974  
-1.267175315  
-3.936770738  
-5.699490066  
-5.999387392  
-4.73543021  
-2.253177112  
0.7982253996  
3.68343382  
5.793908493  
6.788667012  
6.628689147  
5.513278955  
3.761271601  
1.69404144  
-0.4329381899  
-2.431951475  
-4.134510419  
-5.333511784  
-5.762230279  
-5.13904129  
-3.274344937  
-0.2021632222  
3.72206132  
7.813481542  
11.16883697  
12.882816  
12.31294958  
9.309288006  
4.326194416  
-1.635410247  
-7.254881419  
-11.23118266  
-12.63736243  
-11.18232315  
-7.296652136  
-2.012124929  
3.331416521  
7.463594385  
9.530736813  
9.308145694  
7.216479156  
4.143931945  
1.137078426  
-0.9372752829  
-1.65130487  
-1.118067934  
0.08840919327  
1.159556091  
1.343921096  
0.2055328846  
-2.23384558  
-5.509116188  
-8.869726976  
-11.52151512  
-12.86869382  
-12.6771472  
-11.11147352  
-8.643295029  
-5.871915813  
-3.324951146  
-1.308578012  
0.1452690168  
1.224853053  
2.206641108  
3.300740024  
4.534733381  
5.720375393  
6.515602224  
6.558945324  
5.626661851  
3.75441862  
1.277115823  
-1.231634804  
-3.105054677  
-3.769774249  
-2.915774762  
-0.5969275878  
2.768999459  
6.501232639  
9.828245852  
12.08191087  
12.85963154  
12.11191502  
10.13551569  
7.479067083  
4.790663081  
2.649855774  
1.42693665  
1.202080884  
1.759589414  
2.653583127  
3.32568623  
3.245689969  
2.043656616  
-0.3940527623  
-3.883919754  
-7.967567768  
-11.99343157  
-15.24309113  
-17.0785702  
-17.08159116  
-15.15515563  
-11.56310035  
-6.894420156  
-1.954791141  
2.395243183  
5.421461551  
6.67512546  
6.09099243  
3.99793135  
1.036674547  
-1.997039208  
-4.345569489  
-5.469664658  
-5.169489003  
-3.615237646  
-1.28069189  
1.200279405  
3.213267778  
4.328366447  
4.405353644  
3.611634716  
2.35138761  
1.129901406  
0.3952043918  
0.4042403286  
1.152031524  
2.382252934  
3.672983077  
4.569306079  
4.721679507  
3.988913711  
2.476738315  
0.503274275  
-1.495343195  
-3.088924658  
-3.969358547  
-4.025786673  
-3.359755177  
-2.239969397  
-1.014280516  
-0.007798257741  
0.5618912545  
0.6290832866  
0.2746963604  
-0.321606616  
-0.9522870064  
-1.450302904  
-1.732550973  
-1.805956495  
-1.737593615  
-1.602946544  
-1.433980593  
-1.188445051  
-0.7542717088  
0.009863725576  
1.210117628  
2.85117168  
4.792603798  
6.746835009  
8.325274573  
9.124106318  
8.827942241  
7.302489537  
4.649033137  
1.203556496  
-2.521302445  
-5.937082845  
-8.497035613  
-9.800377158  
-9.658619423  
-8.111648249  
-5.396637568  
-1.8858762  
1.983913139  
5.770310171  
9.060984365  
11.48843882  
12.73657691  
12.55619316  
10.80179679  
7.489657345  
2.861230715  
-2.576213063  
-8.062891485  
-12.67508117  
-15.48901824  
-15.79302377  
-13.29691312  
-8.276081165  
-1.594755689  
5.420605991  
11.24679612  
14.51436491  
14.35744878  
10.66702354  
4.169351375  
-3.706341787  
-11.15016035  
-16.40832546  
-18.22221288  
-16.15135629  
-10.68968162  
-3.139108973  
4.728304194  
11.12891885  
14.7213073  
14.93099127  
12.05892267  
7.148764591  
1.657328084  
-2.972001703  
-5.707484113  
-6.185555322  
-4.757441126  
-2.322147048  
-0.005638055368  
1.210077491  
0.7932512359  
-1.186497158  
-4.102111019  
-6.986674722  
-8.850936809  
-8.999322753  
-7.247450421  
-3.978134373  
-0.02470114285  
3.576687171  
5.886418611  
6.321801588  
4.804389872  
1.758359492  
-2.029502961  
-5.637831463  
-8.254788735  
-9.368511101  
-8.857002771  
-6.965418596  
-4.1932263  
-1.136946528  
1.659862323  
3.809018616  
5.114924454  
5.553697515  
5.219410669  
4.268094782  
2.882873608  
1.267498608  
-0.3415203552  
-1.665158939  
-2.395861452  
-2.246095026  
-1.025485979  
1.276160301  
4.43171745  
7.974654151  
11.26668716  
13.62794205  
14.50033615  
13.60033784  
11.01584209  
7.214597248  
2.955133006  
-0.8814464875  
-3.497699558  
-4.371340817  
-3.382586828  
-0.8446722128  
2.569637174  
5.986182392  
8.532202713  
9.53449349  
8.666950618  
6.016064191  
2.053412712  
-2.474262359  
-6.70977706  
-9.867852104  
-11.39680975  
-11.08783742  
-9.111735593  
-5.977575762  
-2.422312457  
0.7468028475  
2.825772161  
3.367992119  
2.285605279  
-0.1264876  
-3.25330527  
-6.299612154  
-8.477990163  
-9.202050393  
-8.236615923  
-5.764017845  
-2.344821887  
1.22158056  
4.103106925  
5.65365331  
5.583715825  
4.03323806  
1.52353622  
-1.199987614  
-3.389459911  
-4.514842942  
-4.415971529  
-3.3390323  
-1.845414236  
-0.621034908  
-0.2465380474  
-1.002440012  
-2.77314538  
-5.082421327  
-7.250091641  
-8.61919269  
-8.778241493  
-7.703424614  
-5.770769908  
-3.631428027  
-1.98942848  
-1.355718219  
-1.862440513  
-3.203325635  
-4.725006917  
-5.64324203  
-5.314474012  
-3.471875394  
-0.3439639471  
3.389204395  
6.793826988  
8.97359187  
9.360527984  
7.908841985  
5.124824378  
1.918515211  
-0.6782983043  
-1.838029147  
-1.201132252  
1.009573499  
4.063574026  
6.963913866  
8.777505903  
8.946604839  
7.478616468  
4.950630385  
2.325295193  
0.6368309715  
0.6487595558  
2.59481695  
6.087725423  
10.22599966  
13.86489468  
15.96465328  
15.90509583  
13.66760304  
9.829449159  
5.376379053  
1.397056423  
-1.241257155  
-2.133828421  
-1.424850427  
0.2799201321  
2.136870313  
3.345309617  
3.39229031  
2.18578943  
0.04205033454  
-2.456810687  
-4.677031417  
-6.141769293  
-6.664780348  
-6.371198328  
-5.610028  
-4.800408135  
-4.273955208  
-4.171274151  
-4.425879891  
-4.832764176  
-5.166300475  
-5.294936775  
-5.244170979  
-5.182623844  
-5.33869057  
-5.884517946  
-6.838101835  
-8.02774479  
-9.138143121  
-9.823834226  
-9.846810075  
-9.182375175  
-8.046588885  
-6.827238396  
-5.937685216  
-5.645333983  
-5.940742829  
-6.503140614  
-6.785801941  
-6.201098938  
-4.345933438  
-1.188246517  
2.857064286  
7.000312993  
10.28515024  
11.87210259  
11.30717945  
8.685315162  
4.649515549  
0.2192308469  
-3.501887052  
-5.647295254  
-5.83491264  
-4.260394562  
-1.606409081  
1.20113746  
3.308066739  
4.212550576  
3.917727544  
2.906276427  
1.947437412  
1.80406721  
2.941326399  
5.338070384  
8.46697836  
11.45205342  
13.35162872  
13.47224211  
11.60808982  
8.125444679  
3.863441487  
-0.116437925  
-2.850026339  
-3.755359105  
-2.792054371  
-0.4473998739  
2.440663517  
4.960263315  
6.408124606  
6.485572361  
5.348194768  
3.500843666  
1.58224279  
0.1191670472  
-0.6623988769  
-0.9045211846  
-1.042624274  
-1.618447607  
-3.04888341  
-5.433354295  
-8.468265056  
-11.50015158  
-13.70222991  
-14.31827468  
-12.89638277  
-9.43951853  
-4.427450709  
1.294336604  
6.722686605  
10.93865314  
13.31422467  
13.63037332  
12.0832479  
9.189526451  
5.629031024  
2.074878234  
-0.9431091043  
-3.113548068  
-4.351908393  
-4.756848939  
-4.540179341  
-3.956111509  
-3.247085798  
-2.611497951  
-2.188915323  
-2.054247428  
-2.214459097  
-2.607323966  
-3.10716688  
-3.544129719  
-3.739723424  
-3.553725711  
-2.929528295  
-1.92123751  
-0.6886755028  
0.5436123317  
1.553851431  
2.195643268  
2.449168352  
2.429275434  
2.342576552  
2.404327941  
2.742386739  
3.323513328  
3.932710241  
4.219861577  
3.804698251  
2.409108741  
-0.0267692127  
-3.286334488  
-6.901039098  
-10.25606132  
-12.74816915  
-13.94804248  
-13.71603112  
-12.23408738  
-9.943176535  
-7.406032812  
-5.139311089  
-3.468775284  
-2.452799323  
-1.896118969  
-1.445576834  
-0.7327296214  
0.4861175902  
2.239057521  
4.325140255  
6.379275727  
7.99012351  
8.829161654  
8.748063389  
7.815151011  
6.284464776  
4.514450994  
2.868393847  
1.631159966  
0.9660051693  
0.9166973209  
1.441518219  
2.45473663  
3.851800904  
5.506510611  
7.245776672  
8.822959924  
9.916381232  
10.17240614  
9.294216354  
7.15470751  
3.894618988  
-0.0374340629  
-3.933704097  
-6.968676117  
-8.404221156  
-7.8028295  
-5.182421115  
-1.05733322  
3.658944897  
7.871883347  
10.58802505  
11.18092237  
9.561803728  
6.20233457  
2.000684597  
-1.970268993  
-4.75803467  
-5.781872476  
-4.968474994  
-2.737369197  
0.1512458891  
2.832010982  
4.576632066  
4.969626485  
3.971495694  
1.863664216  
-0.8910276039  
-3.813751741  
-6.540212625  
-8.875331823  
-10.76466542  
-12.20913883  
-13.17126485  
-13.52209102  
-13.05872845  
-11.59025478  
-9.057880356  
-5.636396902  
-1.766168157  
1.911704154  
4.708054445  
6.081403202  
5.810630239  
4.080722019  
1.443928479  
-1.33924534  
-3.531729409  
-4.648461904  
-4.603394195  
-3.721842376  
-2.61037529  
-1.926458461  
-2.126810805  
-3.283620923  
-5.036439658  
-6.70161386  
-7.505721235  
-6.864181511  
-4.607424038  
-1.07205287  
2.980696181  
6.597451424  
8.940578992  
9.567030901  
8.580658845  
6.601558462  
4.558134692  
3.36914149  
3.622911888  
5.364516502  
8.06683471  
10.79964726  
12.5426248  
12.53724255  
10.55692385  
7.000525236  
2.773190349  
-1.008705242  
-3.390546265  
-3.903560106  
-2.72747188  
-0.6323071783  
1.285514352  
1.986922641  
0.8652072766  
-2.016173184  
-5.907663008  
-9.59130777  
-11.76568771  
-11.47479827  
-8.440874046  
-3.190678366  
3.069168695  
8.791488255  
12.53711865  
13.39288959  
11.2298688  
6.724911996  
1.144188529  
-4.038272014  
-7.565134473  
-8.733204118  
-7.546919105  
-4.653740906  
-1.097482508  
2.019970842  
3.85629546  
4.029873065  
2.655029539  
0.2211203166  
-2.624032688  
-5.300137768  
-7.4503721  
-8.982093999  
-9.994857377  
-10.64129823  
-10.98884118  
-10.94491668  
-10.27848142  
-8.728668317  
-6.15377595  
-2.655303799  
1.380624385  
5.351248995  
8.598812157  
10.61236123  
11.19747837  
10.54967882  
9.199553496  
7.842761755  
7.109847223  
7.353740872  
8.528552442  
10.20264477  
11.70292402  
12.34169269  
11.64879806  
9.530025392  
6.298543573  
2.570408724  
-0.9378376397  
-3.638250815  
-5.248078377  
-5.854598759  
-5.849247498  
-5.758261878  
-6.032903178  
-6.875052754  
-8.159860263  
-9.481237226  
-10.30188901  
-10.15267201  
-8.809632573  
-6.386283219  
-3.30983672  
-0.1916662818  
2.361001394  
3.925808316  
4.377001342  
3.89304472  
2.863096371  
1.730763712  
0.8341050033  
0.2993223927  
0.02336653796  
-0.2533912615  
-0.8165775294  
-1.841602903  
-3.304280844  
-4.971438946  
-6.473620753  
-7.431144328  
-7.585539642  
-6.88768032  
-5.511396922  
-3.79019029  
-2.103218201  
-0.7548262721  
0.1077344678  
0.5103467272  
0.6008201014  
0.5561566914  
0.4898980718  
0.4001995379  
0.1816221486  
-0.3034680215  
-1.124080455  
-2.194953886  
-3.247486206  
-3.87837144  
-3.667079639  
-2.324949587  
0.1772589318  
3.553076464  
7.24298113  
10.55007252  
12.82980244  
13.67418815  
13.03034911  
11.21357951  
8.809357543  
6.49517286  
4.839020041  
4.138212081  
4.347456581  
5.114759072  
5.908174363  
6.188314343  
5.570041197  
3.924861751  
1.399432511  
-1.644565622  
-4.738968079  
-7.424500342  
-9.336670974  
-10.24408878  
-10.04370142  
-8.734899945  
-6.399232172  
-3.203266054  
0.5766606558  
4.528256814  
8.106461523  
10.69187119  
11.71040823  
10.79217739  
7.922414417  
3.526743906  
-1.556578686  
-6.233716292  
-9.415335358  
-10.3136276  
-8.687882699  
-4.955714628  
-0.1211707611  
4.475233412  
7.522347898  
8.116665432  
6.038748078  
1.838592528  
-3.304485757  
-7.913757826  
-10.64497369  
-10.68768011  
-8.017123446  
-3.41902713  
1.722917792  
5.815982329  
7.510254283  
6.082035498  
1.639151597  
-4.907272358  
-12.09070502  
-18.2800929  
-22.09922584  
-22.75793672  
-20.21036233  
-15.11024409  
-8.592670673  
-1.957577004  
3.649772405  
