3.524418115  
0.2359034438  
-2.801780601  
-4.870170557  
-5.606360613  
-5.090403833  
-3.775500628  
-2.295637112  
-1.226617139  
-0.8888176182  
-1.260315104  
-2.025311149  
-2.731922818  
-2.993917697  
-2.657164724  
-1.867513116  
-1.01604346  
-0.5847737542  
-0.9534795848  
-2.24228962  
-4.250435866  
-6.514684812  
-8.465538437  
-9.62248912  
-9.75510547  
-8.949768972  
-7.557676596  
-6.044632997  
-4.800632422  
-3.982943482  
-3.4546152  
-2.844906732  
-1.71211179  
0.2505643829  
3.044201119  
6.297091365  
9.334959329  
11.37367759  
11.77472922  
10.27834443  
7.132592354  
3.068324245  
-0.8807219018  
-3.662647292  
-4.511672728  
-3.178746042  
-0.01700300083  
4.105135832  
8.038110948  
10.66388922  
11.19669492  
9.387653616  
5.580194945  
0.6079990396  
-4.428096826  
-8.437169843  
-10.59300409  
-10.50382691  
-8.263696904  
-4.38728085  
0.34035411  
5.05084311  
8.96773944  
11.53368125  
12.47290762  
11.79168386  
9.732505293  
6.702603693  
3.194927041  
-0.2866497838  
-3.292382548  
-5.479863448  
-6.653363561  
-6.785391659  
-6.015443922  
-4.622357044  
-2.971635296  
-1.445855034  
-0.3723328138  
0.03533713704  
-0.2918866172  
-1.281370401  
-2.751378445  
-4.460529857  
-6.157223244  
-7.614351487  
-8.642495622  
-9.085193745  
-8.808577178  
-7.700744523  
-5.692123388  
-2.79764532  
0.8312666656  
4.866984993  
8.803064554  
12.00655914  
13.82739872  
13.74706779  
11.53122083  
7.341810736  
1.768402685  
-4.244412066  
-9.569834089  
-13.13923736  
-14.19474069  
-12.48930352  
-8.377822684  
-2.766876824  
3.074151184  
7.80154627  
10.31789281  
10.04553356  
7.081739786  
2.191606622  
-3.365479365  
-8.137718811  
-10.83885618  
-10.67336986  
-7.545811506  
-2.098546446  
4.435208433  
10.52905195  
14.73818568  
16.0564999  
14.16430018  
9.502378352  
3.153199233  
-3.439322733  
-8.837010283  
-11.96393549  
-12.35811134  
-10.25350768  
-6.474950526  
-2.180568543  
1.471723371  
3.637623088  
3.992238312  
2.774610135  
0.6663656357  
-1.450909578  
-2.780537063  
-2.849532828  
-1.631149611  
0.4795440877  
2.820083607  
4.687778976  
5.562135794  
5.251098309  
3.919139099  
1.99740755  
0.01640186485  
-1.574146041  
-2.533107951  
-2.861641649  
-2.738599474  
-2.391731531  
-1.963149689  
-1.428928285  
-0.6103154708  
0.7238623284  
2.703241482  
5.21537988  
7.844429014  
9.929632319  
10.74076106  
9.7214076  
6.718998788  
2.115722421  
-3.199362752  
-8.026883736  
-11.17494809  
-11.80568768  
-9.701544984  
-5.361720858  
0.1105515179  
5.303698543  
8.891022612  
10.00282951  
8.463624924  
4.822107208  
0.1668789889  
-4.211641838  
-7.205080644  
-8.196515423  
-7.202259006  
-4.809467182  
-1.940145658  
0.472957627  
1.788085606  
1.836056827  
0.92863845  
-0.2985577522  
-1.145399532  
-1.113866073  
-0.08920239911  
1.623267408  
3.411975237  
4.577498657  
4.575512716  
3.199810279  
0.6460079266  
-2.559072149  
-5.730175612  
-8.233477086  
-9.660581231  
-9.912204482  
-9.17373673  
-7.804884464  
-6.194248064  
-4.636615017  
-3.275111984  
-2.11934159  
-1.117746814  
-0.2409578826  
0.4687004619  
0.9077993854  
0.9784605589  
0.6779079888  
0.1628201585  
-0.2532195708  
-0.1845654377  
0.6801761164  
2.422718107  
4.79592975  
7.233606018  
8.985903461  
9.350142935  
7.925613562  
4.802656588  
0.609407366  
-3.617718488  
-6.714750278  
-7.741804176  
-6.294109782  
-2.66607795  
2.19566109  
6.947619669  
10.24136657  
11.13177433  
9.37143456  
5.494043236  
0.6557901964  
-3.718230032  
-6.371664998  
-6.599466003  
-4.453393696  
-0.7060070452  
3.412783397  
6.618643022  
7.982788154  
7.216097731  
4.737578037  
1.509675188  
-1.300300112  
-2.717460533  
-2.283423622  
-0.202297665  
2.73524399  
5.419759048  
6.790812115  
6.182943981  
3.53919503  
-0.5715941331  
-5.13180042  
-8.982238192  
-11.15740579  
-11.14376621  
-8.987578745  
-5.232194715  
-0.7206289191  
3.661046459  
7.212868155  
9.554987011  
10.63891476  
10.65407161  
9.882017002  
8.562658516  
6.823387697  
4.690451193  
2.165245652  
-0.6790182326  
-3.632346646  
-6.352306968  
-8.444946234  
-9.59567767  
-9.699449672  
-8.935091472  
-7.746003636  
-6.722571813  
-6.418430912  
-7.159781782  
-8.913636053  
-11.26447284  
-13.51419345  
-14.87929517  
-14.72593986  
-12.76943327  
-9.174666991  
-4.525044923  
0.3312276504  
-2.349340418  
-1.057946273  
0.2844542805  
1.923537858  
4.021505444  
6.528270069  
9.125940565  
11.27626706  
12.36584982  
11.90825349  
9.737761671  
6.125903825  
1.771829109  
-2.344168557  
-5.210036977  
-6.06394155  
-4.623296718  
-1.187249909  
3.424449151  
8.083408377  
11.65528269  
13.30397448  
12.70710272  
10.1200773  
6.273889617  
2.143477453  
-1.33718935  
-3.523459531  
-4.197923206  
-3.563634599  
-2.107905081  
-0.3941331373  
1.139988542  
2.307010107  
3.178105595  
3.981411033  
4.937648187  
6.103276014  
7.287632887  
8.081718878  
7.992991247  
6.638690596  
3.925289158  
0.1430133909  
-4.067686685  
-7.876187666  
-10.50085509  
-11.44930497  
-10.67780965  
-8.612563326  
-6.020768002  
-3.770175284  
-2.554261357  
-2.673138585  
-3.943087495  
-5.765522613  
-7.333574491  
-7.908746994  
-7.076796756  
-4.898740002  
-1.907292641  
1.050304709  
3.072521709  
3.483383885  
2.043457554  
-0.9732280547  
-4.857715948  
-8.672251805  
-11.5172596  
-12.77605835  
-12.26485231  
-10.24825029  
-7.324227253  
-4.222268964  
-1.582349604  
0.2165985591  
1.130354207  
1.410967951  
1.477972548  
1.747451687  
2.476749709  
3.673336772  
5.092988372  
6.323161662  
6.921620933  
6.565671687  
5.166669852  
2.917015489  
0.2574617777  
-2.225077983  
-3.941122134  
-4.446111047  
-3.554622656  
-1.393320715  
1.620559179  
4.871141193  
7.686270368  
9.498458888  
9.986983978  
9.165912189  
7.392868421  
5.290397365  
3.592651513  
2.950688527  
3.744168065  
5.950987433  
9.116355977  
12.43963261  
14.96594715  
15.83812722  
14.54268146  
11.07883772  
5.996217138  
0.2807224715  
-4.888134994  
-8.445737185  
-9.730373096  
-8.666092432  
-5.783372721  
-2.067178172  
1.326116555  
3.400371961  
3.600803043  
1.959198837  
-0.9410901073  
-4.169089045  
-6.754799237  
-8.004966298  
-7.725974118  
-6.283168174  
-4.477849321  
-3.28126754  
-3.510333758  
-5.548065428  
-9.197054057  
-13.7117446  
-17.99885056  
-20.92324222  
-21.625507  
-19.75651439  
-15.5630201  
-9.806054984  
-3.545021316  
2.141895716  
6.41692631  
8.850967314  
9.464549424  
8.647054087  
6.995269855  
5.130532692  
3.550345971  
2.549404744  
2.215806663  
2.482170617  
3.197618575  
4.18822035  
5.287865553  
6.340718872  
7.191637587  
7.68556848  
7.689663666  
7.136358713  
6.069999268  
4.67124922  
3.237608765  
2.11403928  
1.589217667  
1.791193127  
2.622816842  
3.767984505  
4.776534379  
5.206215347  
4.775912554  
3.475040179  
1.584895779  
-0.4036237874  
-1.954435766  
-2.679149625  
-2.4897931  
-1.65197702  
-0.7108543349  
-0.3064442897  
-0.9364225164  
-2.748054008  
-5.436892  
-8.297940359  
-10.42471052  
-10.99959503  
-9.583257006  
-6.304659247  
-1.880362514  
2.555641244  
5.768751961  
6.794212803  
5.246439295  
1.467280528  
-3.539151044  
-8.371890712  
-11.62281494  
-12.27501702  
-9.990527372  
-5.201665651  
1.019436446  
7.27086689  
12.2143846  
14.93296327  
15.14739218  
13.23321055  
10.04265672  
6.596270755  
3.746733585  
1.922227295  
1.027646227  
0.5293024284  
-0.3102973054  
-2.128073275  
-5.187677749  
-9.228483443  
-13.48757038  
-16.89199868  
-18.36619638  
-17.16393492  
-13.12594874  
-6.784743967  
0.7188603899  
7.890388457  
13.24277647  
15.66938515  
14.73046591  
10.77662976  
4.875007455  
-1.445474433  
-6.566693045  
-9.178578047  
-8.601007229  
-4.949087425  
0.9002177967  
7.531881255  
13.35032352  
16.97946739  
17.60275593  
15.15581057  
10.32259587  
4.337783475  
-1.350303149  
-5.464333943  
-7.225561894  
-6.536014803  
-3.968050849  
-0.5687248058  
2.46088012  
4.116113656  
3.866741773  
1.78369416  
-1.517236113  
-5.090501888  
-7.962689983  
-9.424691416  
-9.224117906  
-7.602989701  
-5.177690241  
-2.709936287  
-0.851463624  
0.04951842164  
0.01730490467  
-0.6232846516  
-1.424707829  
-2.027198009  
-2.317731969  
-2.473434361  
-2.869846636  
-3.887247993  
-5.690070939  
-8.069468073  
-10.42072257  
-11.88085414  
-11.59301644  
-9.014179271  
-4.159611427  
2.308665304  
9.194673435  
15.06183828  
18.62380434  
19.11276752  
16.50761764  
11.54592896  
5.51215619  
-0.1335616252  
-4.169716018  
-5.940975496  
-5.498321644  
-3.513646351  
-1.005320431  
1.0273135  
1.935067306  
1.605783496  
0.4497413605  
-0.8022032736  
-1.408572732  
-0.9199189267  
0.636220973  
2.754593682  
4.635166871  
5.482874446  
4.815115156  
2.664682488  
-0.3974415618  
-3.431516318  
-5.434757008  
-5.679083822  
-3.964648881  
-0.7014892727  
3.20942441  
6.655989991  
8.661469155  
8.682240751  
6.759775622  
3.481172474  
-0.2316288632  
-3.426620138  
-5.414224848  
-5.949962303  
-5.252038204  
-3.858848073  
-2.387758021  
-1.289225658  
-0.6883112006  
-0.3702557516  
0.08835810186  
1.096256011  
2.820157522  
5.043993559  
7.174361574  
8.399121721  
7.950117658  
5.381868848  
0.7693657826  
-5.246943473  
-11.59103149  
-17.02050341  
-20.45374708  
-21.25486838  
-19.39044764  
-15.41378748  
-10.28704854  
-5.101301459  
-0.7828623037  
2.126689385  
3.557852072  
3.854333206  
3.600673499  
3.40141732  
3.685667615  
4.59521863  
5.981413416  
7.497866227  
8.746363619  
9.420535193  
9.399206327  
8.76406037  
7.745104711  
6.622080958  
5.622183075  
4.851193753  
4.27929129  
3.780803448  
3.207782334  
2.466644546  
1.568577571  
0.6361269144  
-0.1346988561  
-0.5415384518  
-0.4474902749  
0.1671071598  
1.18936778  
2.398514933  
3.520910815  
4.297136974  
4.540676126  
4.172216364  
3.222509591  
1.806741266  
0.08149914952  
-1.800566575  
-3.724049625  
-5.622480258  
-7.465986936  
-9.23010669  
-10.85717245  
-12.22498355  
-13.13705216  
-13.34409102  
-12.59825692  
-10.7313593  
-7.738208107  
-3.839630258  
0.5006043125  
4.623015079  
7.7863083  
9.330471441  
8.85233136  
6.345223056  
2.255558142  
-2.574418659  
-7.07920626  
-10.2247197  
-11.28200609  
-10.04236635  
-6.904175526  
-2.792356734  
1.081785971  
3.563199284  
3.904014882  
2.017563888  
-1.449047722  
-5.259640588  
-7.922917405  
-8.128010122  
-5.157188456  
0.8492498699  
8.863289908  
17.1956662  
23.92394259  
27.4055267  
26.7303336  
21.98178129  
14.22872806  
5.248270895  
-2.942530649  
-8.613211949  
-10.75662458  
-9.316225326  
-5.147417288  
0.2658819853  
5.249259534  
8.400560829  
8.947521153  
6.908052264  
3.023067856  
-1.501949754  
-5.359659581  
-7.499604594  
-7.386365916  
-5.098587273  
-1.260579834  
3.15558042  
7.090269285  
9.645725074  
10.26645841  
8.820561932  
5.581820233  
1.135366351  
-3.75962357  
-8.317713524  
-11.86108746  
-13.92477488  
-14.32491502  
-13.1842846  
-10.90961636  
-8.117414428  
-5.512024172  
-3.731660958  
-3.191841708  
-3.965342938  
-5.737129023  
-7.859025968  
-9.50341808  
-9.884832717  
-8.492909981  
-5.269370402  
-0.6711932165  
4.408697798  
8.850955523  
11.59693602  
11.93441084  
9.699594456  
5.335434971  
-0.2126642215  
-5.734835568  
-10.06054475  
-12.34224835  
-12.24132708  
-9.970291396  
-6.189575681  
-1.799404339  
2.305521554  
5.446501979  
7.2827327  
7.823835118  
7.348098172  
6.267791347  
4.992276594  
3.83064294  
2.953980154  
2.41240231  
2.183450395  
2.222336442  
2.49164152  
2.96333689  
3.601961207  
4.347029076  
5.111358761  
5.80148294  
6.351927857  
6.754494201  
7.062394543  
7.358889644  
7.697133341  
8.035045059  
8.197715735  
7.894893664  
6.80235241  
4.689735497  
1.553646856  
-2.296313055  
-6.242702368  
-9.474095161  
-11.18794034  
-10.82771304  
-8.280310769  
-3.964396222  
1.230054075  
6.145084478  
9.648117094  
10.93043407  
9.720610584  
6.34711016  
1.630906796  
-3.357399688  
-7.598879935  
-10.39201784  
-11.5032297  
-11.16310867  
-9.921758591  
-8.422733283  
-7.178831459  
-6.426734621  
-6.10417954  
-5.945878903  
-5.650264485  
-5.044659726  
-4.180160363  
-3.317609673  
-2.810578688  
-2.933399463  
-3.725666876  
-4.920276052  
-5.991407028  
-6.313293283  
-5.377063438  
-2.988308104  
0.6285652101  
4.861838402  
8.874978765  
11.84834466  
13.21944067  
12.84079424  
11.0031513  
8.318876018  
5.509114636  
3.170916559  
1.605358758  
0.7635693389  
0.3233287548  
-0.1387294415  
-0.9480856497  
-2.182998577  
-3.630789021  
-4.864765905  
-5.411211533  
-4.94226894  
-3.42156394  
-1.147302227  
1.324119056  
3.347328401  
4.390393351  
4.200136866  
2.875305209  
0.8266949692  
-1.356497884  
-3.084017531  
-3.924695544  
-3.700617101  
-2.495220855  
-0.5884243199  
1.644028725  
3.823613592  
5.623987832  
6.782278607  
7.085947948  
6.367317557  
4.532258252  
1.627467522  
-2.077899657  
-6.041910362  
-9.478733034  
-11.49304649  
-11.30656936  
-8.519631959  
-3.321158364  
3.440102764  
10.37703388  
15.87303444  
18.50653465  
17.46972225  
12.84703233  
5.651505993  
-2.412540237  
-9.404755619  
-13.69161785  
-14.41097479  
-11.71053292  
-6.680632058  
-0.9990828814  
3.600005685  
5.862372007  
5.381019408  
2.676852384  
-1.029455882  
-4.272217299  
-5.86363494  
-5.304193793  
-2.940094837  
0.1839826216  
2.721804986  
3.529914745  
2.099691038  
-1.236807405  
-5.401207371  
-8.93144792  
-10.48601717  
-9.313129426  
-5.520570388  
-0.05197481846  
5.62151319  
9.985753745  
11.97524448  
11.30207037  
8.511714131  
4.752827134  
1.349226983  
-0.6693373447  
-0.9093943577  
0.2904238718  
2.038212754  
3.270114737  
3.188728978  
1.593313893  
-1.022928955  
-3.647167625  
-5.131133002  
-4.645217916  
-2.0345582  
2.057987414  
6.355264113  
9.347148617  
9.795739453  
7.171407543  
1.868156574  
-4.879104694  
-11.35184914  
-15.8639279  
-17.26832857  
-15.29200521  
-10.59611405  
-4.551298521  
1.189473509  
5.176664209  
6.554051756  
5.239452665  
1.859428424  
-2.516039453  
-6.731995624  
-9.87438739  
-11.46373146  
-11.47546355  
-10.21255199  
-8.105758318  
-5.532756727  
-2.725637232  
0.2109981865  
3.201543941  
6.086136785  
8.562772298  
10.22734305  
10.70673448  
9.833398099  
7.783675965  
5.108838435  
2.62570942  
1.188733922  
1.415721363  
3.464594648  
6.946986247  
11.01909174  
14.62693366  
16.8256626  
17.063016  
15.32760991  
12.11073589  
8.198425704  
4.373616722  
1.14218698  
-1.412251565  
-3.589036888  
-5.862699907  
-8.590443316  
-11.75560272  
-14.85939397  
-17.02026979  
-17.26154093  
-14.89192956  
-9.839717294  
-2.80709085  
4.83237465  
11.3817097  
15.31291076  
15.74417211  
12.73780537  
7.307919282  
1.121302783  
-4.020863277  
-6.755315329  
-6.594341314  
-4.080296121  
-0.6001482881  
2.084288792  
2.438988155  
-0.3043207938  
-5.853217629  
-12.90238414  
-19.51220666  
-23.69857387  
-24.04644724  
-20.15349344  
-12.76658014  
-3.573343382  
5.279890994  
11.78999833  
14.63404211  
13.48569028  
9.031827413  
2.706646237  
-3.75514957  
-8.798601156  
-11.41957157  
-11.33320508  
-8.920150478  
-5.002128097  
-0.5439645735  
3.61377299  
6.91643563  
9.126612532  
10.25154408  
10.42556958  
9.810808141  
8.55675444  
6.822615645  
4.831879478  
2.911549269  
1.475386728  
0.9379159892  
1.581190326  
3.424248889  
6.152881947  
9.150572841  
11.63601466  
12.87182371  
12.37906524  
10.08532127  
6.353797012  
1.880683372  
-2.506355199  
-6.08149742  
-8.408249384  
-9.421006227  
-9.379398751  
-8.72010296  
-7.866535869  
-7.069688898  
-6.33838325  
-5.480823526  
-4.235365  
-2.433700217  
-0.1273772715  
2.376679886  
4.590112217  
6.001586484  
6.260793273  
5.317254257  
3.458630613  
1.229885301  
-0.7407821035  
-1.948219677  
-2.174862322  
-1.554394096  
-0.5120923875  
0.3953762191  
0.6813334872  
0.09779435607  
-1.289125834  
-3.14199392  
-4.993016532  
-6.42627108  
-7.229233449  
-7.454350677  
-7.3670252  
-7.301442518  
-7.483117485  
-7.891989811  
-8.226516218  
-7.9916535  
-6.685680932  
-4.020435922  
-0.09209730485  
4.56742309  
9.088943183  
12.49233112  
13.97200164  
13.14892547  
10.20418346  
5.846767722  
1.122550623  
-2.875971619  
-5.307162122  
-5.791851674  
-4.476248307  
-1.934185685  
1.049695569  
3.736783094  
5.64330457  
6.635190045  
6.887229896  
6.734883932  
6.48475243  
6.261847866  
5.95430692  
5.27645388  
3.923744307  
1.756181873  
-1.066341614  
-4.057433767  
-6.50778837  
-7.692032678  
-7.111708049  
-4.690090566  
-0.846929321  
3.580786082  
7.554775631  
10.12440872  
10.69879652  
9.21562424  
6.152141391  
2.373758956  
-1.132862002  
-3.558898623  
-4.511739311  
-4.119595894  
-2.971848437  
-1.915942577  
-1.775487472  
-3.077266266  
-5.870430428  
-9.691854483  
-13.68680387  
-16.84796479  
-18.30213171  
-17.56153454  
-14.66881892  
-10.19622281  
-5.100838152  
-0.4770950703  
2.725690124  
3.94539906  
3.14597355  
0.8187070822  
-2.152099998  
-4.722458087  
-5.95968101  
-5.28115867  
-2.600084484  
1.658256752  
6.672456803  
11.44160163  
15.04426569  
16.87009241  
16.76102601  
15.02363223  
12.30985418  
9.401481871  
6.9628003  
5.33714597  
4.452036888  
3.865948638  
2.946130692  
1.12395518  
-1.854240502  
-5.766643758  
-9.90795326  
-13.25012323  
-14.73380171  
-13.60631283  
-9.700281913  
-3.557993739  
3.650663138  
10.40651413  
15.24255529  
17.15231394  
15.88064248  
12.00349337  
6.7654515  
1.71806044  
-1.734775616  
-2.746822807  
-1.269187776  
1.954429843  
5.634912884  
8.349284497  
8.986962486  
7.090738867  
2.987100619  
-2.331318891  
-7.528698403  
-11.34696691  
-12.98801753  
-12.33615213  
-9.954636644  
-6.865607583  
-4.193203916  
-2.792266942  
-2.985684109  
-4.493212379  
-6.567765812  
-8.284811133  
-8.8806452  
-8.022111626  
-5.917398507  
-3.234627051  
-0.8616437177  
0.4061600319  
0.1411306644  
-1.571439638  
-4.164064102  
-6.778376121  
-8.547489001  
-8.871483762  
-7.594220357  
-5.026964402  
-1.818684533  
1.275014224  
3.640556745  
4.987485162  
5.404893931  
5.282579266  
5.133962377  
5.389897195  
6.238481482  
7.564999096  
9.007149473  
10.09849065  
10.44286859  
9.854901861  
8.417692905  
6.441977866  
4.347940692  
2.517855892  
1.175605631  
0.3355372314  
-0.1653568179  
-0.570387666  
-1.083229468  
-1.773544551  
-2.544224695  
-3.170488532  
-3.392554102  
-3.023246922  
-2.027578081  
-0.5439704402  
1.158955319  
2.770329661  
4.032910785  
4.808403909  
5.087899119  
4.947149147  
4.470478773  
3.681063285  
2.513422842  
0.8461958514  
-1.413121697  
-4.224747463  
-7.340453639  
-10.29545926  
-12.48664233  
-13.32348786  
-12.40827102  
-9.68592417  
-5.508595661  
-0.584525478  
4.181975442  
7.91598024  
9.995864874  
10.20713964  
8.778983567  
6.293585368  
3.499014134  
1.086588659  
-0.4967766418  
-1.144798629  
-1.072463093  
-0.6961035721  
-0.4603024917  
-0.6737054383  
-1.408581389  
-2.493161111  
-3.591514279  
-4.335415705  
-4.456951436  
-3.874441583  
-2.705040566  
-1.206660199  
0.3218584464  
1.639851015  
2.624574751  
3.271785878  
3.643517389  
3.791851151  
3.697434111  
3.254825155  
2.316053233  
0.7774470731  
-1.326664126  
-3.767024818  
-6.132630376  
-7.922063132  
-8.690353281  
-8.203779155  
-6.546161519  
-4.1317368  
-1.608746556  
0.3249063348  
1.140190809  
0.6599654604  
-0.8562929925  
-2.760417993  
-4.189327784  
-4.317296738  
-2.612732374  
0.9781824389  
5.978119909  
11.47410287  
16.33648092  
19.49998718  
20.22854387  
18.29220441  
14.01187557  
8.166172794  
1.79260763  
-4.058541549  
-8.55191727  
-11.22177678  
-12.02414965  
-11.2866161  
-9.581416453  
-7.562353463  
-5.807952998  
-4.704323454  
-4.38606311  
-4.73795379  
-5.447933722  
-6.094965814  
-6.253039247  
-5.593001877  
-3.965494832  
-1.450156669  
1.640529257  
4.808598048  
7.465896303  
9.062336752  
9.220717768  
7.844784565  
5.168463425  
1.725634308  
-1.760348856  
-4.544886107  
-6.046067482  
-5.993646733  
-4.498697981  
-2.020485634  
0.7630889374  
3.145564288  
4.586807279  
4.854506127  
4.069826348  
2.644906263  
1.134288479  
0.0497946364  
-0.3002570962  
0.1041498423  
1.011350712  
2.006568426  
2.671857759  
2.739915902  
2.187772301  
1.238569818  
0.2730224485  
-0.3154197238  
-0.2678414507  
0.4446015309  
1.611666533  
2.864080464  
3.812311869  
4.191718152  
3.959200453  
3.30433482  
2.569900346  
2.111099548  
2.146732956  
2.660168276  
3.390753907  
3.923248055  
3.845715332  
2.918716352  
1.191207261  
-0.9852083318  
-3.057021516  
-4.456102035  
-4.811410135  
-4.109771676  
-2.743465575  
-1.418222147  
-0.9422403059  
-1.959312378  
-4.711940075  
-8.915195562  
-13.78950779  
-18.25078761  
-21.20522829  
-21.86080499  
-19.95968771  
-15.8585456  
-10.43007796  
-4.814422783  
-0.09545871125  
2.999912615  
4.289246259  
4.154076456  
3.388995691  
2.929593237  
3.544318037  
5.58415093  
8.863982023  
12.70812064  
16.14251853  
18.17392472  
18.07335539  
15.58376264  
10.9974724  
5.088406573  
-1.075014325  
-6.380207589  
-9.916016831  
-11.15355424  
-10.02554279  
-6.897630373  
-2.45266157  
2.473250117  
7.059411939  
10.63796095  
12.7788227  
13.31774606  
12.33623249  
10.10937595  
7.038402121  
3.581288518  
0.1897403976  
-2.743429665  
-4.924498257  
-6.185138381  
-6.493068664  
-5.945839917  
-4.748278098  
-3.176842171  
-1.536669818  
-0.1183699727  
0.8392229573  
1.176511004  
0.8300371142  
-0.1598681036  
-1.649251764  
-3.398850509  
-5.093370225  
-6.375902744  
-6.900072827  
-6.397344665  
-4.749417098  
-2.048298162  
1.376918947  
4.984545087  
8.103522278  
10.06679239  
10.36880629  
8.808396428  
5.575284818  
1.247955498  
-3.308383254  
-7.127807915  
-9.371952751  
-9.542657072  
-7.620584688  
-4.087817709  
0.1776814941  
4.112857009  
6.732459339  
7.374990281  
5.865695384  
2.552802024  
-1.792014614  
-6.180410733  
-9.663608511  
-11.56767709  
-11.64511546  
-10.10525714  
-7.521246462  
-4.645893985  
-2.19278321  
-0.6457586267  
-0.1483533558  
-0.4988994572  
-1.245351422  
-1.845662026  
-1.843052329  
-1.004570732  
0.6146455021  
2.695120025  
4.752520763  
6.279954893  
6.890444384  
6.420102464  
4.966458367  
2.856187154  
0.5560966337  
-1.444774191  
-2.749146405  
-3.133088159  
-2.578193347  
-1.251934488  
0.5526366542  
2.497773973  
4.279804376  
5.686599422  
6.622638164  
7.100249192  
7.204621514  
7.045977386  
6.714191734  
6.248807732  
5.632080652  
4.805737772  
3.705390809  
2.301569374  
0.6343706806  
-1.169998873  
-2.907972811  
-4.333292948  
-5.211025453  
-5.37845547  
-4.797252722  
-3.582072048  
-1.99544331  
-0.406568594  
0.7794515003  
1.207547541  
0.6546802913  
-0.9113456163  
-3.31082211  
-6.17511648  
-9.009912487  
-11.28583738  
-12.53754386  
-12.45080956  
-10.92038812  
-8.068241141  
-4.220444997  
0.15057513  
4.505663655  
8.324701198  
11.1833635  
12.80904768  
13.10907164  
12.16965062  
10.22881143  
7.629955205  
4.76470977  
2.014410905  
-0.3011550939  
-1.960845507  
-2.860769651  
-3.013308874  
-2.52879794  
-1.585048999  
-0.3916706051  
0.8436140015  
1.940938662  
2.763707536  
3.223800073  
3.279695902  
2.93178009  
2.218398283  
1.213904174  
0.02705761597  
-1.204007691  
-2.324365747  
-3.184478092  
-3.670003456  
-3.732932877  
-3.414535238  
-2.850341918  
-2.250954941  
-1.85878183  
-1.888713909  
-2.467136146  
-3.586434502  
-5.089823723  
-6.69395674  
-8.046489895  
-8.805464545  
-8.720425916  
-7.693918703  
-5.807037983  
-3.30268498  
-0.5318780654  
2.121559922  
4.317585476  
5.818747172  
6.519102227  
6.441049473  
5.707415806  
4.501960617  
3.032056028  
1.502619791  
0.1032304834  
-0.996771212  
-1.653820917  
-1.763684658  
-1.2847414  
-0.2650613808  
1.138612996  
2.663469077  
3.973763832  
4.724015803  
4.640337573  
3.598898379  
1.677488795  
-0.8388605789  
-3.50517709  
-5.808144099  
-7.279266213  
-7.599260652  
-6.665134065  
-4.602263098  
-1.720626247  
1.568761458  
4.849630093  
7.778930013  
10.12662664  
11.77086854  
12.65966875  
12.76258769  
12.03894366  
10.44126096  
7.95684272  
4.672136229  
0.8311432304  
-3.143877737  
-6.691704396  
-9.214097674  
-10.2195501  
-9.469125663  
-7.077270182  
-3.528826664  
0.4043218238  
3.83353626  
5.968918795  
6.321247851  
4.831850346  
1.890503225  
-1.766839936  
-5.253322503  
-7.76442429  
-8.782543123  
-8.195032621  
-6.294175074  
-3.663561625  
-0.9894689621  
1.142550683  
2.4032106  
2.781861203  
2.541642758  
2.088277431  
1.800597364  
1.881804055  
2.281791087  
2.71577867  
2.771567878  
2.067829457  
0.4089010891  
-2.117153707  
-5.131541666  
-8.052924887  
-10.25374693  
-11.23546285  
-10.76760886  
-8.947636533  
-6.164232775  
-2.977800672  
0.04249630711  
2.472995916  
4.133555653  
5.101460027  
5.641397298  
6.07889835  
6.661934564  
7.457626976  
8.31778747  
8.923176443  
8.889994347  
7.902042327  
5.824551564  
2.762992479  
-0.95073939  
-4.838042739  
-8.391583927  
-11.19277244  
-12.9925391  
-13.73381785  
-13.51548638  
-12.51791416  
-10.92259222  
-8.85831577  
-6.394087909  
-3.578984848  
-0.5089139392  
2.612939471  
5.455752112  
7.601746094  
8.646468565  
8.332821828  
6.675212533  
4.026140583  
1.050066359  
-1.404411312  
-2.510407124  
-1.694488588  
1.172606337  
5.688193698  
10.96974747  
15.84528445  
19.1392285  
19.97958804  
18.04115587  
13.65292816  
7.733541587  
1.566483222  
-3.526859195  
-6.527052537  
-6.974595566  
-5.073176652  
-1.609466663  
2.2861662  
5.466985588  
7.088576942  
6.825355704  
4.92308941  
2.076078925  
-0.828156635  
-3.013036265  
-4.067567046  
-4.069572541  
-3.538249954  
-3.232398741  
-3.861594521  
-5.807348239  
-8.949792464  
-12.66257256  
-15.9843285  
-17.91651385  
-17.75349041  
-15.33637616  
-11.14284418  
-6.175254083  
-1.673759621  
1.260858576  
2.017177104  
0.6823018672  
-1.962640078  
-4.668267843  
-6.101289585  
-5.272282479  
-1.874025025  
3.578742334  
9.858511038  
15.35732179  
18.54659744  
18.427264  
14.83333964  
8.495055352  
0.840166688  
-6.407954696  
-11.7143817  
-14.15250182  
-13.63342052  
-10.87778023  
-7.143053831  
-3.795109186  
-1.860783  
-1.702974428  
-2.920199224  
-4.500980763  
-5.182448151  
-3.897786401  
-0.168726554  
5.683730155  
12.58039517  
18.96805376  
23.26198846  
24.31250677  
21.75322597  
16.12470901  
8.735348508  
1.300724943  
-4.5314704  
-7.630969748  
-7.678847863  
-5.22411097  
-1.492725527  
1.988732277  
3.840988068  
3.221375328  
0.04692369699  
-5.003756505  
-10.69876676  
-15.60159205  
-18.45544486  
-18.49624628  
-15.6159115  
-10.34612352  
-3.685357561  
3.167654725  
9.093015315  
13.26827639  
15.28162067  
15.1316666  
13.1394947  
9.818027293  
5.745560202  
1.475876657  
-2.505038911  
-5.787317849  
-8.034344302  
-8.991919322  
-8.520595826  
-6.644915632  
-3.598078139  
0.1653507285  
4.010071584  
7.21894132  
9.134075343  
9.306333695  
7.611617381  
4.298003186  
-0.05438707436  
-4.654446573  
-8.672319557  
-11.4183965  
-12.48325036  
-11.80478891  
-9.650395044  
-6.525802306  
-3.041164183  
0.226840389  
2.842075193  
4.564144064  
5.348967614  
5.308147135  
4.649591321  
3.621589267  
2.47424168  
1.440264974  
0.7268016519  
0.5053670168  
0.8902001398  
1.904273566  
3.443274631  
5.255548413  
6.956464617  
8.087557809  
8.216105754  
7.054367028  
4.565834069  
1.023099217  
-3.00885877  
-6.771252308  
-9.475439583  
-10.49449436  
-9.532756118  
-6.725632179  
-2.637868662  
1.845539768  
5.712808951  
8.056830121  
8.287114427  
6.269017695  
2.355694966  
-2.694087294  
-7.890099999  
-12.23223261  
-14.92487481  
-15.53405763  
-14.0542571  
-10.87613252  
-6.671063804  
-2.22682601  
1.723019298  
4.636908774  
6.243630242  
6.552268515  
5.802145694  
4.373753843  
2.687236925  
1.11294249  
-0.08903903155  
-0.7936277464  
-1.002793447  
-0.8145259328  
-0.3810198781  
0.1327235249  
0.582277078  
0.8657783003  
0.9347192238  
0.7956647407  
0.505239303  
0.1600533364  
-0.1178993688  
-0.2000659399  
0.02640256741  
0.6352216758  
1.640309288  
2.983007337  
4.53207604  
6.09953712  
7.472019912  
8.452972523  
8.907157257  
8.796374658  
8.195644607  
7.282306906  
6.296733333  
5.48097032  
5.008935721  
4.926468119  
5.119799947  
5.325850144  
5.187944716  
4.347996909  
2.554389798  
-0.2428594603  
-3.838444738  
-7.780510073  
-11.44757832  
-14.18074225  
-15.44108827  
-14.9518407  
-12.78508352  
-9.364799172  
-5.379214254  
-1.620464572  
1.208716429  
2.669885729  
2.696505303  
1.602287449  
-0.01455168496  
-1.44632005  
-2.081746477  
-1.584114262  
0.01003592119  
2.301071625  
4.643143581  
6.334214879  
6.823843185  
5.877742994  
3.650887989  
0.6479594736  
-2.416645422  
-4.817549766  
-6.017408407  
-5.808868869  
-4.360192114  
-2.154807347  
0.1535725523  
1.924789159  
2.700379161  
2.309030906  
0.883814365  
-1.206602793  
-3.485157656  
-5.509259139  
-6.985727403  
-7.826633394  
-8.136001313  
-8.139392581  
-8.084725727  
-8.148337899  
-8.374711762  
-8.664603054  
-8.809648262  
-8.557900434  
-7.687969379  
-6.070687396  
-3.704668783  
-0.721860932  
2.632441557  
6.036592835  
9.138267103  
11.60340621  
13.16577029  
13.67459641  
13.13504708  
11.73166457  
9.822171818  
7.890986961  
6.459927911  
5.967272635  
6.640897061  
8.401344829  
10.83084055  
13.2318999  
14.77584428  
14.71331909  
12.59476793  
8.437331035  
2.782097769  
-3.388421404  
-8.864102177  
-12.50367161  
-13.5362198  
-11.78239804  
-7.727612714  
-2.418714015  
2.794332453  
6.604422093  
8.086109087  
6.932294371  
3.522029446  
-1.199047971  
-5.989850099  
-9.657289985  
-11.37285618  
-10.8730626  
-8.490848951  
-5.016147486  
-1.434363037  
1.3743065  
2.883599519  
3.046384256  
2.265011348  
1.22353401  
0.6392621566  
1.012738557  
2.452168327  
4.622721232  
6.83232715  
8.225347459  
8.026301216  
5.764872262  
1.422392402  
-4.535402086  
-11.24293816  
-17.61088502  
-22.54837453  
-25.17977166  
-25.01107196  
-22.01641368  
-16.6343816  
-9.681387902  
-2.203052132  
4.707795458  
10.09480276  
13.29318371  
14.03058005  
12.45624952  
9.092595728  
4.717055116  
0.197131228  
-3.686800058  
-6.390960391  
-7.694341586  
-7.700587805  
-6.756649688  
-5.31306526  
-3.768775799  
