-0.3834261072  
2.137159219  
4.669162407  
6.545682285  
7.378887916  
7.131246  
6.076188879  
4.672370964  
3.400172504  
2.616275361  
2.470891838  
2.906919325  
3.730220004  
4.716073977  
5.706408301  
6.659047374  
7.63107659  
8.705457204  
9.893483506  
11.05670275  
11.88645403  
11.95894843  
10.85572704  
8.313557627  
4.353562861  
-0.6577967377  
-6.043760685  
-10.94643145  
-14.51775628  
-16.11935459  
-15.47443179  
-12.72905923  
-8.407702824  
-3.279502935  
1.822756959  
6.17809413  
9.300488916  
10.98390719  
11.27044419  
10.36706999  
8.549144807  
6.08671207  
3.214178226  
0.1423424616  
-2.907527049  
-5.676943281  
-7.875698743  
-9.228474419  
-9.550508758  
-8.823181912  
-7.234982941  
-5.162164347  
-3.084676112  
-1.458346835  
-0.5842284148  
-0.5220784271  
-1.083111664  
-1.91084642  
-2.626371404  
-2.987871371  
-3.004123901  
-2.953297956  
-3.289374677  
-4.459095684  
-6.688786165  
-9.818554252  
-13.25361403  
-16.06847461  
-17.24982073  
-16.01356319  
-12.09857582  
-5.936528172  
1.372196994  
8.290139916  
13.23013288  
14.9927455  
13.12473859  
8.085257437  
1.159206639  
-5.868496403  
-11.19066662  
-13.47117087  
-12.20862877  
-7.861090854  
-1.692574052  
4.613696469  
9.459378461  
11.79995711  
11.43657415  
9.043194044  
5.923353315  
3.57447734  
3.197120096  
5.302810296  
9.542463793  
14.80728544  
19.5683485  
22.34637396  
22.1635686  
18.83667371  
13.02253165  
6.006775747  
-0.6922115145  
-5.774931825  
-8.523925512  
-8.966304048  
-7.791032134  
-6.057393914  
-4.798711085  
-4.657714339  
-5.676607994  
-7.310422694  
-8.655341527  
-8.809745521  
-7.239979417  
-4.020295704  
0.1414391852  
4.107949653  
6.683160056  
7.026657257  
4.970668129  
1.126744683  
-3.263543066  
-6.695761855  
-7.876005613  
-6.15078185  
-1.753458989  
4.217032981  
10.08597246  
14.07683183  
14.82666734  
11.7864067  
5.38560606  
-3.085137934  
-11.83351725  
-19.05295643  
-23.38915104  
-24.24934471  
-21.87360566  
-17.16588513  
-11.35845236  
-5.630630631  
-0.8075677458  
2.773279115  
5.205703651  
6.815734676  
7.915815326  
8.618723071  
8.787818127  
8.141469992  
6.464061033  
3.828812297  
0.7269665914  
-1.971247181  
-3.236192361  
-2.219786091  
1.39586046  
7.171918673  
13.90809207  
19.89067189  
23.33967009  
22.92893133  
18.21918851  
9.861437355  
-0.5065116188  
-10.65411232  
-18.33554507  
-21.88416798  
-20.65008839  
-15.15426437  
-6.919063488  
1.966784823  
9.413060177  
13.85392037  
14.58682903  
11.84303333  
6.59622002  
0.1963172225  
-6.038539869  
-11.14030803  
-14.63357529  
-16.48733542  
-16.93092045  
-16.23260967  
-14.5423267  
-11.86301265  
-8.15442398  
-3.512558704  
1.668205102  
6.640947495  
10.41032099  
11.98173905  
10.68043423  
6.428334373  
-0.1291623452  
-7.709622037  
-14.68517927  
-19.49933309  
-21.08205673  
-19.13207008  
-14.1762148  
-7.388495445  
-0.230540188  
5.96697175  
10.34595878  
12.68058968  
13.31651973  
12.92965002  
12.2063499  
11.57010336  
11.05629656  
10.37567509  
9.131645472  
7.094832677  
4.414162516  
1.666315787  
-0.2924594453  
-0.6297271048  
1.112792501  
4.757476537  
9.430536495  
13.74935698  
16.21566361  
15.69478347  
11.82201903  
5.19223755  
-2.744882248  
-10.06571121  
-14.91810786  
-16.06192933  
-13.23276994  
-7.212109948  
0.4182343371  
7.757305177  
13.14616234  
15.62987136  
15.17721583  
12.59777056  
9.196937092  
6.294225922  
4.770482489  
4.793354012  
5.804350581  
6.75920587  
6.528224233  
4.313328735  
-0.06041819558  
-6.071828852  
-12.66334216  
-18.56851252  
-22.68954851  
-24.39810431  
-23.66768374  
-21.01043795  
-17.26001213  
-13.29074073  
-9.775803684  
-7.06067761  
-5.176569803  
-3.961958505  
-3.221878469  
-2.847495632  
-2.844386395  
-3.264426819  
-4.083576247  
-5.095530443  
-5.887801216  
-5.9324689  
-4.772566938  
-2.237499321  
1.402395384  
5.419862516  
8.785394575  
10.46118888  
9.745410708  
6.5485082  
1.495860202  
-4.196427808  
-9.049913837  
-11.76073953  
-11.60559076  
-8.679848841  
-3.881398612  
1.364383038  
5.555843769  
7.598399591  
7.161254031  
4.787513535  
1.717384484  
-0.5213188007  
-0.6235673859  
2.047666492  
7.227086305  
13.80069817  
20.13070168  
24.5473272  
25.85050539  
23.66341108  
18.5303757  
11.73531875  
11.27947486  
8.56994726  
3.354036916  
-3.29256342  
-9.880898479  
-14.89818367  
-17.20709938  
-16.34944231  
-12.67278104  
-7.24466016  
-1.574984595  
2.781030906  
4.63342854  
3.47034433  
-0.4132290223  
-6.007187811  
-11.8736861  
-16.54931469  
-18.94734585  
-18.64406677  
-15.9664322  
-11.85688038  
-7.558523118  
-4.219004786  
-2.53717356  
-2.563650123  
-3.717947929  
-5.015233938  
-5.427295961  
-4.257202843  
-1.400983898  
2.594443936  
6.700793127  
9.752298953  
10.85035286  
9.691415866  
6.703082876  
2.93516368  
-0.2655136006  
-1.693650247  
-0.6929225771  
2.605606918  
7.298940479  
11.98325496  
15.19705392  
15.89369576  
13.7882651  
9.462887374  
4.192668267  
-0.4541494124  
-3.114122955  
-3.064453796  
-0.4569662134  
3.72400146  
7.964627614  
10.68738505  
10.73179525  
7.701550873  
2.076309469  
-4.936064108  
-11.74936807  
-16.8349228  
-19.10939389  
-18.16660708  
-14.30404978  
-8.363308081  
-1.458795221  
5.307187736  
11.05741056  
15.23529119  
17.58800802  
18.08209459  
16.81224055  
13.95120272  
9.756129268  
4.609438396  
-0.9515009154  
-6.261593364  
-10.63298705  
-13.51973469  
-14.68778455  
-14.31983909  
-12.99749411  
-11.54319079  
-10.75778837  
-11.13554865  
-12.65795842  
-14.75033879  
-16.43420224  
-16.64002976  
-14.58393575  
-10.08056278  
-3.677630911  
3.447873584  
9.812122342  
14.06887522  
15.43205731  
13.93359505  
10.4241184  
6.308093755  
3.094647963  
1.90903905  
3.12573011  
6.245276474  
10.05691896  
13.0338856  
13.83141634  
11.72462792  
6.845618915  
0.1480437208  
-6.881131901  
-12.66104005  
-15.96087784  
-16.20840622  
-13.57665794  
-8.842659135  
-3.089134842  
2.632942151  
7.56186973  
11.32610907  
13.87968896  
15.3297024  
15.75252921  
15.09261106  
13.19512543  
9.959261449  
5.538729025  
0.485758264  
-4.251994319  
-7.51868646  
-8.284143398  
-6.019712386  
-0.9789916628  
5.736163363  
12.37960919  
16.99939341  
17.98992693  
14.58804809  
7.150239743  
-2.888813306  
-13.37653159  
-22.01910907  
-27.00079993  
-27.4572541  
-23.66154533  
-16.87469086  
-8.920618728  
-1.631270997  
3.656871865  
6.399860184  
6.859064848  
5.852055309  
4.351747558  
3.08923035  
2.303933385  
1.722103706  
0.7552874437  
-1.172154573  
-4.303599102  
-8.36916904  
-12.61760998  
-16.05191366  
-17.77987035  
-17.34491785  
-14.90782757  
-11.20431652  
-7.287395026  
-4.145245837  
-2.335114422  
-1.772013089  
-1.757661699  
-1.248768449  
0.7249392897  
4.641121851  
10.21861826  
16.41100271  
21.67826434  
24.45781283  
23.68359797  
19.17997456  
11.79324443  
3.207242516  
-4.508289587  
-9.480551436  
-10.56845273  
-7.6849534  
-1.809927918  
5.306222447  
11.65313678  
15.52774444  
15.98964645  
13.07755954  
7.738077394  
1.506495027  
-3.9504172  
-7.288526933  
-7.810331167  
-5.582887154  
-1.342097603  
3.762054466  
8.487233858  
11.79144914  
13.02648477  
12.00436006  
8.951511187  
4.393387779  
-0.9810805622  
-6.437964122  
-11.28483517  
-14.9309909  
-16.93692783  
-17.06479922  
-15.32772306  
-12.02070177  
-7.70830058  
-3.150202843  
0.8357512101  
3.54875579  
4.573667055  
3.891292864  
1.890007347  
-0.7342504663  
-3.16742221  
-4.703922354  
-4.943271593  
-3.896820512  
-1.971426895  
0.1647847785  
1.792712851  
2.363683035  
1.665027414  
-0.11776486  
-2.456553217  
-4.631699622  
-5.929981945  
-5.83058144  
-4.129575082  
-0.9765937476  
3.174541058  
7.676052972  
11.82063327  
14.96529509  
16.62224597  
16.51019772  
14.57209528  
10.97018528  
6.066429139  
0.3891556451  
-5.419065862  
-10.67744108  
-14.76497049  
-17.22686443  
-17.86502719  
-16.7844725  
-14.37442895  
-11.21989856  
-7.961461958  
-5.140289007  
-3.073518064  
-1.798454445  
-1.103099637  
-0.6322744443  
-0.03275713535  
0.9129673236  
2.210641579  
3.66157068  
4.948349131  
5.765090547  
5.941332705  
5.511187984  
4.700029157  
3.832941033  
3.200249481  
2.933497486  
2.943179683  
2.947001414  
2.582748083  
1.565805931  
-0.1688691569  
-2.398238521  
-4.649305532  
-6.337911296  
-6.96325144  
-6.288870793  
-4.441505128  
-1.885572669  
0.7250985565  
2.771140741  
3.8892806  
4.110337657  
3.858207145  
3.802110608  
4.607120784  
6.66717814  
9.915560971  
13.785203  
17.34213735  
19.55590399  
19.62195111  
17.22979075  
12.68571128  
6.845219446  
0.8732979354  
-4.091809902  
-7.262789397  
-8.41050411  
-7.888501911  
-6.470140558  
-5.056345012  
-4.354600664  
-4.638147069  
-5.665650267  
-6.786166297  
-7.191007268  
-6.224871611  
-3.649455864  
0.2297559361  
4.61612311  
8.43628472  
10.64611597  
10.53007903  
7.901134029  
3.144079551  
-2.902503419  
-9.17947516  
-14.67678886  
-18.65659728  
-20.77035434  
-21.05146983  
-19.80823863  
-17.47158957  
-14.4590374  
-11.09980316  
-7.634219102  
-4.266726164  
-1.229588172  
1.187882766  
2.671928052  
2.975600818  
2.035254952  
0.06119362186  
-2.445506689  
-4.774670346  
-6.176155379  
-6.070523738  
-4.234668899  
-0.8978281361  
3.291332782  
7.425206424  
10.58175683  
12.08013107  
11.66872658  
9.587219366  
6.483910339  
3.216073643  
0.5981527581  
-0.821558749  
-0.8862800507  
0.177361555  
1.890984723  
3.728345962  
5.316760639  
6.563684216  
7.663474792  
8.982256784  
10.86278198  
13.4212128  
16.4133898  
19.22700512  
21.0149454  
20.9367755  
18.43613815  
13.46469872  
6.5745309  
-1.161985924  
-8.393748202  
-13.83188684  
-16.59396488  
-16.44938447  
-13.8888946  
-9.990521793  
-6.113737023  
-3.506075684  
-2.935205436  
-4.455934978  
-7.385290414  
-10.49958842  
-12.40220844  
-11.95849128  
-8.670737986  
-2.879776727  
4.273264551  
11.12286582  
15.92072734  
17.32039039  
14.76606859  
8.671499765  
0.3332302974  
-8.400798605  
-15.61497236  
-19.82450841  
-20.3465125  
-17.4391961  
-12.17428727  
-6.087557861  
-0.7184264895  
2.819103063  
4.105218886  
3.447603853  
1.68138658  
-0.1865618236  
-1.361788655  
-1.541084015  
-0.9905578725  
-0.3987325854  
-0.5602332305  
-2.007010323  
-4.725499121  
-8.071050991  
-10.92386677  
-12.04523973  
-10.51878924  
-6.124480032  
0.4921318134  
7.929626128  
14.40186615  
18.26299433  
18.52133424  
15.17345448  
9.242311206  
2.496596327  
-3.068015529  
-5.825623882  
-5.006631314  
-0.9193382891  
5.163403186  
11.41403501  
16.02234415  
17.74399471  
16.25033335  
12.17275472  
6.838345487  
1.796331781  
-1.69782287  
-3.064614456  
-2.524371929  
-0.9319200805  
0.6063165083  
1.185520335  
0.4566766683  
-1.248600027  
-3.067360935  
-3.971723447  
-3.2143375  
-0.6837349639  
2.969409716  
6.492542791  
8.431787823  
7.63747951  
3.697269439  
-2.860074967  
-10.67029128  
-17.92222848  
-22.90416156  
-24.52616467  
-22.64347388  
-18.07311344  
-12.3011179  
-6.98338143  
-3.412674708  
-2.133183976  
-2.829274111  
-4.516666278  
-5.957096865  
-6.139854894  
-4.653035697  
-1.810999079  
1.503844918  
4.220245021  
5.531238811  
5.245813455  
3.900311224  
2.579474937  
2.505700357  
4.544353024  
8.809698511  
14.52560763  
20.207395  
24.11638485  
24.83788204  
21.78311502  
15.43496805  
7.241570586  
-0.8179513314  
-6.856501336  
-9.682809449  
-9.180068696  
-6.327005313  
-2.849488139  
-0.6171062822  
-0.9876791266  
-4.322551322  
-9.838982008  
-15.85244028  
-20.32913989  
-21.56352985  
-18.75267374  
-12.27412032  
-3.574354474  
5.293380073  
12.32497625  
16.1938179  
16.64144077  
14.50243602  
11.36050689  
8.957470639  
8.559583794  
10.4983155  
14.04179746  
17.64029998  
19.46241473  
18.04117507  
12.81322332  
4.370455847  
-5.660681346  
-15.0748635  
-21.73290061  
-24.19169472  
-22.12299414  
-16.39563066  
-8.804356737  
-1.538245414  
3.44241949  
4.932124409  
2.760459306  
-2.238208546  
-8.532906495  
-14.36901201  
-18.2542134  
-19.31734865  
-17.45352117  
-13.24331569  
-7.703153904  
-1.966051664  
3.003112796  
6.583062345  
8.536761907  
8.940911638  
8.06013044  
6.227505508  
3.774529272  
1.020738048  
-1.698228675  
-4.003133385  
-5.48052746  
-5.744852692  
-4.540510027  
-1.847049542  
2.058118161  
6.614630238  
11.08050293  
14.69691808  
16.86824281  
17.30086909  
16.05633441  
13.50264402  
10.18225274  
6.64319947  
3.291538893  
0.3138759822  
-2.307597427  
-4.699388253  
-6.961511181  
-9.048285422  
-10.71452825  
-11.5527703  
-11.11381755  
-9.072269674  
-5.380961059  
-0.359626181  
5.317056851  
10.73565746  
14.93587109  
17.12658436  
16.86820106  
14.17397328  
9.507012906  
3.678141508  
-2.325647302  
-7.538530324  
-11.19466661  
-12.85456867  
-12.46163614  
-10.32818825  
-7.062581391  
-3.455251555  
-0.3423908567  
1.53543575  
1.663740769  
-0.1427342296  
-3.681431426  
-8.364292119  
-13.29172184  
-17.39741091  
-19.64690897  
-19.25584208  
-15.88178048  
-9.741728718  
-1.618798211  
7.255410057  
15.42608681  
21.50309131  
24.44758523  
23.79054914  
19.73109639  
13.09101238  
5.137028808  
-2.685778423  
-9.046278171  
-12.97882984  
-14.04155772  
-12.35486207  
-8.523874543  
-3.474833554  
1.749234399  
6.185995126  
9.106785386  
10.10462634  
9.115134082  
6.382502135  
2.38971474  
-2.2279743  
-6.772535929  
-10.56808887  
-13.03828391  
-13.77407043  
-12.58737306  
-9.543086993  
-4.960203406  
0.6249563186  
6.533683857  
12.04912818  
16.53171884  
19.5221479  
20.80871194  
20.44307669  
18.70098335  
15.99847967  
12.78605799  
9.448803127  
6.238365103  
3.2527868  
0.4659493236  
-2.206661501  
-4.829769183  
-7.385224629  
-9.746384143  
-11.70011297  
-13.01081925  
-13.50635959  
-13.15684579  
-12.11737598  
-10.71509154  
-9.37713027  
-8.515079359  
-8.397056911  
-9.04620848  
-10.20061762  
-11.35481393  
-11.88045816  
-11.19973191  
-8.966088903  
-5.200123061  
-0.3361014931  
4.843604126  
9.378352823  
12.36462486  
13.19590452  
11.73989133  
8.398763699  
4.028082256  
-0.2711726269  
-3.435553501  
-4.721012128  
-3.904022042  
-1.342108866  
2.127784846  
5.428465491  
7.553508896  
7.861395052  
6.266374675  
3.267641719  
-0.1953184566  
-3.022229734  
-4.286342756  
-3.525386252  
-0.9013166499  
2.822229167  
6.483408891  
8.852138961  
8.994009518  
6.563983226  
1.943908661  
-3.819093095  
-9.26094455  
-12.87114964  
-13.48731713  
-10.60890037  
-4.547472239  
3.625092993  
12.31593622  
19.77567813  
24.49575636  
25.5414004  
22.74301997  
16.70677204  
8.650777541  
0.1143714295  
-7.385491196  
-12.66941844  
-15.11347555  
-14.72839011  
-12.09312555  
-8.169401532  
-4.048358405  
-0.6921969635  
1.269758075  
1.647360189  
0.680149449  
-1.077893197  
-2.944557211  
-4.315495955  
-4.835464993  
-4.489760873  
-3.592166045  
-2.673647627  
-2.303632509  
-2.895275268  
-4.552376444  
-7.005242349  
-9.658430448  
-11.74084721  
-12.51754054  
-11.5022895  
-8.607441533  
-4.184437426  
1.05946923  
6.245045286  
10.55050225  
13.4166176  
14.66490509  
14.49397411  
13.35924452  
11.77999981  
10.14264722  
8.57036651  
6.906440886  
4.818178026  
1.984064507  
-1.705719194  
-6.013887944  
-10.34493121  
-13.87539818  
-15.79176477  
-15.56012238  
-13.13415368  
-9.022410237  
-4.179201853  
0.2575823674  
3.303954916  
4.433771983  
3.745124147  
1.926140767  
0.0220352271  
-0.9268043939  
-0.2582855616  
2.053866625  
5.35310422  
8.49136856  
10.20684619  
9.570002541  
6.349931365  
1.171430949  
-4.604324616  
-9.254634291  
-11.21947487  
-9.614422569  
-4.566834258  
2.741446858  
10.35401256  
16.07118364  
18.08068436  
15.50015224  
8.666112651  
-0.9222752375  
-10.99341102  
-19.11569585  
-23.35378535  
-22.7778233  
-17.68031622  
-9.444428299  
-0.1122803432  
8.210191883  
13.93046574  
16.35908313  
15.80492784  
13.36301217  
10.47628337  
8.419472231  
7.871553406  
8.709723691  
10.08396516  
10.74096925  
9.488280991  
5.64715375  
-0.6518560609  
-8.426013286  
-16.06724319  
-21.77301636  
-24.05457061  
-22.17319165  
-16.37731155  
-7.871806881  
1.471979704  
9.584293223  
14.71397016  
15.8550479  
12.9723065  
6.972916285  
-0.5585299943  
-7.782262457  
-13.06551327  
-15.36281195  
-14.42080363  
-10.76578575  
-5.492241939  
0.077543257  
4.762480739  
7.818513743  
9.085705478  
8.956279613  
8.184915152  
7.60588693  
7.845051724  
9.112677089  
11.13649103  
13.25152404  
14.61638973  
14.48832  
12.47200688  
8.665173473  
3.65464037  
-1.638575597  
-6.220705646  
-9.315703016  
-10.59679469  
-10.28688113  
-9.093764357  
-7.995056186  
-7.933623292  
-9.512854812  
-12.78351556  
-17.18886764  
-21.68914688  
-25.03399535  
-26.10724487  
-24.24622886  
-19.44416875  
-12.37726683  
-4.248305757  
3.509283938  
9.584219346  
13.10007456  
13.80476617  
12.09097574  
8.850283891  
5.209437712  
2.226778205  
0.6323366369  
0.6771728112  
2.122207222  
4.356687918  
6.602358182  
8.141441907  
8.507296635  
7.593678241  
5.664884658  
3.27564382  
1.129360294  
-0.08785490078  
0.1384036229  
2.035061754  
5.480334704  
10.00324061  
14.84301603  
19.0625391  
21.70449519  
21.97180372  
19.40494419  
14.02117865  
6.378532402  
-2.4649958  
-11.10774611  
-18.05947445  
-22.04899308  
-22.3157334  
-18.81052155  
-12.24513057  
-3.964477885  
4.338954365  
11.00433582  
14.78144459  
15.11095472  
12.23134871  
7.084120107  
1.044712715  
-4.44457364  
-8.236869837  
-9.739213868  
-9.001453834  
-6.622004386  
-3.511658773  
-0.5968701289  
1.443018537  
2.327265293  
2.177712833  
1.38980963  
0.4284287071  
-0.3721331186  
-0.9312515108  
-1.427042572  
-2.187268871  
-3.512254703  
-5.500551982  
-7.947105208  
-10.35701771  
-12.07614917  
-12.4970286  
-11.27028715  
-8.447973234  
-4.506897707  
-0.2399494031  
3.452339103  
5.804785186  
6.388772959  
5.210251203  
2.678022522  
-0.5411320755  
-3.727869006  
-6.306536259  
-7.96974956  
-8.697169124  
-8.673164528  
-8.143705728  
-7.272524044  
-6.054153975  
-4.318003928  
-1.822116524  
1.599374621  
5.892362517  
10.7005064  
15.38204587  
19.12943006  
21.15970226  
20.91871584  
18.23656865  
13.38667327  
7.031568601  
0.07373222604  
-6.542199308  
-12.01768315  
-15.82855023  
-17.76634586  
-17.89612611  
-16.46057277  
-13.77355982  
-10.14315706  
-5.846208595  
-1.151884686  
3.63030216  
8.113299667  
11.83723633  
14.3295545  
15.21002263  
14.3089166  
11.7562179  
8.004663986  
3.768274036  
-0.1155967951  
-2.867426913  
-3.941822246  
-3.150706109  
-0.7003922856  
2.865479353  
6.798556215  
10.31566352  
12.76077568  
13.72075414  
13.07420428  
10.97385231  
7.780498629  
3.975211858  
0.07447654289  
-3.436866892  
-6.152556007  
-7.778561456  
-8.162596837  
-7.322987514  
-5.470798563  
-3.010384469  
-0.501417209  
1.427298889  
2.206405849  
1.472385748  
-0.8074995051  
-4.274531867  
-8.213937318  
-11.69367624  
-13.78262082  
-13.7959253  
-11.49989916  
-7.213174371  
-1.765464659  
3.685704587  
7.937936012  
10.05189339  
9.598224596  
6.771261622  
2.333715217  
-2.594910859  
-6.847291005  
-9.526070003  
-10.23837081  
-9.179095889  
-7.040105805  
-4.77460677  
-3.289628824  
-3.160883936  
-4.456797111  
-6.724356829  
-9.139224592  
-10.7716528  
-10.88433878  
-9.168923991  
-5.847798474  
-1.610393365  
2.594660444  
5.845198793  
7.518623143  
7.466716564  
6.038208613  
3.943902889  
2.009514558  
0.8974391497  
0.8887438332  
1.797656093  
3.048210468  
3.890208292  
3.685403253  
2.169820739  
-0.3973142645  
-3.254456047  
-5.332759643  
-5.574287618  
-3.281162554  
1.611159407  
8.425631701  
15.84456135  
22.2040564  
25.90914946  
25.85919838  
21.76612811  
14.2744888  
4.844545361  
-4.576583488  
-12.01343251  
-15.9330192  
-15.60752125  
-11.27758679  
-4.078030202  
4.250269494  
11.78449279  
16.87042463  
18.48775171  
16.44555733  
11.37073418  
4.506241862  
-2.617848008  
-8.550962344  
-12.23526795  
-13.1964454  
-11.58026365  
-8.04478337  
-3.552265046  
0.8762511713  
4.38085388  
6.410184207  
6.775383961  
5.616416281  
3.307228495  
0.3356338411  
-2.80841673  
-5.713620127  
-8.089279813  
-9.773503297  
-10.72013234  
-10.97748672  
-10.6673049  
-9.965679056  
-9.082448238  
-8.234471676  
-7.611252695  
-7.337333923  
-7.441306494  
-7.843445119  
-8.370828189  
-8.80097506  
-8.924723595  
-8.610366934  
-7.84754849  
-6.753332352  
-5.533763186  
-4.409196981  
-3.525657704  
-2.882408267  
-2.304274783  
-1.475345913  
-0.03167061701  
2.31009834  
5.626394893  
9.705333279  
14.04338481  
17.93220277  
20.62037952  
21.50971596  
20.33097657  
17.24502497  
12.83332477  
7.971913573  
3.617152315  
0.5592861446  
-0.7876178847  
-0.4980427878  
0.8857969973  
2.506358706  
3.435042299  
2.941323487  
0.7112938639  
-3.046499349  
-7.638559724  
-12.0574737  
-15.23924276  
-16.33612682  
-14.93120475  
-11.13911564  
-5.570625742  
0.8230215172  
6.978400534  
11.95694981  
15.12999763  
16.27098342  
15.54388437  
13.40633006  
10.46622955  
7.336649801  
4.525085108  
2.374885699  
1.056222557  
0.5890191043  
0.8755235444  
1.726055245  
2.873855598  
3.987763142  
4.697796253  
4.645878448  
3.561838125  
1.349017073  
-1.848955299  
-5.631613424  
-9.396705179  
-12.46707432  
-14.26360673  
-14.47741377  
-13.18634567  
-10.871154  
-8.313422842  
-6.393560146  
-5.841020007  
-7.009006876  
-9.744091809  
-13.39662096  
-16.97693499  
-19.41770499  
-19.86852123  
-17.93654586  
-13.80133827  
-8.169163562  
-2.080403069  
3.371791551  
7.327300363  
9.365384421  
9.574318666  
8.471322856  
6.806611684  
5.3200211  
4.529574814  
4.616094798  
5.431901455  
6.618388579  
7.780794515  
8.65212069  
9.186134211  
9.548615356  
10.01533419  
10.82043974  
12.01734107  
13.40923355  
14.58036382  
15.02125063  
14.30537364  
12.25424393  
9.029824321  
5.117573318  
1.201160609  
-2.031855345  
-4.089342126  
-4.812214127  
-4.404239482  
-3.344627688  
-2.213957948  
-1.493427642  
-1.405871436  
-1.852097423  
-2.462726546  
-2.746076493  
-2.280017234  
-0.8816789119  
1.302667974  
3.817157964  
6.017913014  
7.255753938  
7.060779398  
5.271667967  
2.073510248  
-2.060423583  
-6.496932328  
-10.59587665  
-13.84054348  
-15.91248224  
-16.70181126  
-16.26793364  
-14.7800306  
-12.46721795  
-9.595606172  
-6.470406474  
-3.444528247  
-0.9086687235  
0.7549914488  
1.255162193  
0.4881489189  
-1.388193617  
-3.941304281  
-6.5341872  
-8.473668636  
-9.200390356  
-8.462695746  
-6.413385263  
-3.587452812  
-0.7550472647  
1.313564815  
2.10090299  
1.530456024  
0.02266431451  
-1.609671902  
-2.403545416  
-1.555531312  
1.297113243  
5.916374781  
11.48221987  
16.79336815  
20.59541937  
21.93982304  
20.46472596  
16.51082762  
11.03486539  
5.345197394  
0.7381118746  
-1.856729674  
-2.117409628  
-0.3892075705  
2.449617699  
5.269261282  
7.028289667  
7.06966197  
5.288547635  
2.130389875  
-1.569322753  
-4.845964627  
-6.884282616  
-7.232976908  
-5.900097324  
-3.314508798  
-0.1798630727  
2.724208638  
4.730585183  
5.412538135  
4.627406251  
2.483321207  
-0.7404664727  
-4.679889168  
-8.946222698  
-13.14599744  
-16.86881391  
-19.66798784  
-21.06403212  
-20.59226355  
-17.89692231  
-12.85205829  
-5.672326635  
3.028535473  
12.2647617  
20.80311059  
27.36926314  
30.89491203  
30.7484166  
26.89085667  
19.91384418  
10.94245085  
1.419051373  
-7.186159266  
-13.67269821  
-17.34604322  
-18.13622902  
-16.56965749  
-13.60057103  
-10.34351532  
-7.774260482  
-6.476387626  
-6.500900696  
-7.37827787  
-8.282228601  
-8.302462703  
-6.751053255  
-3.41355541  
1.332765482  
6.576895124  
11.10205853  
13.72635734  
13.66110358  
10.77996174  
5.711687655  
-0.2834763764  
-5.630884464  
-8.8695022  
-9.069928173  
-6.118059046  
-0.7742999459  
5.518051214  
11.02688389  
14.21653562  
14.18190872  
10.90111049  
5.228898759  
-1.368544102  
-7.257337219  
-11.12197352  
-12.34359986  
-11.15355758  
-8.51601927  
-5.779447023  
-4.210354194  
-4.560476193  
-6.807467556  
-10.15298042  
-13.27843356  
-14.77523148  
-13.60978881  
-9.47298542  
-2.901935415  
4.863440364  
12.24052639  
17.76293765  
20.49078031  
20.24373138  
17.5895315  
13.60223656  
9.47989696  
6.154700669  
4.026448534  
2.90374375  
2.163388363  
1.062513082  
-0.914057319  
-3.799117013  
-7.075193785  
-9.821096352  
-11.02491673  
-9.956293238  
-6.468244482  
-1.12054338  
4.925110663  
10.21266989  
13.40942111  
13.70419346  
11.0615464  
6.252018399  
0.6479807987  
-4.153914176  
-6.771731916  
-6.411334269  
-3.069876336  
2.480513497  
8.913732333  
14.70332582  
18.50498238  
19.46468971  
17.37941991  
12.68476223  
6.293160159  
-0.6571960803  
-7.068240532  
-12.09624296  
-15.27304684  
-16.52444985  
-16.10377405  
-14.4753044  
-12.18565139  
-9.753419255  
-7.59422957  
-5.98475522  
-5.059923367  
-4.833206443  
-5.229601834  
-6.122632954  
-7.368156351  
-8.828997807  
-10.38554798  
-11.9302992  
-13.349059  
-14.4974001  
-15.1855831  
-15.18558758  
-14.26829998  
-12.26780042  
-9.156326156  
-5.103208315  
-0.4890540077  
4.144159859  
8.206985685  
11.21622495  
12.94415662  
13.51141257  
13.38169326  
13.24354739  
13.80117962  
15.53081946  
18.47882243  
22.17381958  
25.69593643  
27.89921551  
27.73284202  
24.56944911  
18.43863519  
10.08586179  
0.8265382825  
-7.772462528  
-14.29653279  
-17.85469896  
-18.3072512  
-16.27955776  
-12.95640543  
-9.71814464  
-7.728583684  
-7.598679406  
-9.225681668  
-11.85213447  
-14.32104019  
-15.44439431  
-14.37047237  
-10.84023322  
-5.261585546  
1.411109564  
7.945916562  
13.16333431  
16.22901754  
16.83070179  
15.202774  
12.01033567  
8.143493347  
4.490366457  
1.751179817  
0.3312137204  
0.3188256102  
1.52844898  
3.576122769  
5.958676664  
8.122067633  
9.521011294  
9.681565697  
8.276028995  
5.206496734  
0.676492967  
-4.781296295  
-10.35137861  
-15.06846555  
-18.02103072  
-18.57938962  
-16.58368256  
-12.4286235  
-7.006256977  
-1.508883655  
2.86108062  
5.194680486  
5.104936356  
2.811605499  
-0.9434316532  
-5.123313209  
-8.694373848  
-10.90256281  
-11.444582  
-10.48695519  
-8.537879301  
-6.225267514  
-4.063193126  
-2.288495066  
-0.8202914175  
0.6514038973  
2.488856694  
4.913114611  
7.869065529  
11.00019059  
13.74179614  
15.49697869  
15.82931633  
14.60127403  
12.00915571  
8.50516865  
4.639961355  
0.8882738099  
-2.474823897  
-5.400841399  
-7.991033807  
-10.35098302  
-12.44071116  
-13.98858259  
-14.51473989  
-13.46847004  
-10.43894438  
-5.366906917  
1.321781353  
8.718058123  
15.58152753  
20.60747662  
22.73569276  
21.41313659  
16.73634734  
9.43669596  
0.7186165599  
-7.998021044  
-15.35843234  
-20.30644173  
-22.22522354  
-20.97413453  
-16.84172508  
-10.45221692  
-2.661400691  
5.538065642  
13.10279107  
19.03155497  
22.48036561  
22.90010368  
20.17356016  
14.70837613  
7.437040547  
-0.3090957544  
-7.049573656  
-11.48247669  
-12.807979  
-10.95235837  
-6.614815839  
-1.106114744  
3.989669883  
7.241097189  
7.760698797  
5.443898863  
0.9807178964  
-4.365577691  
-9.145694387  
-12.15731428  
-12.7890223  
-11.16913487  
-8.077079957  
-4.652053951  
-1.999105682  
-0.8244541112  
-1.219457207  
-2.66095455  
-4.222347548  
-4.919584437  
-4.072823685  
-1.561703767  
2.11001593  
5.959832187  
8.831856232  
9.761235538  
8.280401477  
4.572440798  
-0.5714995584  
-5.970766579  
-10.37699713  
-12.79987385  
-12.74386387  
-10.29736741  
-6.064362319  
-0.9747849889  
3.961127447  
7.883714278  
10.24566305  
10.87929167  
9.973776376  
7.987492378  
5.527635346  
3.224743254  
1.619290708  
1.068864241  
1.681511978  
3.283676091  
5.435109711  
7.502110301  
8.790236183  
8.71880957  
6.998280623  
3.757230047  
-0.4322041417  
-4.659562754  
-7.902367612  
-9.320213103  
-8.530625686  
-5.772962465  
-1.891239807  
1.880673796  
4.282848553  
4.437062297  
2.167518985  
-1.880377459  
-6.38077009  
-9.703462347  
-10.42099  
-7.791168847  
-2.057273151  
5.542156739  
13.07347054  
18.43884179  
19.98178487  
16.98267322  
9.890035387  
0.214382767  
-9.883676132  
-18.18424236  
-22.99740427  
-23.57555387  
-20.23454056  
-14.16560244  
-7.017925346  
-0.3989781101  
4.54526276  
7.348145704  
8.19472462  
7.692904464  
6.552953382  
5.305795612  
4.161422876  
3.043556502  
1.761481661  
0.2247298035  
-1.408169141  
-2.723947449  
-3.204521058  
-2.474186974  
-0.5369265597  
2.108837159  
4.54895939  
5.722358852  
4.797478739  
1.521569111  
-3.595509484  
-9.351392249  
-14.17595836  
-16.61699091  
-15.82674491  
-11.87762295  
-5.785359077  
0.7851008537  
6.044953731  
8.666650306  
8.229035844  
5.363966194  
1.544300329  
-1.423857359  
-2.037120322  
0.3576794486  
5.296130725  
11.30848651  
16.38240559  
18.62626592  
16.91193779  
11.27983783  
2.967447816  
-5.951300284  
-13.19728252  
-16.97907378  
-16.51932546  
-12.24518488  
-5.589139665  
1.520919134  
7.300485634  
10.65563092  
11.45663797  
10.45720062  
8.905234354  
7.999261637  
8.395439359  
9.946978036  
11.76964528  
12.60598032  
11.3507476  
7.540290303  
1.619951393  
-5.117297976  
-10.91020774  
-14.10090879  
-13.70221876  
-9.762032387  
-3.393974123  
3.542562505  
9.009835588  
11.41899661  
10.10957043  
5.524900153  
-0.9689047351  
-7.552625212  
-12.54908451  
-14.94269996  
-14.65354249  
-12.48414467  
-9.770835747  
-7.870924168  
-7.668635201  
-9.270088294  
-11.98695355  
-14.60549755  
-15.83921016  
-14.80258524  
-11.34061611  
-6.10264688  
-0.3396540956  
4.501043392  
7.243051072  
7.352888154  
5.096493819  
1.436298366  
-2.287630278  
-4.779681552  
-5.173631456  
-3.260458037  
0.5016463392  
5.180025235  
9.682765111  
13.08282889  
14.8454909  
14.8971545  
13.53505282  
11.23366711  
8.43522744  
5.408417627  
2.224933896  
-1.147922783  
-4.688848557  
-8.175750808  
-11.12447567  
-12.85413336  
-12.67062713  
-10.11198318  
-5.16996375  
1.596746555  
9.111716903  
15.99533254  
20.89352384  
22.82980418  
21.47756065  
17.26917378  
11.30391567  
5.073997002  
0.08055841502  
-2.556739867  
-2.390259503  
0.2440270552  
4.324247819  
8.423357633  
11.09764719  
