-4.086575201  
-5.044173184  
-5.402317962  
-4.898776843  
-3.583633527  
-1.831812881  
-0.2456177645  
0.5266321479  
0.00195863878  
-1.961504851  
-5.081212248  
-8.689896315  
-11.89237773  
-13.79832198  
-13.76622823  
-11.58919114  
-7.568514404  
-2.452630882  
2.743453119  
6.989368692  
9.493058727  
9.888494027  
8.308256445  
5.324126256  
1.775699448  
-1.462767241  
-3.711292891  
-4.646051294  
-4.352016048  
-3.256174019  
-1.965445761  
-1.059986565  
-0.9043053908  
-1.532054509  
-2.637863894  
-3.677464869  
-4.045083798  
-3.274161465  
-1.20025255  
1.963928781  
5.665449366  
9.150839546  
11.66838579  
12.67382821  
11.9787482  
9.797723351  
6.68064958  
3.351176427  
0.5005778648  
-1.400245275  
-2.214052048  
-2.142921689  
-1.627467268  
-1.174524871  
-1.170834127  
-1.744266127  
-2.718339487  
-3.674739136  
-4.102706286  
-3.584989076  
-1.957450866  
0.6122348985  
3.654720037  
6.529533762  
8.613820119  
9.487240872  
9.052031447  
7.548961147  
5.465227809  
3.367100993  
1.715711634  
0.7298080195  
0.342415648  
0.264741574  
0.1320610941  
-0.3237799073  
-1.141276155  
-2.088564442  
-2.735383325  
-2.616754261  
-1.432153891  
0.7925669365  
3.644273517  
6.394434811  
8.190519196  
8.311116954  
6.403836012  
2.626322419  
-2.360665318  
-7.55264897  
-11.86829444  
-14.44319056  
-14.86028289  
-13.24666458  
-10.20939136  
-6.634710004  
-3.418230145  
-1.213622463  
-0.2780738017  
-0.457305241  
-1.304426634  
-2.281704068  
-2.968595091  
-3.201182869  
-3.096767266  
-2.961601383  
-3.123669707  
-3.759939078  
-4.788641587  
-5.871511883  
-6.528164454  
-6.320662416  
-5.037400748  
-2.802902341  
-0.06574873223  
2.5386238  
4.405585132  
5.1818148  
4.905461711  
4.008188492  
3.169447511  
3.067581277  
4.113172344  
6.261821894  
8.980766963  
11.39257078  
12.55711319  
11.80112094  
8.982109302  
4.589739671  
-0.3614237554  
-4.624173003  
-7.107496999  
-7.23589342  
-5.156920198  
-1.720059345  
1.776582586  
3.997982633  
4.01295661  
1.620265681  
-2.550901945  
-7.206805807  
-10.77659186  
-11.9036066  
-9.886769223  
-4.930917297  
1.876303518  
8.858275664  
14.22592475  
16.59178164  
15.36516259  
10.9102904  
4.424076218  
-2.422491769  
-7.964073915  
-10.99346753  
-11.0531386  
-8.488544157  
-4.264412723  
0.3807581884  
4.320618154  
6.842110456  
7.774252198  
7.421504471  
6.347118604  
5.100625784  
3.996469286  
3.024853981  
1.92143289  
0.359865602  
-1.816578028  
-4.42429642  
-6.907630241  
-8.472850022  
-8.351169715  
-6.102431129  
-1.849116638  
3.652482447  
9.14617693  
13.18890405  
14.5544999  
12.60481449  
7.509478221  
0.2397043181  
-7.669307906  
-14.52038687  
-18.90220206  
-20.04994295  
-18.01376922  
-13.5905408  
-8.048229112  
-2.735283571  
1.300540619  
3.567837964  
4.190896197  
3.768309356  
3.091797396  
2.828966703  
3.280535471  
4.29219926  
5.344853209  
5.784034019  
5.101608654  
3.165743623  
0.3143737555  
-2.724196143  
-5.059257335  
-5.937490092  
-5.011721594  
-2.484535585  
0.9264453681  
4.195614351  
6.304868491  
6.566484032  
4.848144396  
1.625355457  
-2.158531561  
-5.382570477  
-7.098014222  
-6.827333874  
-4.717556847  
-1.498767981  
1.740226725  
3.889812  
4.166474523  
2.361542712  
-1.084675548  
-5.205801434  
-8.791543222  
-10.74328247  
-10.39631809  
-7.713404956  
-3.294473559  
1.797062461  
6.336733413  
9.279204814  
10.03698077  
8.6196552  
5.599428135  
1.920536541  
-1.384937846  
-3.488001785  
-3.975652433  
-2.928158881  
-0.8459037753  
1.543480405  
3.532797378  
4.659178748  
4.836227815  
4.356724904  
3.769232833  
3.670552609  
4.481373264  
6.277005686  
8.728094673  
11.17274461  
12.80168375  
12.90334142  
11.09652147  
7.479755666  
2.648890631  
-2.428827583  
-6.654730685  
-9.089597456  
-9.21550157  
-7.094020533  
-3.37284833  
0.8666057208  
4.383935763  
6.105282569  
5.41215607  
2.314075783  
-2.544298872  
-8.046117238  
-12.89326387  
-15.94722986  
-16.52724299  
-14.58410822  
-10.70225416  
-5.930261897  
-1.48802323  
1.566901505  
2.620188292  
1.651211029  
-0.7867000626  
-3.746809375  
-6.17505429  
-7.21706751  
-6.457358172  
-4.023723445  
-0.5310257391  
3.113822712  
5.98379215  
7.398132562  
7.105524644  
5.334026328  
2.699593184  
0.007489262434  
-1.988733983  
-2.796799483  
-20.32458088  
-25.76665846  
-26.64689613  
-22.81803101  
-15.32917002  
-6.123181759  
2.494636777  
8.464586328  
10.49133667  
8.340288299  
2.845467433  
-4.35622136  
-11.27842917  
-16.09739296  
-17.58814706  
-15.38064096  
-9.986497125  
-2.609706701  
5.192108472  
11.89815796  
16.36579358  
18.04439512  
17.02353351  
13.92240874  
9.666404435  
5.219898402  
1.348098434  
-1.534422808  
-3.398996996  
-4.525660449  
-5.346770015  
-6.263275853  
-7.489227937  
-8.968677612  
-10.38637214  
-11.26590968  
-11.12387772  
-9.632957532  
-6.744953096  
-2.736690492  
1.835511914  
6.260613471  
9.841702064  
12.06138523  
12.69773425  
11.85995955  
9.937090345  
7.478238987  
5.042372562  
3.062493767  
1.762170867  
1.143855784  
1.044837729  
1.235302737  
1.521304396  
1.816355162  
2.158695242  
2.671696476  
3.485532842  
4.651813217  
6.08503023  
7.554813291  
8.734656085  
9.292707274  
8.995055265  
7.787055734  
5.82503219  
3.446741149  
1.08872019  
-0.8245114097  
-1.986085998  
-2.276303909  
-1.777347955  
-0.7319319834  
0.538235552  
1.727077919  
2.62249589  
3.146004649  
3.344454492  
3.339898313  
3.256111857  
3.14657716  
2.947600681  
2.47255911  
1.451615565  
-0.3911747011  
-3.241639666  
-7.104348365  
-11.74137763  
-16.66108259  
-21.16771177  
-24.47006907  
-25.83362816  
-24.74778539  
-21.0716634  
-15.1204248  
-7.662159879  
0.1877245516  
7.163889643  
12.10458212  
14.20589594  
13.21405855  
9.501769732  
3.99986104  
-2.008419792  
-7.185275442  
-10.4548541  
-11.25553324  
-9.659168772  
-6.323592038  
-2.291256871  
1.308569622  
3.568184183  
4.031589494  
2.782021093  
0.3669822514  
-2.408251391  
-4.747088515  
-6.09958683  
-6.295962965  
-5.537612819  
-4.258052993  
-2.911790491  
-1.77381262  
-0.827178501  
0.2173298085  
1.775882824  
4.176095693  
7.456544996  
11.26526422  
14.90820402  
17.54444965  
18.4687678  
17.38408292  
14.56184322  
10.8203533  
7.310783612  
5.167920685  
5.134341964  
7.283683308  
10.94319652  
14.85458662  
17.53452207  
17.72811864  
14.81337511  
9.025268133  
1.422584127  
-6.398283813  
-12.75706942  
-16.37065658  
-16.7118996  
-14.1357698  
-9.737633403  
-4.994343237  
-1.307485538  
0.4036790322  
-0.06720518505  
-2.224106474  
-5.102743427  
-7.637186174  
-9.027244119  
-8.980735281  
-7.753866309  
-5.987440258  
-4.409802935  
-3.523700019  
-3.397310252  
-3.639140852  
-3.566927915  
-2.507411105  
-0.1130909457  
3.427392584  
7.373196718  
10.62880936  
12.0968564  
11.06848569  
7.514128718  
2.165564566  
-3.652702905  
-8.400672122  
-10.79428263  
-10.22065579  
-6.959931399  
-2.135473681  
2.600212938  
5.551842584  
5.492211645  
2.040661362  
-4.207029202  
-11.83647237  
-19.01081577  
-23.98384923  
-25.57585102  
-23.47330363  
-18.2711801  
-11.25681056  
-4.011670355  
2.04204251  
6.013873093  
7.732967039  
7.709709861  
6.900190911  
6.359461994  
6.896325274  
8.832785644  
11.93140999  
15.49800863  
18.61410156  
20.41913069  
20.35546652  
18.30889931  
14.61495198  
9.943526213  
5.107772653  
0.8587409427  
-2.277020004  
-4.080090982  
-4.632008405  
-4.237096959  
-3.305666191  
-2.235968886  
-1.325147807  
-0.7253747639  
-0.4462079278  
-0.3923625529  
-0.4200310963  
-0.3946921393  
-0.2368962612  
0.05222099669  
0.3889142552  
0.6273324272  
0.5981788677  
0.1578829856  
-0.7623170958  
-2.119860109  
-3.748949268  
-5.381143658  
-6.698643633  
-7.410586433  
-7.333443121  
-6.45192847  
-4.938889973  
-3.122546434  
-1.404745553  
-0.1502549643  
0.4212343307  
0.306062549  
-0.2748961859  
-0.9377038591  
-1.252023526  
-0.8791591827  
0.3115438675  
2.186590128  
4.373617763  
6.363724175  
7.661162602  
7.93405804  
7.117615846  
5.435125188  
3.327681567  
1.313049319  
-0.182185131  
-0.9631172632  
-1.132920286  
-1.06115975  
-1.26087271  
-2.210765625  
-4.177244091  
-7.09244015  
-10.52855176  
-13.78022007  
-16.03450493  
-16.58206311  
-15.01095151  
-11.32962597  
-5.985983495  
0.221710913  
6.317224357  
11.35654101  
14.62318645  
15.76321756  
14.83293691  
12.25588724  
8.707396021  
4.959540828  
1.723842363  
-0.4758101311  
-1.379009829  
-1.006354498  
0.3760738485  
2.331234944  
4.34674204  
5.933470474  
6.711516885  
6.471574172  
5.203821179  
3.09103037  
0.4675574085  
-2.248694873  
-4.638992228  
-6.365161178  
-7.23273193  
-7.222065628  
-6.480365593  
-5.276814504  
-3.932226811  
-2.74120856  
-1.906500552  
-1.501541033  
-1.468964191  
-1.652715659  
-1.852431491  
-1.883595854  
-1.627181931  
-1.057279463  
-0.2429496758  
0.6719534884  
1.502116589  
2.057333311  
2.17472824  
1.743474187  
0.7225812744  
-0.8459775416  
-2.828065971  
-4.994720698  
-7.031952724  
-8.569758901  
-9.233919896  
-8.717134319  
-6.857328433  
-3.703811011  
0.4503182972  
5.086250162  
9.533346382  
13.08880098  
15.15834961  
15.38458986  
13.72970684  
10.48964546  
6.234454947  
1.689206162  
-2.414131256  
-5.476572809  
-7.130522308  
-7.277318763  
-6.063147241  
-3.810113189  
-0.9296271478  
2.154402158  
5.054318683  
7.436087341  
9.016331131  
9.558306332  
8.884853121  
6.915878803  
3.722528707  
-0.4237133668  
-5.035150521  
-9.448238048  
-12.92711193  
-14.81515719  
-14.69860146  
-12.53489914  
-8.701977022  
-3.942991982  
0.7895951485  
4.555941788  
6.659302135  
6.821064586  
5.249101582  
2.577083571  
-0.3106767774  
-2.520819315  
-3.39119434  
-2.662253259  
-0.5326502385  
2.413743894  
5.384485344  
7.604755837  
8.526670649  
7.963306247  
6.114102781  
3.482092782  
0.7148221942  
-1.57924175  
-2.984462618  
-3.361656304  
-2.846194688  
-1.772379543  
-0.5561262722  
0.4241661038  
0.9146688796  
0.8230311816  
0.2062496031  
-0.7742081169  
-1.907329368  
-2.978387554  
-3.796877097  
-4.209683011  
-4.110135695  
-3.453648478  
-2.283183045  
-0.7566274471  
0.8408612286  
2.118239039  
2.644495515  
2.053906983  
0.167116773  
-2.908945762  
-6.741186673  
-10.61717187  
-13.68103369  
-15.13183976  
-14.4338477  
-11.47798298  
-6.642795799  
-0.7295250845  
5.217469914  
10.15855698  
13.30631688  
14.30273383  
13.27673433  
10.76917421  
7.55287333  
4.406697275  
1.91453138  
0.3484645114  
-0.3352641842  
-0.398395032  
-0.1657911921  
0.1242201724  
0.407797108  
0.7914740661  
1.462624934  
2.555188272  
4.029820699  
5.623282741  
6.895906603  
7.367624062  
6.696484877  
4.832778559  
2.085455315  
-0.934491672  
-3.485840736  
-4.932942674  
-4.96676468  
-3.731706875  
-1.806397851  
-0.03472746698  
0.7446262219  
-0.01609902838  
-2.368942346  
-5.819453714  
-9.454005406  
-12.20982375  
-13.20323979  
-12.00960277  
-8.801966237  
-4.301250927  
0.4471675705  
4.397156996  
6.818697988  
7.503118464  
6.790061523  
5.410823795  
4.205729492  
3.8164383  
4.461814152  
5.875669191  
7.426488306  
8.373714312  
8.165504393  
6.667072828  
4.232922494  
1.592294324  
-0.4144753969  
-1.154794363  
-0.4605703733  
1.275821881  
3.209934472  
4.328668307  
3.814583464  
1.363436358  
-2.661668211  
-7.303073427  
-11.29417507  
-13.46824754  
-13.15398884  
-10.42069294  
-6.083087321  
-1.455808793  
2.066742009  
3.46729235  
2.445228009  
-0.4791047692  
-4.135647793  
-7.098682729  
-8.174155411  
-6.816456493  
-3.332035121  
1.203006156  
5.288419421  
7.496413294  
6.954933009  
3.655781248  
-1.517161076  
-7.051831268  
-11.27906727  
-12.89725466  
-11.37936881  
-7.130969241  
-1.350643041  
4.357169927  
8.48686588  
10.08788902  
9.02691496  
5.978545083  
2.159412484  
-1.095064288  
-2.763846932  
-2.439447051  
-0.4015258298  
2.545028745  
5.395913298  
7.312358222  
7.893574301  
7.265270662  
5.964312484  
4.675581045  
3.929831177  
3.882180255  
4.25642447  
4.47437397  
3.916867827  
2.211201634  
-0.5716406903  
-3.893215219  
-6.914340081  
-8.795088638  
-9.016524379  
-7.599287088  
-5.128038161  
-2.560755501  
-0.8826787432  
-0.7269549698  
-2.103339243  
-4.344134982  
-6.302284166  
-6.74559039  
-4.816025778  
-0.3915445482  
5.786533545  
12.28160736  
17.38493427  
19.66144043  
18.43596717  
14.04957306  
7.786998011  
1.485361833  
-3.056209695  
-4.673298468  
-3.237119456  
0.2834227136  
4.131836156  
6.354701209  
5.483532921  
1.08122833  
-6.035602558  
-13.98529196  
-20.37386684  
-23.04342947  
-20.77863563  
-13.74117339  
-3.484892338  
7.463564693  
16.33472578  
20.9320523  
20.27917958  
14.89601803  
6.617734091  
-1.985241758  
-8.402672813  
-10.94559983  
-9.236500664  
-4.280281312  
1.897968569  
6.925816116  
8.848680614  
6.744397234  
0.9970363393  
-6.848012007  
-14.59146314  
-20.0804196  
-21.87525633  
-19.67365946  
-14.36496123  
-7.709079029  
-1.75331756  
1.819749151  
2.204396117  
-0.3140063821  
-4.500636812  
-8.611475678  
-10.9815814  
-10.56815779  
-7.275618575  
-1.964663302  
3.848972031  
8.501366032  
10.72544787  
10.05875428  
6.986212004  
2.77695717  
-0.9284226382  
-2.646653018  
-1.529335135  
2.358849495  
8.045232932  
13.93312268  
18.27566028  
19.69502835  
17.59198888  
12.32684423  
5.122815426  
-2.274725459  
-8.080219684  
-10.95073476  
-10.33381691  
-6.587673014  
-0.848624981  
5.307417095  
10.30740234  
13.00127164  
12.94556805  
10.47957037  
6.583429027  
2.568229846  
-0.3086059022  
-1.19338667  
0.1426549584  
3.265571358  
7.226145921  
10.84369121  
13.04221391  
13.14424493  
11.04298949  
7.209951268  
2.541808008  
-1.905464645  
-5.217660896  
-6.873426823  
-6.876287795  
-5.733132322  
-4.288330454  
-3.462868894  
-3.97384653  
-6.114425379  
-9.656495354  
-13.90340109  
-17.87754705  
-20.58989396  
-21.31548061  
-19.79781157  
-16.32526423  
-11.65885502  
-6.832313397  
-2.880669996  
-0.5725521156  
-0.2189680841  
-1.608512733  
-4.082773475  
-6.726560131  
-8.616934728  
-9.06119348  
-7.760377349  
-4.858850323  
-0.874395746  
3.463167554  
7.413335699  
10.40750824  
12.16434124  
12.71288351  
12.3275234  
11.40417509  
10.32163977  
9.332014489  
8.510677011  
7.774590668  
6.955087383  
5.894863026  
4.533261825  
2.950289961  
1.355224085  
0.02470986773  
-0.788069663  
-0.9427140334  
-0.4697733485  
0.4216961061  
1.390990274  
2.054374693  
2.09061374  
1.333729826  
-0.17303544  
-2.177399253  
-4.273268824  
-5.997546827  
-6.944547957  
-6.869591799  
-5.755939156  
-3.827887512  
-1.505480272  
0.6900083696  
2.258820104  
2.8453401  
2.331074948  
0.8740891651  
-1.117630316  
-3.076127721  
-4.408389359  
-4.645454843  
-3.569109397  
-1.282657688  
1.795913509  
5.021455931  
7.672110931  
9.127155965  
9.027297014  
7.374619228  
4.543446853  
1.196110759  
-1.876795757  
-3.950959371  
-4.546476912  
-3.541977725  
-1.19460307  
1.938296501  
5.152166525  
7.778611246  
9.347088324  
9.680625472  
8.902183665  
7.355840631  
5.47267768  
3.626968638  
2.029253367  
0.6888154507  
-0.5461180242  
-1.888737945  
-3.49287127  
-5.356257692  
-7.284645596  
-8.932308301  
-9.90793063  
-9.911352004  
-8.854618378  
-6.924065121  
-4.558153  
-2.342701188  
-0.8522744023  
-0.4849304501  
-1.341172546  
-3.185446513  
-5.503611855  
-7.640567727  
-8.977726086  
-9.098076804  
-7.890966589  
-5.5677423  
-2.587025918  
0.4842873833  
3.129711381  
5.012903712  
6.041153014  
6.34789218  
6.205961033  
5.904983716  
5.636250394  
5.424111302  
5.125781037  
4.497652476  
3.303540763  
1.426218029  
-1.057386793  
-3.86485161  
-6.566943888  
-8.699266425  
-9.891989295  
-9.976361315  
-9.033549354  
-7.369470831  
-5.4225399  
-3.63263418  
-2.311923043  
-1.55773143  
-1.234543102  
-1.03042755  
-0.5697203622  
0.4540757173  
2.167768054  
4.466026707  
7.034389096  
9.441101439  
11.26889059  
12.24438826  
12.32285547  
11.69932103  
10.74051592  
9.857664143  
9.360408049  
9.340126809  
9.623524821  
9.816551041  
9.430151733  
8.052060878  
5.511337837  
1.980862108  
-2.021088656  
-5.739911617  
-8.379921719  
-9.332636639  
-8.370930949  
-5.74785794  
-2.163980709  
1.395515793  
3.913603738  
4.615162991  
3.183649623  
-0.1433343901  
-4.629924981  
-9.236007234  
-12.8952426  
-14.79782708  
-14.59687661  
-12.47992063  
-9.087482052  
-5.306371306  
-2.002703654  
0.2235178283  
1.188899785  
1.140049317  
0.631671218  
0.3136309121  
0.6988743698  
1.987914207  
4.004909034  
6.262111494  
8.126607809  
9.030124262  
8.650115687  
7.002385188  
4.417665716  
1.415533453  
-1.475445609  
-3.884789131  
-5.694178055  
-7.026365907  
-8.136465779  
-9.250371677  
-10.4161761  
-11.43124532  
-11.88091755  
-11.28313918  
-9.291835042  
-5.885177023  
-1.463929919  
3.188799013  
7.08948074  
9.330767037  
9.368607924  
7.225009684  
3.532367598  
-0.6076739714  
-3.919246142  
-5.3181864  
-4.239173596  
-0.8216579893  
4.107482111  
9.25554849  
13.22800521  
14.92823454  
13.87430546  
10.33833059  
5.267467766  
0.01129487367  
-4.0622083  
-5.948059207  
-5.272643735  
-2.375141289  
1.814227778  
6.055148404  
9.1490836  
10.25809871  
9.102785755  
5.992763531  
1.695215604  
-2.80675717  
-6.587374987  
-9.003446371  
-9.815036112  
-9.182042381  
-7.555740464  
-5.512093365  
-3.583320909  
-2.135227364  
-1.315706895  
-1.073653024  
-1.226512788  
-1.544766374  
-1.824198163  
-1.928434601  
-1.798951076  
-1.441485782  
-0.9027914912  
-0.2495394237  
0.4454015314  
1.110864174  
1.684388765  
2.122028856  
2.409848623  
2.571105083  
2.661422494  
2.747677294  
2.874037336  
3.027097683  
3.117153141  
2.990504887  
2.477707794  
1.467743198  
-0.01619192292  
-1.770794837  
-3.423657413  
-4.511682657  
-4.61344998  
-3.498801642  
-1.245557082  
1.723620487  
4.710311807  
6.908479742  
7.62969075  
6.519115208  
3.691871123  
-0.2612278623  
-4.410968313  
-7.736881541  
-9.413399069  
-9.04783541  
-6.794703993  
-3.308017802  
0.4556589042  
3.522374304  
5.183984163  
5.189713199  
3.786710218  
1.60075475  
-0.5982258926  
-2.162967967  
-2.775574918  
-2.524238556  
-1.827064403  
-1.235063757  
-1.189824503  
-1.827864139  
-2.906841779  
-3.884498201  
-4.124779065  
-3.15744652  
-0.8951245574  
2.276373469  
5.575522093  
8.05239365  
8.89319112  
7.699043059  
4.641362672  
0.4358377257  
-3.861685181  
-7.17290468  
-8.723883683  
-8.272049974  
-6.157940822  
-3.165805379  
-0.2427644892  
1.825362559  
2.669159457  
2.434145954  
1.690819518  
1.191009987  
1.559717693  
3.034479715  
5.347423022  
7.794489717  
9.46961829  
9.582575881  
7.748605078  
4.146941655  
-0.5093857036  
-5.184243356  
-8.838257374  
-10.74841549  
-10.71838389  
-9.109098353  
-6.682463541  
-4.316315962  
-2.693158319  
-2.072993975  
-2.229165955  
-2.566869857  
-2.378262569  
-1.139144889  
1.262190007  
4.448593597  
7.659437815  
10.00136845  
10.75538334  
9.630747198  
6.874941089  
3.200308903  
-0.4466045574  
-3.191081432  
-4.503465524  
-4.34414122  
-3.132036955  
-1.552748619  
-0.2807304484  
0.2791939076  
0.1335796546  
-0.3280366526  
-0.5209573858  
0.0591641214  
1.58016687  
3.739567244  
5.813672479  
6.883631312  
6.165752213  
3.330648728  
-1.3066304  
-6.803558103  
-11.82284008  
-15.01443077  
-15.42595113  
-12.8061078  
-7.697570056  
-1.283723635  
4.964844619  
9.730937484  
12.23524421  
12.43958136  
11.00385422  
9.013971947  
7.57450035  
7.404852565  
8.576060263  
10.47739197  
12.02439069  
12.03874938  
9.67282361  
4.73685292  
-2.180600436  
-9.840032639  
-16.68617744  
-21.2842783  
-22.72000845  
-20.84045456  
-16.26738652  
-10.18834783  
-4.000599647  
1.074965022  
4.290674406  
5.497097614  
5.074752554  
3.715222005  
2.139647501  
0.8550791088  
0.02667603633  
-0.5037784503  
-1.077002551  
-2.018686063  
-3.466310618  
-5.286132727  
-7.107766976  
-8.457555926  
-8.934970902  
-8.361993936  
-6.848098158  
-4.747369032  
-2.526192948  
-0.5937213312  
0.8392472513  
1.819185964  
2.604744684  
3.535920542  
4.868722545  
6.640026503  
8.616559157  
10.35080497  
11.32669384  
11.14414531  
9.6760121  
7.13969691  
4.055428825  
1.102991832  
-1.075491754  
-2.060442576  
-1.765942723  
-0.442107634  
1.427924757  
3.296776327  
4.726329983  
5.505973556  
5.67811256  
5.468763004  
5.15618997  
4.932220967  
4.811891336  
4.626618305  
4.102915624  
2.994599744  
1.21491531  
-1.086074656  
-3.533551736  
-5.630375105  
-6.916028605  
-7.125264225  
-6.287582985  
-4.72866902  
-2.96982767  
-1.558913512  
-0.8920672617  
-1.090122139  
-1.97458636  
-3.152030361  
-4.175561859  
-4.722508073  
-4.719748388  
-4.366082067  
-4.038537903  
-4.113803057  
-4.770709654  
-5.851848517  
-6.846105272  
-7.013883119  
-5.625810093  
-2.24172466  
3.064631519  
9.619595072  
16.2467223  
21.53399585  
24.20146876  
23.46279839  
19.27002172  
12.3621743  
4.095517569  
-3.900978155  
-10.14776079  
-13.69306418  
-14.33896104  
-12.65237478  
-9.76274752  
-7.010898804  
-5.555562157  
-6.052652939  
-8.496080553  
-12.25687807  
-16.29702373  
-19.48412812  
-20.90846975  
-20.11051271  
-17.16123534  
-12.58671311  
-7.17603436  
-1.74303648  
3.081228888  
6.966763951  
9.890166972  
12.0429777  
13.68801035  
15.02054888  
16.08252194  
16.75390501  
16.81585601  
16.05542104  
14.36991965  
11.8330399  
8.701399864  
5.362574854  
2.245089001  
-0.2790186461  
-1.969921212  
-2.756162767  
-2.728682529  
-2.103450057  
-1.169892823  
-0.240592697  
0.3897099407  
0.4766257478  
-0.1440358004  
-1.524197677  
-3.57132267  
-6.027023832  
-8.473186431  
-10.38049435  
-11.20354494  
-10.50962194  
-8.110865216  
-4.159206024  
0.8340343577  
6.074968786  
10.65373188  
13.76385373  
14.9151463  
14.07526565  
11.69029014  
8.567842575  
5.647912692  
3.724013988  
3.197443974  
3.942683059  
5.332067599  
6.420661372  
6.24219763  
4.129636114  
-0.03799540769  
-5.742494146  
-11.92315016  
-17.24233935  
-20.44704193  
-20.72192155  
-17.9294316  
-12.66404478  
-6.10193478  
0.312206863  
5.251118017  
7.852340207  
7.927505418  
5.975713596  
3.001534252  
0.1955904647  
-1.425142736  
-1.310850778  
0.4777812821  
3.313300247  
6.212545362  
8.146167879  
8.35087781  
6.551293769  
3.028758957  
-1.47732852  
-5.999424938  
-9.628736116  
-11.77064777  
-12.29319216  
-11.52825027  
-10.13126139  
-8.84788159  
-8.262570324  
-8.607253496  
-9.687524396  
-10.94677439  
-11.64629932  
-11.10495693  
-8.925071034  
-5.136622297  
-0.2169281868  
5.019719786  
9.630198933  
12.78850486  
13.99990477  
13.22426133  
10.8764915  
7.707422255  
4.601397832  
2.348650967  
1.454734825  
2.035997794  
3.823616959  
6.267171208  
8.701867526  
10.52837449  
11.3549627  
11.06690603  
9.81247627  
7.920479714  
5.783064599  
3.744250105  
2.027706105  
0.7201685537  
-0.1943701804  
-0.7723341196  
-1.050954207  
-1.018457899  
-0.6269842702  
0.1579346104  
1.294141649  
2.61673636  
3.835661903  
4.588339808  
4.537464349  
3.484591922  
1.459963276  
-1.247550076  
-4.139357313  
-6.628301476  
-8.199895895  
-8.564803486  
-7.752758717  
-6.113811185  
-4.221231585  
-2.702360259  
-2.048548039  
-2.464371996  
-3.805706514  
-5.628658422  
-7.335637816  
-8.372369367  
-8.411814875  
-7.463932497  
-5.873511186  
-4.20499206  
-3.050622886  
-2.824603428  
-3.611447946  
-5.119891427  
-6.759449353  
-7.816608951  
-7.6748417  
-6.008414232  
-2.888665769  
1.229612494  
5.635004852  
9.556757531  
12.36869664  
13.73681487  
13.66914822  
12.46113424  
10.56458652  
8.43180685  
6.390167715  
4.586547411  
3.011588509  
1.582543321  
0.2420158086  
-0.9736463428  
-1.927433261  
-2.439615756  
-2.384713167  
-1.782732914  
-0.8392943493  
0.0921035693  
0.6212843192  
0.4695256505  
-0.4017774957  
-1.737476064  
-3.042564596  
-3.737961416  
-3.372655949  
-1.820100712  
0.6158223363  
3.235200633  
5.121874718  
5.422922966  
3.643156366  
-0.14271677  
-5.238118393  
-10.46352122  
-14.4567681  
-16.05154803  
-14.62151328  
-10.28347988  
-3.893292769  
3.169728732  
9.369057819  
13.42077289  
14.62649054  
13.03329353  
9.378310468  
4.841718409  
0.6890018121  
-2.086389795  
-3.014074891  
-2.223665102  
-0.3371073476  
1.776286964  
3.295593419  
3.698637158  
2.892724883  
1.195545583  
-0.8132384532  
-2.509167666  
-3.431433917  
-3.415147211  
-2.611793864  
-1.403286631  
-0.2504904188  
0.4646209833  
0.5482185137  
0.02341547153  
-0.9206488057  
-2.02950364  
-3.088173966  
-3.987512092  
-4.728663451  
-5.369604934  
-5.942177355  
-6.380240287  
-6.495051279  
-6.014664307  
-4.677799727  
-2.349230511  
0.8875375713  
4.699201362  
8.55194752  
11.83191991  
14.00190857  
14.74521638  
14.04998522  
12.20590516  
9.713332692  
7.133329062  
4.92610705  
3.32870617  
2.309377777  
1.610902921  
0.8662232364  
-0.2531288526  
-1.905070975  
-4.004543457  
-6.233949469  
-8.133212595  
-9.241050462  
-9.243375846  
-8.082725513  
-5.994593133  
-3.45846652  
-1.076472885  
0.5864815388  
1.156164184  
0.5528128769  
-0.9842746731  
-2.959370279  
-4.754428762  
-5.799388698  
-5.733019248  
-4.510180461  
-2.424698785  
-0.03871500343  
1.965477381  
2.973335146  
2.615209148  
0.8825834132  
-1.852326989  
-4.924101421  
-7.549021346  
-9.041178895  
-9.008560743  
-7.470008815  
-4.854106841  
-1.874445406  
0.6864550934  
2.221806372  
2.497937893  
1.738534908  
0.5617663864  
-0.218594258  
0.1280599131  
1.976660514  
5.170589065  
9.008007142  
12.40792101  
14.21661669  
13.56702247  
10.18085505  
4.51467454  
-2.305413692  
-8.752243732  
-13.29747358  
-14.82775875  
-12.95375714  
-8.118721835  
-1.473635506  
5.443104727  
11.12398116  
14.48269142  
15.1022524  
13.27438404  
9.831665862  
5.839317976  
2.25481559  
-0.332578204  
-1.80417806  
-2.437075505  
-2.696245834  
-2.982694328  
-3.438177159  
-3.881273661  
-3.896923535  
-3.041222849  
-1.077847016  
1.85132328  
5.195691198  
8.128035956  
9.800037159  
9.633304431  
7.540430543  
3.991517915  
-0.105950547  
-3.680149202  
-5.831678135  
-6.119948807  
-4.700236894  
-2.262904831  
0.2052749055  
1.755946337  
1.794705238  
0.2690257469  
-2.334427384  
-5.178609718  
-7.380870024  
-8.323196787  
-7.857077152  
-6.331488946  
-4.437702392  
-2.931563969  
-2.338609318  
-2.753106815  
-3.806953569  
-4.820913223  
-5.081969824  
-4.142392344  
-2.025812355  
0.741791539  
3.294696172  
4.730091421  
4.443379362  
2.372945872  
-0.9396081006  
-4.503545306  
-7.200276444  
-8.162895513  
-7.080822222  
-4.319377709  
-0.8070581321  
2.275708064  
3.901671584  
3.556023634  
1.423592428  
-1.664188022  
-4.507808192  
-5.950260948  
-5.279128364  
-2.481045759  
1.740865143  
6.194855246  
9.597466122  
11.00467767  
10.12995715  
7.440156702  
3.995656257  
1.088303756  
-0.2006308226  
0.6267683386  
3.307229273  
6.89329398  
10.05970071  
11.53771018  
10.53465885  
7.002433446  
1.669785254  
-4.169003048  
-9.038432841  
-11.7157916  
-11.58009457  
-8.773485769  
-4.135327152  
1.058906596  
5.464735179  
8.0276038  
8.231888225  
6.181090139  
2.506921135  
-1.844382919  
-5.871134206  
-8.742771638  
-9.940314262  
-9.294429718  
-6.940307063  
-3.229709722  
1.357831337  
6.278194709  
10.95703687  
14.81202382  
17.28725988  
17.91677879  
16.41531345  
12.77360152  
7.322137512  
0.7284388749  
-6.090431868  
-12.13155711  
-16.51034973  
-18.6521139  
-18.41732793  
-16.12396124  
-12.45949099  
-8.306975351  
-4.533383561  
-1.796732456  
-0.4197264924  
-0.3554126648  
-1.243140358  
-2.529666836  
-3.617657501  
-4.003902989  
-3.380079613  
-1.683813724  
0.8987650058  
3.970276401  
6.989134853  
9.358625089  
10.53189527  
10.12434334  
8.018210056  
4.436161315  
-0.04330218075  
-4.550591983  
-8.075566302  
-9.684723931  
-8.759803752  
-5.195257359  
0.5084116301  
7.297945173  
13.77198541  
18.49696865  
20.35618362  
18.83666791  
14.16947744  
7.277053305  
-0.4636018253  
-7.578052419  
-12.87036844  
-15.70921703  
-16.14193902  
-14.80703594  
-12.67776887  
-10.72155599  
-9.584813075  
-9.402724251  
-9.791343664  
-10.01954396  
-9.299852674  
-7.099481941  
-3.367528014  
1.39726328  
6.26147665  
10.11928546  
12.02022322  
11.46125894  
8.55461629  
4.022256782  
-0.9792828949  
-5.150878797  
-7.376085103  
-6.99175877  
-3.937167559  
1.247406124  
7.559848246  
13.76742277  
18.6679448  
21.32140923  
21.20928326  
18.3020869  
13.03766842  
6.227349777  
-1.086782338  
-7.80007403  
-12.91809945  
-15.71461484  
-15.85457166  
-13.46147755  
-9.110789222  
-3.739824683  
1.519891963  
5.562454464  
7.536705075  
7.032886851  
4.179501325  
-0.378041374  
-5.616580884  
-10.360834  
-13.54087685  
-14.41858433  
-12.72977196  
-8.713323679  
-3.030007666  
3.397994733  
9.579252204  
14.62870974  
17.89229783  
19.00770353  
17.90921497  
14.79711152  
10.09267487  
4.390854701  
-1.590465947  
-7.074838598  
-11.31551011  
-13.70734247  
-13.90571867  
-11.9208364  
-8.150977615  
-3.328347464  
1.625094316  
5.803901813  
8.533699921  
9.529810911  
8.947028865  
7.299196928  
5.269661643  
3.472428239  
2.244387456  
1.542308304  
0.9846010106  
0.02765043062  
-1.783340926  
-4.580170254  
-8.045103039  
-11.44959572  
-13.85920404  
-14.44466231  
-12.79574615  
-9.12515678  
-4.280095129  
0.4596162701  
3.745271056  
4.574526661  
2.623738316  
-1.616265103  
-6.954349203  
-11.83599508  
-14.80168034  
-14.92318724  
-12.07897587  
-6.980495726  
-0.9419865172  
4.530352504  
8.19573941  
9.435208608  
8.395546563  
5.881840581  
3.044268631  
0.9720684907  
0.3351564989  
1.192524681  
3.025037316  
4.970174453  
6.166445576  
6.07957848  
4.693346521  
2.50017081  
0.3011419451  
-1.105347012  
-1.227668248  
-0.06346844294  
1.90706856  
3.913657133  
5.200619152  
5.327820064  
4.352035856  
2.816549199  
1.547878282  
1.3314709  
2.586049609  
5.160928778  
8.339458639  
11.05857814  
12.27503852  
11.35193799  
8.325703985  
3.950067361  
-0.5117691289  
-3.687660639  
-4.560189046  
-2.835912992  
0.911766865  
5.386136382  
8.962288735  
10.2126155  
8.393283607  
3.729097096  
-2.604959338  
-8.811319311  
-13.01231325  
-13.84165044  
-10.89918929  
-4.922445342  
2.385960911  
8.829924501  
12.35315617  
11.64634773  
6.547336163  
-1.88494134  
-11.64510112  
