8.078599338  
7.617738988  
7.248247747  
6.703291377  
5.723129106  
4.141149444  
1.944054065  
-0.7095948254  
-3.517744618  
-6.103339033  
-8.105371954  
-9.268437306  
-9.506298363  
-8.921407896  
-7.774000803  
-6.4086387  
-5.158697646  
-4.25662944  
-3.777031922  
-3.630508015  
-3.611034473  
-3.482489012  
-3.076475573  
-2.368192448  
-1.50225653  
-0.7553287123  
-0.4429036955  
-0.7975239365  
-1.858219899  
-3.411445248  
-5.0107964  
-6.079509295  
-6.072847658  
-4.655296805  
-1.837887956  
1.97211533  
6.034130193  
9.442120343  
11.35693422  
11.23984212  
9.019147354  
5.137375073  
0.4591675499  
-3.939891025  
-7.04739226  
-8.174860832  
-7.131124767  
-4.258856119  
-0.3249441131  
3.701349204  
6.915268099  
8.708785532  
8.900744039  
7.730799364  
5.726910624  
3.496269079  
1.513097443  
-0.02439588957  
-1.220858517  
-2.388682201  
-3.868576481  
-5.834166822  
-8.156249295  
-10.3830753  
-11.85321988  
-11.91021413  
-10.14954026  
-6.612084596  
-1.850817566  
3.164236787  
7.285289033  
9.503694163  
9.248368713  
6.570579814  
2.15209603  
-2.872468774  
-7.229704809  
-9.864182797  
-10.22910934  
-8.421410708  
-5.120162472  
-1.349294011  
1.85874912  
3.790402435  
4.264838848  
3.666865293  
2.790436477  
2.545851573  
3.627892808  
6.254374403  
10.0613494  
14.18985444  
17.5369009  
19.0905484  
18.24242344  
14.97938075  
9.895693489  
4.024965377  
-1.452402876  
-5.533183961  
-7.647283647  
-7.77201694  
-6.378993339  
-4.242005869  
-2.176232047  
-0.795895101  
-0.3648121604  
-0.7779657476  
-1.665756788  
-2.572246198  
-3.137863116  
-3.221720331  
-2.925644314  
-2.520580166  
-2.311730143  
-2.499063424  
-3.088145137  
-3.88421651  
-4.5691876  
-4.829331204  
-4.482884444  
-3.557893256  
-2.290547974  
-1.04493761  
-0.1849541401  
0.05334153145  
-0.3585977961  
-1.238724119  
-2.267357369  
-3.107006509  
-3.522830617  
-3.458282282  
-3.03868521  
-2.503903013  
-2.099042011  
-1.968409556  
-2.0964132  
-2.320296695  
-2.41049193  
-2.186333405  
-1.618939705  
-0.8756963015  
-0.281869679  
-0.2067695502  
-0.9127468758  
-2.423259681  
-4.463684384  
-6.505310409  
-7.906879392  
-8.111561904  
-6.834152574  
-4.172384313  
-0.5991713908  
3.167915156  
6.381109003  
8.491171127  
9.313275827  
9.071983784  
8.307351306  
7.671575112  
7.684397449  
8.531568239  
9.978315142  
11.4320535  
12.13835605  
11.44795712  
9.066321051  
5.200331181  
0.548255435  
-3.870695178  
-6.998650574  
-8.047613897  
-6.738873884  
-3.398659861  
1.120212149  
5.66747994  
9.106670528  
10.6164718  
9.896005679  
7.219423618  
3.332081586  
-0.7730030126  
-4.127813924  
-6.032123782  
-6.203240859  
-4.80252259  
-2.346814961  
0.4560072846  
2.893006788  
4.40278051  
4.669849673  
3.648451395  
1.528703429  
-1.33017715  
-4.475083681  
-7.427212669  
-9.739622555  
-11.04877732  
-11.12541523  
-9.923338992  
-7.614937599  
-4.595179062  
-1.437108431  
1.206954478  
2.745769359  
2.799182557  
1.31432209  
-1.393407906  
-4.698135058  
-7.814853725  
-10.00768468  
-10.79585673  
-10.09332228  
-8.234036144  
-5.868565389  
-3.758511555  
-2.530058401  
-2.464373456  
-3.394338892  
-4.745353748  
-5.712479916  
-5.521529177  
-3.692449292  
-0.2200994972  
4.388372695  
9.235808154  
13.28258875  
15.644666  
15.85040635  
13.97682445  
10.62345371  
6.732702778  
3.313277923  
1.152226467  
0.6029601069  
1.510683896  
3.292354051  
5.139957233  
6.279339105  
6.203105956  
4.80866429  
2.406022651  
-0.3974653958  
-2.890879143  
-4.467088526  
-4.780647776  
-3.815140563  
-1.851744321  
0.6372587211  
3.126165562  
5.158185239  
6.419730401  
6.757539927  
6.152668313  
4.679293804  
2.475898548  
-0.2568447543  
-3.23694699  
-6.083148813  
-8.326713166  
-9.473142561  
-9.113430783  
-7.059481228  
-3.459206078  
1.157521695  
5.936494714  
9.864619454  
12.01076869  
11.77897251  
9.09797537  
4.482302147  
-1.066391462  
-6.302073027  
-10.0600116  
-11.57481679  
-10.6974423  
-7.94367415  
-4.354394918  
-1.203242971  
0.3667040495  
-0.3265938324  
-3.301785364  
-7.897959972  
-12.94860837  
-17.094613  
-19.14623283  
-18.39227119  
-14.77298959  
-8.875344939  
-1.761235133  
5.314135968  
11.20988412  
15.14822041  
16.84357591  
16.49100823  
14.63481736  
11.97022447  
9.143432025  
6.606905326  
4.561936163  
3.281313235  
3.579543813  
3.329377709  
2.914126368  
2.752363097  
3.139367356  
4.140961035  
5.578218953  
7.10691545  
8.35931694  
9.091861111  
9.279532338  
9.117882734  
8.929325095  
9.00829095  
9.46569734  
10.13668098  
10.59469883  
10.27674891  
8.682441455  
5.57934001  
1.139929482  
-4.044726364  
-9.089394015  
-13.04488513  
-15.1643466  
-15.12139768  
-13.10956824  
-9.790152854  
-6.104314071  
-3.008626663  
-1.216557098  
-1.024146566  
-2.268494813  
-4.42306634  
-6.790139222  
-8.722258735  
-9.800533326  
-9.917902709  
-9.251810341  
-8.149541602  
-6.977063856  
-5.989576269  
-5.267908375  
-4.73587331  
-4.241350611  
-3.660400685  
-2.977393275  
-2.306446869  
-1.844943167  
-1.778141815  
-2.17421037  
-2.913657203  
-3.68489951  
-4.053411264  
-3.584914517  
-1.983247354  
0.802079187  
4.533582848  
8.722268603  
12.7313928  
15.91650125  
17.76262423  
17.98433097  
16.56905393  
13.76213234  
10.00688542  
5.860169895  
1.902820213  
-1.342212075  
-3.478385323  
-4.289102538  
-3.773601447  
-2.158469518  
0.1250372618  
2.505838405  
4.378899421  
5.236716969  
4.796541205  
3.085821344  
0.4529519779  
-2.511480962  
-5.130208803  
-6.83089213  
-7.315322311  
-6.648442039  
-5.230924412  
-3.656145155  
-2.493250441  
-2.068036035  
-2.320516287  
-2.797464483  
-2.794833341  
-1.612419128  
1.160391607  
5.42721569  
10.51950104  
15.32136035  
18.55950838  
19.17510798  
16.66114249  
11.25340253  
3.906066724  
-3.949369262  
-10.79207227  
-15.4274159  
-17.29964546  
-16.60354073  
-14.16244794  
-11.11699578  
-8.531080885  
-7.048039512  
-6.711008545  
-7.003864665  
-7.092472976  
-6.176871703  
-3.827302878  
-0.1837626135  
4.052659836  
7.834849327  
10.11678277  
10.21206268  
8.039129019  
4.167887263  
-0.3487671431  
-4.301015184  
-6.694956863  
-7.047013218  
-5.503686282  
-2.752149756  
0.2406183323  
2.56498853  
3.663945818  
3.487065005  
2.456576924  
1.266429923  
0.5932924432  
0.8268291721  
1.916165464  
3.385048  
4.506523786  
4.571388169  
3.153109597  
0.2757427177  
-3.571961851  
-7.577696558  
-10.84971092  
-12.67839365  
-12.72815589  
-11.10112747  
-8.261895076  
-4.860622054  
-1.523772852  
1.313832945  
3.484185208  
5.056289976  
6.229581494  
7.204727824  
8.088562146  
8.869402874  
9.464882152  
9.811196527  
9.944074739  
10.02542276  
10.29387846  
10.95248968  
12.03794276  
13.32985533  
14.34910199  
14.46336228  
13.07717541  
9.848143429  
4.854636694  
-1.349542136  
-7.823836932  
-13.45648514  
-17.24714296  
-18.57247481  
-17.35376768  
-14.07561137  
-9.651057527  
-5.175776037  
-1.645973777  
0.278156061  
0.400629424  
-1.015870947  
-3.37253604  
-5.924753737  
-7.977852802  
-9.034524761  
-8.864654308  
-7.498162099  
-5.164965097  
-2.215874495  
0.9472495128  
3.919470572  
6.32328955  
7.836155935  
8.227962462  
7.40993938  
5.48109609  
2.748043526  
-0.3047266957  
-3.10277876  
-5.113726591  
-5.987330143  
-5.65677055  
-4.360747764  
-2.569995306  
-0.8354070355  
0.3939901616  
0.9193586493  
0.8502122495  
0.5458445013  
0.4559807453  
0.916647674  
1.978846808  
3.341222343  
4.423543258  
4.566642629  
3.294480681  
0.5443105484  
-3.225880247  
-7.106216836  
-9.973767387  
-10.83306716  
-9.148494176  
-5.05383697  
0.6400172269  
6.6528815  
11.59895722  
14.39139953  
14.55549612  
12.34642016  
8.632599644  
4.585593196  
1.284096868  
-0.630489397  
-1.127990703  
-0.7347166819  
-0.2739908057  
-0.5001072708  
-1.763421349  
-3.834282021  
-5.956808447  
-7.119608496  
-6.44953672  
-3.585621902  
1.107877737  
6.577346019  
11.3661753  
14.06346662  
13.7658883  
10.39360452  
4.747074433  
-1.721886914  
-7.353726203  
-10.79370163  
-11.40242275  
-9.427040031  
-5.877062192  
-2.149888741  
0.4629716116  
1.217490728  
0.1538883893  
-1.951950972  
-3.902803461  
-4.547081502  
-3.231417847  
-0.07603204925  
4.028494094  
7.707238257  
9.574446609  
8.732104619  
5.119628676  
-0.4109008055  
-6.327592532  
-10.88911057  
-12.7008719  
-11.17474144  
-6.740015386  
-0.7340409573  
4.995236525  
8.64969164  
9.027899507  
5.888160305  
0.01791837706  
-7.006103602  
-13.2862597  
-17.1521573  
-17.62125871  
-14.63871194  
-9.037234172  
-2.246049597  
4.148057126  
8.84716688  
11.16418293  
11.13670531  
9.419296954  
7.008682752  
4.901411826  
3.793628349  
3.908001592  
4.984927043  
6.42123405  
7.497351847  
7.614813116  
6.473031179  
4.141751963  
1.021937763  
-2.279343845  
-5.114718089  
-6.954372669  
-7.498454012  
-6.725294237  
-4.875860343  
-2.388640636  
0.1947466451  
2.333421902  
3.584541847  
3.682028288  
2.58711641  
0.5025484033  
-2.155610397  
-4.829390304  
-6.925922889  
-7.942093329  
-7.580258713  
-5.825643306  
-2.961679981  
0.4863252076  
3.869703283  
6.569030605  
8.141141823  
8.420503273  
7.546740854  
5.910971646  
4.037028408  
2.432372601  
1.451596405  
1.210431613  
1.572052382  
2.2056597  
2.696592228  
2.674125942  
1.920667992  
0.4342485362  
-1.568717979  
-3.706629126  
-5.524604937  
-6.600897349  
-6.643503087  
-5.558022367  
-3.475513123  
-0.7368743526  
2.163387101  
4.665905685  
6.255100346  
6.570346588  
5.49834729  
3.223910413  
0.2198727977  
-2.832923705  
-5.188442551  
-6.215005939  
-5.569602144  
-3.318353749  
0.03829814507  
3.65572306  
6.539331423  
7.799314883  
6.899250752  
3.826827043  
-0.8684221159  
-6.190321815  
-10.94015435  
-14.02597042  
-14.75124945  
-13.00004527  
-9.264284101  
-4.504602225  
0.1147626066  
3.539540787  
5.09685912  
4.64854549  
2.587998313  
-0.3095379598  
-3.130396392  
-5.08208917  
-5.692653146  
-4.898153477  
-3.005875263  
-0.5602471209  
1.834774  
3.677064769  
4.666411303  
4.726501265  
3.962071544  
2.584911167  
0.8463998388  
-0.9981661926  
-2.690368801  
-3.952791134  
-4.485580459  
-3.999623663  
-2.291778792  
0.6571225937  
4.60029719  
9.002592881  
13.10691506  
16.08929415  
17.26771771  
16.30351758  
13.32729052  
8.938943407  
4.069189299  
-0.2643221491  
-3.235126493  
-4.433366603  
-3.964919796  
-2.389889739  
-0.5190057122  
0.8653523678  
1.270024063  
0.6452874309  
-0.6204105386  
-1.863287086  
-2.407625409  
-1.836657089  
-0.1737546384  
2.093233282  
4.157608632  
5.162888376  
4.504360307  
2.058771816  
-1.739617933  
-6.007125852  
-9.671001645  
-11.79808948  
-11.88402416  
-10.00789535  
-6.802144354  
-3.249045352  
-0.3722543268  
1.074607224  
0.8218020094  
-0.8657674845  
-3.310244868  
-5.666681571  
-7.205454068  
-7.535329621  
-6.696014788  
-5.097107454  
-3.334416953  
-1.955618597  
-1.261416454  
-1.211824197  
-1.466612595  
-1.539840001  
-1.007871407  
0.3071844606  
2.245997303  
4.345612657  
5.986171962  
6.599217812  
5.86551054  
3.835254921  
0.9314899378  
-2.162583831  
-4.693518625  
-6.042912956  
-5.885007372  
-4.253161736  
-1.504082195  
1.798494082  
5.036701588  
7.679087252  
9.371875885  
9.966685307  
9.494337401  
8.110211985  
6.03967623  
3.542725973  
0.9009655686  
-1.58482256  
-3.605024094  
-4.873682899  
-5.184151727  
-4.473051031  
-2.866709883  
-0.6841766447  
1.617212304  
3.547293302  
4.712274426  
4.927285397  
4.272883934  
3.071960629  
1.78946562  
0.884421817  
0.661944397  
1.175155286  
2.21158121  
3.370435172  
4.205856071  
4.387709565  
3.8243383  
2.70369982  
1.43660472  
0.5190690621  
0.3586113369  
1.122086936  
2.656093111  
4.507428426  
6.038756275  
6.604390521  
5.733065418  
3.263953646  
-0.6014764377  
-5.342242603  
-10.23779885  
-14.52754328  
-17.5658744  
-18.9362271  
-18.50477569  
-16.41389765  
-13.03047832  
-8.870148685  
-4.515758759  
-0.5403185422  
2.563208385  
4.446182451  
4.960489956  
4.197502958  
2.494310255  
0.3914601321  
-1.464769154  
-2.465796136  
-2.200560123  
-0.5881298959  
2.062538491  
5.096999558  
7.667080045  
8.958770019  
8.43586908  
6.026137083  
2.186551394  
-2.183835949  
-5.969694785  
-8.145349677  
-8.073062851  
-5.702781459  
-1.608227674  
3.158016935  
7.352520987  
9.888942677  
10.1425153  
8.119503427  
4.44094634  
0.147109376  
-3.615700539  
-5.928558173  
-6.351510944  
-5.018941861  
-2.555091403  
0.1564975277  
2.270625645  
3.247390582  
3.004042478  
1.907476813  
0.6167260183  
-0.1664892772  
0.04734334209  
1.36069731  
3.450706352  
5.676953307  
7.296221568  
7.710552068  
6.66574152  
4.335628086  
1.2666221  
-1.796726838  
-4.145865804  
-5.324819698  
-5.259427499  
-4.259397048  
-2.895346843  
-1.793232989  
-1.414267559  
-1.89184026  
-2.97780146  
-4.115293041  
-4.615781498  
-3.885972133  
-1.635655601  
1.996414943  
6.436988931  
10.79675981  
14.08148328  
15.43943701  
14.37995879  
10.90664506  
5.532046195  
-0.8285733489  
-7.056839852  
-12.07490369  
-15.07495361  
-15.68199322  
-14.01479325  
-10.6348817  
-6.39955392  
-2.256267725  
0.9721097087  
2.761405892  
2.980910816  
1.889984256  
0.04155872359  
-1.880040356  
-3.244213858  
-3.634720871  
-2.945819855  
-1.391505022  
0.5711595467  
2.3807195  
3.531840098  
3.712534786  
2.880726252  
1.261085655  
-0.7333789531  
-2.628690035  
-4.026372348  
-4.70792498  
-4.677394824  
-4.132451904  
-3.376926743  
-2.705814855  
-2.301384755  
-2.174117369  
-2.166606203  
-2.0174352  
-1.462527968  
-0.339604535  
1.33893253  
3.368656175  
5.397127617  
7.015780072  
7.871765659  
7.766786696  
6.715072674  
4.94580073  
2.851647008  
0.8994700818  
-0.472664174  
-0.9474664828  
-0.3908705764  
1.123969512  
3.330646826  
5.814414449  
8.078457865  
9.622190461  
10.02339474  
9.016005699  
6.553666057  
2.84663044  
-1.641200091  
-6.244960581  
-10.20230528  
-12.79555359  
-13.50636204  
-12.14686286  
-8.930234672  
-4.454058027  
0.4097247582  
4.698862538  
7.576458941  
8.523234413  
7.454162663  
4.726189297  
1.033709445  
-2.779039896  
-5.935085744  
-7.909237559  
-8.528577435  
-7.964442741  
-6.625797684  
-4.994690439  
-3.461401394  
-2.214194692  
-1.217333636  
-0.2785957936  
0.8247562214  
2.213309388  
3.819643382  
5.384846923  
6.541512212  
6.953870847  
6.462207523  
5.174321203  
3.463632851  
1.866268625  
0.9066844905  
0.9098463276  
1.866911073  
3.406595158  
4.890323744  
5.606863081  
5.006183867  
2.895554619  
-0.4700849587  
-4.438560393  
-8.141008313  
-10.74781855  
-11.71867255  
-10.96528694  
-8.872721446  
-6.171020884  
-3.698270554  
-2.132347954  
-1.779374375  
-2.488148097  
-3.717871798  
-4.735192596  
-4.873290165  
-3.765173042  
-1.472397318  
1.533694038  
4.530790677  
6.789257705  
7.816530946  
7.518080193  
6.219659189  
4.543454404  
3.181466868  
2.645334644  
3.080679889  
4.212400561  
5.442486012  
6.069045859  
5.552257572  
3.734852314  
0.9379734967  
-2.106227221  
-4.469428843  
-5.323275344  
-4.221516693  
-1.274876673  
2.841884451  
7.058077637  
10.20171967  
11.33134447  
10.00345306  
6.394593651  
1.242980263  
-4.36861275  
-9.318258687  
-12.74277952  
-14.23824006  
-13.90768608  
-12.25197478  
-9.950358335  
-7.611053989  
-5.577938366  
-3.85629215  
-2.176921505  
-0.1688763107  
2.42668013  
5.582711492  
8.91941105  
11.7733785  
13.38439162  
13.13973352  
10.79466163  
6.593474367  
1.246989712  
-4.231691317  
-8.785430144  
-11.58748302  
-12.24919246  
-10.89973118  
-8.117498306  
-4.739178414  
-1.609437035  
0.6501921499  
1.784621801  
1.923794335  
1.481442759  
0.977187906  
0.8468931985  
1.305148283  
2.301221869  
3.574378271  
4.779120414  
5.627797787  
5.995104017  
5.946404103  
5.682885406  
5.429330005  
5.312869714  
5.284784658  
5.120998786  
4.506178352  
3.172704175  
1.041836599  
-1.690463189  
-4.563704065  
-6.966297845  
-8.321207871  
-8.283282482  
-6.87843487  
-4.52997386  
-1.953383768  
0.05452185115  
0.8676105131  
0.2409926209  
-1.593194066  
-3.982963093  
-6.054976836  
-6.994414478  
-6.316306025  
-4.037656984  
-0.6896486424  
2.839294799  
5.582278428  
6.804953614  
6.245742836  
4.20323823  
1.438107076  
-1.081362968  
-2.507261366  
-2.403648198  
-0.9012987913  
1.34096625  
3.360584267  
4.229718323  
3.395133302  
0.9024656063  
-2.576908331  
-5.934147647  
-7.971964638  
-7.803926331  
-5.17270991  
-0.5783005284  
4.833623474  
9.595615035  
12.35698585  
12.29953444  
9.39745128  
4.436260972  
-1.218262759  
-6.030355724  
-8.755311171  
-8.806651093  
-6.415106927  
-2.532282684  
1.48620549  
4.31347356  
5.060194905  
3.530574149  
0.2490549999  
-3.742232604  
-7.240657636  
-9.272215489  
-9.383644866  
-7.745627693  
-5.041830296  
-2.19185859  
-0.01103972126  
1.071948381  
1.14265951  
0.7338539713  
0.5937082562  
1.377041049  
3.373252575  
6.370112513  
9.702935802  
12.471926  
13.8501937  
13.37252879  
11.10171854  
7.612636705  
3.799067128  
0.571340157  
-1.448145802  
-2.123353769  
-1.826324975  
-1.274386825  
-1.241294612  
-2.246625863  
-4.336960258  
-7.041079589  
-9.520195074  
-10.8643411  
-10.43216233  
-8.112630706  
-4.411159561  
-0.321529322  
2.980908068  
4.525441743  
3.881327582  
1.325014938  
-2.224204764  
-5.486806241  
-7.236316624  
-6.709413743  
-3.876493976  
0.5204928039  
5.1812409  
8.64754127  
9.764875496  
8.057352606  
3.894491682  
-1.605731707  
-6.909009291  
-10.52832782  
-11.473602  
-9.546729833  
-5.390922755  
-0.2812671814  
4.275415929  
7.004709779  
7.248298846  
5.1504923  
1.594488535  
-2.086293933  
-4.528057205  
-4.756387881  
-2.479022343  
1.832533164  
7.089787453  
11.91054155  
15.01652068  
15.58616913  
13.46293404  
9.167367373  
3.72158377  
-1.651847028  
-5.863006743  
-8.22442576  
-8.588241208  
-7.325028402  
-5.165435149  
-2.961907652  
-1.443906403  
-1.033755762  
-1.766036823  
-3.320412756  
-5.146225992  
-6.635715056  
-7.295521553  
-6.872963605  
-5.410262886  
-3.220590497  
-0.798645537  
1.308249926  
2.636832328  
2.921793902  
2.162948381  
0.6318434579  
-1.184164465  
-2.690214024  
-3.323496444  
-2.694958307  
-0.7008620536  
2.424630156  
6.134103062  
9.670333039  
12.23062701  
13.15663092  
12.10390352  
9.146416137  
4.784394025  
-0.1528862759  
-4.690348721  
-7.933236369  
-9.279454397  
-8.562896882  
-6.089460422  
-2.555455168  
1.130550075  
4.075503359  
5.619427425  
5.486647796  
3.833544019  
1.184540583  
-1.722070108  
-4.133830066  
-5.475215933  
-5.481477718  
-4.24483311  
-2.167699588  
0.1580318836  
2.109395459  
3.186049349  
3.122270723  
1.934375352  
-0.1013671722  
-2.528289614  
-4.82273734  
-6.513034249  
-7.277986497  
-7.006192996  
-5.80724663  
-3.975962315  
-1.919330822  
-0.06211761455  
1.24955568  
1.826853945  
1.682047487  
1.026518112  
0.2208482195  
-0.3144830409  
-0.2090677573  
0.7526417865  
2.559067614  
4.953499736  
7.479813089  
9.585027824  
10.75554316  
10.65263172  
9.210274184  
6.666394164  
3.515361994  
0.3911114897  
-2.089933059  
-3.484438702  
-3.633693975  
-2.69980385  
-1.11583966  
0.5367478644  
1.689623174  
1.943079486  
1.172449021  
-0.4438651223  
-2.481795256  
-4.397684539  
-5.687229548  
-6.032716478  
-5.397520013  
-4.04152421  
-2.452636334  
-1.212053183  
-0.8285065867  
-1.585053532  
-3.439169954  
-6.004124583  
-8.619898183  
-10.50018314  
-10.92320446  
-9.422227863  
-5.929791692  
-0.8380114873  
5.045230149  
10.64148488  
14.82174829  
16.6553251  
15.63152247  
11.80038263  
5.794176607  
-1.282744302  
-8.07704272  
-13.27505845  
-15.89083358  
-15.48420341  
-12.25428848  
-6.983280348  
-0.8430392919  
4.88736469  
9.121345939  
11.20510271  
11.03818113  
9.046920384  
6.024206062  
2.885523439  
0.4132184004  
-0.9385906622  
-1.126662322  
-0.4725911094  
0.4889209016  
1.213506094  
1.335254663  
0.7807293078  
-0.2233326193  
-1.245126064  
-1.809007179  
-1.56624723  
-0.4180974082  
1.447832651  
3.61653378  
5.57663989  
6.877494673  
7.259808156  
6.718970025  
5.484689681  
3.929477382  
2.441319905  
1.305340943  
0.6326357536  
0.3550828089  
0.2804481107  
0.1814537612  
-0.1170059737  
-0.6839487314  
-1.477337333  
-2.383252804  
-3.277321752  
-4.079395957  
-4.777684208  
-5.413551336  
-6.036523144  
-6.652928692  
-7.19523776  
-7.53064096  
-7.510075778  
-7.03971768  
-6.144071061  
-4.989174819  
-3.84732007  
-3.007168697  
-2.656756215  
-2.782413331  
-3.127024821  
-3.234576763  
-2.579270571  
-0.7459566158  
2.394213804  
6.574283374  
11.13380987  
15.14580801  
17.64129155  
17.87060989  
15.52481534  
10.8483347  
4.604511369  
-2.100754296  
-8.089059868  
-12.39631812  
-14.49442747  
-14.38618053  
-12.55099167  
-9.76439026  
-6.851302011  
-4.450503079  
-2.86018402  
-2.005586159  
-1.529147639  
-0.9650195543  
0.06472144758  
1.697976561  
3.772389549  
5.872416618  
7.463662828  
8.067584963  
7.419294755  
5.559623681  
2.835839422  
-0.185170228  
-2.861516163  
-4.634490292  
-5.156247448  
-4.356259462  
-2.436350177  
0.1951847526  
3.025693863  
5.547150539  
7.347339109  
8.168879225  
7.933150326  
6.734490393  
4.813278727  
2.515396827  
0.2423924362  
-1.605588344  
-2.691519015  
-2.801920549  
-1.895814396  
-0.1295098987  
2.153792495  
4.474061695  
6.29877023  
7.145942429  
6.683650437  
4.803069262  
1.648323397  
-2.402768401  
-6.800833273  
-10.91435929  
-14.12702431  
-15.92583893  
-15.96945554  
-14.13323452  
-10.532334  
-5.524345788  
0.3104239839  
6.217060431  
11.3496148  
14.89207232  
16.20706808  
14.98765964  
11.37478968  
5.999204198  
-0.0838623582  
-5.575513354  
-9.205444496  
-10.03938486  
-7.744457801  
-2.734243463  
3.861954421  
10.41846784  
15.18228712  
16.70669211  
14.23853538  
7.952404878  
-1.040269795  
-10.92138576  
-19.58525239  
-25.14305862  
-26.38326673  
-23.06788177  
-15.98732278  
-6.7606968  
2.564239563  
10.00537175  
14.10684783  
14.25138869  
10.75318438  
4.720834682  
-2.260320729  
-8.534236178  
-12.76096707  
-14.19097541  
-12.7711738  
-9.075367932  
-4.096680275  
1.03036308  
5.301884031  
8.046660214  
9.0207055  
8.389131059  
6.618119353  
4.317486382  
2.078826887  
0.3470889758  
-0.6510594701  
-0.9157262524  
-0.627546679  
-0.06538801193  
0.4886362061  
0.8337654272  
0.9058524265  
0.7913427896  
0.6969346705  
0.8817186429  
1.567983962  
2.853861835  
4.653152321  
6.683642326  
8.514257228  
9.665639849  
9.741884094  
8.558472938  
6.227459535  
3.168732954  
0.03448877659  
-2.441092373  
-3.631095309  
-3.192768448  
-1.179765954  
1.947521308  
5.423249849  
8.366110904  
10.00765574  
9.894937802  
8.008731698  
4.76192101  
0.8775006754  
-2.818542875  
-5.628392491  
-7.16915105  
-7.460156649  
-6.886304461  
-6.050953271  
-5.565775759  
-5.844140748  
-6.962888448  
-8.635595861  
-10.30527128  
-11.32696085  
-11.18270806  
-9.661144007  
-6.944988191  
-3.578038914  
-0.3202223524  
2.066621259  
3.038484355  
2.429093523  
0.5024493687  
-2.117682415  
-4.620926745  
-6.235997644  
-6.444153334  
-5.119845271  
-2.559591736  
0.6075958038  
3.601205673  
5.709302136  
6.485124991  
5.865352344  
4.17794316  
2.039026974  
0.1694351831  
-0.8162797595  
-0.5881845904  
0.8039245763  
2.94559922  
5.178861713  
6.795180453  
7.245538038  
6.307423731  
4.160112638  
1.344912618  
-1.380528633  
-3.25443476  
-3.730378579  
-2.641468621  
-0.261080279  
2.759545915  
5.561854062  
7.312533102  
7.433564368  
5.76498582  
2.614014505  
-1.323844634  
-5.149693763  
-7.999946259  
-9.271480789  
-8.770385586  
-6.744125657  
-3.791189891  
-0.6777709936  
1.882865534  
3.423304284  
3.832483697  
3.355056239  
2.484721363  
1.787760629  
1.712268391  
2.440544843  
3.827095785  
5.437798242  
6.675735564  
6.95503934  
5.872485121  
3.329989431  
-0.4225571079  
-4.83157381  
-9.155705686  
-12.62166103  
-14.58207532  
-14.64151295  
-12.72792757  
-9.101060612  
-4.302072132  
0.9421411612  
5.841802975  
9.67478312  
11.90567764  
12.27573398  
10.84823197  
7.998399553  
4.344642339  
0.6288277557  
-2.434072761  
-4.3060498  
-4.740221936  
-3.828208003  
-1.964340738  
0.2679670875  
2.259448048  
3.542963453  
3.917122311  
3.487582596  
2.61219267  
1.766372406  
1.3717154  
1.644373081  
2.514946949  
3.648901026  
4.562771811  
4.797927117  
4.091944963  
2.486165911  
0.3280141212  
-1.837689502  
-3.454858538  
-4.156935133  
-3.911144603  
-3.05139104  
-2.181511998  
-1.975168531  
-2.93606548  
-5.19909507  
-8.442524837  
-11.94656399  
-14.78546845  
-16.09530681  
-15.3330026  
-12.44385248  
-7.884106952  
-2.492718443  
2.744359983  
6.959668813  
9.614567537  
10.59118778  
10.14584129  
8.752432336  
6.901464227  
4.932329755  
2.959697314  
0.9154921171  
-1.319062458  
-3.753639298  
-6.17603454  
-8.14401179  
-9.098436747  
-8.564458853  
-6.367774478  
-2.77899686  
1.482102976  
5.404404661  
7.968869956  
8.471500804  
6.77749492  
3.413128885  
-0.5492199875  
-3.789999657  
-5.138849194  
-3.9445143  
-0.2971689147  
4.974364467  
10.53697959  
14.95017114  
17.10179217  
16.54389614  
13.62025728  
9.343503544  
5.060727333  
2.015343024  
0.9469138847  
1.858494482  
4.026514931  
6.24932662  
7.253152379  
6.123540171  
2.622906601  
-2.707727925  
-8.694741137  
-13.87839919  
-16.94970425  
-17.14086332  
-14.44984917  
-9.633863289  
-3.979667891  
1.073255484  
4.338907786  
5.199011516  
3.73784315  
0.6689283534  
-2.911291958  
-5.858971774  
-7.304002751  
-6.866376884  
-4.716554205  
-1.479206149  
1.974873774  
4.77737895  
6.278319812  
6.176154202  
4.542189322  
1.752677733  
-1.634969986  
-5.018295009  
-7.862776446  
-9.773590113  
-10.52629758  
-10.06864711  
-8.508076151  
-6.093462475  
-3.19032098  
-0.2417628253  
2.292277921  
4.016987975  
4.692720226  
4.308764113  
3.112699007  
1.574317501  
0.2806144392  
-0.2189805125  
0.4222393888  
2.221803348  
4.823985297  
7.561244794  
9.614095281  
10.23146449  
8.952162745  
5.763218331  
1.145338368  
-4.014307249  
-8.624606995  
-11.65764646  
-12.41008371  
-10.68833698  
-6.866949518  
-1.803285986  
3.369729489  
7.518860701  
9.782497333  
9.770013483  
7.639668045  
4.038786509  
-0.07395632758  
-3.674867642  
-5.925065083  
-6.360456937  
-4.976661336  
-2.192833804  
1.289348445  
4.688369081  
7.34953157  
8.899230455  
9.307051688  
8.843170216  
7.948814059  
7.062632853  
6.458486446  
6.146561323  
5.870539666  
5.203897881  
3.716689948  
1.16004575  
-2.393286649  
-6.503888563  
-10.4404649  
-13.36190743  
-14.55841956  
-13.68028936  
-10.88070825  
-6.81985223  
-2.516642222  
0.9189603745  
2.600633198  
2.135098721  
-0.2383926457  
-3.688826366  
-7.012684462  
-8.975515726  
-8.679583532  
-5.848905492  
-0.9432360855  
4.939300391  
10.34924632  
13.88336559  
14.5787971  
12.18876201  
7.258560149  
0.9791697059  
-5.138361291  
-9.671767606  
-11.66019999  
-10.8340757  
-7.640640759  
-3.066709753  
1.679000712  
5.521532418  
7.803903419  
8.417855497  
7.751387599  
6.483036097  
5.300735038  
4.64392036  
4.555500275  
4.689983524  
4.469710903  
3.3307635  
0.9704302244  
-2.491520008  
-6.49581464  
-10.1801499  
-12.62693941  
-13.14298431  
-11.48090899  
-7.930862252  
-3.252672924  
1.530538906  
5.412914638  
7.673993459  
8.053617965  
6.783944519  
4.474952396  
1.895712632  
-0.2752052153  
-1.649979785  
-2.221082534  
-2.316593107  
-2.44189421  
-3.064674152  
-4.417108087  
-6.38199896  
-8.501218342  
-10.10458363  
-10.51831336  
-9.286693715  
-6.3363197  
-2.030156478  
2.90704359  
7.570928001  
11.11351217  
12.96313252  
12.96412575  
11.39672255  
8.874094932  
6.150179742  
3.897893558  
2.524861129  
2.080823016  
2.281706761  
2.638899447  
2.649800619  
1.987072713  
0.6248729978  
-1.139568534  
-2.777414565  
-3.7049228  
-3.489582313  
-2.018851363  
0.425554417  
3.216994017  
5.548028732  
6.664048931  
6.097349201  
3.829361521  
0.3275789038  
-3.560342985  
-6.830297462  
-8.601857644  
-8.374415861  
-6.183516995  
-2.609007326  
1.370900124  
4.640562348  
6.249665845  
5.671851151  
2.945909617  
-1.33952841  
-6.211134286  
-10.57583362  
-13.50761475  
-14.4738826  
-13.43957438  
-10.82555909  
-7.342343904  
-3.756633342  
-0.6660644818  
1.648808777  
3.25372591  
4.469210818  
5.695467835  
7.216739025  
9.053405325  
10.91309167  
12.25905547  
12.47560515  
11.07877515  
7.905422512  
3.219886023  
-2.298105645  
-7.68530148  
-11.91259165  
-14.12992216  
-13.87295388  
-11.17746212  
-6.573521703  
-0.96392177  
4.579467768  
9.049016281  
11.70819283  
12.22644222  
10.71727654  
7.679461087  
3.862815317  
0.09453421542  
-2.893778915  
-4.602977502  
-4.84332081  
-3.742350973  
-1.689065105  
0.7687021608  
3.049546372  
4.659975899  
5.28821482  
4.853051732  
3.500095647  
1.54887306  
-0.5952860319  
-2.542927524  
-4.011021849  
-4.880623766  
-5.208201518  
-5.189403058  
-5.086706312  
-5.142191778  
-5.500586618  
-6.164369246  
-6.993124286  
-7.746105319  
-8.154411438  
-8.000788156  
-7.183711737  
-5.747896557  
-3.874058108  
-1.832758898  
0.08311076971  
1.628064545  
2.65830724  
3.159007062  
3.241333402  
3.113503476  
3.034594165  
3.260941917  
3.993458141  
5.33206865  
7.242290949  
9.539281652  
11.89559012  
13.87840163  
15.01834896  
14.90443857  
13.28950052  
10.18144265  
5.891572563  
1.015948929  
-3.659898463  
-7.321258678  
-9.31556442  
-9.325091265  
-7.469047538  
-4.297187572  
-0.6654068442  
2.481202708  
4.361435048  
4.574733973  
3.214657849  
0.8395259599  
-1.697348267  
-3.511320804  
-3.965699726  
-2.87998257  
-0.5993555399  
2.100638712  
4.248813799  
4.98186943  
3.822440271  
0.8433430244  
-3.335754531  
-7.720676917  
-11.23204775  
-13.02226214  
-12.72212302  
-10.54173065  
-7.196707904  
-3.686002062  
-0.9932674326  
0.1945659735  
-0.3331819173  
-2.282367253  
-4.975541043  
-7.575690853  
-9.335425353  
-9.792772174  
-8.858870008  
-6.78313871  
-4.023509204  
-1.078002687  
1.659461147  
3.972698916  
5.811986423  
7.217934742  
8.22451451  
8.78983248  
8.787851643  
8.0655789  
6.540228017  
4.29161791  
1.604495508  
-1.066188772  
-3.2036205  
-4.377298763  
-4.378817513  
-3.294229196  
-1.482908097  
0.5339692615  
2.239005764  
