0.4286026222  
-1.56844946  
-3.575041405  
-4.689712929  
-4.239801328  
-2.063928924  
1.377482991  
5.111873132  
7.955441284  
8.907163135  
7.501426157  
3.994819601  
-0.6833658634  
-5.207652342  
-8.272387419  
-9.010460092  
-7.274834601  
-3.687737463  
0.5601852729  
4.094738266  
5.799674591  
5.169197734  
2.456848784  
-1.42477395  
-5.215524241  
-7.723281602  
-8.204469667  
-6.585760771  
-3.459604477  
0.136568392  
3.076222364  
4.511780659  
4.133103961  
2.236421972  
-0.4093350486  
-2.84385115  
-4.243039863  
-4.181773582  
-2.748545907  
-0.4832894084  
1.829594963  
3.434730374  
3.850630148  
3.007161279  
1.238508835  
-0.854442132  
-2.616139972  
-3.546923404  
-3.443815103  
-2.433133215  
-0.8964098154  
0.6738944303  
1.833726567  
2.309031786  
2.046984763  
1.192670821  
0.01261499507  
-1.199640052  
-2.20203778  
-2.846099718  
-3.080649281  
-2.930204183  
-2.467066804  
-1.791903375  
-1.026695269  
-0.3128063949  
0.1984566417  
0.3720587313  
0.1309634758  
-0.5003520194  
-1.37197008  
-2.223603053  
-2.745643273  
-2.674460244  
-1.892713146  
-0.4971156033  
1.19801902  
2.733659025  
3.640385337  
3.594414671  
2.542821604  
0.7509909665  
-1.251512233  
-2.816762098  
-3.373582223  
-2.609967536  
-0.5820476109  
2.288874911  
5.333247331  
7.828290683  
9.208934403  
9.2272853  
8.010894633  
6.004569146  
3.819358742  
2.042139104  
1.069610515  
1.018343778  
1.733031362  
2.879417129  
4.079841458  
5.038009441  
5.60889154  
5.795132851  
5.682377504  
5.350113998  
4.802728968  
3.954221822  
2.674937488  
0.8795706956  
-1.384691688  
-3.894245973  
-6.27780403  
-8.116807001  
-9.085508676  
-9.078321102  
-8.271580176  
-7.087668236  
-6.06455829  
-5.670592045  
-6.128446554  
-7.313849401  
-8.771824649  
-9.853125953  
-9.930371865  
-8.622499189  
-5.949721573  
-2.361967007  
1.374363441  
4.398245328  
6.013459596  
5.900666634  
4.212259836  
1.519389914  
-1.369932984  
-3.659958148  
-4.800780222  
-4.631133321  
-3.388311604  
-1.589542915  
0.1673498595  
1.411080669  
1.94018912  
1.857162274  
1.489283766  
1.232627787  
1.381370912  
2.006559859  
2.927197834  
3.780623564  
4.162432105  
3.781942369  
2.576018625  
0.7417649167  
-1.3200426  
-3.126464869  
-4.252934752  
-4.443710344  
-3.658363932  
-2.04715704  
0.1246460276  
2.566643539  
5.029844791  
7.327516578  
9.311638496  
10.82796679  
11.68327408  
11.65283804  
10.5370749  
8.251315261  
4.912941619  
0.8841875578  
-3.259199895  
-6.837553869  
-9.228962047  
-10.03394685  
-9.188117662  
-6.981929913  
-3.977006229  
-0.8438634043  
1.826351161  
3.674024045  
4.637915749  
4.918005088  
4.85310421  
4.762260291  
4.810956636  
4.952053251  
4.961711533  
4.55318448  
3.520808435  
1.854367034  
-0.2247696856  
-2.323785749  
-4.014648512  
-4.994881936  
-5.209309302  
-4.881603364  
-4.437387766  
-4.341929411  
-4.909761036  
-6.157559782  
-7.759303954  
-9.12779641  
-9.60143694  
-8.675725715  
-6.20014384  
-2.469932634  
1.823569851  
5.772935702  
8.509456622  
9.451656239  
8.468387583  
5.906094128  
2.475042302  
-0.9650188036  
-3.648643149  
-5.101269607  
-5.232223973  
-4.305518036  
-2.81111359  
-1.289307079  
-0.170246081  
0.3226225807  
0.1851879681  
-0.4260355538  
-1.287730983  
-2.195630268  
-3.010635694  
-3.656171868  
-4.081819408  
-4.222837602  
-3.984716442  
-3.266941563  
-2.018054786  
-0.2951567793  
1.705725726  
3.672762836  
5.257194912  
6.184444962  
6.35579411  
5.897051513  
5.12749118  
4.45222571  
4.212961267  
4.552359424  
5.34690268  
6.240431145  
6.772965054  
6.560868951  
5.46036475  
3.647489379  
1.575427723  
-0.1842702824  
-1.163399996  
-1.198867798  
-0.5320530192  
0.2442175451  
0.3863724784  
-0.7136881881  
-3.257777443  
-6.890641902  
-10.73877635  
-13.64459303  
-14.53079893  
-12.77737454  
-8.479802151  
-2.489398275  
3.793873638  
8.821899982  
11.36871609  
10.9173048  
7.831566221  
3.249970418  
-1.270860312  
-4.249825782  
-4.751401069  
-2.677052426  
1.218447049  
5.590339847  
8.957407047  
10.19241509  
8.884706339  
5.454869952  
0.9870724103  
-3.158642253  
-5.817274471  
-6.409581889  
-5.119416595  
-2.800342789  
-0.6490345259  
0.2365943276  
-0.7418223931  
-3.463045975  
-7.121610778  
-10.50330981  
-12.40231349  
-12.03398054  
-9.30154448  
-4.828054448  
1.614422837  
0.534685599  
-0.5204188522  
-0.8622534748  
-0.07439526898  
1.827528327  
4.392219744  
6.88444523  
8.53680307  
8.812108706  
7.584762472  
5.179490156  
2.256740442  
-0.4122135334  
-2.199972597  
-2.818548932  
-2.38975339  
-1.370143956  
-0.3620549514  
0.118318843  
-0.1686418709  
-1.104564207  
-2.2676142  
-3.100459692  
-3.128566471  
-2.148452595  
-0.3172218414  
1.889091791  
3.83342236  
4.935260353  
4.870361172  
3.681715526  
1.762845543  
-0.2801016427  
-1.838311216  
-2.508138547  
-2.224095184  
-1.271201454  
-0.1737028409  
0.4994979073  
0.3436103421  
-0.7324351115  
-2.467555839  
-4.334085081  
-5.717098697  
-6.125187243  
-5.36035863  
-3.589639086  
-1.295282183  
0.8780083816  
2.326300272  
2.671933054  
1.871173345  
0.2118650966  
-1.793316907  
-3.578003613  
-4.698257041  
-4.955839017  
-4.431812661  
-3.426069769  
-2.330442974  
-1.483860171  
-1.060800952  
-1.02919334  
-1.187081698  
-1.258901971  
-1.012174316  
-0.3505271086  
0.6497946016  
1.770387033  
2.733407992  
3.303330156  
3.368991737  
2.976139314  
2.300330179  
1.572761926  
0.9889524089  
0.635970985  
0.4661335258  
0.3270288051  
0.03606926378  
-0.5293627808  
-1.361533029  
-2.30044164  
-3.071708869  
-3.373838298  
-2.985886525  
-1.857990803  
-0.1516126959  
1.787634468  
3.519440186  
4.634381407  
4.876828773  
4.226064673  
2.909073608  
1.339342896  
-0.001028626719  
-0.7011440277  
-0.5415283322  
0.4409029689  
1.962161534  
3.571892714  
4.781812558  
5.204762574  
4.664862802  
3.24813305  
1.280230401  
-0.7614674626  
-2.376328257  
-3.173889235  
-2.976153224  
-1.861932188  
-0.142570761  
1.72314608  
3.251173666  
4.058490107  
3.960145619  
3.01206222  
1.489381598  
-0.1926792763  
-1.593267647  
-2.364344142  
-2.341075479  
-1.580038297  
-0.3355363877  
1.018515965  
2.098528434  
2.621496173  
2.484051013  
1.78772  
0.8033959848  
-0.1142816412  
-0.6371777198  
-0.565832631  
0.1067705752  
1.188662284  
2.341215839  
3.174353302  
3.356023002  
2.703462656  
1.230116498  
-0.8638740175  
-3.252042527  
-5.572100373  
-7.51763086  
-8.903507322  
-9.687740497  
-9.947730008  
-9.824014351  
-9.454316964  
-8.922061002  
-8.2362942  
-7.347205144  
-6.187864285  
-4.723379698  
-2.986901963  
-1.087837058  
0.8107908885  
2.536569777  
3.955753432  
5.00606691  
5.701456018  
6.107425598  
6.297659421  
6.310464907  
6.124128004  
5.662961683  
4.833530286  
3.577922561  
1.923023714  
0.004883155928  
-1.944309956  
-3.64538715  
-4.842352595  
-5.369761076  
-5.193766399  
-4.41247467  
-3.216226851  
-1.823457633  
-0.4168923988  
0.8955536099  
2.081193187  
3.146552522  
4.083219313  
4.82280337  
5.226198961  
5.119122257  
4.366101497  
2.956338675  
1.064867075  
-0.9436787037  
-2.583640273  
-3.377930165  
-3.011847053  
-1.459433427  
0.9667962634  
3.670876466  
5.927775666  
7.096396543  
6.82594612  
5.186392252  
2.673315222  
0.07571077662  
-1.759617893  
-2.196635858  
-1.025705792  
1.447156562  
4.473108149  
7.079502375  
8.370544954  
7.815577552  
5.431460724  
1.796825023  
-2.111327898  
-5.210918164  
-6.647149667  
-6.058825906  
-3.693201047  
-0.3316095839  
2.951463782  
5.119914657  
5.493255583  
3.949855687  
0.9536812693  
-2.600816769  
-5.67300552  
-7.396928592  
-7.33690303  
-5.599977238  
-2.775972708  
0.2678886056  
2.665269062  
3.809564872  
3.51237078  
2.018053296  
-0.1190648594  
-2.243464392  
-3.816654564  
-4.571002564  
-4.553053135  
-4.052313345  
-3.452334517  
-3.06605104  
-3.018638483  
-3.219137089  
-3.425939701  
-3.374722193  
-2.914205637  
-2.093452181  
-1.164430134  
-0.4972885567  
-0.4402057153  
-1.177842716  
-2.643916633  
-4.52362721  
-6.348175965  
-7.648778409  
-8.114545737  
-7.696110402  
-6.616001312  
-5.280661119  
-4.125259928  
-3.447783018  
-3.293664864  
-3.43476392  
-3.452563382  
-2.897578878  
-1.468584978  
0.8530435695  
3.763830021  
6.710624193  
9.052835737  
10.26070783  
10.08295427  
8.627563045  
6.329508483  
3.817801265  
1.728122842  
0.5242139932  
0.3857394737  
1.194920199  
2.618381088  
4.247614037  
5.743004309  
6.928896953  
7.809080106  
8.504662949  
9.147076973  
9.77598723  
10.28894978  
10.46765382  
10.07312332  
8.971974502  
7.239649587  
5.191472467  
3.317404304  
2.132896728  
1.992750408  
2.934290417  
4.612064201  
6.358915551  
7.36599347  
6.931642516  
4.70104725  
0.8159083549  
-4.081866799  
-9.003300315  
-12.88247676  
-14.88408096  
-14.65376269  
-12.4320744  
-8.99375509  
-5.428175948  
-2.82627229  
-1.968354952  
-3.106580912  
-5.905942599  
-9.558223871  
-13.03036267  
-15.36893675  
-15.96799052  
-14.72210293  
-12.02461171  
-8.619599965  
-5.359957038  
-2.949134956  
-1.744591741  
-1.677310526  
-2.303573219  
-2.964594934  
-2.999644082  
-1.946920685  
0.3243992753  
3.582677012  
7.303118071  
10.81009895  
13.44799277  
14.73396035  
14.45706867  
12.70682083  
9.833934689  
6.361234365  
2.870029379  
-0.1127838762  
-2.206871567  
-3.237050159  
-3.252155336  
-2.503308822  
-1.385041883  
-0.3473408689  
0.2077529154  
0.02580741828  
-0.9268953541  
-2.438371301  
-4.087780693  
-5.343568307  
-5.704721943  
-4.851160444  
-2.761106295  
0.2429815824  
3.541946033  
6.357441019  
7.948385108  
7.814633711  
5.849552462  
2.394125896  
-1.828345614  
-5.883669907  
-8.859051916  
-10.0918294  
-9.330211332  
-6.781169176  
-3.03420841  
1.113371137  
4.875456045  
7.674690832  
9.262362261  
9.730972675  
9.424915926  
8.786411437  
8.191987633  
7.833964061  
7.682425566  
7.533292773  
7.117922695  
6.229624857  
4.818956843  
3.023573233  
1.123909627  
-0.5562510958  
-1.765360259  
-2.411805241  
-2.590981462  
-2.542234508  
-2.552533365  
-2.843611454  
-3.48533499  
-4.368089175  
-5.244796075  
-5.82701879  
-5.89905829  
-5.406846482  
-4.487295423  
-3.425659742  
-2.555270288  
-2.136000056  
-2.256693127  
-2.799058954  
-3.478674584  
-3.95049174  
-3.941723653  
-3.36342841  
-2.357906141  
-1.26081676  
-0.4871407651  
-0.3783804126  
-1.064283579  
-2.390046976  
-3.9393975  
-5.151845339  
-5.499601359  
-4.667330001  
-2.674276802  
0.1050033114  
3.033113803  
5.390351339  
6.588690107  
6.352209869  
4.806377785  
2.446626347  
-0.005363264329  
-1.813847951  
-2.444365876  
-1.716185858  
0.1538888364  
2.627720202  
5.015871127  
6.686801046  
7.249906653  
6.657201882  
5.195707592  
3.377629311  
1.767067746  
0.8001374317  
0.6549636098  
1.209770872  
2.097904557  
2.837762851  
2.993333162  
2.3137212  
0.8094359877  
-1.254824547  
-3.444082354  
-5.283728815  
-6.394682877  
-6.592559762  
-5.924457518  
-4.638074616  
-3.098706051  
-1.68362921  
-0.6868159467  
-0.2597065635  
-0.39939341  
-0.9795041402  
-1.806708315  
-2.680776978  
-3.439159056  
-3.976063422  
-4.237066025  
-4.199125496  
-3.849650132  
-3.176055946  
-2.170801898  
-0.8488825593  
0.7312425461  
2.454319861  
4.150869016  
5.617991347  
6.653934959  
7.096980219  
6.857869005  
5.937490279  
4.426728711  
2.490950311  
0.3454400105  
-1.771010582  
-3.619366728  
-4.979205986  
-5.665313891  
-5.545439078  
-4.561011932  
-2.748732951  
-0.2566275618  
2.654349133  
5.631044437  
8.274030453  
10.2037964  
11.13429709  
10.93580028  
9.668936589  
7.577854443  
5.040814519  
2.488678903  
0.3114190319  
-1.223040223  
-2.016536979  
-2.143430646  
-1.810089242  
-1.28537393  
-0.8242345293  
-0.6071850702  
-0.7116573538  
-1.119630171  
-1.75327694  
-2.521338667  
-3.356465231  
-4.228711062  
-5.130896703  
-6.043706011  
-6.89769182  
-7.552082914  
-7.805260755  
-7.440327578  
-6.29532913  
-4.336333789  
-1.707092905  
1.266496853  
4.126237468  
6.377902035  
7.610129252  
7.602732033  
6.391789713  
4.269756215  
1.717127115  
-0.7176804337  
-2.557809907  
-3.517899928  
-3.570699149  
-2.941759349  
-2.034315737  
-1.306615164  
-1.137199063  
-1.716438354  
-2.994087122  
-4.695740845  
-6.401037405  
-7.659340953  
-8.109339811  
-7.569860201  
-6.079358131  
-3.877428053  
-1.338096002  
1.123122269  
3.141770944  
4.473383436  
5.025233922  
4.849484411  
4.106995517  
3.017128089  
1.809144388  
0.686130976  
-0.1947187154  
-0.7282977762  
-0.8607210594  
-0.5877384512  
0.04469635925  
0.9394298407  
1.951898853  
2.904378356  
3.613317217  
3.926931968  
3.764412625  
3.144654022  
2.192999664  
1.11969587  
0.1721153089  
-0.4282191334  
-0.5463740477  
-0.1737888559  
0.5668579163  
1.45589014  
2.242133616  
2.721396586  
2.804267568  
2.551224633  
2.161904718  
1.918723493  
2.099264283  
2.882330776  
4.276052216  
6.091333547  
7.971725171  
9.474547069  
10.18279801  
9.817526051  
8.318993904  
5.872877612  
2.872633723  
-0.1729916668  
-2.762831515  
-4.52337763  
-5.293578338  
-5.151890401  
-4.379461855  
-3.371371029  
-2.522328194  
-2.119880891  
-2.275132467  
-2.909321108  
-3.797642478  
-4.654735408  
-5.234195876  
-5.410989558  
-5.221580223  
-4.850112169  
-4.565866803  
-4.632245228  
-5.216101688  
-6.32582248  
-7.797274343  
-9.331750833  
-10.57389771  
-11.20558838  
-11.02735813  
-10.00372874  
-8.260815364  
-6.039900914  
-3.624381408  
-1.264933087  
0.8731989975  
2.725909492  
4.307750689  
5.66383059  
6.817464052  
7.735907641  
8.329074827  
8.483000361  
8.115739735  
7.233338382  
5.961601319  
4.536511196  
3.250399174  
2.367384029  
2.034628977  
2.220463811  
2.704385229  
3.12859566  
3.100797625  
2.319870228  
0.6861163104  
-1.640339565  
-4.255453703  
-6.60207254  
-8.112903869  
-8.365868216  
-7.206570557  
-4.801069078  
-1.602016439  
1.76346799  
4.652807345  
6.56894585  
7.27836621  
6.854603853  
5.638095413  
4.127545184  
2.836786273  
2.158873329  
2.274078634  
3.122960854  
4.445097361  
5.865366348  
6.998284516  
7.539861268  
7.32478926  
6.340830133  
4.70637522  
2.626809874  
0.3474665561  
-1.883738717  
-3.839686252  
-5.327552412  
-6.200898296  
-6.377250581  
-5.861621198  
-4.768241997  
-3.327174179  
-1.86280379  
-0.7384134087  
-0.2733316995  
-0.6519835015  
-1.852406337  
-3.621286565  
-5.512076509  
-6.984640323  
-7.544722475  
-6.885945336  
-4.992162355  
-2.166143595  
1.029537684  
3.907857121  
5.833628225  
6.391480374  
5.497039414  
3.418382083  
0.7009772169  
-1.982248489  
-4.011962901  
-4.98217889  
-4.793579471  
-3.656199878  
-2.005102447  
-0.3585090925  
0.8362459547  
1.322304418  
1.085083533  
0.325939804  
-0.6275784273  
-1.441232152  
-1.882546418  
-1.883889447  
-1.543045765  
-1.066009829  
-0.6757346609  
-0.5207256529  
-0.6156918506  
-0.8341374609  
-0.9543519935  
-0.7420755124  
-0.04117450802  
1.158444977  
2.698577723  
4.283940691  
5.557832347  
6.199663914  
6.015743249  
4.997418718  
3.330787961  
1.35619797  
-0.510782316  
-1.875856801  
-2.455907888  
-2.141591292  
-1.019861842  
0.6462947306  
2.474327977  
4.041441355  
4.970184575  
5.003944891  
4.058774492  
2.242654953  
-0.1611484324  
-2.744004901  
-5.04680512  
-6.646711683  
-7.239698368  
-6.702527482  
-5.120866239  
-2.776455071  
-0.09471181719  
2.437062678  
4.363817026  
5.349087945  
5.23531359  
4.066231127  
2.068643262  
-0.3996790235  
-2.922267874  
-5.099744456  
-6.614161615  
-7.272032502  
-7.022611307  
-5.95351529  
-4.26886859  
-2.255436782  
-0.2408412073  
1.453648007  
2.5631638  
2.927568053  
2.530018982  
1.515095226  
0.1760475555  
-1.094475451  
-1.886694551  
-1.874196787  
-0.9083006761  
0.9218384045  
3.286672532  
5.680937217  
7.545944313  
8.420481865  
8.078467101  
6.610421926  
4.418459733  
2.118251108  
0.3697760695  
-0.3172024108  
0.2545939132  
1.891867835  
4.046199099  
5.959166792  
6.879168795  
6.287845196  
4.06813517  
0.5610006515  
-3.510120902  
-7.228547056  
-9.733815763  
-10.45886479  
-9.285336254  
-6.571713933  
-3.047244574  
0.3951917843  
2.944433918  
4.081965365  
3.698463684  
2.086895782  
-0.1780764891  
-2.430402261  
-4.109807185  
-4.904941785  
-4.803046892  
-4.039685181  
-2.975322235  
-1.948010187  
-1.155934102  
-0.6094989352  
-0.165338484  
0.3757973892  
1.148331927  
2.12700322  
3.096586042  
3.701018609  
3.557690046  
2.398482036  
0.1884068592  
-2.821098867  
-6.126115307  
-9.084746516  
-11.07908288  
-11.67611064  
-10.73943632  
-8.459613999  
-5.296507978  
-1.853962868  
1.273712474  
3.638109482  
5.019371776  
5.438095362  
5.102713897  
4.317572147  
3.385740445  
2.537154256  
1.899297408  
1.509922877  
1.356003441  
1.415677119  
1.682405636  
2.161423671  
2.842844508  
3.667652205  
4.507437474  
5.174016035  
5.463002127  
5.220312366  
4.408765159  
3.148056626  
1.707706249  
0.447422467  
-0.2821952006  
-0.2499862496  
0.5700563455  
1.968688804  
3.542328933  
4.79845264  
5.297667476  
4.790934044  
3.309212342  
1.174955688  
-1.072807982  
-2.822268201  
-3.562459243  
-3.037200689  
-1.333829607  
1.12126401  
3.662207382  
5.553072993  
6.181753504  
5.225403297  
2.742064052  
-0.8366890921  
-4.810066553  
-8.381002716  
-10.85109227  
-11.78582557  
-11.10761331  
-9.094572629  
-6.289152153  
-3.344734262  
-0.8540278841  
0.7938812332  
1.490836895  
1.404044027  
0.8941620341  
0.3846317682  
0.2223711567  
0.5706907257  
1.364491657  
2.33871604  
3.119338632  
3.348160429  
2.803291514  
1.479014692  
-0.3990046326  
-2.428155127  
-4.137655128  
-5.120626466  
-5.151686249  
-4.256247435  
-2.711361501  
-0.9769804592  
0.424124978  
1.045478762  
0.6376896554  
-0.7812570071  
-2.924595466  
-5.304206142  
-7.348795337  
-8.542074326  
-8.545746556  
-7.277125764  
-4.923606326  
-1.892642384  
1.288093308  
4.094160988  
6.120735933  
7.164499609  
7.253353026  
6.619686441  
5.626615939  
4.667295576  
4.06291404  
3.984186979  
4.414713625  
5.164021131  
5.926042411  
6.367822255  
6.225863726  
5.385415199  
3.92175525  
2.091483867  
0.2741156091  
-1.12288509  
-1.772247879  
-1.520012026  
-0.4376260653  
1.183576567  
2.897655317  
4.214997686  
4.731340286  
4.240459308  
2.798409157  
0.7187812677  
-1.503477015  
-3.322114517  
-4.289720556  
-4.186749078  
-3.092113344  
-1.37288075  
0.4074419046  
1.63948475  
1.837440203  
0.7806864416  
-1.412631435  
-4.302227394  
-7.230007811  
-9.485271066  
-10.4867777  
-9.932852529  
-7.879311964  
-4.724791706  
-1.108259199  
2.252962134  
4.740934937  
5.983737638  
5.933595976  
4.858410026  
3.251948671  
1.689088802  
0.6658727783  
0.4666114355  
1.091815193  
2.263971866  
3.507907253  
4.283741944  
4.137852101  
2.83340243  
0.4275237841  
-2.724648209  
-6.041174261  
-8.84384974  
-10.51770197  
-10.66152332  
-9.19261619  
-6.378750692  
-2.786944771  
0.8414142882  
3.760987069  
5.397772876  
5.485544662  
4.127875729  
1.768106509  
-0.9268102244  
-3.239395968  
-4.586158396  
-4.663720525  
-3.516414337  
-1.506778642  
0.8018295289  
2.815495749  
4.081886759  
4.412522163  
3.918639777  
2.95113285  
1.96547723  
1.356886891  
1.320912988  
1.786660561  
2.445962699  
2.869622038  
2.671849872  
1.666480973  
-0.04028710022  
-2.055723352  
-3.807384293  
-4.71871882  
-4.396648237  
-2.768341046  
-0.119660833  
2.980360223  
5.846676462  
7.883420065  
8.759857421  
8.49884743  
7.448424458  
6.146590109  
5.125708836  
4.72379683  
4.967826007  
5.569507239  
6.035076158  
5.850765685  
4.678701915  
2.493633057  
-0.3892186551  
-3.407213367  
-5.933861793  
-7.490065953  
-7.90920259  
-7.396881251  
-6.461763566  
-5.738293018  
-5.760162889  
-6.761739098  
-8.576723095  
-10.67160441  
-12.30642188  
-12.77231329  
-11.62886837  
-8.863368655  
-4.919028175  
-0.5817864448  
3.239161012  
5.768167663  
6.577600826  
5.695514441  
3.577555488  
0.9576914317  
-1.370694008  
-2.773246804  
-2.927605182  
-1.871488626  
0.05696105291  
2.355059562  
4.515292371  
6.155241456  
7.081257877  
7.277573593  
6.840455649  
5.89479102  
4.532084554  
2.795012496  
0.7106278411  
-1.648292936  
-4.107479329  
-6.373319837  
-8.070196493  
-8.827341425  
-8.388087177  
-6.702690482  
-3.968923956  
-0.6014133145  
2.864753181  
5.907275838  
8.144538385  
9.417289069  
9.799144925  
9.535510057  
8.934903619  
8.252356436  
7.605809113  
6.953378456  
6.136625646  
4.971066229  
3.348562762  
1.312570596  
-0.9224131447  
-3.015604842  
-4.594529659  
-5.367864281  
-5.218957247  
-4.249455299  
-2.759264076  
-1.169690444  
0.08620855212  
0.6736048937  
0.4360783963  
-0.5730030964  
-2.111422837  
-3.810734775  
-5.261229157  
-6.098255011  
-6.073170398  
-5.099239474  
-3.26936391  
-0.8463666451  
1.772229141  
4.112769191  
5.703828461  
6.166582102  
5.303088397  
3.162515728  
0.06352211868  
-3.44359862  
-6.678182979  
-8.978658439  
-9.866934321  
-9.18353294  
-7.150814557  
-4.337483025  
-1.524300172  
0.4988753939  
1.150852034  
0.2289665708  
-2.021240762  
-4.961273837  
-7.727721991  
-9.46645457  
-9.565459204  
-7.818676149  
-4.474320329  
-0.1567821256  
4.310262885  
8.12310202  
10.69326855  
11.76433959  
11.4244186  
10.02365126  
8.035485523  
5.913945842  
3.993447522  
2.455673846  
1.359327061  
0.7043363089  
0.4916770139  
0.7468119262  
1.495422243  
2.705509086  
4.229087028  
5.780961447  
6.979014402  
7.444513582  
6.932647334  
5.444552595  
3.271492196  
0.9416820218  
-0.9256260631  
-1.81773217  
-1.512332985  
-0.1799542337  
1.639564901  
3.189593425  
3.735355895  
2.811979831  
0.3968170867  
-3.057562467  
-6.747982159  
-9.766990824  
-11.3911032  
-11.31364971  
-9.741063904  
-7.316804028  
-4.89643664  
-3.250151477  
-2.795992698  
-3.458227899  
-4.702576678  
-5.738070159  
-5.815590459  
-4.517165307  
-1.931239143  
1.352238693  
4.429872844  
6.39337257  
6.651241902  
5.14897577  
2.40656434  
-0.6447600614  
-2.973729156  
-3.801830208  
-2.874438219  
-0.5535145006  
2.303722282  
4.640977527  
5.572576029  
4.698001699  
2.250201471  
-0.9764979289  
-3.896312635  
-5.507558796  
-5.243521701  
-3.175568525  
0.004152812765  
3.216759254  
5.368058202  
5.729389257  
4.195594154  
1.329486619  
-1.824391729  
-4.094254323  
-4.583012983  
-2.980028969  
0.3242389549  
4.360315047  
7.897316409  
9.848537176  
9.628179573  
7.340017511  
3.736655097  
-0.03399620166  
-2.807289876  
-3.777645323  
-2.747559798  
-0.171512944  
3.0128671  
5.702876936  
6.987209383  
6.422022719  
4.14019978  
0.7678167669  
-2.811828026  
-5.757075803  
-7.524356508  
-7.998590295  
-7.463556091  
-6.437139528  
-5.442909422  
-4.807770826  
-4.559904907  
-4.459148468  
-4.139677098  
-3.302227782  
-1.875507278  
-0.08007686015  
1.633061951  
2.747549431  
2.887723015  
1.985444137  
0.3403052881  
-1.455859191  
-2.709286219  
-2.865323914  
-1.715303709  
0.5061571908  
3.172280135  
5.451600094  
6.57234119  
6.076928257  
3.982003559  
0.7902628807  
-2.650886989  
-5.398819038  
-6.693928036  
-6.179594118  
-3.997649125  
-0.7346667269  
2.758005587  
5.60967334  
7.164181935  
7.134604911  
5.641277113  
3.135086058  
0.2428298912  
-2.409367674  
-4.340001326  
-5.288111529  
-5.21425357  
-4.245879813  
-2.601539341  
-0.5276575702  
1.732409264  
3.937748475  
5.83582353  
7.160119018  
7.658400244  
7.153863636  
5.621622153  
3.248915963  
0.4457841495  
-2.214256014  
-4.120430562  
-4.788696394  
-4.015727457  
-1.97137258  
0.8078967168  
3.533842358  
5.36521579  
5.637821834  
4.060183205  
0.8159761592  
-3.460293144  
-7.831710997  
-11.29271956  
-13.02467466  
-12.60345448  
-10.10353965  
-6.072823292  
-1.388647206  
2.96254892  
6.12119929  
7.544971352  
7.108805698  
5.097418101  
2.102755867  
-1.137770946  
-3.915530113  
-5.69374444  
-6.190409584  
-5.392396547  
-3.511422695  
-0.9054788341  
2.007235591  
4.820027081  
7.184067008  
8.830088991  
9.574519522  
9.321691836  
8.07028845  
5.924966305  
3.106319438  
-0.05217004559  
-3.130961203  
-5.679583963  
-7.294854781  
-7.70685734  
-6.850761582  
-4.902159315  
-2.260422428  
0.5227581922  
2.857375625  
4.246143445  
4.40011926  
3.308151606  
1.240144685  
-1.318803496  
-3.787467324  
-5.629795169  
-6.480734754  
-6.222908299  
-4.994465922  
-3.128434361  
-1.043962716  
0.8761492375  
2.383933038  
3.41162181  
4.052681177  
4.488914749  
4.892129988  
5.337444054  
5.760970242  
5.978742007  
5.761280011  
4.93707835  
3.485870407  
1.58389884  
-0.4213526498  
-2.104982872  
-3.099558519  
-3.226203293  
-2.574504834  
-1.498061569  
-0.5195469202  
-0.170216712  
-0.8132977321  
-2.509564778  
-4.972733101  
-7.634667594  
-9.804473485  
-10.87336372  
-10.50002577  
-8.715463674  
-5.911556686  
-2.715582315  
0.2086211254  
2.366872207  
3.578952515  
4.012165564  
4.093140657  
4.328955024  
5.100827884  
6.504056915  
8.292666857  
9.95101956  
10.86991733  
10.56691102  
8.873220858  
6.019555542  
2.586996902  
-0.6640526186  
-3.030721465  
-4.089797223  
-3.828139474  
-2.635113034  
-1.15832321  
-0.07192973004  
0.1618251231  
-0.5462302243  
-1.886083534  
-3.268052441  
-4.046661258  
-3.769597463  
-2.361853167  
-0.1764567878  
2.110680393  
3.728971927  
4.086633557  
2.993064701  
0.7488064037  
-1.934154981  
-4.160553164  
-5.154685635  
-4.535760251  
-2.469807828  
0.358369205  
2.950059485  
4.31128151  
3.782422712  
1.270322691  
-2.695385288  
-7.103172789  
-10.7550799  
-12.62384919  
-12.15901875  
-9.446483949  
-5.173813329  
-0.4163203448  
3.684837639  
6.249333122  
6.888389556  
5.773630808  
3.532840643  
1.017159771  
-0.9774384847  
-1.942385544  
-1.772229709  
-0.7372413993  
0.6640011896  
1.91035611  
2.645638054  
2.783878021  
2.502260356  
2.134124365  
2.00975864  
2.308953203  
2.981480527  
3.763787869  
4.283132571  
4.207889576  
3.386413438  
1.921918248  
0.1549860562  
-1.44088836  
-2.41411214  
-2.486081599  
-1.646416227  
-0.1604523668  
1.512269581  
2.859608738  
3.470564351  
3.151293632  
1.968570512  
0.2119476436  
-1.706863606  
-3.379686006  
-4.510173723  
-4.972301322  
-4.807090797  
-4.168277264  
-3.244223644  
-2.18845579  
-1.083712761  
0.05174314275  
1.225001823  
2.41892055  
3.557545489  
4.50443593  
5.096989141  
5.204046485  
4.783348221  
3.914210166  
2.789402626  
1.665419825  
0.7862674641  
0.3066050265  
0.2414218854  
0.4609144505  
0.7338516176  
0.8059911228  
0.4878846708  
-0.2770355842  
-1.386793687  
-2.606525907  
-3.63771129  
-4.209527424  
-4.164296405  
-3.51128628  
-2.433218571  
-1.243984051  
-0.309832871  
0.04436271857  
-0.380553701  
-1.603555269  
-3.450708836  
-5.585724976  
-7.575857804  
-8.978710732  
-9.432459702  
-8.732319725  
-6.878815836  
-4.088104991  
-0.7605333651  
2.589274979  
5.429981905  
7.320972959  
8.007293014  
7.479379873  
5.980178678  
3.953049418  
1.938473289  
0.4420558225  
-0.1934206364  
0.1228162818  
1.205790888  
2.646479102  
3.927694605  
4.573458437  
4.289655568  
3.054499896  
1.130738738  
-1.005769851  
-2.801343346  
-3.784074069  
-3.700176586  
-2.586147761  
-0.7552883543  
1.29667382  
3.037334618  
4.049837529  
4.145562563  
3.404596135  
2.134626391  
0.7645837136  
-0.2910090906  
-0.753531849  
-0.5508519488  
0.1814917501  
1.163678464  
2.074207313  
2.655175246  
2.785302849  
2.4988773  
1.948503707  
1.328922073  
0.791621163  
0.3817093094  
0.01935153621  
-0.4682718992  
-1.276302613  
-2.537763322  
-4.254584035  
-6.267824907  
-8.277860406  
-9.909352059  
-10.80225548  
-10.70293767  
-9.530380831  
-7.400584629  
-4.604401074  
-1.546332722  
1.339116376  
3.673259974  
5.202500243  
5.838009202  
5.660208966  
4.889842032  
3.833274512  
2.813536413  
2.100477917  
1.853553797  
2.088982113  
2.679316539  
3.387661105  
3.931204029  
4.060990868  
3.638663052  
2.688909332  
1.410029225  
0.1346291453  
-0.7539681901  
-0.9299928441  
-0.228715459  
1.286252821  
3.315597692  
5.384602769  
6.958898048  
7.585445905  
7.018778905  
5.294459839  
2.725892336  
-0.1771228741  
-2.845886036  
-4.806460173  
-5.804023294  
-5.860946643  
-5.252007745  
-4.40580711  
-3.764330808  
-3.645142767  
-4.148913628  
-5.139546916  
-6.3002367  
-7.244393638  
-7.643496449  
-7.329992581  
-6.343354508  
-4.907459844  
-3.350615799  
-1.997840532  
-1.072446609  
-0.6385339842  
-0.6000657229  
-0.751877741  
-0.8605100655  
-0.7441172723  
-0.3235963303  
0.3702428855  
1.2311688  
2.135790336  
2.999727461  
3.808064644  
4.60791579  
5.466833181  
6.415174896  
7.397757053  
8.257532529  
8.762486036  
8.670706436  
7.813626354  
6.169245853  
3.898720726  
1.330766462  
-1.105156745  
-2.979312775  
-3.967333624  
-3.930775902  
-2.949959614  
-1.30092445  
0.6155045165  
2.371562234  
3.610426899  
4.11948237  
3.863194759  
2.971966479  
1.694679689  
0.3302595867  
-0.8440565537  
-1.63231839  
-1.957048409  
-1.86958306  
-1.534155578  
-1.189859345  
-1.097131433  
-1.477393792  
-2.456358494  
-4.022678678  
-6.013067949  
-8.131425955  
-10.00262948  
-11.25241509  
-11.59574599  
-10.91048442  
-9.274089488  
-6.949231521  
-4.31855139  
-1.784873329  
0.3341354206  
1.883795127  
2.896457351  
3.552238707  
4.088415565  
4.688551119  
5.391986247  
6.059859605  
6.41578322  
6.152937647  
5.073551413  
3.210937407  
0.8850866412  
-1.33848314  
-2.785614274  
-2.871097066  
-1.297130274  
1.813430479  
5.899295949  
10.07465501  
13.3492755  
14.89357841  
14.27006057  
11.55989567  
7.344387655  
2.545509944  
-1.826476916  
-4.941561933  
-6.354258178  
-6.085327109  
-4.563522003  
-2.455221952  
-0.4444563575  
0.9620284129  
1.543761969  
1.363037194  
0.6643284812  
-0.2735162428  
-1.268078113  
-2.293638378  
-3.448712734  
-4.848535402  
-6.493225888  
-8.175374917  
-9.478090993  
-9.880100324  
-8.940666103  
-6.500562506  
-2.820626455  
1.406270415  
5.193958334  
7.523867209  
7.652699067  
5.367718324  
1.100015281  
-4.152701036  
-9.081781886  
-12.43017794  
-13.35188293  
-11.65523312  
-7.851356444  
-2.990348168  
1.663928382  
5.017039  
6.462906292  
6.037605526  
4.361930474  
2.396518891  
1.094940098  
1.072657156  
2.402507117  
4.602905313  
6.818742826  
8.129591788  
7.877590656  
5.902359081  
2.603773267  
-1.186483427  
-4.478038733  
-6.444326252  
-6.683965671  
-5.33353051  
-2.996886278  
-0.5199760087  
1.30753785  
2.018992736  
