18.39432622  
23.89958324  
27.89275999  
29.40596559  
27.96198069  
23.69412763  
17.29523325  
9.817289523  
2.388654506  
-4.062213528  
-8.994914671  
-12.30917981  
-14.26018497  
-15.28112781  
-15.78392871  
-16.00998036  
-15.97850859  
-15.54081159  
-14.50860465  
-12.79831622  
-10.52975745  
-8.037197992  
-5.785629597  
-4.221926364  
-3.615850559  
-3.950501359  
-4.90456608  
-5.936141866  
-6.442145146  
-5.941289933  
-4.221114885  
-1.403048902  
2.091831455  
5.660458032  
8.677146074  
10.64313581  
11.28354235  
10.57153377  
8.686720533  
5.935966928  
2.672407792  
-0.7590475412  
-4.039905224  
-6.870575059  
-8.961118931  
-10.04433804  
-9.922238318  
-8.536340372  
-6.033549805  
-2.791691472  
0.6228032098  
3.569883045  
5.498879295  
6.110692567  
5.461614639  
3.963877798  
2.269531664  
1.064785775  
0.8372553608  
1.694774155  
3.304015153  
4.98119988  
5.916473672  
5.465000429  
3.408675299  
0.09431899804  
-3.611097074  
-6.550097214  
-7.628606756  
-6.187208687  
-2.268924823  
3.312188407  
9.139547738  
13.56439626  
15.1771056  
13.24172036  
7.960690826  
0.4825965517  
-7.360494522  
-13.5198951  
-16.2739911  
-14.69724954  
-8.923140203  
-0.1276812918  
9.760776419  
18.54413617  
24.29686051  
25.82293314  
22.91098908  
16.33071417  
7.586071774  
-1.495144661  
-9.217502262  
-14.39849428  
-16.58196593  
-16.04520398  
-13.61928869  
-10.3904054  
-7.375381552  
-5.262020461  
-4.277854026  
-4.208735186  
-4.544552959  
-4.695600093  
-4.208067244  
-2.913661137  
-0.9728635343  
1.194211804  
3.060941746  
4.178630362  
4.331481732  
3.611617572  
2.389004522  
1.184208528  
0.4831067611  
0.5529160717  
1.321406955  
2.364823375  
3.018218057  
2.583577646  
0.5775232339  
-3.057855065  
-7.853266307  
-12.86456333  
-16.88033735  
-18.7376905  
-17.66110883  
-13.52438515  
-6.950316938  
0.7951313782  
8.098557708  
13.4112261  
15.66428813  
14.56665054  
10.69392421  
5.33519787  
0.1355318578  
-3.36579836  
-4.167442236  
-2.080984832  
2.233237315  
7.479833932  
12.1261564  
14.86236367  
14.98311314  
12.57526941  
8.457242021  
3.893602495  
0.1790352422  
-1.774664607  
-1.717768658  
-0.1220445998  
1.993854516  
3.412266282  
3.122602509  
0.6544333873  
-3.767134093  
-9.288941194  
-14.6927019  
-18.76435217  
-20.6500519  
-20.08796796  
-17.44950684  
-13.58742289  
-9.549937177  
-6.25894496  
-4.255224743  
-3.584321913  
-3.845551927  
-4.371627437  
-4.46712979  
-3.622277744  
-1.636621898  
1.373653023  
5.066798406  
9.013970591  
12.82407887  
16.20907412  
18.9762344  
20.96986682  
22.00887046  
21.86859089  
20.33428117  
17.31761352  
12.99175501  
7.880325895  
2.841208365  
-1.082131719  
-2.920608405  
-2.082079916  
1.400778743  
6.771097147  
12.65335694  
17.35858623  
19.31779883  
17.52346158  
11.84580487  
3.119901835  
-7.035913863  
-16.62914686  
-23.81716939  
-27.39467657  
-27.10051034  
-23.65211433  
-18.49794739  
-13.36423135  
-9.735602228  
-8.428880949  
-9.389390771  
-11.76845721  
-14.25196937  
-15.53058061  
-14.75796986  
-11.84838825  
-7.516752833  
-3.047541131  
0.133838521  
0.9496234613  
-0.9399012902  
-4.972446149  
-9.804174267  
-13.68352992  
-14.96781141  
-12.62648313  
-6.578104852  
2.24237771  
12.10782725  
20.9492786  
26.90056541  
28.77975376  
26.37222872  
20.44254564  
12.48438714  
4.294252975  
-2.498348386  
-6.80708365  
-8.271945325  
-7.216590759  
-4.419692619  
-0.7954133086  
2.901326022  
6.248414077  
9.163737472  
11.76494  
14.15525403  
16.23467172  
17.62388776  
17.74325197  
16.0267276  
12.19399534  
6.473618554  
-0.3214875653  
-6.918838581  
-11.89502444  
-14.08334943  
-12.95188609  
-8.821840045  
-2.839212168  
3.310846315  
7.873042908  
9.535233262  
7.824864189  
3.257703837  
-2.816977698  
-8.633983123  
-12.56477722  
-13.62973764  
-11.80309197  
-8.00775638  
-3.796931279  
-0.822801019  
-0.2653561343  
-2.411166105  
-6.526080607  
-11.07098946  
-14.19649935  
-14.35835269  
-10.85206997  
-4.088441458  
4.485892134  
12.80279294  
18.79148822  
21.00324768  
19.04022781  
13.65077157  
6.463200454  
-0.5508174672  
-5.703892278  
-8.103979072  
-7.882842733  
-6.072943628  
-4.183015156  
-3.623813587  
-5.184136355  
-8.737259143  
-13.27647758  
-17.2641635  
-19.17078051  
-18.01606869  
-13.72538846  
-11.84707025  
-11.22646525  
-8.042823632  
-3.56540364  
0.7078267771  
3.565021961  
4.465109547  
3.664089928  
2.048533804  
0.7461232157  
0.6615101948  
2.110220537  
4.685748618  
7.408832094  
9.104243994  
8.866353344  
6.44069655  
2.37693242  
-2.110608756  
-5.533938146  
-6.641682469  
-4.870784823  
-0.5788103328  
5.030319624  
10.26922603  
13.50102858  
13.66715317  
10.63288396  
5.235746265  
-0.9781998136  
-6.241068468  
-9.111126201  
-8.903469506  
-5.868070386  
-1.067398367  
3.993634927  
7.853499405  
9.532074575  
8.78224445  
6.086708216  
2.421522058  
-1.11492679  
-3.67005893  
-4.876256533  
-4.889592764  
-4.233201269  
-3.5203211  
-3.170911954  
-3.231107595  
-3.360549103  
-2.98662054  
-1.561797617  
1.176648671  
5.044068672  
9.404931793  
13.33162748  
15.87069922  
16.32506906  
14.45782191  
10.55305949  
5.320306346  
-0.3185621998  
-5.484764948  
-9.557554332  
-12.28645927  
-13.77853578  
-14.38167255  
-14.51638571  
-14.51817617  
-14.53968617  
-14.53396257  
-14.30914941  
-13.62286666  
-12.2779313  
-10.18985945  
-7.414236924  
-4.139540393  
-0.6604193435  
2.654765631  
5.397655078  
7.160490394  
7.593280171  
6.480881054  
3.828827895  
-0.06937732363  
-4.618962999  
-8.993038632  
-12.28971383  
-13.74963087  
-12.97580322  
-10.08297436  
-5.714194478  
-0.898368542  
3.225610573  
5.742534586  
6.247558246  
4.986215464  
2.789452847  
0.8115936339  
0.1482628887  
1.458704262  
4.723475414  
9.228921726  
13.79502172  
17.17778243  
18.5113916  
17.63383557  
15.1728257  
12.34811265  
10.54556627  
10.80338846  
13.39018354  
17.63208789  
22.06647347  
24.88835685  
24.55060907  
20.31761714  
12.57789949  
2.79528383  
-6.902569932  
-14.37481408  
-18.14665971  
-17.88898094  
-14.52976843  
-9.948717287  
-6.346122743  
-5.490458537  
-8.095780526  
-13.54291337  
-20.04791429  
-25.23322922  
-26.92069871  
-23.88720134  
-16.33043144  
-5.883519145  
4.837099973  
13.012984  
16.48751542  
14.43622792  
7.628409205  
-1.804505272  
-11.0202169  
-17.32948009  
-18.99992307  
-15.74949629  
-8.781911592  
-0.3641340522  
6.909349887  
10.92585054  
10.68199446  
6.540213225  
0.04925529782  
-6.595719056  
-11.26687856  
-12.55793559  
-10.17534756  
-4.956659356  
1.469224725  
7.251282006  
10.91970782  
11.82740766  
10.29645  
7.43885643  
4.728196896  
3.475314158  
4.384618378  
7.332259911  
11.42835188  
15.33022348  
17.69397847  
17.61222747  
14.89729556  
10.12512873  
4.435431143  
-0.8387607748  
-4.588096172  
-6.257326283  
-5.988962709  
-4.542691571  
-3.024248459  
-2.514926289  
-3.719488425  
-6.739777445  
-11.03878046  
-15.59989894  
-19.22754413  
-20.89537639  
-20.03808299  
-16.70343665  
-11.52554272  
-5.533934002  
0.1396648119  
4.567725877  
7.25698226  
8.238441795  
7.99715503  
7.269838719  
6.777214352  
6.976128141  
7.90892742  
9.196740037  
10.17824162  
10.1497945  
8.630206483  
5.56394846  
1.394009352  
-3.02529745  
-6.655416084  
-8.575291886  
-8.266287661  
-5.790413528  
-1.801733229  
2.619261072  
6.263958803  
8.139788315  
7.75693953  
5.269918877  
1.429655136  
-2.640203109  
-5.774733943  
-7.105590254  
-6.302648709  
-3.648049168  
0.07497742316  
3.837467128  
6.678885205  
7.979103286  
7.605096589  
5.894006842  
3.490307366  
1.102488608  
-0.7317913559  
-1.791713178  
-2.186757919  
-2.244596098  
-2.326915251  
-2.651443316  
-3.192981637  
-3.702884344  
-3.837672569  
-3.342455827  
-2.21055437  
-0.7472789407  
0.4986307144  
0.920672585  
0.09362648971  
-2.024174939  
-5.008614807  
-8.051670645  
-10.19302334  
-10.63023141  
-9.002261527  
-5.543675463  
-1.046619302  
3.367800265  
6.600010705  
7.929885935  
7.260101473  
5.157824778  
2.673804933  
0.9933102509  
1.031909351  
3.110234574  
6.817851621  
11.11458869  
14.63933569  
16.12763738  
14.80398495  
10.62410055  
4.293249778  
-2.93927102  
-9.637356807  
-14.56917679  
-17.00968249  
-16.86843619  
-14.61970374  
-11.07872485  
-7.115260607  
-3.407571235  
-0.3146659174  
2.106752526  
3.971345792  
5.392123419  
6.347798806  
6.650158056  
6.024933117  
4.269183322  
1.413421623  
-2.18840366  
-5.891308064  
-8.916108217  
-10.58175938  
-10.53051019  
-8.860479968  
-6.11036919  
-3.093554846  
-0.6343382096  
0.7032120182  
0.7981598469  
0.001373627607  
-1.001481428  
-1.444656484  
-0.7641538844  
1.194032696  
4.113382821  
7.314737451  
9.992265631  
11.49101936  
11.52525653  
10.25937132  
8.224632381  
6.105790014  
4.479615728  
3.604529259  
3.340547207  
3.228915214  
2.700083148  
1.329301436  
-0.959742023  
-3.82425391  
-6.595975066  
-8.508223659  
-8.973716934  
-7.809186928  
-5.320100371  
-2.209247384  
0.6618552857  
2.573898333  
3.202495742  
2.727159855  
1.751866629  
1.06159785  
1.301293984  
2.695649093  
4.917719035  
7.163798238  
8.418648452  
7.82494454  
5.028764462  
0.3752077958  
-5.124895125  
-10.06003285  
-13.03788286  
-13.12730522  
-10.17769706  
-4.907209721  
1.275442818  
6.66526606  
9.751172324  
9.651227661  
6.360198484  
0.7370971455  
-5.757086449  
-11.48425885  
-15.08259349  
-15.81161658  
-13.69316323  
-9.421374421  
-4.088652319  
1.171539445  
5.50613216  
8.530979257  
10.34099604  
11.35906518  
12.09280464  
12.89316865  
13.80007947  
14.52355079  
14.55825292  
13.38345408  
10.67403994  
6.448858566  
1.108260868  
-4.647725506  
-9.989795101  
-14.16166963  
-16.65249887  
-17.29287609  
-16.25649841  
-13.97986841  
-11.03481606  
-7.996098914  
-5.338956022  
-3.384027564  
-2.287681126  
-2.061679509  
-2.602101475  
-3.712943337  
-5.121019993  
-6.489584677  
-7.443101682  
-7.612695397  
-6.702073276  
-4.561665294  
-1.249867579  
2.941266186  
7.511263401  
11.82882295  
15.24737139  
17.23189172  
17.46601464  
15.91323845  
12.81869998  
8.653704621  
4.01939668  
-0.46561366  
-4.268100739  
-7.013818319  
-8.522074202  
-8.801737297  
-8.016970749  
-6.434828124  
-4.366969964  
-2.115712441  
0.06828565001  
2.011931475  
3.626551433  
4.895490234  
5.845462004  
6.508643527  
6.886314257  
6.926550092  
6.526475654  
5.563253783  
3.94840729  
1.690149111  
-1.058058251  
-3.984287631  
-6.653626775  
-8.590981895  
-9.393204943  
-8.839494475  
-6.964999033  
-4.070210624  
-0.6566391713  
2.69763348  
5.48823598  
7.415374033  
8.453539108  
8.835942692  
8.956340077  
9.21832588  
9.880621631  
10.95007125  
12.15991677  
13.04369652  
13.08360719  
11.88662036  
9.331006862  
5.634090837  
1.316332206  
-2.929974054  
-6.428443533  
-8.705213124  
-9.616885302  
-9.380367234  
-8.49586426  
-7.587344501  
-7.209791352  
-7.681898699  
-8.993843274  
-10.81619164  
-12.6051243  
-13.77117192  
-13.86131536  
-12.70234441  
-10.46618482  
-7.64065861  
-4.915077983  
-3.011421449  
-2.50407309  
-3.671661385  
-6.415322401  
-10.26119337  
-14.44644033  
-18.07058226  
-20.28080115  
-20.45293779  
-18.32964461  
-14.08422185  
-8.292361812  
-1.812825631  
4.400934854  
9.51737711  
13.01953954  
14.82226166  
15.27728515  
15.05694708  
14.94104158  
15.56251797  
17.18569105  
19.58815171  
22.09243597  
23.75098089  
23.63965908  
21.17619789  
16.36389276  
9.875628566  
2.936604232  
-2.975482611  
-6.534577501  
-6.957829935  
-4.263573368  
0.6912051432  
6.416955117  
11.1900343  
13.53076168  
12.62004005  
8.528702514  
2.189044212  
-4.883457537  
-11.03317836  
-14.93628666  
-15.95797105  
-14.2891434  
-10.82812125  
-6.854130072  
-3.604280135  
-1.892864655  
-1.893020278  
-3.142986115  
-4.762724784  
-5.797198279  
-5.563837034  
-3.885782692  
-1.136700042  
1.908816499  
4.357672766  
5.508348103  
5.078691054  
3.27583287  
0.692761559  
-1.920435191  
-3.919128726  
-4.960806391  
-5.065718418  
-4.526853323  
-3.714801095  
-2.864795421  
-1.940530026  
-0.6387686642  
1.458221008  
4.637752541  
8.81800198  
13.42102769  
17.42884608  
19.62938745  
18.98677974  
15.01669855  
8.03339555  
-0.8320470754  
-9.871789061  
-17.24291366  
-21.48231542  
-21.93419867  
-18.94996643  
-13.78835222  
-8.237963591  
-4.074528257  
-2.520589961  
-3.87769752  
-7.448020901  
-11.77109366  
-15.10095547  
-15.97240605  
-13.67687427  
-8.497858911  
-1.633075609  
5.169931566  
10.14782354  
12.05673679  
10.54285949  
6.237077377  
0.5508885126  
-4.756210554  
-8.099401729  
-8.520023533  
-5.932732902  
-1.103412571  
4.622008467  
9.742987354  
13.04762608  
13.94006254  
12.56171083  
9.684408638  
6.423886034  
3.872669096  
2.768365282  
3.293748965  
5.058091982  
7.251307384  
8.912230339  
9.22415828  
7.750756128  
4.550763855  
0.1501648931  
-4.607685517  
-8.782576027  
-11.56442539  
-12.44900629  
-11.32558701  
-8.466907826  
-4.437097036  
0.05013169716  
4.284752345  
7.691206496  
9.913517102  
10.84513536  
10.60639983  
9.482045106  
7.836777888  
6.028799919  
4.339576491  
2.93346338  
1.853648993  
1.051952195  
0.4412126538  
-0.04754995436  
-0.4230335215  
-0.6223780965  
-0.5367372055  
-0.06680281934  
0.8107950225  
1.992097387  
3.23354222  
4.1918513  
4.511805829  
3.939074409  
2.422608536  
0.1691644059  
-2.37634961  
-4.629283847  
-6.021322974  
-6.171599444  
-5.02087606  
-2.88372781  
-0.3956093129  
1.63723831  
2.446963411  
1.514480597  
-1.279202771  
-5.604907114  
-10.75479416  
-15.8095989  
-19.85581474  
-22.19226153  
-22.47146749  
-20.74326136  
-17.398721  
-13.04140368  
-8.330687582  
-3.844115315  
0.007742693845  
3.002856504  
5.077951497  
6.274729513  
6.691982055  
6.4632965  
5.762439815  
4.821235042  
3.935562693  
3.43798722  
3.630002385  
4.687115293  
6.567763959  
8.964430659  
11.3279325  
12.97480604  
13.25936844  
11.7661917  
8.465067341  
3.774891486  
-1.494188088  
-6.316043248  
-9.700388634  
-10.95386098  
-9.875832643  
-6.829532944  
-2.662703034  
1.505486373  
4.575780091  
5.759501346  
4.788651497  
1.987274211  
-1.815924797  
-5.510074185  
-7.999530531  
-8.496370334  
-6.730557902  
-3.023388598  
1.793324355  
6.589503623  
10.22449401  
11.83638562  
11.06040581  
8.123154789  
3.790950376  
-0.8135271263  
-4.4808977  
-6.205817005  
-5.429521167  
-2.177009445  
2.943094315  
8.875705985  
14.36090489  
18.22288025  
19.63771384  
18.31633408  
14.5593417  
9.171598201  
3.25920876  
-2.038886737  
-5.816176397  
-7.593428294  
-7.395414624  
-5.694381634  
-3.241991147  
-0.8422059925  
0.8671359408  
1.561225264  
1.264710361  
0.2745850647  
-0.9970373041  
-2.201271102  
-3.187147284  
-4.043843714  
-5.035048192  
-6.449466578  
-8.42395668  
-10.80934098  
-13.13817198  
-14.72068036  
-14.85042845  
-13.05911291  
-9.33581477  
-4.228908342  
1.219852359  
5.708643368  
8.020833994  
7.385420894  
3.742823727  
-2.172890766  
-8.973990964  
-14.95485114  
-18.53676478  
-18.69850857  
-15.26876208  
-8.992731504  
-1.348789189  
5.837465796  
10.87563428  
12.65531784  
10.92998864  
6.363071944  
0.3274780519  
-5.480708086  
-9.502976804  
-10.72448749  
-8.91596329  
-4.651656102  
0.8915499182  
6.288253703  
10.26681955  
12.0465925  
11.52063924  
9.241797496  
6.226116741  
3.636858567  
2.441440883  
3.136105899  
5.610230781  
9.181507825  
12.78686428  
15.27413276  
15.71583727  
13.66382493  
9.281054134  
3.319245809  
-3.05032211  
-8.510142986  
-11.90692427  
-12.5241051  
-10.25139936  
-5.611146992  
0.3640955213  
6.372596868  
11.14412252  
13.72671444  
13.68954511  
11.19333429  
6.914053795  
1.844171711  
-2.97189602  
-6.694388209  
-8.866856552  
-9.470829985  
-8.848237597  
-7.523914689  
-5.991115176  
-4.533979052  
-3.147742721  
-1.583943276  
0.4958070106  
3.313459656  
6.793161382  
10.47802394  
13.58766494  
15.21173933  
14.58576795  
11.3618937  
5.781499497  
-1.31766613  
-8.676770655  
-14.93117473  
-18.97473597  
-20.26131553  
-18.94686315  
-15.82337739  
-12.06181589  
-8.843404828  
-6.996688687  
-6.757601518  
-7.730631088  
-9.063048318  
-9.77270121  
-9.117225867  
-6.876824993  
-3.450627244  
0.2708385431  
3.21750896  
4.531122932  
3.900203996  
1.717700532  
-1.002711872  
-2.935033702  
-2.879674256  
-0.1899758793  
4.957703998  
11.5479024  
17.9810148  
22.52803288  
23.84691616  
21.39912093  
15.63383522  
7.879139778  
-0.02860162188  
-6.263930516  
-9.521102899  
-9.358721295  
-6.280210241  
-1.534653001  
3.290313822  
6.74981168  
7.946237598  
6.737522532  
3.69799653  
-0.1376197273  
-3.648955354  
-5.993411876  
-6.840682699  
-6.411644741  
-5.324943913  
-4.319679777  
-3.960386355  
-4.429989199  
-5.479337535  
-6.542759353  
-6.96978469  
-6.283870249  
-4.3730547  
-1.545203729  
1.568860728  
4.226440639  
5.821021405  
6.079254954  
5.139474247  
3.487762443  
1.778084149  
0.6023067166  
0.2909744193  
0.8121015801  
1.798944904  
2.692282497  
2.944371993  
2.213275093  
0.4830589507  
-1.926338786  
-4.457072503  
-6.481429753  
-7.482303965  
-7.189412039  
-5.634343775  
-3.117410412  
-0.1079560287  
2.882599514  
5.413956508  
7.18795475  
8.069171808  
8.065685925  
7.291072326  
5.927666429  
4.201172095  
2.363935271  
0.6755698172  
-0.6301067188  
-1.393709314  
-1.582749002  
-1.325413009  
-0.9017463696  
-0.6792085982  
-1.000170192  
-2.05141599  
-3.760936939  
-5.766528269  
-7.482342943  
-8.257191811  
-7.583523655  
-5.291078373  
-1.655489233  
2.6267478  
6.604296585  
9.337135225  
10.18339683  
9.013247239  
6.273308729  
2.870104729  
-0.1001197519  
-1.694563832  
-1.430553413  
0.5468160428  
3.496663781  
6.310256448  
7.865785343  
7.396502148  
4.751333616  
0.4600562849  
-4.421606447  
-8.638988976  
-11.13190063  
-11.36609331  
-9.494352671  
-6.295415588  
-2.91277339  
-0.4817202016  
0.2308561426  
-0.944252975  
-3.552327611  
-6.693551562  
-9.339643818  
-10.67600884  
-10.35192175  
-8.556948235  
-5.905279175  
-3.178143196  
-1.023632791  
0.2742466168  
0.8735353933  
1.273825706  
2.078870972  
3.715285951  
6.217358992  
9.164161874  
11.79906395  
13.29332061  
13.05990674  
11.00123668  
7.594213581  
3.77153427  
0.6305445801  
-0.9355618445  
-0.5576523691  
1.453172148  
4.175305434  
6.358837576  
6.833525067  
4.91038573  
0.6431236342  
-5.141211301  
-11.05871266  
-15.56837512  
-17.43126665  
-16.0856203  
-11.82124752  
-5.700680759  
0.7456080323  
5.953142334  
8.752829959  
8.668697486  
6.00297231  
1.696888409  
-2.975565919  
-6.777187344  
-8.826187292  
-8.776144592  
-6.821507413  
-3.551228269  
0.2819212786  
3.991044867  
7.1113462  
9.446376057  
11.01195056  
11.92125768  
12.26998517  
12.07154315  
11.26494123  
9.783945299  
7.649435116  
5.037484719  
2.28660471  
-0.1665475775  
-1.903547468  
-2.651039922  
-2.370766955  
-1.278424221  
0.2168323518  
1.631382045  
2.54301976  
2.697479024  
2.05226091  
0.7493094862  
-0.9650029309  
-2.835750743  
-4.671523267  
-6.366572331  
-7.870639539  
-9.128348306  
-10.02437863  
-10.36892725  
-9.940370475  
-8.575670748  
-6.274385271  
-3.270081245  
-0.02944495056  
2.83665394  
4.732540661  
5.259713072  
4.358504075  
2.353856755  
-0.1216629123  
-2.313292985  
-3.584058816  
-3.632114257  
-2.610277865  
-1.100963628  
0.05430090576  
0.02286983422  
-1.735946789  
-5.263669514  
-10.04068467  
-15.0941909  
-19.24709761  
-21.43413006  
-20.99027549  
-17.82598625  
-12.43992524  
-5.771110667  
1.058802556  
7.031641093  
11.46249042  
14.1120785  
15.16254346  
15.08173553  
14.43373641  
13.70310827  
13.18658237  
12.97466091  
13.00997217  
13.1823632  
13.41212456  
13.68445226  
14.02418094  
14.42903524  
14.79990495  
14.9094856  
14.4353072  
13.05503481  
10.57328301  
7.031023707  
2.749756102  
-1.716886011  
-5.718035203  
-8.687383608  
-10.31117825  
-10.62217434  
-9.982390317  
-8.955630963  
-8.110825855  
-7.824191558  
-8.151752628  
-8.821206709  
-9.350569341  
-9.254690678  
-8.266226783  
-6.488011595  
-4.413787814  
-2.798125116  
-2.409830077  
-3.747473252  
-6.815082813  
-11.04226828  
-15.38934413  
-18.61787109  
-19.6503449  
-17.90857655  
-13.52118365  
-7.327539364  
-0.6673780979  
4.98725696  
8.449621494  
9.159269119  
7.341468867  
3.93470117  
0.3067152574  
-2.155348687  
-2.456902766  
-0.2857975483  
3.905758863  
9.049037416  
13.78814089  
16.88851937  
17.60048307  
15.86999197  
12.337763  
8.13298305  
4.529215531  
2.568938436  
2.768636136  
4.987971668  
8.49453311  
12.19648086  
14.96734115  
15.96404158  
14.84651226  
11.84118126  
7.639499862  
3.1712808  
-0.6736236835  
-3.291475309  
-4.509727278  
-4.595961069  
-4.137364861  
-3.834308754  
-4.273536011  
-5.748122934  
-8.173863283  
-11.12130053  
-13.94884293  
-15.99461514  
-16.77039966  
-16.10291808  
-14.18441386  
-11.52055552  
-8.791868793  
-6.667626948  
-5.623034579  
-5.808803404  
-7.007967972  
-8.691669862  
-10.1597893  
-10.73008296  
-9.926464144  
-7.6166452  
-4.061876873  
0.1362891737  
4.180358845  
7.276312106  
8.836698824  
8.633962359  
6.862926666  
4.094964841  
1.135328721  
-1.178873325  
-2.186498033  
-1.561164034  
0.6195820966  
3.910095722  
7.623419243  
11.01047472  
13.44044597  
14.53401572  
14.21803432  
12.69561174  
10.35116718  
7.627289098  
4.914595371  
2.485895394  
0.4864692169  
-1.029703126  
-2.044149694  
-2.529659308  
-2.440603136  
-1.743112906  
-0.4704870268  
1.224972334  
3.054827094  
4.631932358  
5.561285032  
5.559886262  
4.565072547  
2.788600042  
0.6878933172  
-1.147537494  
-2.166310923  
-2.030698028  
-0.7392627396  
1.348456347  
3.600537686  
5.292584226  
5.824927312  
4.907933504  
2.653746993  
-0.4580728615  
-3.732234532  
-6.478034544  
-8.225176714  
-8.861854489  
-8.647120958  
-8.092117658  
-7.7505076  
-7.991382935  
-8.836324183  
-9.922281072  
-10.60973648  
-10.20500808  
-8.224064617  
-4.607316351  
0.1924602114  
5.287061059  
9.578596624  
12.0676382  
12.14803869  
9.794399723  
5.581103952  
0.5251342733  
-4.198944805  
-7.58324983  
-9.050197343  
-8.577162035  
-6.650314081  
-4.071407819  
-1.687349081  
-0.1336057777  
0.3274804171  
-0.1709424236  
-1.211607752  
-2.287281515  
-3.001410856  
-3.201992478  
-3.004505904  
-2.703528796  
-2.614734617  
-2.913983445  
-3.539290177  
-4.195502071  
-4.460761286  
-3.953622574  
-2.495428218  
-0.2032216921  
2.525882231  
5.13711799  
7.104554372  
8.113338402  
8.16919105  
7.592051537  
6.89304979  
6.577423107  
6.944810843  
7.961188242  
9.252493958  
10.22662993  
10.28387804  
9.042465474  
6.4986203  
3.061817315  
-0.5511770452  
-3.530401487  
-5.22372223  
-5.340020264  
-4.035927721  
-1.857434544  
0.442594707  
2.148197216  
2.803082744  
2.339610995  
1.075246283  
-0.4156719352  
-1.5053521  
-1.719046725  
-0.8762763305  
0.8739961947  
3.124859682  
5.353018307  
7.073090139  
7.949864953  
7.837310485  
6.746854391  
4.777185779  
2.05115218  
-1.303195613  
-5.116666034  
-9.11004959  
-12.8382779  
-15.69738349  
-17.02351538  
-16.27496933  
-13.24653792  
-8.237999903  
-2.098684961  
3.898163223  
8.342619002  
10.06812689  
8.512406121  
3.938776987  
-2.56950181  
-9.362606904  
-14.66607466  
-17.08578769  
-16.02146098  
-11.85472094  
-5.843735721  
0.2521207834  
4.706734217  
6.355987429  
4.954135499  
1.243703886  
-3.284829246  
-6.868121969  
-8.029110235  
-6.042969044  
-1.163509286  
5.458164355  
12.13185355  
17.14478493  
19.27059841  
18.11247125  
14.18035161  
8.690979839  
3.16778279  
-1.022945055  
-3.051444993  
-2.808528267  
-0.8543175147  
1.829248718  
4.183369755  
5.394472531  
5.094170464  
3.390686111  
0.7487096995  
-2.215312756  
-4.935713583  
-7.026407454  
-8.305511693  
-8.733946182  
-8.321577374  
-7.06312344  
-4.94470718  
-2.021376749  
1.476023185  
5.070180212  
8.06245153  
9.677937659  
9.30235487  
6.73487223  
2.358204303  
-2.858027143  
-7.55435639  
-10.34247974  
-10.22877943  
-6.963999546  
-1.193579744  
5.660342012  
11.7691565  
15.41834951  
15.52030881  
11.95567836  
5.628686566  
-1.788727762  
-8.348828923  
-12.4031657  
-13.07976633  
-10.51285229  
-5.756534263  
-0.4177014031  
3.865671227  
5.926623207  
5.388916172  
2.707724308  
-1.067801278  
-4.714131711  
-7.279511687  
-8.396945096  
-8.356471734  
-7.918466966  
-7.944337958  
-8.987227873  
-11.00010644  
-13.2765645  
-14.65591796  
-13.92825294  
-10.30071159  
-3.75982309  
4.804495277  
13.76968011  
21.20396338  
25.41491636  
25.45149807  
21.40069718  
14.38376541  
6.251697251  
-0.9272355332  
-5.432757464  
-6.343518072  
-3.746630764  
1.343637073  
7.318768722  
12.44957023  
15.35618121  
15.34282324  
12.51648417  
7.678874735  
2.046935162  
-3.100733004  
-6.746196691  
-8.341976154  
-7.871354761  
-5.769943073  
-2.75526548  
0.3739385363  
2.913209853  
4.368298116  
4.502525263  
3.326678472  
1.052203495  
-1.972514169  
-5.329909449  
-8.599375409  
-11.41909474  
-13.53889233  
-14.8550903  
-15.41613662  
-15.39137031  
-15.00539264  
-14.45369371  
-13.82606246  
-13.06662241  
-11.99023575  
-10.35621771  
-7.977975885  
-4.830168877  
-1.111022266  
2.770248356  
6.285407372  
8.933023643  
10.38945367  
10.6100465  
9.8398888  
8.524688077  
7.14965941  
6.063677181  
5.355312697  
4.831800884  
4.115481371  
2.827535226  
0.7923222156  
-1.817920317  
-4.462199576  
-6.356243438  
-6.713442446  
-5.024487557  
-1.278091891  
3.961371141  
9.658741476  
14.57327104  
17.60510422  
18.11234964  
16.09411223  
12.17748678  
7.412102658  
2.941010703  
-0.3411081098  
-2.027991275  
-2.262602735  
-1.605527975  
-0.7667437916  
-0.3049369482  
-0.4087364905  
-0.8420964983  
-1.073118183  
-0.5348930261  
1.085195847  
3.645073599  
6.52308888  
8.790622824  
9.528638928  
8.176528211  
4.782850915  
0.05692625431  
-4.811828495  
-8.516672344  
-10.05982557  
-9.095399012  
-6.065495908  
-2.074381179  
1.464356758  
3.292491399  
2.726796117  
-0.1107218297  
-4.333242672  
-8.588920151  
-11.51905805  
-12.21835539  
-10.53950739  
-7.138011035  
-3.24270261  
-0.2325561814  
0.8333577009  
-0.4294662223  
-3.612303201  
-7.667970691  
-11.28094566  
-13.32055517  
-13.21806092  
-11.13787801  
-7.88773839  
-4.605625113  
-2.339507659  
-1.671724577  
-2.52116075  
-4.190536038  
-5.637306109  
-5.866817896  
-4.304159944  
-1.010856538  
3.329529619  
7.648654495  
10.86503219  
12.25449709  
11.68639655  
9.642937992  
7.019094167  
4.780183536  
3.605231325  
3.647759571  
4.501171071  
5.379806214  
5.446887867  
4.166322749  
1.546131462  
-1.819391944  
-4.928284403  
-6.709029909  
-6.398024267  
-3.820717625  
0.5258087179  
5.620610652  
10.24664593  
13.38381979  
14.52923032  
13.83250639  
12.0000771  
10.00481854  
8.706984787  
8.524100138  
9.270039076  
10.22313516  
10.40111497  
8.946047193  
5.481726486  
0.3135174671  
-5.606008102  
-10.94151239  
-14.38537119  
-15.0784993  
-12.90035477  
-8.529548817  
-3.252145182  
1.421912166  
4.211275021  
4.440252047  
2.222685601  
-1.600816414  
-5.745445023  
-8.888622331  
-10.06880394  
-8.953263523  
-5.899212974  
-1.802214358  
2.20651528  
5.108621289  
6.280931497  
5.629797207  
3.550216057  
0.741608791  
-2.044397162  
-4.234348973  
-5.569021222  
-6.112974355  
-6.153158253  
-6.03941354  
-6.034480548  
-6.229480721  
-6.54926433  
-6.833555772  
-6.949739222  
-6.882358604  
-6.756644255  
-6.78297729  
-7.144174823  
-7.873971667  
-8.78229965  
-9.467775314  
-9.425285383  
-8.218759936  
-5.660391049  
-1.929053307  
2.423325187  
6.592442811  
9.740377043  
11.24656539  
10.90918561  
9.02649814  
6.323808016  
3.741513767  
2.146643503  
2.058525916  
3.478675616  
5.884311108  
8.393724523  
10.0556009  
10.17202828  
8.550428304  
5.598745541  
2.225904249  
-0.4289300079  
-1.358372955  
-0.0277593113  
3.415125369  
8.134262919  
12.81450704  
16.02940028  
16.6600531  
14.23825227  
9.106927152  
2.344818766  
-4.526466921  
-9.967844637  
-12.85384565  
-12.77984832  
-10.1532292  
-6.042495234  
-1.833104527  
1.201675388  
2.280807302  
1.328862523  
-1.041143202  
-3.765517025  
-5.707763702  
-6.05161569  
-4.580137951  
-1.749530162  
1.466303109  
3.909041405  
4.636938034  
3.260557405  
0.1008357914  
-3.885499603  
-7.392329411  
-9.172373415  
-8.437043609  
-5.1197871  
0.08157848838  
5.897337721  
10.85213303  
13.68956216  
13.72307837  
11.00727679  
6.283121276  
0.7236856764  
-4.431028124  
-8.230309141  
-10.24906702  
-10.63810548  
-9.986751175  
-9.058028693  
-8.495195013  
-8.601575556  
-9.263884404  
-10.03496436  
-10.33501404  
-9.690828331  
-7.923570762  
-5.2190382  
-2.060533528  
0.9442160217  
3.272895422  
4.655491872  
5.137769547  
5.022381877  
4.716093312  
4.546990097  
4.625912988  
4.807847204  
4.769000277  
4.169072181  
2.833452025  
0.8801291687  
-1.264896651  
-2.978674753  
-3.645534659  
-2.883797988  
-0.7120665375  
2.40986747  
5.688068449  
8.220372316  
9.26932463  
8.492197638  
6.051129457  
2.566359764  
-1.071753749  
-3.96910898  
-5.484732656  
-5.395695872  
-3.921149253  
-1.605958024  
0.888070996  
3.006178494  
4.461704001  
5.28246763  
5.734498619  
6.159721339  
6.794002463  
7.636297758  
8.418430229  
8.686327373  
7.962296556  
5.928868953  
2.568126506  
-1.792469921  
-6.542869365  
-10.93930491  
-14.28885873  
-16.1106372  
-16.22676934  
-14.76387034  
-12.07701836  
-8.632025151  
-4.889862102  
-1.228089355  
2.086454082  
4.882336977  
7.049745394  
8.514792698  
9.237998019  
9.235553667  
8.606237869  
7.540486137  
6.294604684  
5.129626191  
4.233486689  
3.657753754  
3.299364036  
2.942652673  
2.352454986  
1.385407566  
0.07422599144  
-1.354647849  
-2.546327374  
-3.148970887  
-2.964904482  
-2.060739483  
-0.7852238012  
0.3250131739  
0.7287117783  
0.09050437247  
-1.561211436  
-3.797597499  
-5.903017218  
-7.1132284  
-6.901607049  
-5.210365359  
-2.533452103  
0.196314351  
1.895626226  
1.707827153  
-0.6584136212  
-4.753865975  
-9.45447162  
-13.26681473  
-14.78811143  
-13.17574937  
-8.468579807  
-1.643027548  
5.629431025  
11.45828144  
14.29777546  
13.41877527  
9.134476139  
2.704075987  
-4.056556835  
-9.331404548  
