-8.80507063  
-6.670530759  
-3.685316315  
-0.3194516943  
2.894789783  
5.496720557  
7.201730642  
7.946582326  
7.866786867  
7.219840779  
6.284527413  
5.271308603  
4.271869996  
3.260075321  
2.138285882  
0.8085332511  
-0.758227687  
-2.478495048  
-4.151714856  
-5.495339971  
-6.208459278  
-6.046444444  
-4.888155858  
-2.780855191  
0.04620064707  
3.202666636  
6.190786325  
8.485985273  
9.634276179  
9.351603622  
7.60562593  
4.658149377  
1.049212453  
-2.486593599  
-5.164797743  
-6.330840581  
-5.632807633  
-3.138234841  
0.6462873318  
4.871673745  
8.545499018  
10.78706646  
11.06888954  
9.371762311  
6.200435129  
2.445756186  
-0.873833876  
-2.918415519  
-3.287750086  
-2.154154781  
-0.2204386813  
1.490061137  
1.950646278  
0.458901129  
-3.127486279  
-8.321729456  
-14.1283914  
-19.31596147  
-22.75604752  
-23.72378701  
-22.06894317  
-18.21158312  
-12.97483842  
-7.319694438  
-2.07516805  
2.247816712  
5.506272953  
7.838933676  
9.494293223  
10.65222237  
11.31579289  
11.31722694  
10.43199614  
8.547678292  
5.80822394  
2.660550474  
-0.2323430302  
-2.193138454  
-2.777395856  
-1.97020952  
-0.246067847  
1.54953929  
2.473177537  
1.825934949  
-0.5547127433  
-4.166292738  
-7.9390168  
-10.54619162  
-10.83640942  
-8.246376511  
-3.049895032  
3.654154358  
10.22796851  
14.97515843  
16.66541783  
14.93194907  
10.40606219  
4.536492415  
-0.8556072028  
-4.146339179  
-4.419870095  
-1.753818297  
2.814613555  
7.631049153  
10.96266903  
11.55703985  
9.039543817  
4.022980206  
-2.100558395  
-7.610611546  
-10.99922893  
-11.42393805  
-8.929924594  
-4.380327714  
0.8669131359  
5.414677839  
8.255651473  
9.033632452  
8.061976525  
6.112755613  
4.069934971  
2.582409815  
1.8446702  
1.578594253  
1.211021543  
0.1677482519  
-1.837402789  
-4.634963978  
-7.621392227  
-9.963673692  
-10.90985299  
-10.08673104  
-7.669322375  
-4.353398682  
-1.135375361  
1.024286226  
1.533550458  
0.3762395987  
-1.882477706  
-4.297034695  
-5.878788493  
-5.950145555  
-4.389318196  
-1.678313462  
1.263177565  
3.399146247  
3.940206286  
2.620285013  
-0.2093152237  
-3.69957216  
-6.792684366  
-8.57706868  
-8.583916037  
-6.923953813  
-4.221608567  
-1.376186805  
0.7601551971  
1.671184598  
1.331297666  
0.1765812828  
-1.089630556  
-1.779294716  
-1.483268805  
-0.2189716287  
1.589699503  
3.288849286  
4.258404476  
4.16279454  
3.094028721  
1.553135616  
0.2757824936  
-0.03516517913  
1.026438388  
3.404718739  
6.574770671  
9.697375077  
11.88228192  
12.47007227  
11.23802361  
8.463682332  
4.830073345  
1.210215682  
-1.593094154  
-3.066052547  
-3.094902962  
-1.944384597  
-0.1255184902  
1.789988818  
3.33951311  
4.268225854  
4.534383782  
4.236835204  
3.508704164  
2.429701037  
0.9960757504  
-0.8415593584  
-3.094046487  
-5.646204818  
-8.212164125  
-10.3627171  
-11.62438171  
-11.61948121  
-10.19756804  
-7.508618477  
-3.987782036  
-0.2528374167  
3.053216534  
5.422570472  
6.593913789  
6.581407906  
5.618678258  
4.045605215  
2.184654693  
0.2538530662  
-1.654327781  
-3.527449575  
-5.348221988  
-7.013651013  
-8.299750012  
-8.894062897  
-8.489417942  
-6.905280144  
-4.188811551  
-0.6521054941  
3.176001696  
6.673989428  
9.289239135  
10.68356996  
10.8134762  
9.918338777  
8.422338787  
6.786156414  
5.361526589  
4.298980336  
3.538001315  
2.877185819  
2.092183987  
1.052131697  
-0.2124523198  
-1.516888093  
-2.600738344  
-3.244573557  
-3.376385763  
-3.122160526  
-2.776451213  
-2.700020682  
-3.180862237  
-4.310776053  
-5.925992161  
-7.637912872  
-8.947437291  
-9.405283031  
-8.763111606  
-7.062636612  
-4.631435722  
-1.987070109  
0.3168037279  
1.849162194  
2.411941867  
2.067956439  
1.083180302  
-0.1888475408  
-1.433484776  
-2.464344589  
-3.2450864  
-3.841746306  
-4.332229322  
-4.716681128  
-4.871687205  
-4.572791517  
-3.580962175  
-1.760814608  
0.8175047005  
3.838031417  
6.784857994  
9.067216778  
10.18667465  
9.891498066  
8.265077539  
5.716204429  
2.87188051  
0.4062145941  
-1.139785882  
-1.49078145  
-0.6829636812  
0.9851772215  
3.07321415  
5.143870796  
6.881741258  
8.148330413  
8.96280268  
9.426501858  
9.629479997  
9.581359017  
9.195949668  
8.334917548  
6.89012312  
4.867413189  
2.433192811  
-0.1004717638  
-4.396532393  
-9.304155378  
-12.53367314  
-13.56101502  
-12.4551574  
-9.850715211  
-6.76456678  
-4.308718497  
-3.379865946  
-4.411338202  
-7.254503717  
-11.21992144  
-15.26409153  
-18.26818172  
-19.33160849  
-18.0015194  
-14.3794131  
-9.081540742  
-3.070124503  
2.593663816  
7.005907121  
9.61806561  
10.33000286  
9.462646133  
7.628581951  
5.544595151  
3.841293383  
2.919615775  
2.885324319  
3.567414136  
4.602866236  
5.555100305  
6.030295105  
5.76351725  
4.661127599  
2.801175393  
0.4041360198  
-2.210386752  
-4.669146324  
-6.588463777  
-7.617290838  
-7.484376774  
-6.050020377  
-3.355159558  
0.3471852716  
4.596139222  
8.776088447  
12.21917487  
14.34064199  
14.77510755  
13.47470068  
10.73515414  
7.133849386  
3.389447873  
0.1785619638  
-2.038541141  
-3.130222299  
-3.307342451  
-3.032007899  
-2.848240362  
-3.188233081  
-4.217674341  
-5.772710271  
-7.411883696  
-8.568095358  
-8.751016934  
-7.731385548  
-5.642371408  
-2.959399141  
-0.360212244  
1.491747639  
2.169497823  
1.634342051  
0.2625131323  
-1.267742687  
-2.196212271  
-1.938103262  
-0.2938356915  
2.460732457  
5.638232504  
8.342566792  
9.749046273  
9.373421151  
7.242684436  
3.91020581  
0.3063963413  
-2.531939662  
-3.771869403  
-3.03969031  
-0.5437320215  
2.972237743  
6.430273096  
8.713603382  
8.96939541  
6.833349662  
2.517090187  
-3.257964827  
-9.452057041  
-14.9629056  
-18.87308813  
-20.6268114  
-20.10143851  
-17.57294847  
-13.60319389  
-8.892205866  
-4.137890316  
0.06819416881  
3.299679973  
5.316077521  
6.060616361  
5.648500401  
4.349946832  
2.562562603  
0.7630599069  
-0.5677456004  
-1.041137687  
-0.45817899  
1.120723692  
3.363681858  
5.729199817  
7.596389757  
8.433427594  
7.956548634  
6.228857454  
3.66242611  
0.9155965401  
-1.28915347  
-2.37381629  
-2.075692477  
-0.5257136724  
1.792161967  
4.188879716  
5.978875256  
6.682529824  
6.157988239  
4.621792522  
2.555641198  
0.5350898164  
-0.9581815917  
-1.674995286  
-1.642109339  
-1.100202332  
-0.3655849232  
0.3266411851  
0.9332017699  
1.619818437  
2.673772631  
4.34259164  
6.66149485  
9.342026943  
11.77700646  
13.17739406  
12.80835574  
10.25147741  
5.603029601  
-0.4682036491  
-6.838523378  
-12.20091566  
-15.41637938  
-15.83973563  
-13.51699058  
-9.187635616  
-4.084781207  
0.4103781414  
3.156133913  
3.561689297  
1.727492764  
-1.626471721  
-5.417857092  
-8.559183584  
-10.29859207  
-10.43469674  
-9.338993001  
-7.783744026  
-6.637957441  
-6.537484625  
-7.643023644  
-9.569336929  
-11.51063838  
-12.52025249  
-11.84987652  
-9.232652647  
-5.012027058  
-0.06903355902  
4.432354635  
7.401392229  
8.163308077  
6.676896459  
3.555266322  
-0.118344907  
-3.121583856  
-4.46545129  
-3.690116538  
-0.9913583604  
2.85982877  
6.775414609  
9.70095037  
10.94538407  
10.38601207  
8.486721089  
6.128994773  
4.314943696  
3.840716442  
5.045081474  
7.71039803  
11.14193957  
14.3937052  
16.56366961  
17.06282278  
15.77537213  
13.06627367  
9.643169574  
6.32540278  
3.798562962  
2.431805455  
2.208752726  
2.782081685  
3.620969122  
4.193559899  
4.12146998  
3.260041698  
1.689092211  
-0.3678603367  
-2.654689446  
-4.977054317  
-7.245658382  
-9.458535882  
-11.63893615  
-13.76299114  
-15.71361172  
-17.2837778  
-18.22933185  
-18.34876855  
-17.55451039  
-15.90289848  
-13.56736393  
-10.76452699  
-7.66546511  
-4.334360815  
-0.7287796883  
3.228240248  
7.525765984  
11.9405538  
15.96946466  
18.86519223  
19.78895367  
18.0504251  
13.36661953  
6.052625255  
-2.932825701  
-12.1255698  
-19.8605041  
-24.66893513  
-25.65858767  
-22.7626303  
-16.7767827  
-9.164400572  
-1.679155707  
4.088259126  
7.108391415  
7.141364383  
4.732908988  
0.9880721214  
-2.798919189  
-5.537437235  
-6.632111985  
-6.087379454  
-4.404228686  
-2.318994791  
-0.4857868976  
0.780203216  
1.606822883  
2.482103066  
4.018938509  
6.65795974  
10.42278526  
14.82437934  
18.95866487  
21.77215683  
22.40863375  
20.51759399  
16.41428098  
11.0289476  
5.653453864  
1.5625362  
-0.3691062538  
0.07068180933  
2.375383787  
5.488535556  
8.142026556  
9.253782886  
8.256780205  
5.25616013  
0.9697330303  
-3.520923151  
-7.120783546  
-9.055651104  
-9.083657876  
-7.523406365  
-5.102458753  
-2.689718269  
-1.010154104  
-0.4393319412  
-0.9401389046  
-2.149279628  
-3.566724628  
-4.76722174  
-5.550673834  
-5.977336184  
-6.282242397  
-6.712296871  
-7.360137605  
-8.069792959  
-8.460048217  
-8.063589873  
-6.531849803  
-3.825550528  
-0.3113392763  
3.283831584  
6.057746321  
7.202000234  
6.26544764  
3.319590089  
-1.036008983  
-5.836402031  
-10.03199865  
-12.79558234  
-13.75355782  
-13.06461069  
-11.32134223  
-9.311367096  
-7.72271662  
-6.896975329  
-6.715946197  
-6.660109171  
-6.016528353  
-4.161573375  
-0.8181783848  
3.803007538  
9.02794455  
13.90061685  
17.45923214  
19.01386947  
18.33426126  
15.69018411  
11.7394147  
7.310395741  
3.159973324  
-0.2102703878  
-2.622660852  
-4.16680909  
-5.055011103  
-5.458157548  
-5.394004165  
-4.714888705  
-3.198771711  
-0.7032800485  
2.685782215  
6.580772815  
10.33549347  
13.20224719  
14.55341183  
14.08925706  
11.95338829  
8.706969324  
5.162386354  
2.128521314  
0.1542165253  
-0.6396217827  
-0.5777983623  
-0.2893035289  
-0.4546169587  
-1.531335117  
-3.558005615  
-6.110427452  
-8.431690061  
-9.695012771  
-9.309178969  
-7.157963096  
-3.684748331  
0.2145836034  
3.461024933  
5.136813477  
4.788725047  
2.585219174  
-0.7301184633  
-4.077928889  
-6.398392006  
-7.004853858  
-5.816773446  
-3.392022294  
-0.7449650186  
0.991631061  
0.9501891995  
-1.169133843  
-4.977383567  
-9.498196506  
-13.45980462  
-15.68376842  
-15.44574368  
-12.69367798  
-8.056014594  
-2.640762316  
2.307153174  
5.779372497  
7.290777936  
6.992732111  
5.583901899  
4.054468313  
3.350477006  
4.066474151  
6.260850758  
9.445636096  
12.74571203  
15.17044711  
15.90954942  
14.56311066  
11.24187164  
6.517554297  
1.24951609  
-3.651581479  
-7.449768202  
-9.736986922  
-10.47986048  
-9.961856313  
-8.653257491  
-7.057744375  
-5.583267377  
-4.469097577  
-3.777546386  
-3.436804099  
-3.307830134  
-3.246494728  
-3.141037156  
-2.919387139  
-2.534794965  
-1.9461701  
-1.109189791  
0.01341495865  
1.425154381  
3.065079121  
4.789733213  
6.381350466  
7.586668379  
8.178868393  
8.025075521  
7.13737408  
5.688278502  
3.981368464  
2.381271877  
1.220242766  
0.7069310272  
0.8640209677  
1.51461715  
2.324330643  
2.890552877  
2.856641942  
2.020552794  
0.4072164613  
-1.717831799  
-3.901379817  
-5.612067605  
-6.380472554  
-5.933477104  
-4.285596689  
-1.759015755  
1.078450354  
3.546320852  
5.023676266  
5.115632433  
3.767417124  
1.290905408  
-1.7089362  
-4.492350056  
-6.386961023  
-6.977651334  
-6.228276816  
-4.496384631  
-2.431810818  
-0.7843979381  
-0.1746449274  
-0.894968133  
-2.80303156  
-5.343343635  
-7.695778569  
-9.010887891  
-8.664140526  
-6.453215718  
-2.677719547  
1.925047537  
6.371682851  
9.696366766  
11.20947377  
10.67557335  
8.360281488  
4.935700196  
1.277272647  
-1.783291518  
-3.673347736  
-4.200484355  
-3.549664479  
-2.167339587  
-0.5791286465  
0.7935727516  
1.756459632  
2.367359111  
2.862122881  
3.515001853  
4.489129534  
5.734528306  
6.972404813  
7.772521411  
7.69657376  
6.456590955  
4.031952661  
0.7029698673  
-3.011832175  
-6.494271424  
-9.194569056  
-10.77312323  
-11.17032914  
-10.58450574  
-9.370127352  
-7.89577006  
-6.413967288  
-4.989235897  
-3.508419957  
-1.766982703  
0.4028236473  
3.011546783  
5.847153605  
8.492941942  
10.42782597  
11.17896755  
10.47767706  
8.366793426  
5.22232596  
1.678868611  
-1.521756633  
-3.715684172  
-4.483282797  
-3.750422807  
-1.798685207  
0.8147902621  
3.402244867  
5.313756632  
6.085109637  
5.530678978  
3.764629675  
1.153656716  
-1.779654821  
-4.475340926  
-6.448946099  
-7.377679149  
-7.14824716  
-5.863889932  
-3.814904873  
-1.420772512  
0.8462198024  
2.544850523  
3.344246948  
3.085642723  
1.814260469  
-0.227526346  
-2.647767335  
-4.985763889  
-6.809236658  
-7.804676022  
-7.837533589  
-6.96606814  
-5.405510342  
-3.454312662  
-1.406195404  
0.5235130771  
2.23368529  
3.725151181  
5.047664797  
6.228815964  
7.21529718  
7.853511855  
7.922494978  
7.212266484  
5.62190602  
3.240874009  
0.3792602332  
-2.472580085  
-4.75118279  
-5.966256215  
-5.842325194  
-4.409939721  
-2.013966305  
0.768464072  
3.279147559  
4.955178218  
5.477522047  
4.846845787  
3.364342502  
1.525328778  
-0.139248437  
-1.222436697  
-1.552117027  
-1.220349558  
-0.5260399117  
0.1458389049  
0.4653903822  
0.2712822791  
-0.3801786384  
-1.244116611  
-1.981199303  
-2.282454266  
-1.981447099  
-1.116431632  
0.07674017268  
1.236651546  
1.987897291  
2.055467484  
1.346353882  
-0.02457181899  
-1.768475723  
-3.501926638  
-4.845406507  
-5.512305208  
-5.366559663  
-4.439417788  
-2.908581539  
-1.051914821  
0.8093886418  
2.366021158  
3.367465273  
3.658705895  
3.206440847  
2.112761406  
0.6109980889  
-0.9630648227  
-2.22848028  
-2.840883006  
-2.583663077  
-1.444031458  
0.3535902325  
2.377657158  
4.087301359  
4.979789472  
4.749010261  
3.405433998  
1.312535679  
-0.8843994979  
-2.428778641  
-2.680209277  
-1.332585958  
1.448269888  
5.020044083  
8.407212114  
10.56089141  
10.66401132  
8.390677983  
4.036665326  
-1.526800725  
-7.071126322  
-11.34179642  
-13.40702336  
-12.91894138  
-10.20687149  
-6.17256264  
-2.018111435  
1.110565163  
2.455411375  
1.851736137  
-0.2534960592  
-2.972119297  
-5.275671012  
-6.327935869  
-5.742092082  
-3.682033748  
-0.7798609138  
2.097642968  
4.151611047  
4.919722927  
4.421086482  
3.130908876  
1.7965478  
1.160203879  
1.684585702  
3.376106618  
5.766678124  
8.061125101  
9.401188646  
9.157783906  
7.153508339  
3.74062012  
-0.292408311  
-3.956107419  
-6.361030016  
-6.987611103  
-5.838921416  
-3.429205616  
-0.6145567522  
1.677526519  
2.732094094  
2.254707742  
0.4409092958  
-2.109127992  
-4.597251698  
-6.284676363  
-6.71641751  
-5.843781174  
-4.011864126  
-1.82397874  
0.06632472908  
1.164677434  
1.279568098  
0.5585360338  
-0.5874255336  
-1.638915751  
-2.146637926  
-1.873431169  
-0.856097976  
0.627409521  
2.167552976  
3.367686051  
3.973004326  
3.942443078  
3.443965032  
2.780615045  
2.277175964  
2.168029247  
2.523251115  
3.23428115  
4.059008788  
4.706520596  
4.930437323  
4.599956163  
3.72816091  
2.453401653  
0.9855262024  
-0.4611449572  
-1.72461695  
-2.725104892  
-3.462836094  
-3.990515473  
-4.37490515  
-4.663346821  
-4.866338485  
-4.959041666  
-4.896630574  
-4.633728205  
-4.138572377  
-3.397096395  
-2.408662029  
-1.180201278  
0.2730936905  
1.91568444  
3.669989039  
5.393890533  
6.870520392  
7.822501664  
7.956216781  
7.031256125  
4.939364411  
1.77003201  
-2.160705606  
-6.334432839  
-10.11036973  
-12.84822963  
-14.04724204  
-13.467497  
-11.20144508  
-7.674027655  
-3.566744202  
0.3203859306  
3.239194933  
4.657766629  
4.380983325  
2.59885249  
-0.1496704955  
-3.09079576  
-5.384031659  
-6.308293169  
-5.425670593  
-2.686722981  
1.546807624  
6.568765594  
11.47257387  
15.34301551  
17.45491082  
17.43465444  
15.34717471  
11.68617526  
7.266910327  
3.0435116  
-0.1083789114  
-1.592948975  
-1.231015546  
0.7018873628  
3.546582395  
6.423715236  
8.449163608  
8.947325223  
7.608728758  
4.55331893  
0.2859712764  
-4.440312874  
-8.814036352  
-12.15556966  
-14.05856601  
-14.44917082  
-13.55495372  
-11.8016736  
-9.675129393  
-7.591982762  
-5.816092593  
-4.438568274  
-3.417090113  
-2.650648831  
-2.056126204  
-1.615918775  
-1.379531792  
-1.421447572  
-1.77551734  
-2.375990396  
-3.033681291  
-3.463122955  
-3.357553378  
-2.489819339  
-0.8057813318  
1.523428019  
4.112430062  
6.438482917  
7.96589053  
8.283912314  
7.219286808  
4.891467685  
1.695413142  
-1.782493053  
-4.89163404  
-7.053468285  
-7.873419617  
-7.204576967  
-5.154831898  
-2.04448336  
1.667934446  
5.470347513  
8.87452865  
11.4759898  
12.99415304  
13.29562313  
12.404054  
10.49743061  
7.889800507  
4.993130974  
2.257479242  
0.09432828987  
-1.203894229  
-1.528862609  
-0.9859970121  
0.1246799667  
1.37727964  
2.324027874  
2.607799294  
2.051668337  
0.6990824703  
-1.207537118  
-3.30309401  
-5.206877401  
-6.626583132  
-7.42688149  
-7.642620033  
-7.436020025  
-7.016550152  
-6.554660458  
-6.12168943  
-5.677454164  
-5.108295427  
-4.298567634  
-3.205113205  
-1.902479901  
-0.5774772307  
0.5286837318  
1.211136432  
1.39062272  
1.164615584  
0.7953536314  
0.6318916223  
0.988112221  
2.017055893  
3.626835025  
5.472330589  
7.032781939  
7.756432067  
7.229294612  
5.31473712  
2.217740851  
-1.549401241  
-5.292039583  
-8.311892205  
-10.08559286  
-10.38969874  
-9.336700633  
-7.315630088  
-4.86108149  
-2.495656623  
-0.5963469459  
0.6763982753  
1.371958589  
1.677731119  
1.815756517  
1.949062958  
2.131233772  
2.313208283  
2.397845817  
2.31437456  
2.078173481  
1.808664429  
1.696083643  
1.929311694  
2.613391582  
3.710392866  
5.02894973  
6.269477872  
7.110764765  
7.307613425  
6.764798026  
5.561390584  
3.918141592  
2.121943582  
0.4370637192  
-0.9632289045  
-2.02028075  
-2.763535728  
-3.249463977  
-3.496153432  
-3.446072522  
-2.977915136  
-1.967526719  
-0.3754760861  
1.675749322  
3.872486237  
5.751245941  
6.807957766  
6.645488266  
5.111742717  
2.378866348  
-1.069817934  
-4.549095231  
-7.348812082  
-8.925642838  
-9.049810929  
-7.860182366  
-5.810512095  
-3.525183979  
-1.61211578  
-0.4933944064  
-0.3062806114  
-0.901401666  
-1.930641779  
-2.986949199  
-3.74255008  
-4.036652262  
-3.885971962  
-3.423048615  
-2.79570404  
-2.075487676  
-1.217852626  
-0.09403551046  
1.416900871  
3.315223248  
5.399043054  
7.258266151  
8.361178312  
8.214681172  
6.547289054  
3.448883051  
-0.5900741754  
-4.766423558  
-8.163009679  
-10.00187654  
-9.872927574  
-7.862739459  
-4.537907219  
-0.7839068106  
2.452077336  
4.433692654  
4.837123169  
3.819253899  
1.934048185  
-0.070655192  
-1.504853418  
-1.951319062  
-1.373759712  
-0.08717162749  
1.391836292  
2.555648619  
3.098616509  
3.022622454  
2.619109778  
2.337229452  
2.589279678  
3.5670379  
5.138032058  
6.861368704  
8.119425712  
8.32007968  
7.099339888  
4.454637586  
0.7641280686  
-3.312466476  
-7.015371296  
-9.686109945  
-10.92294903  
-10.64485436  
-9.053727258  
-6.52150443  
-3.453259256  
-0.1809753141  
3.075297211  
6.173799819  
8.972326546  
11.25173183  
12.68864263  
12.90334392  
11.57557832  
8.588682028  
4.144398733  
-1.205094801  
-6.635408245  
-11.22684182  
-14.19092999  
-15.0757044  
-13.88167321  
-11.04811647  
-7.312388604  
-3.488199223  
-0.2367094785  
2.093863267  
3.50948234  
4.285090199  
4.79143969  
5.303996447  
5.869371339  
6.281788384  
6.179030186  
5.219990824  
3.272311856  
0.5315938695  
-2.48304891  
-5.066744069  
-6.557956742  
-6.578693168  
-5.195436475  
-2.933783157  
-0.6292569471  
0.8442972692  
0.8801623886  
-0.6283063924  
-3.214238809  
-5.959047769  
-7.778812092  
-7.785928026  
-5.606425608  
-1.543201481  
3.476902983  
8.163637738  
11.25316043  
11.90333745  
9.965538749  
6.041623817  
1.303411082  
-2.870988264  
-5.329279125  
-5.507555749  
-3.606606099  
-0.524453086  
2.434706334  
3.98390707  
3.276179708  
0.1944018388  
-4.581912776  
-9.753478809  
-13.76782638  
-15.26548001  
-13.47440128  
-8.440246285  
-1.031331841  
7.276113978  
14.7656601  
19.89647934  
21.65676402  
19.76979269  
14.71382301  
7.568667412  
-0.256563986  
-7.338208838  
-12.51999341  
-15.10637544  
-14.94066049  
-12.37049809  
-8.125037839  
-3.139453633  
1.635936693  
5.409215207  
7.677459041  
8.296365103  
7.478814872  
5.721829144  
3.673349371  
1.963957771  
1.040508923  
1.044220265  
1.770313788  
2.72859307  
3.296914526  
2.929764263  
1.361748256  
-1.260205568  
-4.36711397  
-7.097876639  
-8.542187061  
-8.029757564  
-5.376897955  
-1.0065454  
4.109134459  
8.681709223  
11.45675238  
11.58151385  
8.877732024  
3.930454775  
-2.043498282  
-7.516788895  
-11.07193074  
-11.79682718  
-9.536499756  
-4.924749884  
0.8129033916  
6.222664926  
10.03827211  
11.52012879  
10.61500569  
7.893257704  
4.293693167  
0.7689924654  
-2.044067728  
-4.015858404  
-5.5120031  
-7.184995603  
-9.645600327  
-13.13442934  
-17.31752283  
-21.29042153  
-23.80548246  
-23.6598834  
-20.12254618  
-13.25748989  
-4.026668383  
5.879313317  
14.44960077  
19.89002925  
21.13255882  
18.1628127  
12.06085861  
4.733021846  
-1.596314726  
-4.992067636  
-4.343253539  
0.3267778038  
7.862602151  
16.28984797  
23.34940191  
27.10171746  
26.43358762  
21.33106091  
12.85167202  
2.81493568  
-6.692647539  
-13.85501588  
-17.55920027  
-17.61349191  
-14.70766928  
-10.14621531  
-5.446151855  
-1.921335958  
-0.3684126931  
-0.9302824257  
-3.155107032  
-6.210848861  
-9.174260706  
-11.30025505  
-12.19413861  
-11.84801164  
-10.54977162  
-8.71337486  
-6.699690475  
-4.693580756  
-2.676980357  
-0.5000080692  
1.984480218  
4.78063701  
7.663394048  
10.18661691  
11.79196004  
11.98761649  
10.53859201  
7.601555772  
3.751161825  
-0.1229933104  
-3.028832529  
-4.137350346  
-3.024699138  
0.1829939068  
4.810190435  
9.784883359  
13.90634266  
16.15567289  
15.96323894  
13.35816158  
8.957783093  
3.800314839  
-0.932310605  
-4.224052868  
-5.481881018  
-4.672094097  
-2.303126951  
0.7342181251  
3.419118574  
4.872660943  
4.574981566  
2.473171342  
-1.040480783  
-5.262806126  
-9.379707176  
-12.67100885  
-14.66441574  
-15.20359387  
-14.42435571  
-12.66056489  
-10.31928862  
-7.768198128  
-5.267594145  
-2.95953609  
-0.9048301275  
0.8574961061  
2.258998175  
3.183322721  
3.489675043  
3.069595625  
1.914000383  
0.1618859146  
-1.892795072  
-3.845862055  
-5.271168822  
-5.828615305  
-5.359827447  
-3.941231087  
-1.875827521  
0.3773860973  
2.319054443  
3.539317829  
3.826411236  
3.223910976  
2.020351121  
0.6732223837  
-0.313146346  
-0.5240700337  
0.2500911032  
1.94970761  
4.249875197  
6.63272087  
8.511070396  
9.373867517  
8.918011893  
7.134006515  
4.323184366  
1.04006636  
-2.028916787  
-4.223463612  
-5.067463485  
-4.388732562  
-2.369603894  
0.4870363008  
3.471614239  
5.836847034  
6.981997339  
6.606656102  
4.793844932  
1.998474612  
-1.059402414  
-3.57240623  
-4.851006268  
-4.503758703  
-2.545132902  
0.5985326922  
4.188203388  
7.351921949  
9.299117729  
9.514158369  
7.879556473  
4.698417775  
0.6128481563  
-3.5574164  
-7.011824541  
-9.149649397  
-9.689987591  
-8.705576256  
-6.569555574  
-3.83743114  
-1.101325152  
1.14323875  
2.586400548  
3.133773066  
2.880596341  
2.048606973  
0.9107836168  
-0.2731416648  
-1.296888168  
-2.021970292  
-2.374509655  
-2.336982086  
-1.944911783  
-1.291060837  
-0.5310883711  
0.1208133182  
0.4173013714  
0.1281742369  
-0.8917119794  
-2.635250034  
-4.900964914  
-7.297964125  
-9.308639996  
-10.40231261  
-10.1747551  
-8.475767517  
-5.48487689  
-1.705654794  
2.129771923  
5.22852886  
6.936529622  
6.916321069  
5.251914678  
2.446702005  
-0.6910743376  
-3.249352668  
-4.44847374  
-3.849539937  
-1.477790433  
2.174001672  
6.264672382  
9.815424109  
11.95622326  
12.14239578  
10.28478836  
6.76126488  
2.310163974  
-2.16169055  
-5.80200024  
-8.006603611  
-8.53455362  
-7.520116175  
-5.387497949  
-2.701190025  
-0.0007982224226  
2.33013494  
4.126014556  
5.420612427  
6.363203257  
7.104800747  
7.697949028  
8.04724071  
7.929281062  
7.076377415  
5.295730816  
2.582363884  
-0.8158674725  
-4.409213234  
-7.557645886  
-9.622323739  
-10.13585874  
-8.942104947  
-6.262559694  
-2.665870194  
1.05608933  
4.075531503  
5.730853296  
5.689942786  
4.031065278  
1.219899734  
-2.010821658  
-4.846667086  
-6.592891384  
-6.839848662  
-5.551559276  
-3.058137739  
0.0413469823  
3.036203158  
5.278510244  
6.329898081  
6.046362499  
4.585355737  
2.340534097  
-0.1725672362  
-2.446574883  
-4.094330835  
-4.917752682  
-4.922311476  
-4.281248681  
-3.265774685  
-2.163791525  
-1.209107761  
-0.536958318  
-0.172225246  
-0.04728700203  
-0.03938741268  
-0.01429365207  
0.1359414411  
0.4692754311  
0.9867222363  
1.639845492  
2.347076455  
3.012380109  
3.540933997  
3.849169994  
3.869385807  
3.551412887  
2.864677051  
1.803334209  
0.3951770516  
-1.28751408  
-3.119356234  
-4.920805382  
-6.469437541  
-7.525924525  
-7.873077627  
-7.361859871  
-5.954435256  
-3.752619754  
-1.001350852  
1.938594922  
4.647407013  
6.723338183  
7.864160167  
7.933912202  
6.997351725  
5.311177152  
3.271280745  
1.326498107  
-0.1214168748  
-0.8076105325  
-0.6616442551  
0.181331458  
1.41792718  
2.652096219  
3.489177346  
3.624849997  
2.908185213  
1.366229342  
-0.8114408637  
-3.319589069  
-5.800446849  
-7.906751789  
-9.352164463  
-9.943154128  
-9.5932914  
-8.325099079  
-6.265105627  
-3.634753973  
-0.7355920811  
2.076044312  
4.429216657  
5.993549505  
6.542373977  
6.009811973  
4.524138159  
2.402114271  
0.09754512091  
-1.889614858  
-3.12406689  
-3.337442989  
-2.493036269  
-0.7926092325  
1.378936804  
3.556609608  
5.316588367  
6.379908211  
6.66796625  
6.294637873  
5.500495059  
4.553784587  
3.653676235  
2.8700168  
2.140323972  
1.323723891  
0.2902010879  
-0.9904026982  
-2.396420076  
-3.663735507  
-4.458747581  
-4.492997024  
-3.640093262  
-2.011459391  
0.04111584811  
2.004497122  
3.344924316  
3.667837176  
2.844832632  
1.064063319  
-1.216100077  
-3.398885205  
-4.926410686  
-5.446263179  
-4.913436545  
-3.594136056  
-1.969966111  
-0.5740271919  
0.1867107335  
0.1636645527  
-0.4905741574  
-1.382971491  
-2.023539049  
-2.002888526  
-1.143576562  
0.4262453283  
2.302270003  
3.927349116  
4.768092539  
4.486553224  
3.050768809  
0.7486648866  
-1.898021726  
-4.290302476  
-5.927276788  
-6.543900308  
-6.169048595  
-5.089455827  
-3.736541317  
-2.537608602  
-1.782428183  
-1.548047993  
-1.702433954  
-1.979414565  
-2.093296786  
-1.849666066  
-1.212857025  
-0.3082591632  
0.6377733571  
1.395059975  
1.825889082  
1.944116298  
1.91523179  
1.997555391  
2.445975604  
3.412802853  
4.880773056  
6.651552887  
8.393493068  
9.732283515  
10.35441417  
10.09041797  
8.95328759  
7.123470967  
4.889636201  
2.56750902  
0.4235831885  
-1.374539786  
-2.77116766  
-3.802395014  
-4.556604125  
-5.13285472  
-5.610849845  
-6.037871974  
-6.429276709  
-6.773748438  
-7.034901882  
-7.146212621  
-7.003988282  
-6.46869585  
-5.385279451  
-3.626852025  
-1.155180355  
1.919875266  
5.306310987  
8.54340319  
11.07285827  
12.359445  
12.03349846  
10.0148029  
6.576279161  
2.318933536  
-1.946355663  
-5.386062515  
-7.352477196  
-7.554853854  
-6.141411241  
-3.663746684  
-0.92864782  
1.22399817  
2.155159693  
1.605084451  
-0.2363335915  
-2.788712212  
-5.253359674  
-6.848388508  
-7.038011322  
-5.689012707  
-3.109297374  
0.04149848994  
2.941379852  
4.83847531  
5.258095313  
4.124912309  
1.76745125  
-1.192206405  
-4.026595291  
-6.110210773  
-7.083717094  
-6.928201512  
-5.931788682  
-4.564585379  
-3.305660565  
-2.479169583  
-2.152082914  
-2.12494082  
-2.016636202  
-1.413812254  
-0.03471275112  
2.147402842  
4.863447753  
7.606207118  
9.770866769  
10.83563149  
10.52569289  
8.907584346  
6.381505788  
3.570609873  
1.138860877  
-0.4073620234  
-0.8717650475  
-0.4250515061  
0.4549163976  
1.144602773  
1.090028908  
0.008821179586  
-1.986448444  
-4.387101849  
-6.416266476  
-7.252523613  
-6.284660938  
-3.320561546  
1.315483732  
6.830859304  
12.14855978  
16.17614382  
18.08237718  
17.50139242  
14.60604167  
10.03214007  
4.68101027  
-0.5356634708  
-4.928640471  
-8.17164551  
-10.31213522  
-11.65918482  
-12.59649106  
-13.39259382  
-14.07923291  
-14.44245515  
-14.12902719  
-12.82689196  
-10.44916826  
-7.246604621  
-3.796377919  
-0.8583216363  
0.8616096726  
0.9634412909  
-0.4683783449  
-2.830778335  
-5.138160398  
-6.298584193  
-5.45057087  
-2.255708157  
2.949421845  
9.198048985  
15.13047148  
19.35850383  
20.85015602  
19.21911183  
14.83159355  
8.69907543  
2.191021791  
-3.343567165  
-6.931076371  
-8.200621443  
-7.422938318  
-5.360934597  
-2.990561124  
-1.187843805  
-0.482280287  
-0.9482632186  
-2.25574828  
-3.846802509  
-5.164863943  
-5.851305367  
-5.842196819  
-5.33926276  
-4.677154655  
-4.14700161  
-3.850067835  
-3.641229945  
-3.185446299  
-2.105641272  
-0.1640229647  
2.595478515  
5.803102393  
8.841350219  
11.02397401  
11.81628055  
11.01989146  
8.855374764  
5.910503343  
2.968330096  
0.7712029861  
-0.2007244771  
0.1372170601  
1.472049635  
3.219626111  
4.732976652  
5.518475635  
5.384872435  
4.475787999  
3.178975022  
1.950076055  
1.118849213  
0.7512154404  
0.6192367421  
0.2911075804  
-0.6911595036  
-2.611308997  
-5.429929484  
-8.743925772  
-11.87337071  
-14.04999666  
-14.64579519  
-13.36608422  
-10.34361935  
-6.104589845  
-1.420855195  
2.899384988  
6.212012981  
8.164828588  
8.71839389  
8.065856029  
6.494323447  
4.249812049  
1.462754135  
-1.83593354  
-5.617489424  
-9.722042937  
-13.75409059  
-17.06565608  
-18.85638044  
-18.37607549  
-15.17312151  
-9.306927533  
-1.444779948  
7.206199363  
15.13158032  
20.85303107  
23.29001334  
22.03592372  
17.46594471  
10.64168681  
3.03715586  
-3.836293036  
-8.799075606  
-11.26269771  
-11.31026806  
-9.584344076  
-7.026401485  
-4.555209125  
-2.786046688  
-1.875258455  
-1.531324436  
-1.178901167  
-0.2136285387  
1.741741212  
4.667139609  
8.117888425  
11.34935954  
13.55248706  
14.1227841  
12.87439781  
10.12785033  
6.639901619  
3.393487576  
1.309865745  
0.969810162  
2.42911601  
5.185869659  
8.311972232  
10.71255028  
11.4388902  
9.964461209  
6.344043321  
1.209599955  
