4.71281489  
4.434264623  
2.844162794  
0.5005821115  
-1.961186294  
-3.991055592  
-5.227576665  
-5.526609293  
-4.928385827  
-3.594593968  
-1.74947211  
0.3539388815  
2.441552463  
4.216987434  
5.3750389  
5.646125578  
4.869673768  
3.073822318  
0.5261134674  
-2.278156002  
-4.705028957  
-6.135423063  
-6.14235428  
-4.635489113  
-1.920473543  
1.355669634  
4.365299023  
6.322746441  
6.701240656  
5.375772968  
2.646358866  
-0.8648600376  
-4.407407632  
-7.322086291  
-9.214194168  
-10.0261979  
-9.99249113  
-9.500998334  
-8.918535919  
-8.447535337  
-8.067074329  
-7.577042595  
-6.723476637  
-5.351008467  
-3.517312995  
-1.51851706  
0.1910874924  
1.159977296  
1.122441646  
0.1329556312  
-1.404733058  
-2.834380835  
-3.445044011  
-2.706807547  
-0.4641723299  
2.982314288  
6.940033239  
10.51926248  
12.89987413  
13.58501165  
12.55967717  
10.3019951  
7.642022457  
5.511463242  
4.661572372  
5.435192856  
7.66020883  
10.69277378  
13.5928858  
15.37701025  
15.27389089  
12.91466415  
8.413031267  
2.326003936  
-4.48140086  
-11.02307249  
-16.38084577  
-19.85595009  
-21.06133176  
-19.95178793  
-16.80187236  
-12.14578953  
-6.691794544  
-1.219296098  
3.534469931  
6.988190593  
8.814032228  
8.996716006  
7.832520976  
5.856593594  
3.70589696  
1.947206398  
0.9168728489  
0.623219209  
0.7492364045  
0.7643935147  
0.118243201  
-1.542871086  
-4.20899063  
-7.452805371  
-10.51901007  
-12.53971961  
-12.81342347  
-11.05718444  
-7.54321463  
-3.0632009  
1.281756853  
4.40876458  
5.59753367  
4.738445975  
2.39618059  
-0.3430615427  
-2.202854869  
-2.127790407  
0.3547992678  
4.941542699  
10.5972721  
15.8318097  
19.12980832  
19.40332262  
16.3270854  
10.45108818  
3.05404819  
-4.21814531  
-9.817976909  
-12.72344536  
-12.69823522  
-10.3103908  
-6.711717993  
-3.254174487  
-1.06784734  
-0.7323385884  
-2.138915978  
-4.576579244  
-7.003152813  
-8.405804824  
-8.131806326  
-6.085892332  
-2.738664413  
1.04617697  
4.300379086  
6.256656027  
6.572679354  
5.407095171  
3.3327005  
1.12515327  
-0.4969036814  
-1.093907182  
-0.6213310428  
0.5897990913  
1.971466059  
2.922856422  
3.009673668  
2.095155609  
0.3663790529  
-1.743989931  
-3.706873988  
-5.063506076  
-5.555541362  
-5.181104566  
-4.16646797  
-2.870882284  
-1.661461953  
-0.8005458635  
-0.3794260483  
-0.3138523586  
-0.395531403  
-0.3769976639  
-0.05955439561  
0.6432226586  
1.682929145  
2.896701613  
4.05946225  
4.949201517  
5.40556036  
5.36689477  
4.879241954  
4.079015757  
3.157473446  
2.317584661  
1.733441488  
1.519567488  
1.713994919  
2.275790285  
3.095437889  
4.014945684  
4.853783999  
5.43632835  
5.616635217  
5.297190566  
4.439708026  
3.067997462  
1.26459018  
-0.8363461779  
-3.057862554  
-5.190688853  
-7.007302366  
-8.282765551  
-8.824614261  
-8.51060078  
-7.327889395  
-5.402401886  
-3.004924946  
-0.5232701337  
1.602077798  
2.969686371  
3.31530194  
2.588190002  
0.9786455885  
-1.119472137  
-3.20865057  
-4.826457822  
-5.683100508  
-5.752817144  
-5.283886788  
-4.715390694  
-4.519321049  
-5.014530166  
-6.214224687  
-7.764447267  
-9.006479774  
-9.157460325  
-7.562617248  
-3.943013911  
1.444236567  
7.796051326  
13.9235972  
18.54898364  
20.65785628  
19.80288655  
16.26087161  
10.98576406  
5.360515375  
0.8136241077  
-1.588352183  
-1.449134423  
0.8448154683  
4.246189761  
7.369521893  
8.917642671  
8.080920051  
4.785237219  
-0.2886856995  
-5.920276998  
-10.72971833  
-13.60283868  
-14.02519458  
-12.22005354  
-9.049039759  
-5.711480648  
-3.343931933  
-2.652905034  
-3.701582261  
-5.918743716  
-8.323100718  
-9.883600044  
-9.890562657  
-8.209078639  
-5.326514925  
-2.176591578  
0.2002259396  
1.042621491  
0.165010301  
-1.942732829  
-4.254514084  
-5.547053948  
-4.829475032  
-1.71949299  
3.36493835  
9.272475195  
14.43414541  
17.33590391  
17.00119113  
13.32881059  
7.173279429  
0.1338457737  
-5.890311224  
-9.246964052  
-9.014436394  
-5.274673045  
0.9076568467  
7.793546122  
13.47189474  
16.40445259  
15.85178354  
12.05787134  
6.146430642  
-0.2303704067  
-5.377806143  
-8.030980623  
-7.676921265  
-4.641905364  
0.0652724146  
5.089856515  
9.134123578  
11.30252475  
11.292923  
9.393728751  
6.31039683  
2.89532982  
-4.900867446  
-8.054483113  
-9.961774619  
-10.33744688  
-9.205637859  
-6.851243255  
-3.71971146  
-0.3056490497  
2.935699518  
5.638221371  
7.54051943  
8.485665305  
8.42469272  
7.432750241  
5.730231477  
3.687707693  
1.7910174  
0.5542484837  
0.3906382515  
1.475096166  
3.646914865  
6.398272277  
8.971848655  
10.55483174  
10.51922142  
8.634012792  
5.174398726  
0.8798801448  
-3.240031262  
-6.201562415  
-7.353889233  
-6.596557607  
-4.429028473  
-1.805680605  
0.1662694038  
0.5934895991  
-0.8911092644  
-3.976942552  
-7.742709818  
-10.92874229  
-12.33286041  
-11.20411282  
-7.505515458  
-1.956459257  
4.164463255  
9.397523728  
12.54237319  
13.02081297  
11.04569  
7.541810884  
3.844643291  
1.273761182  
0.717387945  
2.359334065  
5.632032365  
9.405941062  
12.35008001  
13.34618552  
11.82572638  
7.928257669  
2.44018694  
-3.45601268  
-8.534140537  
-11.86365905  
-13.03348451  
-12.20167833  
-9.972760414  
-7.159384081  
-4.517359363  
-2.542882762  
-1.390985457  
-0.9266283151  
-0.8723494298  
-0.9852675263  
-1.191268551  
-1.625529584  
-2.566848203  
-4.294137578  
-6.922272365  
-10.28167282  
-13.89000816  
-17.03208728  
-18.92689213  
-18.93200323  
-16.72412045  
-12.40297429  
-6.490416341  
0.1724023662  
6.599067565  
11.85640459  
15.23963621  
16.38830824  
15.32631984  
12.42889986  
8.333638639  
3.818953425  
-0.326960946  
-3.428114301  
-5.019764883  
-4.91404522  
-3.223704629  
-0.3380830337  
3.149260757  
6.553141764  
9.230653145  
10.70853327  
10.77311561  
9.498235161  
7.20178526  
4.342340697  
1.386748017  
-1.309656399  
-3.571190233  
-5.396297814  
-6.882455083  
-8.112196063  
-9.047928654  
-9.483280792  
-9.080333315  
-7.490328237  
-4.521233461  
-0.2915114273  
4.694368516  
9.593130414  
13.39824943  
15.20414647  
14.48299159  
11.28456511  
6.285680697  
0.658096825  
-4.219972299  
-7.13144106  
-7.359779312  
-4.895901039  
-0.4450814493  
4.773670798  
9.37899213  
12.22454195  
12.7219552  
10.99113818  
7.793293864  
4.269780395  
1.570503005  
0.4890581696  
1.218315085  
3.300394175  
5.782815169  
7.527761618  
7.574940215  
5.444553314  
1.289005204  
-4.148176005  
-9.747011785  
-14.32814581  
-16.97401635  
-17.2605308  
-15.3388369  
-11.8559162  
-7.751161069  
-3.998436177  
-1.370924501  
-0.2891058603  
-0.7791250285  
-2.532125372  
-5.027649667  
-7.673710025  
-9.923530661  
-11.34852402  
-11.66907423  
-10.75990906  
-8.64975323  
-5.525983707  
-1.739936644  
2.204193949  
5.696990644  
8.118519278  
8.971071029  
8.019396761  
5.393840607  
1.612958412  
-2.499043341  
-5.993164871  
-8.033380869  
-8.125348965  
-6.26496469  
-2.954483031  
0.9281975258  
4.375587229  
6.541748589  
6.990292819  
5.820789503  
3.631062168  
1.323855263  
-0.1835195243  
-0.2554933082  
1.254228103  
3.951643827  
7.026152318  
9.510786073  
10.59609115  
9.896366091  
7.58127164  
4.328573673  
1.111377447  
-1.113097097  
-1.713592922  
-0.5935311153  
1.770070337  
4.472019901  
6.464340422  
6.892230762  
5.374488833  
2.139198051  
-2.029408626  
-6.017985964  
-8.7157968  
-9.349366344  
-7.717570712  
-4.255493221  
0.09187188219  
4.146950895  
6.843616671  
7.53441215  
6.170118928  
3.300514103  
-0.1005715374  
-2.930727274  
-4.285510939  
-3.719770993  
-1.369370104  
2.098071182  
5.683949881  
8.348347267  
9.302692049  
8.222124436  
5.320900942  
1.275711482  
-2.974221393  
-6.488173996  
-8.570254131  
-8.933752168  
-7.74347342  
-5.532693201  
-3.026688628  
-0.9285700216  
0.2703675207  
0.4050107479  
-0.3504155452  
-1.56617592  
-2.706964805  
-3.301059402  
-3.080027205  
-2.052024722  
-0.4926297828  
1.139420615  
2.334473057  
2.674356016  
1.947002687  
0.2051507447  
-2.24302401  
-4.905759949  
-7.221778919  
-8.687672966  
-8.968679573  
-7.968822575  
-5.847057427  
-2.978786689  
0.1262888351  
2.93055708  
4.975916229  
5.970260622  
5.836482359  
4.715877982  
2.927478894  
0.8936354444  
-0.9513201583  
-2.249784924  
-2.788819631  
-2.534384381  
-1.626817115  
-0.3410721585  
0.9773132436  
1.985297635  
2.40865545  
2.089135661  
1.005971464  
-0.7281265031  
-2.890932046  
-5.186356363  
-7.283849973  
-8.85633555  
-9.614856993  
-9.340674833  
-7.915669212  
-5.349823933  
-1.800932692  
2.421289872  
6.874924935  
11.03427486  
14.36486647  
16.41411294  
16.89909486  
15.7696699  
13.22805611  
9.695571098  
5.730908085  
1.918149513  
-1.247700835  
-3.448235394  
-4.580159435  
-4.737305154  
-4.145841664  
-3.076690524  
-1.765447649  
-0.3660637596  
1.048818389  
2.446102138  
3.770752193  
4.894935655  
5.605260295  
5.641602826  
4.780502  
2.936323364  
0.2419250313  
-2.927384163  
-6.006904636  
-8.367515877  
-9.481059586  
-9.076649858  
-7.236012948  
-4.391402583  
-1.218848614  
1.546420465  
3.318209578  
3.826163156  
3.186433789  
1.850733024  
0.4475249297  
-0.4345534102  
-0.4500241381  
0.3821425407  
1.682512006  
2.842404632  
3.241017659  
2.476323683  
0.5302610882  
-2.19170793  
-4.96605026  
-6.972359081  
-7.560727546  
-6.47746255  
-3.972079257  
-0.7453711017  
2.250306094  
4.098507102  
4.203727177  
2.482745791  
-0.6000697316  
-4.166320417  
-7.184735305  
-8.777867619  
-8.478204973  
-6.354720229  
-2.973428152  
0.790746473  
4.026562761  
6.054305335  
6.604672  
5.856842144  
4.332237082  
2.688085952  
1.485806903  
1.013465255  
1.218789897  
1.767950012  
2.200773273  
2.120613864  
1.347875267  
-0.01745573317  
-1.643398702  
-3.101732316  
-4.037779124  
-4.308724383  
-4.037792013  
-3.563762849  
-3.304758444  
-3.587449169  
-4.506103181  
-5.865493869  
-7.231181693  
-8.071558659  
-7.94203543  
-6.645678817  
-4.312055362  
-1.364618641  
1.613434675  
4.068516713  
5.654630984  
6.336745531  
6.38220289  
6.242201352  
6.364674531  
7.005028382  
8.103404064  
9.275330054  
9.924209142  
9.44207714  
7.433787238  
3.889958839  
-0.7511013894  
-5.67755382  
-9.896259341  
-12.48787407  
-12.85000894  
-10.85782368  
-6.897099445  
-1.763581502  
3.538822911  
8.041157137  
11.02638986  
12.16541426  
11.5449375  
9.592949968  
6.934794175  
4.227267039  
2.016377319  
0.6495957304  
0.2518228349  
0.7542438314  
1.952779124  
3.570969456  
5.309425503  
6.875976786  
8.001756254  
8.45431434  
8.057562031  
6.72147246  
4.475449932  
1.492675186  
-1.908684255  
-5.296516342  
-8.1878117  
-10.13306993  
-10.8037473  
-10.06229645  
-7.998132099  
-4.921288219  
-1.315555996  
2.238623589  
5.156171809  
6.938221432  
7.248216846  
5.963523554  
3.196889795  
-0.7149645851  
-5.255635065  
-9.803130393  
-13.72629487  
-16.49056312  
-17.75470276  
-17.43763258  
-15.73660292  
-13.08664257  
-10.06454343  
-7.256262321  
-5.119125537  
-3.875143916  
-3.466332347  
-3.587264176  
-3.788292712  
-3.621289098  
-2.785376462  
-1.228353963  
0.8284575518  
2.951327359  
4.623889896  
5.406263717  
5.074225743  
3.694851218  
1.614758787  
-0.6352419564  
-2.488934618  
-3.50012443  
-3.45670492  
-2.419852981  
-0.6798648484  
1.352457107  
3.27984242  
4.832502113  
5.925648527  
6.645647265  
7.175526058  
7.691726249  
8.27309388  
8.857240309  
9.260938344  
9.256863233  
8.677570952  
7.506799132  
5.921780466  
4.267080482  
2.964470306  
2.386274292  
2.733260226  
3.958025655  
5.760782327  
7.661421775  
9.127426445  
9.719636062  
9.212660299  
7.655171535  
5.354118939  
2.789896772  
0.4889307037  
-1.109422766  
-1.756075314  
-1.441271473  
-0.3824000572  
1.039783288  
2.37508896  
3.202723058  
3.213293  
2.260710583  
0.3801359092  
-2.224570263  
-5.216848548  
-8.179567035  
-10.67720703  
-12.32273749  
-12.8427227  
-12.13164996  
-10.28420046  
-7.594335863  
-4.51446776  
-1.576454224  
0.7131257043  
1.981496157  
2.075523072  
1.101201588  
-0.5965767036  
-2.512052353  
-4.096727163  
-4.888499324  
-4.619493976  
-3.276294636  
-1.099604011  
1.47324716  
3.905189045  
5.670013852  
6.351078598  
5.709788206  
3.716363554  
0.5457818042  
-3.452055817  
-7.798004575  
-11.93869513  
-15.30896149  
-17.40204357  
-17.84594571  
-16.47812422  
-13.40320857  
-9.013813702  
-3.956612533  
0.9637662242  
4.933374403  
7.301854047  
7.737715687  
6.321601503  
3.54451121  
0.2017469157  
-2.797052981  
-4.654962261  
-4.890653051  
-3.459405777  
-0.7559822404  
2.503184056  
5.485330632  
7.47458381  
8.064900637  
7.25715086  
5.434513026  
3.228103563  
1.318087309  
0.2338585414  
0.2144655059  
1.168462969  
2.738443235  
4.441405067  
5.83311267  
6.640169841  
6.81856742  
6.526000846  
6.026723586  
5.570992448  
5.297863642  
5.198424599  
5.151006438  
5.010433537  
4.710897794  
4.335425873  
4.116704221  
4.360449206  
5.313775229  
7.025692371  
9.255264677  
11.47115183  
12.95739579  
13.00375097  
11.12715156  
7.255245525  
1.809468756  
-4.34730215  
-10.09322186  
-14.31451069  
-16.18419477  
-15.37410496  
-12.14000353  
-7.256019239  
-1.817736536  
3.029926344  
6.36460643  
7.685967791  
6.994592024  
4.738549394  
1.653372458  
-1.451812573  
-3.899600922  
-5.288027587  
-5.543137511  
-4.880232928  
-3.699115596  
-2.453109274  
-1.532105373  
-1.188069814  
-1.513083822  
-2.46190088  
-3.899211269  
-5.649213143  
-7.530937267  
-9.373576328  
-11.01668984  
-12.30659673  
-13.10020273  
-13.28184873  
-12.7903591  
-11.64619278  
-9.965767752  
-7.952765752  
-5.863788461  
-3.955077953  
-2.424558612  
-1.366367926  
-0.7520870105  
-0.4448732996  
-0.242645344  
0.0625635375  
0.6266721785  
1.513746205  
2.684869228  
4.017038712  
5.344232601  
6.506429993  
7.390886071  
7.953324231  
8.21388755  
8.231099  
8.064145497  
7.737516041  
7.221163008  
6.434612458  
5.275851725  
3.667888995  
1.609576  
-0.7854910432  
-3.276583001  
-5.5186823  
-7.120469453  
-7.727502724  
-7.112361121  
-5.248999662  
-2.349614579  
1.150739213  
4.66484414  
7.56822609  
9.334509283  
9.659388052  
8.541292096  
6.295067134  
3.490528559  
0.8267589552  
-1.02950162  
-1.602091359  
-0.7201562583  
1.440750002  
4.402673908  
7.503644091  
10.0600106  
11.53086711  
11.64265036  
10.44347138  
8.276166281  
5.680733808  
3.254625513  
1.508310535  
0.7518237058  
1.036937134  
2.163170493  
3.739372566  
5.280637365  
6.31542407  
6.48005907  
5.584720136  
3.643712866  
0.8698632649  
-2.362764141  
-5.581780502  
-8.297908394  
-10.09579806  
-10.72142638  
-10.14919909  
-8.60987023  
-6.563617714  
-4.612585662  
-3.363211632  
-3.266506733  
-4.478066307  
-6.782676352  
-9.61705009  
-12.19926087  
-13.74074701  
-13.68632465  
-11.91031235  
-8.800859275  
-5.191576685  
-2.143933975  
-0.632585569  
-1.2234442  
-3.846611557  
-7.746662679  
-11.64420236  
-14.07839635  
-13.83982759  
-10.36677201  
-3.979231053  
4.133384495  
12.18413635  
18.25373882  
20.819624  
19.19373534  
13.73549948  
5.770446332  
-2.76742671  
-9.867017718  
-13.98859065  
-14.46638159  
-11.64682673  
-6.725508249  
-1.339148397  
2.955794405  
5.15324278  
5.071012051  
3.347834268  
1.174118864  
-0.1479991672  
0.3332888653  
2.887711429  
7.007987208  
11.57830742  
15.24573262  
16.86831954  
15.89097549  
12.52653395  
7.685930327  
2.684678484  
-1.174472401  
-3.004862359  
-2.595305675  
-0.4460711833  
2.423216892  
4.8243618  
5.791811785  
4.88737274  
2.324374873  
-1.120778013  
-4.372299137  
-6.402540205  
-6.550281538  
-4.712455154  
-1.357891486  
2.629240205  
6.216491762  
8.512011671  
8.988350426  
7.583379199  
4.664573472  
0.8859506474  
-3.005157973  
-6.348761918  
-8.693220695  
-9.837693146  
-9.805905268  
-8.780139527  
-7.028216993  
-4.846519814  
-2.525575382  
-0.3301427775  
1.520137527  
2.878398344  
3.703348129  
4.081782334  
4.22073608  
4.39601439  
4.860919974  
5.739494967  
6.943198699  
8.150486174  
8.872287854  
8.59690675  
6.975414644  
3.986069418  
0.0139062729  
-4.196696699  
-7.71843855  
-9.702474121  
-9.645522019  
-7.57325019  
-4.070907869  
-0.138992435  
3.090186554  
4.68950448  
4.218909353  
1.856889076  
-1.666798795  
-5.319428163  
-8.114267084  
-9.442602544  
-9.273549987  
-8.148988541  
-6.970533232  
-6.648496008  
-7.733870476  
-10.16492274  
-13.2248516  
-15.73695923  
-16.44206331  
-14.43740646  
-9.53015548  
-2.381636292  
5.61571425  
12.69973072  
17.23015989  
18.15789871  
15.32456837  
9.498877184  
2.140779658  
-5.028876472  
-10.51490647  
-13.43810667  
-13.71277992  
-11.96804273  
-9.254628916  
-6.646957838  
-4.87910946  
-4.134271451  
-4.048572084  
-3.913235099  
-2.991059179  
-0.8273331719  
2.55714351  
6.656467305  
10.650846  
13.69131281  
15.19213531  
15.02571236  
13.55297628  
11.48322953  
9.618584685  
8.577545864  
8.596538108  
9.476595048  
10.68770544  
11.58594223  
11.65931446  
10.71119335  
8.916781346  
6.737582062  
4.732479384  
3.341617617  
2.727193507  
2.731236296  
2.963844806  
2.984293959  
2.501141762  
1.509888151  
0.3105560193  
-0.6059978212  
-0.7626828014  
0.08584160033  
1.807861505  
3.884148646  
5.546433932  
6.023883169  
4.814694929  
1.886762347  
-2.267755075  
-6.750775217  
-10.51743552  
-12.69453709  
-12.85476717  
-11.15585302  
-8.297420201  
-5.307692494  
-3.227472024  
-2.791461752  
-4.206426908  
-7.093022919  
-10.60480846  
-13.68232295  
-15.36024966  
-15.03387243  
-12.60929509  
-8.502680913  
-3.501959389  
1.455839342  
5.519446414  
8.103796583  
8.97521788  
8.235334801  
6.229039095  
3.419401971  
0.2727139687  
-2.817730866  
-5.561574509  
-7.76624398  
-9.317181675  
-10.16182902  
-10.30533903  
-9.813763076  
-8.81288153  
-7.471734783  
-5.968589242  
-4.448812916  
-2.992511626  
-1.609498025  
-0.2693315131  
1.042173973  
2.263956801  
3.229140987  
3.687426738  
3.385879841  
2.187870701  
0.1879812437  
-2.227692773  
-4.415426301  
-5.612515932  
-5.152971967  
-2.698550864  
1.592693977  
7.028194991  
12.50506779  
16.7774504  
18.79744628  
18.02868449  
14.63158693  
9.453278148  
3.813705106  
-0.8556443478  
-3.414424252  
-3.334485827  
-0.838949579  
3.185011273  
7.472270643  
10.77342529  
12.23022329  
11.61357111  
9.351006429  
6.340738264  
3.620157734  
2.004232428  
1.817270657  
2.807557059  
4.269998549  
5.329392915  
5.281184079  
3.86690507  
1.384761463  
-1.406128646  
-3.556334924  
-4.277536086  
-3.25044345  
-0.7775301239  
2.279499064  
4.764156752  
5.60828555  
4.207407677  
0.661010855  
-4.207925149  
-9.068908178  
-12.47347444  
-13.29890159  
-11.10738986  
-6.307164705  
-0.06308391901  
6.018107266  
10.33367861  
11.7287732  
9.807735272  
5.024849677  
-1.465367048  
-8.146444641  
-13.56138431  
-16.69231882  
-17.19223344  
-15.41202543  
-12.2297719  
-8.746667126  
-5.948953823  
-4.437942447  
-4.302468022  
-5.15995949  
-6.3396658  
-7.14054254  
-7.078108151  
-6.043465099  
-4.328924602  
-2.517941669  
-1.278759323  
-1.129304156  
-2.24794271  
-4.389496996  
-6.933833092  
-9.054639555  
-9.9604315  
-9.137773678  
-6.524677723  
-2.560194584  
1.909816994  
5.850479442  
8.322753711  
8.757112493  
7.137061754  
4.034940327  
0.48142237  
-2.303465662  
-3.248683101  
-1.74688208  
2.146105903  
7.690412305  
13.63506332  
18.54423344  
21.18967015  
20.89861202  
17.75477247  
12.58928332  
6.758282306  
1.767209589  
-1.150821459  
-1.378937918  
0.9197298424  
4.867842564  
9.149088263  
12.40847134  
13.65448496  
12.5395944  
9.434157993  
5.274809594  
1.240320318  
-1.637223116  
-2.798433733  
-2.314695981  
-0.82993085  
0.6895563353  
1.30868837  
0.4581337412  
-1.865214403  
-5.1000292  
-8.322757721  
-10.57904639  
-11.22812502  
-10.17892694  
-7.933701696  
-5.421169281  
-3.674427562  
-3.463408513  
-5.008971744  
-7.879365901  
-11.10867635  
-13.50169974  
-14.02602372  
-12.16167666  
-8.091876014  
-2.670650991  
2.823509754  
7.068747269  
9.093430121  
8.557774308  
5.837615283  
1.890036033  
-2.049313756  
-4.836088998  
-5.737002736  
-4.604915594  
-1.866764223  
1.655540837  
5.019780479  
7.438445683  
8.46896179  
8.071606795  
6.537618172  
4.333638916  
1.930863763  
-0.3180410574  
-2.219557163  
-3.701267773  
-4.731740327  
-5.249082841  
-5.139777686  
-4.281897344  
-2.633126913  
-0.3190299851  
2.328387052  
4.814414591  
6.606644419  
7.303786109  
6.786643718  
5.288749535  
3.348556437  
1.647119437  
0.7792985028  
1.036158374  
2.278635523  
3.955433062  
5.269499977  
5.444358748  
4.002869545  
0.9617221746  
-3.130482963  
-7.332666876  
-10.58895891  
-12.05671615  
-11.37728506  
-8.798802434  
-5.108406523  
-1.394324856  
1.285138321  
2.218311018  
1.241052224  
-1.239655647  
-4.40095857  
-7.280736298  
-9.080199387  
-9.392842908  
-8.28990545  
-6.244772737  
-3.934447554  
-1.995690326  
-0.8233416619  
-0.4766041714  
-0.7150497535  
-1.136931317  
-1.356557063  
-1.14772617  
-0.4992699255  
0.4319881513  
1.441855463  
2.413447294  
3.401069115  
4.620229054  
6.341357456  
8.727736897  
11.6862159  
14.80047689  
17.38914692  
18.68438181  
18.07812395  
15.35151066  
10.80128927  
5.20780047  
-0.3577725244  
-4.831883509  
-7.467472963  
-8.049603028  
-6.94266727  
-4.949743877  
-3.029260495  
-1.964254247  
-2.097517053  
-3.224460356  
-4.681467776  
-5.599449346  
-5.233995972  
-3.255660087  
0.1033311693  
4.100195132  
7.715832981  
9.992950863  
10.361378  
8.837140526  
6.024454256  
2.917629856  
0.5688896362  
-0.265326574  
0.6206752511  
2.812104368  
5.412330673  
7.342044816  
7.697048641  
6.044160776  
2.557550018  
-2.046343315  
-6.748021296  
-10.5527845  
-12.79414495  
-13.3118715  
-12.45034128  
-10.88696138  
-9.359177938  
-8.391516003  
-8.120248532  
-8.274987923  
-8.318012524  
-7.684916336  
-6.034383105  
-3.413121111  
-0.2742638562  
2.658435735  
4.631869136  
5.123343783  
4.025205391  
1.687588956  
-1.196612729  
-3.824440895  
-5.551356307  
-6.101418466  
-5.645909493  
-4.723847475  
-4.033377057  
-4.167929024  
-5.389748344  
-7.519495019  
-9.979665669  
-11.97615739  
-12.75515517  
-11.84800915  
-9.222807623  
-5.29500422  
-0.798522418  
3.434613218  
6.709631814  
8.642165113  
9.218101474  
8.73166491  
7.636470408  
6.372667108  
5.236826733  
4.339694264  
3.658917277  
3.154324271  
2.887192277  
3.082547846  
4.09588979  
6.28479571  
9.827196173  
14.55574703  
19.88050002  
24.84770285  
28.33789991  
29.35681899  
27.33491992  
22.33982872  
15.12580202  
6.990483897  
-0.5320473075  
-6.060592119  
-8.72828886  
-8.410203532  
-5.748253485  
-1.963530476  
1.49121773  
3.338950276  
2.828203261  
-0.07401403715  
-4.698557242  
-9.889877122  
-14.35320631  
-17.02867855  
-17.38298522  
-15.53687975  
-12.1976654  
-8.424212216  
-5.300114505  
-3.61467109  
-3.645192782  
-5.100601822  
-7.236493888  
-9.101023748  
-9.83422382  
-8.930588611  
-6.389021686  
-2.70980893  
1.255736282  
4.554919769  
6.407637132  
6.425334643  
4.714073959  
1.835725821  
-1.357747942  
-3.966935119  
-5.294832766  
-5.034612518  
-3.345563991  
-0.7997526758  
1.782250271  
3.55901106  
3.896566645  
2.537137377  
-0.3337395381  
-4.135084307  
-8.036164458  
-11.1585039  
-12.78075004  
-12.49572602  
-10.28486702  
-6.498910116  
-1.758425798  
3.193497183  
7.645750412  
11.04365433  
13.05931668  
13.6018722  
12.77878727  
10.83060462  
8.064051557  
4.802457851  
1.361026806  
-1.957909081  
-4.862959999  
-7.08022874  
-8.377958295  
-8.6084609  
-7.755458097  
-5.967679032  
-3.559640262  
-0.9684719087  
1.330505762  
2.931795385  
3.602705123  
3.350249998  
2.428553803  
1.279406772  
0.4184274457  
0.2964552296  
1.174705221  
3.049420105  
5.647839487  
8.496286979  
11.039769  
12.77748276  
13.37509775  
12.72360643  
10.93295675  
8.270373519  
5.070604274  
1.652461213  
-1.729561353  
-4.885965877  
-7.653392867  
-9.842009088  
-11.20222637  
-11.4378607  
-10.27457914  
-7.56855241  
-3.419115139  
1.760252894  
7.251695857  
12.14010452  
15.50242978  
16.63341491  
15.24314137  
11.56285676  
6.31767523  
0.5627204184  
-4.578436619  
-8.201235698  
-9.849353952  
-9.61546172  
-8.080239981  
-6.105790397  
-4.545935226  
-3.964145608  
-4.449914867  
-5.595149017  
-6.641955641  
-6.757485035  
-5.348226458  
-2.309873101  
1.874197326  
6.226886577  
9.543880915  
10.75590139  
9.275617563  
5.218101733  
-0.5808736505  
-6.76391637  
-11.8165449  
-14.49241268  
-14.17306894  
-11.05304036  
-6.092017421  
-0.7452249216  
3.450304412  
5.312598  
4.346971942  
0.8776104631  
-4.057240369  
-9.012087384  
-12.54994189  
-13.64434797  
-11.95259649  
-7.886603232  
-2.469639346  
2.970137998  
7.173566376  
9.28178905  
9.033878794  
6.784401593  
3.349938563  
-0.2576130594  
-3.125009419  
-4.672603237  
-4.769072876  
-3.705694007  
-2.052978421  
-0.4543462347  
0.5761547775  
0.7940229674  
0.2693787382  
-0.6643946052  
-1.531873506  
-1.863846105  
-1.328440795  
0.1875600785  
2.561001252  
5.472988814  
8.488930805  
11.15361143  
13.07929417  
14.01184759  
13.8678905  
12.7419893  
10.88605166  
8.664200674  
6.487408168  
4.734812032  
3.672996696  
3.389180908  
3.756334778  
4.445390649  
4.99059985  
4.900264509  
3.790163111  
1.506174622  
-1.799724393  
-5.667445634  
-9.410035868  
-12.26459125  
-13.57806586  
-12.98063494  
-10.49951096  
-6.579974815  
-2.003964327  
2.276543022  
5.351689999  
6.560047269  
5.639622202  
2.788548028  
-1.376957727  
-5.955614851  
-9.953496918  
-12.49329011  
-12.99683145  
-11.30525769  
-7.714848429  
-2.922809546  
2.107009219  
6.334922961  
8.859051696  
9.112175443  
7.00162723  
2.958418509  
-2.124197129  
-7.061277144  
-10.62915079  
-11.85010597  
-10.24281749  
-5.971930079  
0.1519177977  
6.836087218  
12.60508065  
16.1653487  
16.74111982  
14.28682939  
9.509912153  
3.688239016  
-1.674300775  
-5.260560229  
-6.303184976  
-4.790212386  
-1.449762379  
2.484098324  
5.654743611  
6.998628542  
6.064456361  
3.136227258  
-0.8779693269  
-4.754758886  
-7.361483189  
-8.027185182  
-6.757761267  
-4.225510264  
-1.537746874  
0.1378954333  
-0.03336276885  
-2.272086392  
-6.107146128  
-10.52526769  
-14.29455774  
-16.35146656  
-16.12143106  
-13.66880604  
-9.632612096  
-4.979291736  
-0.6663148459  
2.661341764  
4.835347058  
6.135995237  
7.0912718  
8.186760114  
9.603357307  
11.08957176  
12.02464158  
11.65610006  
9.427003116  
5.269060732  
-0.2561890974  
-6.036372677  
-10.69853343  
-13.02426937  
-12.353241  
-8.834597444  
-3.430972121  
2.340254395  
6.855574167  
8.884777272  
7.98094687  
4.632650919  
0.1248355711  
-3.851663188  
-5.721262287  
-4.512964703  
-0.1662895266  
6.43845737  
13.73022559  
19.89544307  
23.38427065  
23.32304356  
19.71764748  
13.40271203  
5.771172375  
-1.618677273  
-7.434664655  
-10.85149324  
-11.65860752  
-10.19405486  
-7.155926191  
-3.3706641  
0.4058761022  
3.607560506  
5.890002282  
7.101901487  
7.237239452  
6.40278768  
4.812338974  
2.792927924  
0.7725991722  
-0.7774498107  
-1.452072574  
-1.047985445  
0.3233161754  
2.201143444  
3.856535324  
4.486115972  
3.470502262  
0.614466367  
-3.721050195  
-8.658431488  
-13.02369922  
-15.69278274  
-15.95798771  
-13.79097459  
-9.903453786  
-5.568755476  
-2.247003566  
-1.126665242  
-2.730366671  
-6.718781573  
-11.96565976  
-16.88867878  
-19.93458493  
-20.06283073  
-17.0693576  
-11.6435617  
-5.139919862  
0.8584710942  
5.037314777  
6.7427905  
6.138645457  
4.082180265  
1.770734576  
0.2896316228  
0.2251605532  
1.480410148  
3.356763958  
4.866447296  
5.156581383  
3.883579537  
1.393711397  
-1.364140791  
-3.169227118  
-2.9874773  
-0.391243536  
4.217708267  
9.673637611  
14.39101316  
16.87718643  
16.23930109  
12.50771021  
6.657419456  
0.3116241071  
-4.778163195  
-7.301285277  
-6.811961365  
-3.860648748  
0.2157393112  
3.775913706  
5.464601425  
4.707379735  
1.936093338  
-1.538854067  
-3.972945066  
-3.8031572  
-0.2281246033  
6.445476916  
14.81360316  
22.7489122  
28.02477558  
28.99299584  
25.1004449  
17.08116991  
6.764109797  
-3.441890965  
-11.22461597  
-14.99925656  
-14.30685573  
-9.872413039  
-3.323627808  
3.325358714  
8.256017977  
10.31617616  
9.250538845  
5.647229355  
0.6483808451  
-4.458563005  
-8.627762854  
-11.3026278  
-12.46643434  
-12.51069805  
-11.99544329  
-11.40276013  
-10.97357458  
-10.67517937  
-10.29197044  
-9.58501147  
-8.444452086  
-6.968485526  
-5.437640659  
-4.198872594  
-3.511696817  
-3.424227199  
-3.734849734  
-4.060615495  
-3.990097035  
-3.263127788  
-1.906253899  
-0.2663065598  
1.079611364  
1.51400632  
0.6067462914  
-1.698510271  
-5.007970854  
-8.545361991  
-11.34998851  
-12.54764675  
-11.61123617  
-8.529482897  
-3.830106187  
1.551062584  
6.516013141  
10.09197246  
11.67584227  
11.16662377  
8.953023372  
5.768068722  
2.461650305  
-0.2367191424  
-1.894500338  
-2.444999727  
-2.137852408  
-1.397825662  
-0.6453976934  
-0.1409037834  
0.0975302559  
0.2789574327  
0.7371607333  
1.779129633  
3.538209193  
5.883666738  
8.419941576  
10.58000479  
11.78697765  
11.63566225  
10.03765921  
7.282821872  
3.993268065  
0.9774440729  
-0.9783131834  
-1.323474696  
0.09874941146  
2.996158562  
6.693861259  
10.30640109  
12.96912254  
14.06392886  
13.37510739  
11.13045859  
7.91630544  
4.492651346  
1.564998365  
-0.4170664528  
-1.372536524  
-1.578729467  
-1.543257668  
-1.801820873  
-2.710479518  
-4.304058538  
-6.271298312  
-8.058697839  
-9.070638826  
-8.898526231  
-7.498230202  
-5.249004491  
-2.864611707  
-1.177172328  
-0.8596199642  
-2.178155795  
-4.861699752  
-8.141340352  
-10.95876415  
-12.28629138  
-11.46089682  
-8.424715242  
-3.789662919  
1.303168863  
5.494187952  
7.595684966  
6.943896028  
3.604249944  
-1.634552217  
-7.477007897  
-12.4821685  
-15.46003795  
-15.78403689  
-13.5288873  
-9.399702313  
-4.483736364  
0.0900913498  
3.474153462  
5.309176254  
5.759480638  
5.378764935  
4.863342446  
4.782527303  
5.377479057  
6.490982738  
7.643056541  
8.217579777  
7.69044899  
5.820522486  
2.742474273  
-1.062565767  
