5.700171661  
1.845232007  
-2.450211512  
-5.811691756  
-7.136935606  
-5.971035606  
-2.660283363  
1.76795996  
5.956138625  
8.674274943  
9.224107515  
7.648980257  
4.678792448  
1.434017452  
-1.001127159  
-1.97983025  
-1.521294121  
-0.2826682126  
0.7164109556  
0.5165659164  
-1.367077396  
-4.694930522  
-8.516983972  
-11.45739316  
-12.17886653  
-9.868851306  
-4.576820041  
2.721302244  
10.36446551  
16.48263841  
19.55581239  
18.87381227  
14.74645656  
8.395950161  
1.568753162  
-4.003822173  
-7.119004502  
-7.424931672  
-5.45435467  
-2.37093547  
0.4744357952  
2.019019032  
1.831829952  
0.212820142  
-1.976647809  
-3.6816689  
-4.081768011  
-2.922482046  
-0.6310599595  
1.824849555  
3.284682248  
2.824669069  
0.1164784247  
-4.413889309  
-9.686496398  
-14.29686878  
-16.96507142  
-16.95352973  
-14.31280079  
-9.872035662  
-4.976433155  
-1.057913697  
0.8200870556  
0.2955837909  
-2.18780437  
-5.53608354  
-8.365691296  
-9.450705139  
-8.112284718  
-4.42817431  
0.7993327507  
6.300188579  
10.73110725  
13.08080591  
12.96073916  
10.69711393  
7.205374753  
3.69606035  
1.309670615  
0.7934631101  
2.312842348  
5.442474667  
9.324868547  
12.93532428  
15.36653235  
16.04959439  
14.85674633  
12.07329778  
8.266939963  
4.109038403  
0.208049605  
-2.999895009  
-5.285376355  
-6.596187412  
-6.994996064  
-6.600010917  
-5.55436422  
-4.030197052  
-2.253283143  
-0.5215227467  
0.8085709204  
1.379895217  
0.9289062802  
-0.6125804611  
-3.047068744  
-5.907975714  
-8.540334404  
-10.25537987  
-10.52132593  
-9.134804316  
-6.316449854  
-2.69184594  
0.8487986617  
3.381462717  
4.208132516  
3.070144896  
0.248154968  
-3.488383066  
-7.076167975  
-9.447593083  
-9.833876036  
-7.992882186  
-4.29138926  
0.3875221689  
4.889708276  
8.118664281  
9.351290624  
8.445436693  
5.874659489  
2.577174402  
-0.3367846945  
-1.930158059  
-1.729334828  
0.1325942841  
2.966965512  
5.761082778  
7.517814361  
7.594116202  
5.926941037  
3.068808484  
0.01566841944  
-2.122332171  
-2.5028641  
-0.8606386364  
2.362355202  
6.116840556  
9.053803057  
9.94786565  
8.10329123  
3.610179911  
-2.637579997  
-9.176775961  
-14.39486967  
-17.00718075  
-16.44152928  
-13.00720551  
-7.792267364  
-2.319397092  
1.931572938  
3.982754318  
3.651995176  
1.587309186  
-0.9687900244  
-2.608189963  
-2.239873627  
0.5306525707  
5.248667144  
10.73411547  
15.44227566  
17.94504928  
17.37860944  
13.71507191  
7.773869861  
0.9727951004  
-5.098437042  
-9.144739502  
-10.52581389  
-9.401776377  
-6.627953395  
-3.443585513  
-1.062750266  
-0.3016596533  
-1.357806501  
-3.801119613  
-6.765265546  
-9.263167209  
-10.51532764  
-10.18308289  
-8.438115263  
-5.858938401  
-3.203748535  
-1.14665217  
-0.06962424376  
0.02424589378  
-0.5416795442  
-1.27690947  
-1.722573348  
-1.613846637  
-0.9498758392  
0.04610085663  
1.051231894  
1.79631954  
2.184512045  
2.328873827  
2.496414135  
2.983700133  
3.975892181  
5.446997331  
7.142555931  
8.653534171  
9.554794067  
9.556303253  
8.610030009  
6.931893908  
4.929831676  
3.064162824  
1.691599126  
0.9502402505  
0.7274589591  
0.7216785849  
0.573986639  
0.01960677101  
-0.99827273  
-2.295919636  
-3.511332175  
-4.23976713  
-4.19335289  
-3.325800676  
-1.874659558  
-0.302259089  
0.8478039571  
1.131621692  
0.3623201076  
-1.310357423  
-3.426995236  
-5.345982165  
-6.432606492  
-6.251436258  
-4.702986612  
-2.063947834  
1.079699149  
3.985158321  
5.945567224  
6.468812108  
5.395753374  
2.931382218  
-0.4121683861  
-3.939275282  
-6.926013602  
-8.76917865  
-9.098949076  
-7.837654999  
-5.200930115  
-1.648073554  
2.205191041  
5.695960209  
8.229241567  
9.382703879  
8.984929572  
7.152180292  
4.272789357  
0.9364604866  
-2.182409599  
-4.465684585  
-5.485265687  
-5.096284695  
-3.463695889  
-1.012757422  
1.684978372  
4.059197229  
5.680133457  
6.349779191  
6.12006673  
5.236362578  
4.028916982  
2.791454712  
1.689263884  
0.7273993536  
-0.2130889665  
-1.288428302  
-2.591453234  
-4.078875769  
-5.557938407  
-6.740970787  
-7.349650909  
-7.229946798  
-6.432162478  
-5.221109225  
-4.006006914  
-3.209494295  
-3.119404016  
-3.776144586  
-4.938935709  
-6.148136829  
-6.867554249  
-6.661498005  
-5.34728882  
-3.070152457  
-0.2726161691  
2.434108013  
-0.2995218396  
2.002131374  
5.159555076  
8.650734013  
11.66395588  
13.3430188  
13.07542982  
10.72427806  
6.719342107  
1.968362361  
-2.389803999  
-5.313546317  
-6.162218736  
-4.875725247  
-1.971624406  
1.637236052  
4.941142026  
7.146393232  
7.898383064  
7.344022153  
6.020291627  
4.616608609  
3.701467528  
3.513308782  
3.889086982  
4.351589363  
4.317701051  
3.346010301  
1.329138886  
-1.441690565  
-4.363660961  
-6.727941664  
-7.966818057  
-7.850474799  
-6.560880075  
-4.616522146  
-2.677299841  
-1.303219427  
-0.7569985232  
-0.923490119  
-1.374503475  
-1.552957753  
-1.005734503  
0.4231152208  
2.511796878  
4.723079053  
6.386067181  
6.92953269  
6.080328153  
3.954558013  
1.010400521  
-2.116015854  
-4.82674074  
-6.747113083  
-7.811142175  
-8.21942657  
-8.293447335  
-8.291923976  
-8.270382597  
-8.047353224  
-7.296383774  
-5.72902917  
-3.292012253  
-0.2890834337  
2.638206395  
4.684089839  
5.157309486  
3.767298818  
0.8056625394  
-2.861464616  
-6.012052488  
-7.443214318  
-6.385205739  
-2.811645681  
2.472512431  
8.015500665  
12.13533794  
13.44565899  
11.3228379  
6.156481298  
-0.7108418019  
-7.350300657  
-11.81489647  
-12.73452825  
-9.749615857  
-3.64226863  
3.881783854  
10.69669656  
14.89048375  
15.33289383  
12.00183314  
5.970086627  
-0.9384211126  
-6.710587212  
-9.746566365  
-9.317166893  
-5.741499901  
-0.2416867994  
5.467006582  
9.713136325  
11.36337507  
10.12660761  
6.587350918  
1.97590872  
-2.237474079  
-4.790156037  
-4.98016583  
-2.82880888  
0.9770608136  
5.324249393  
9.005616786  
11.04059771  
10.89629112  
8.563293748  
4.489905177  
-0.5816010461  
-5.813640639  
-10.44823248  
-13.9213487  
-15.90830041  
-16.31501499  
-15.24072847  
-12.93440105  
-9.755078125  
-6.13334779  
-2.524470442  
0.6531125237  
3.089111188  
4.645088182  
5.386092908  
5.559751548  
5.517728443  
5.595936107  
5.989277562  
6.665032654  
7.351226169  
7.613570302  
7.003735956  
5.233855765  
2.318000672  
-1.372642365  
-5.168745064  
-8.266605827  
-9.951082757  
-9.80935861  
-7.866724784  
-4.598223399  
-0.8087637447  
2.583709378  
4.796202796  
5.384429754  
4.341851326  
2.068110784  
-0.7769552124  
-3.48182737  
-5.485179539  
-6.508269054  
-6.581811732  
-5.969083756  
-5.021909447  
-4.026889396  
-3.098681522  
-2.156869668  
-0.9905212534  
0.6179898443  
2.759511977  
5.307483897  
7.906610136  
10.04872159  
11.21271572  
11.02301963  
9.374428637  
6.48229167  
2.841392396  
-0.8938776896  
-4.071394621  
-6.196965918  
-7.03965501  
-6.660023715  
-5.359018592  
-3.568521821  
-1.719713997  
-0.1285447273  
1.071092706  
1.9324161  
2.643888098  
3.440573632  
4.50707958  
5.899952393  
7.509945871  
9.072694074  
10.22386429  
10.5844403  
9.855440934  
7.899785754  
4.791880101  
0.8223496796  
-3.545222674  
-7.758096274  
-11.28131654  
-13.70375718  
-14.81756248  
-14.65027329  
-13.44012577  
-11.55999542  
-9.410539802  
-7.313272963  
-5.435702033  
-3.77200865  
-2.185460579  
-0.4982299721  
1.402982482  
3.484474957  
5.539333869  
7.232246463  
8.204874269  
8.207742482  
7.211404418  
5.452618099  
3.390700116  
1.579628242  
0.492537435  
0.3560041878  
1.053425992  
2.137844966  
2.959658453  
2.875259732  
1.47212006  
-1.264375646  
-4.902152665  
-8.655373565  
-11.59648324  
-12.92423207  
-12.20354602  
-9.499868043  
-5.36343706  
-0.6675908695  
3.646900478  
6.838506996  
8.5566566  
8.89869789  
8.318825428  
7.426458669  
6.748806714  
6.543143249  
6.724521216  
6.9317071  
6.703029017  
5.693280603  
3.847416282  
1.462362968  
-0.8905380905  
-2.557877481  
-3.042759784  
-2.20141017  
-0.3220627364  
1.949012392  
3.814677464  
4.598389393  
3.985147151  
2.144652568  
-0.3116149734  
-2.530425768  
-3.709272373  
-3.382415727  
-1.601198513  
1.056443593  
3.655022963  
5.196075182  
4.941892421  
2.66148408  
-1.282592478  
-6.034712581  
-10.49995423  
-13.66707745  
-14.89575001  
-14.07788549  
-11.62773823  
-8.313771406  
-4.997166263  
-2.369158057  
-0.7737886744  
-0.1674362265  
-0.2150797479  
-0.4748351136  
-0.5940465906  
-0.4414181669  
-0.1290005838  
0.07690854739  
-0.0871154275  
-0.7255035516  
-1.69619168  
-2.631343752  
-3.062407605  
-2.603223866  
-1.120031993  
1.180556251  
3.785595779  
6.026887888  
7.299667231  
7.272254366  
6.010520768  
3.969456889  
1.850593345  
0.3718763171  
0.02840937113  
0.9267191532  
2.75010015  
4.867042909  
6.544990235  
7.195408874  
6.566199606  
4.817134931  
2.455932682  
0.161495952  
-1.440813987  
-1.972668725  
-1.400175055  
-0.007458547284  
1.735540509  
3.355516667  
4.537344186  
5.20519402  
5.497461434  
5.652588995  
5.858107388  
6.129427764  
6.272523133  
5.950373971  
4.829996831  
2.751877391  
-0.1494451589  
-3.430072843  
-6.444981522  
-8.550436487  
-9.331718715  
-8.77160255  
-7.29035814  
-5.630196548  
-4.612390832  
-4.843818455  
-6.473703276  
-9.090905679  
-11.80903756  
-13.5246543  
-13.27346174  
-10.57170767  
-5.628618903  
0.647446996  
6.862605105  
11.51385804  
13.41757215  
12.05986762  
7.760623966  
1.599230696  
-4.877033391  
-10.07487079  
-12.7816871  
-12.47273522  
-9.413544167  
-4.536864248  
0.8585040541  
5.488753356  
8.429687501  
9.327166838  
8.423075364  
6.406205232  
4.149764075  
2.426238252  
1.688442581  
1.976108263  
2.961822663  
4.104881287  
4.851181831  
4.810309634  
3.857178934  
2.137311194  
-0.01060359338  
-2.175783681  
-3.992729695  
-5.217056119  
-5.743952149  
-5.578069532  
-4.781184788  
-3.428516936  
-1.59505169  
0.6247459228  
3.079266462  
5.530531959  
7.658471598  
9.110380449  
9.587096491  
8.939056412  
7.236232555  
4.780745695  
2.048556163  
-0.4287931554  
-2.208782724  
-3.063135863  
-3.041381261  
-2.44897127  
-1.74389998  
-1.383253509  
-1.668828645  
-2.642505385  
-4.06654056  
-5.496363894  
-6.423052657  
-6.439562754  
-5.376990466  
-3.366948776  
-0.8105362301  
1.735200811  
3.715992518  
4.733320191  
4.644169874  
3.579053899  
1.877528131  
-0.0326877516  
-1.769771906  
-3.100099298  
-3.977439115  
-4.511403101  
-4.882886968  
-5.242251212  
-5.630459665  
-5.953362867  
-6.018353098  
-5.618617668  
-4.631937915  
-3.094790605  
-1.220918955  
0.6466151811  
2.136463848  
2.969548534  
3.056845186  
2.538302678  
1.745934139  
1.099951559  
0.9703146874  
1.549360693  
2.779057788  
4.359589241  
5.839460932  
6.760107856  
6.808927181  
5.93050802  
4.358040528  
2.551963133  
1.062689507  
0.359156657  
0.6768877831  
1.934189675  
3.744462256  
5.522977791  
6.657000574  
6.68839721  
5.453738121  
3.139764508  
0.2377338218  
-2.589516675  
-4.688388382  
-5.590643759  
-5.135193942  
-3.503487655  
-1.162606616  
1.263133146  
3.152631498  
4.035078832  
3.686203961  
2.154495364  
-0.2799190728  
-3.192488986  
-6.116830972  
-8.633290106  
-10.42468694  
-11.29527207  
-11.16235124  
-10.03709744  
-8.009922833  
-5.247724572  
-1.99943592  
1.402384756  
4.558647165  
7.048799086  
8.501894325  
8.678753821  
7.541118662  
5.282642191  
2.304942688  
-0.8621239613  
-3.678644788  
-5.719615161  
-6.770300423  
-6.862585727  
-6.240236815  
-5.263314544  
-4.281873825  
-3.519863752  
-3.007554996  
-2.585373997  
-1.978344404  
-0.9162360316  
0.7419684636  
2.923484002  
5.329262427  
7.502358728  
8.958562879  
9.338579972  
8.531745755  
6.728288035  
4.378764397  
2.068836603  
0.3455203342  
-0.4516334898  
-0.3004164953  
0.4905223797  
1.372728298  
1.729333357  
1.076530322  
-0.7658726916  
-3.588302185  
-6.81904053  
-9.661618172  
-11.305481  
-11.15129719  
-8.987358409  
-5.066843012  
-0.06345457961  
5.083273489  
9.391647297  
12.07107777  
12.7043017  
11.33321228  
8.42977171  
4.76409569  
1.207675961  
-1.475713841  
-2.798868901  
-2.640710053  
-1.240100598  
0.897354768  
3.149559035  
4.943287113  
5.891952739  
5.87321669  
5.03126026  
3.708662432  
2.330399996  
1.273426054  
0.7573945098  
0.7851006951  
1.147219662  
1.488644367  
1.417280268  
0.6249884681  
-1.012961699  
-3.387820221  
-6.171299631  
-8.890663938  
-11.04503809  
-12.23123166  
-12.24436299  
-11.12534758  
-9.142572288  
-6.714057893  
-4.293923971  
-2.257297512  
-0.8176549778  
0.000240477043  
0.3270261005  
0.3701413691  
0.3200310686  
0.2758657627  
0.2181711139  
0.03821314643  
-0.3874303018  
-1.106977023  
-2.025927738  
-2.89394842  
-3.359822481  
-3.083000305  
-1.867120698  
0.2318471167  
2.866942627  
5.455462545  
7.32239235  
7.894904619  
6.889527389  
4.430107922  
1.05208308  
-2.417989782  
-5.079075475  
-6.207180754  
-5.465844391  
-3.009101771  
0.5582210358  
4.353956484  
7.474277484  
9.252929763  
9.443048714  
8.264670306  
6.304011529  
4.298848302  
2.881700828  
2.366714839  
2.651763065  
3.268944614  
3.56672648  
2.962124012  
1.176598499  
-1.626582595  
-4.853990563  
-7.643876201  
-9.12904788  
-8.716924612  
-6.295607835  
-2.297591171  
2.401918516  
6.722010916  
9.675147485  
10.6358373  
9.497380641  
6.67224086  
2.942313632  
-0.7874678708  
-3.750332138  
-5.511442353  
-6.038442614  
-5.63708192  
-4.785849803  
-3.935664611  
-3.348286127  
-3.028737741  
-2.769814227  
-2.284465069  
-1.36973135  
-0.03513616148  
1.457218022  
2.659997304  
3.093690274  
2.430591158  
0.6415860499  
-1.951131766  
-4.740173922  
-7.00118441  
-8.110057062  
-7.737681294  
-5.957008667  
-3.225875336  
-0.2503577298  
2.227001955  
3.645356292  
3.780419971  
2.78890802  
1.133151035  
-0.5835659406  
-1.812214126  
-2.21787917  
-1.754099873  
-0.6339076642  
0.7830420296  
2.139338769  
3.20668534  
3.944360207  
4.471209866  
4.967556228  
5.550856901  
6.179424226  
6.627920466  
6.550520842  
5.612968333  
3.645988917  
0.7606035438  
-2.624077155  
-5.861160547  
-8.24684044  
-9.230542362  
-8.595642248  
-6.547940562  
-3.676795637  
-0.7947116747  
1.298432568  
2.054208783  
1.342198466  
-0.5092432233  
-2.812226724  
-4.728388313  
-5.522918877  
-4.784862903  
-2.54652838  
0.7324922562  
4.307960958  
7.372245098  
9.283145419  
9.729713591  
8.787542544  
6.853374631  
4.488070565  
2.224803592  
0.4075241767  
-0.8891078955  
-1.837142037  
-2.744772091  
-3.901707244  
-5.437685361  
-7.244611131  
-8.989151356  
-10.21056243  
-10.46928291  
-9.494965683  
-7.283908524  
-4.113782839  
-0.4720923301  
3.07639694  
6.038505183  
8.109213564  
9.220106975  
9.508399705  
9.222862993  
8.604228929  
7.78534098  
6.748060712  
5.352760479  
3.429489766  
0.8969661666  
-2.135985752  
-5.327729972  
-8.142543527  
-9.966676398  
-10.27123212  
-8.774042745  
-5.550265415  
-1.05466978  
3.956151235  
8.584360539  
11.99260958  
13.59327511  
13.17532539  
10.93695114  
7.418944758  
3.360930283  
-0.4776831094  
-3.483587058  
-5.301363516  
-5.868967337  
-5.37815637  
-4.181849536  
-2.68234982  
-1.234597858  
-0.08811352235  
0.6253705356  
0.8682701674  
0.6580348316  
0.0347058837  
-0.9501264766  
-2.221341734  
-3.656766865  
-5.071421719  
-6.22767319  
-6.879492853  
-6.843717375  
-6.076392366  
-4.724204586  
-3.12387649  
-1.736397918  
-1.024678481  
-1.305202238  
-2.618950235  
-4.667759542  
-6.847525657  
-8.382292541  
-8.531224552  
-6.813731002  
-3.18616686  
1.888541991  
7.509648946  
12.53781327  
15.87696488  
16.76312236  
14.9777252  
10.92104871  
5.519554676  
-0.01147655617  
-4.48563474  
-7.054328329  
-7.419110965  
-5.887028367  
-3.254479415  
-0.5554677845  
1.250197986  
1.556321522  
0.2760729253  
-2.151806011  
-4.91350049  
-7.077566087  
-7.878900386  
-6.943444044  
-4.388715209  
-0.7753574925  
3.06907111  
6.295085071  
8.268276521  
8.728243966  
7.827377674  
6.046852418  
4.02491962  
2.356893343  
1.430045979  
1.340209364  
1.906829302  
2.770428079  
3.531677101  
3.882325589  
3.686591835  
2.993181493  
1.984183734  
0.8884249548  
-0.1039479314  
-0.8938090878  
-1.477044983  
-1.90564691  
-2.228620383  
-2.442398511  
-2.475146347  
-2.214069605  
-1.565863623  
-0.5252594708  
0.7788665845  
2.083773099  
3.047156508  
3.342951787  
2.769435117  
1.333379924  
-0.7205431458  
-2.94974822  
-4.816061699  
-5.823406922  
-5.652181948  
-4.251881138  
-1.865437463  
1.021730502  
3.794015624  
5.849176618  
6.736178545  
6.253884319  
4.489089026  
1.788728044  
-1.323295874  
-4.262793181  
-6.50870827  
-7.707853285  
-7.741454276  
-6.742578992  
-5.062630303  
-3.193665457  
-1.660774821  
-0.904559695  
-1.177185036  
-2.475261748  
-4.527816262  
-6.847363261  
-8.837710734  
-9.93677129  
-9.760332136  
-8.208479205  
-5.502450215  
-2.136629723  
1.246092008  
4.023681459  
5.761144122  
6.323403388  
5.898571017  
4.921868935  
3.922230943  
3.339990246  
3.375865506  
3.923710697  
4.613214  
4.952257137  
4.523394399  
3.167647593  
1.089210485  
-1.161888198  
-2.832567113  
-3.195615383  
-1.793871594  
1.380199601  
5.83186255  
10.66171914  
14.78883443  
17.23374404  
17.37570197  
15.10659662  
10.8375664  
5.362144975  
-0.3744448506  
-5.522233986  
-9.511152858  
-12.12107069  
-13.42837178  
-13.66516556  
-13.05718434  
-11.71055855  
-9.594542234  
-6.625643294  
-2.81436971  
1.594010713  
6.056369527  
9.792103842  
11.96643058  
11.94572956  
9.539047858  
5.134188385  
-0.3351299724  
-5.600851016  
-9.398966273  
-10.83462842  
-9.657256659  
-6.351177171  
-2.003080779  
2.02096663  
4.492702692  
4.702794125  
2.683878899  
-0.7981283128  
-4.484496919  
-7.021287641  
-7.388472076  
-5.224524873  
-0.9442366631  
4.385564345  
9.370008648  
12.7043998  
13.55343096  
11.77417052  
7.919185669  
3.02895529  
-1.710051218  
-5.325458215  
-7.321071021  
-7.763145871  
-7.175457484  
-6.292320365  
-5.763672841  
-5.917129688  
-6.656598957  
-7.525573199  
-7.904535267  
-7.266376272  
-5.396485091  
-2.499855117  
0.8404456056  
3.836671866  
5.740235859  
6.072891295  
4.76967104  
2.190729473  
-0.9953722852  
-4.012482462  
-6.192992538  
-7.140867902  
-6.796423842  
-5.394081557  
-3.340479785  
-1.063578795  
1.113029114  
3.032064681  
4.689818497  
6.166125463  
7.533500679  
8.785300829  
9.810962696  
10.4250924  
10.43532549  
9.719772154  
8.283167655  
6.27116601  
3.939395826  
1.590789942  
-0.4952448183  
-2.118238042  
-3.182100206  
-3.689243409  
-3.713884387  
-3.370221212  
-2.788700399  
-2.105142548  
-1.457931085  
-0.9828153028  
-0.7959862539  
-0.9637987761  
-1.468013755  
-2.183290052  
-2.884331136  
-3.291738875  
-3.150736397  
-2.32113747  
-0.8472227198  
1.022248756  
2.879788636  
4.264316689  
4.796471449  
4.300408254  
2.868804619  
0.8443619956  
-1.281003027  
-3.018443346  
-4.034800438  
-4.251504317  
-3.852807938  
-3.197837002  
-2.666498763  
-2.495295569  
-2.665902268  
-2.892902319  
-2.722437887  
-1.712403418  
0.3680355135  
3.39367122  
6.852906656  
9.954462102  
11.8462787  
11.88042709  
9.837334127  
6.031428295  
1.256180967  
-3.421749672  
-6.959457611  
-8.634547349  
-8.248761608  
-6.174493264  
-3.230400153  
-0.4268749668  
1.337098529  
1.530691349  
0.1243068853  
-2.435932816  
-5.39502307  
-7.935863072  
-9.422816872  
-9.56586539  
-8.460915785  
-6.506311055  
-4.236625348  
-2.138572088  
-0.5132031539  
0.5746268518  
1.254158456  
1.743001263  
2.227319468  
2.777483892  
3.329730642  
3.734810033  
3.846704274  
3.609068836  
3.099828657  
2.513327657  
2.086604596  
2.000408875  
2.296782439  
2.848974868  
3.398634769  
3.64806713  
3.3728143  
2.510969559  
1.194008298  
-0.2935118959  
-1.610457929  
-2.474932726  
-2.755115742  
-2.500854554  
-1.905370889  
-1.214219297  
-0.6196074407  
-0.1838432412  
0.1763747895  
0.6381762245  
1.374771065  
2.453052962  
3.771233375  
5.066165097  
5.992240615  
6.244199352  
5.676573584  
4.371359077  
2.623840773  
0.8478235385  
-0.5662971546  
-1.386893911  
-1.616523313  
-1.475709496  
-1.298783639  
-1.381024941  
-1.838031728  
-2.536563806  
-3.130656163  
-3.19618379  
-2.416625841  
-0.7484007403  
1.503725537  
3.740938337  
5.246927086  
5.43135829  
4.054868502  
1.35030049  
-2.012811449  
-5.119494613  
-7.098365233  
-7.41158723  
-6.043387536  
-3.516214429  
-0.7221156266  
1.377559435  
2.082228758  
1.196126481  
-0.9020408038  
-3.392258969  
-5.305581461  
-5.87390106  
-4.812357271  
-2.430987278  
0.4682885889  
2.876609284  
3.945475089  
3.304503012  
1.212339699  
-1.519137517  
-3.806541878  
-4.686604547  
-3.679100395  
-0.9886660516  
2.532952594  
5.659107964  
7.205959508  
6.452310291  
3.413481199  
-1.131421873  
-5.87535491  
-9.407191618  
-10.68139531  
-9.372656116  
-5.991792327  
-1.719679854  
1.987499098  
3.889448523  
3.383025297  
0.7100708686  
-3.119589563  
-6.664795879  
-8.536221556  
-7.863688368  
-4.591389141  
0.4963703241  
6.02526004  
10.47123038  
12.64385365  
12.05435421  
9.051969534  
4.691727276  
0.3858924883  
-2.540276231  
-3.242302412  
-1.577738275  
1.903772318  
6.181188671  
10.10578237  
12.74698319  
13.62944956  
12.79736432  
10.70673613  
8.005167158  
5.290803531  
2.938554003  
1.046186588  
-0.4986621198  
-1.876777536  
-3.192251644  
-4.390005019  
-5.270171298  
-5.589154199  
-5.198700881  
-4.157137954  
-2.757810947  
-1.45411152  
-0.7042007692  
-0.7941431778  
-1.71079722  
-3.120172658  
-4.46815056  
-5.173395252  
-4.844843809  
-3.443210787  
-1.323268294  
0.8646732637  
2.38442187  
2.663339512  
1.493651363  
-0.8870452015  
-3.866819335  
-6.658949017  
-8.560889568  
-9.18193415  
-8.559676031  
-7.124975999  
-5.529249004  
-4.39711661  
-4.09398712  
-4.592510547  
-5.486099316  
-6.144632991  
-5.956267399  
-4.568144886  
-2.038854152  
1.153472346  
4.252499419  
6.466953914  
7.232337576  
6.401129826  
4.296178177  
1.609117778  
-0.821481845  
-2.27726236  
-2.383289197  
-1.214356187  
0.7482121317  
2.791577027  
4.217561107  
4.577673333  
3.820864831  
2.308541539  
0.6954506516  
-0.2824383487  
-0.04464497742  
1.645433019  
4.595117541  
8.221183701  
11.6967471  
14.16099672  
14.93290201  
13.67419961  
10.46524856  
5.782655382  
0.391680092  
-4.816273774  
-9.003333329  
-11.54564266  
-12.14596816  
-10.88037914  
-8.172495556  
-4.700157479  
-1.250508884  
1.450323648  
2.898872619  
2.930603695  
1.759477527  
-0.07587649401  
-1.853684276  
-2.867502829  
-2.630835107  
-1.0292761  
1.628778743  
4.685584717  
7.317701557  
8.780032195  
8.637263898  
6.908753006  
4.0760664  
0.9442295727  
-1.604848966  
-2.890860927  
-2.655623371  
-1.151265276  
0.9370143466  
2.712627055  
3.363794181  
2.437501873  
-0.000337968679  
-3.373725539  
-6.773682168  
-9.246354838  
-10.09702741  
-9.109153849  
-6.606308077  
-3.338308505  
-0.2326879949  
1.902142745  
2.620661615  
1.950227991  
0.335238988  
-1.557249632  
-3.09451754  
-3.901441159  
-3.968703461  
-3.609564836  
-3.287002988  
-3.382945341  
-4.004080011  
-4.905699267  
-5.570121772  
-5.416095555  
-4.062180223  
-1.541110159  
1.62588932  
4.538594567  
6.188550681  
5.806682092  
3.16873351  
-1.254030614  
-6.364470348  
-10.722678  
-12.96223817  
-12.2104547  
-8.376687809  
-2.211971626  
4.884833336  
11.25745968  
15.45886047  
16.64957651  
14.80658012  
10.68393302  
5.547121617  
0.7741913176  
-2.544646858  
-3.883558128  
-3.355907422  
-1.580678526  
0.5964721224  
2.420050307  
3.467032119  
3.736761627  
3.570580618  
3.446377688  
3.736597281  
4.527030349  
5.565978728  
6.360685023  
6.38045421  
5.285167084  
3.088817701  
0.1929512101  
-2.725426796  
-4.931757876  
-5.878083082  
-5.384128928  
-3.689671411  
-1.360713394  
0.9137457704  
2.55755064  
3.288178028  
3.177324514  
2.573146215  
1.919774452  
1.549626151  
1.534636123  
1.659205989  
1.529178854  
0.7753541066  
-0.7311671645  
-2.744819818  
-4.65948762  
-5.683161496  
-5.123118226  
-2.683038283  
1.340952772  
6.051542135  
10.15427932  
12.32529476  
11.63131453  
7.863491737  
1.666273215  
-5.595592089  
-12.20418105  
-16.58267654  
-17.76332275  
-15.67863569  
-11.17872381  
-5.764350667  
-1.117514462  
1.421881072  
1.265847665  
-1.256912998  
-5.033404277  
-8.551374713  
-10.4101398  
-9.78984266  
-6.726215319  
-2.102451269  
2.63721268  
5.956921593  
6.72792451  
4.595403136  
0.09745297449  
-5.497622574  
-10.57825817  
-13.67307777  
-13.87650976  
-11.08646628  
-5.989702048  
0.1857616863  
6.0583532  
10.48904164  
12.86076441  
13.16442186  
11.88549999  
9.753550242  
7.458424485  
5.439064694  
3.814080263  
2.463267953  
1.208867194  
0.007175609294  
-0.9406246382  
-1.214993656  
-0.3405588862  
1.975399821  
5.625660749  
10.00433943  
14.08619237  
16.67980945  
16.78415642  
13.93291007  
8.405345417  
1.219781296  
-6.104993128  
-11.95693205  
-15.08323561  
-14.94466449  
-11.8560667  
-6.86534505  
-1.408702895  
3.145558807  
5.914512254  
6.741682225  
6.183250144  
5.247406262  
4.979257393  
6.037350304  
8.411656488  
11.38529559  
13.75868134  
14.26369348  
12.02789631  
6.928374652  
-0.2910594043  
-8.187606755  
-15.02484525  
-19.28748159  
-20.13853155  
-17.66911116  
-12.85847432  
-7.257258667  
-2.498166791  
0.2054974665  
0.4104248808  
-1.467958599  
-4.35095067  
-6.90339837  
-8.009642447  
-7.155944802  
-4.591784184  
-1.220459737  
1.736946431  
3.182943944  
2.534845137  
-0.0698079004  
-3.822473078  
-7.526712967  
-10.01281876  
-10.53689309  
-9.024333917  
-6.073882976  
-2.723614349  
-0.06439002621  
1.16005694  
0.822997586  
-0.5424383025  
-1.943715018  
-2.302361839  
-0.8682598794  
2.473070716  
7.111538609  
11.87766431  
15.40908007  
16.59501922  
14.94756177  
10.77283269  
5.083516988  
-0.7176211818  
-5.275772086  
-7.695813181  
-7.790576744  
-6.086146726  
-3.588972668  
-1.401210227  
-0.3212313585  
-0.5687735562  
-1.728224881  
-2.92580594  
-3.174123515  
-1.759648799  
1.465255786  
5.989502704  
10.7830781  
14.62150535  
16.48322699  
15.88361331  
13.03218053  
8.761257101  
4.252737258  
0.6577884737  
-1.261431872  
-1.349282113  
-0.06533121432  
1.711163556  
3.007504462  
3.099073436  
1.749666891  
-0.7270774606  
-3.598916875  
-5.986123251  
-7.174018383  
-6.85805377  
-5.240206151  
-2.949672704  
-0.8221380939  
0.3815078125  
0.2193795711  
-1.304123129  
-3.763625466  
-6.472303024  
-8.712854635  
-9.957153866  
-10.00216505  
-8.984425254  
-7.281070011  
-5.344744066  
-3.539033404  
-2.034710398  
-0.7989117447  
0.3288080987  
1.512864835  
2.806029353  
4.091160668  
5.104432136  
5.530508731  
5.131139735  
3.855396946  
1.886966001  
-0.3917667947  
-2.507303655  
-4.035850388  
-4.726840926  
-4.565817251  
-3.756497996  
-2.63189292  
-1.529749746  
-0.6791374459  
-0.1384318685  
0.1962258034  
0.5205502861  
1.021415424  
1.787418732  
2.765753765  
3.780447681  
4.601882036  
5.037188057  
5.003601562  
4.554825718  
3.850469786  
3.082517729  
2.390771256  
1.804094034  
1.233812816  
0.5241579584  
-0.459717999  
-1.742535263  
-3.187705069  
-4.510302465  
-5.355856024  
-5.420266489  
-4.567923052  
-2.902603106  
-0.7604517604  
1.378379855  
3.033175742  
3.873456627  
3.824719024  
3.090744332  
2.082455041  
1.275816233  
1.046549896  
1.53810987  
2.608383836  
3.873698474  
4.835262258  
5.045127088  
4.255747847  
2.503571582  
0.1004196437  
-2.461967552  
-4.660019214  
-6.088653587  
-6.565244549  
-6.156824992  
-5.127775818  
-3.832265497  
-2.592459645  
-1.60509627  
-0.9053332771  
-0.3941473253  
0.0877661677  
0.6718682408  
1.394160205  
2.172417028  
2.834079213  
3.181484953  
3.06827791  
2.458667537  
1.449465938  
0.2495131703  
-0.8737937338  
-1.661427923  
-1.922139641  
-1.56963581  
-0.633010471  
0.7545699281  
2.379313178  
3.973977162  
5.24596438  
5.909335423  
5.725861996  
4.556530976  
2.416363568  
-0.4840229664  
-3.731647615  
-6.757022515  
-8.937098491  
-9.73994986  
-8.876479104  
-6.413381351  
-2.804929221  
1.179749001  
4.626953568  
6.707026142  
6.898877242  
5.143209065  
1.873827507  
-2.088965564  
-5.757001262  
-8.243132289  
-9.00112698  
-7.964661443  
-5.544064105  
-2.483776211  
0.3730442294  
2.337750713  
3.068294448  
2.642857251  
1.497553339  
0.2553352451  
-0.4926243807  
-0.3790943062  
0.6349662473  
2.272912702  
4.059736727  
5.497354845  
6.23414056  
6.170802868  
5.47040022  
4.475750856  
3.569820936  
3.032538342  
2.945253613  
3.173781287  
3.430766057  
3.389686594  
2.806269422  
1.603831548  
-0.1044093048  
-2.057852827  
-3.934008998  
-5.441822088  
-6.389187945  
-6.705507668  
-6.420837277  
-5.621204041  
-4.407261235  
-2.878042154  
-1.145768309  
0.6310693092  
2.222092943  
3.33334119  
3.66304107  
2.996670858  
1.311166406  
-1.153922988  
-3.896597212  
-6.241473989  
-7.504398801  
-7.189002088  
-5.153870746  
-1.691633173  
2.514747209  
6.554893206  
9.529709019  
10.79493248  
10.13400652  
7.805330345  
4.448759662  
0.8819521452  
-2.146915493  
-4.169706934  
-5.105218952  
-5.231497647  
-5.038848923  
-5.019239053  
-5.468220441  
-6.369330742  
-7.400238174  
-8.056097601  
-7.844008216  
-6.477819898  
-4.003258833  
-0.8086720093  
2.482528372  
5.200347852  
6.832662806  
7.176477532  
6.386658671  
4.909233097  
3.325986941  
2.165923801  
1.747677996  
2.10284111  
2.999507283  
4.049793341  
4.857463369  
5.15135929  
4.860003438  
4.107525128  
3.141165442  
2.224543489  
1.540273614  
1.137767068  
0.9413901867  
0.8090912151  
0.6122884593  
0.3013195576  
-0.07100534211  
-0.3762923337  
-0.4748260317  
-0.2887367831  
0.1477706455  
0.6830724085  
1.091068928  
1.146152697  
0.7012499757  
-0.2608209337  
-1.621287502  
-3.164954006  
-4.647822111  
-5.865257795  
-6.694843575  
-7.100470875  
-7.101907356  
-6.729344667  
-5.988600408  
-4.856894883  
-3.313899117  
-1.394358987  
0.764494557  
2.909283825  
4.707571997  
5.831971756  
6.065710015  
5.390431135  
4.018248463  
2.347073978  
0.8457860463  
-0.09641622656  
-0.3048525235  
0.1120466297  
0.7904129284  
1.231541063  
0.9775755181  
-0.2180139324  
-2.286903341  
-4.849653403  
-7.329561953  
-9.139389924  
-9.875623555  
-9.449988017  
-8.109004207  
-6.332314229  
-4.645582782  
-3.416825622  
-2.713613164  
-2.278324221  
-1.636001928  
