-4.73099925  
-6.75385366  
-7.665351955  
-7.143379364  
-5.197823349  
-2.190282794  
1.238864711  
4.320379243  
6.344942247  
6.840631016  
5.691020186  
3.161868039  
-0.1703545425  
-3.567468713  
-6.314215417  
-7.887654006  
-8.066340791  
-6.95307717  
-4.910998161  
-2.437847618  
-0.02004645519  
1.988441012  
3.428071054  
4.323260133  
4.810764744  
5.038361847  
5.074365228  
4.863747338  
4.24926203  
3.051894124  
1.182014424  
-1.26124827  
-3.944624023  
-6.336195072  
-7.82290131  
-7.88244646  
-6.260012826  
-3.092516988  
1.06654397  
5.342210793  
8.738322798  
10.3943679  
9.828801638  
7.09703342  
2.812184766  
-1.986303987  
-6.087696273  
-8.42256355  
-8.347368198  
-5.820293022  
-1.416508279  
3.823906579  
8.673946038  
12.04534313  
13.26954575  
12.25498836  
9.478416462  
5.817631657  
2.279928989  
-0.28972809  
-1.433046473  
-1.171218308  
0.05469403407  
1.568082568  
2.699578873  
3.006168211  
2.395877089  
1.121919216  
-0.3440991083  
-1.508949777  
-2.050854299  
-1.938582649  
-1.434530207  
-0.9826317819  
-1.024375506  
-1.812865367  
-3.296202771  
-5.116613821  
-6.72941883  
-7.601181463  
-7.415447742  
-6.208984331  
-4.384221234  
-2.587010452  
-1.487942404  
-1.542419093  
-2.815719848  
-4.939440067  
-7.220927244  
-8.872963912  
-9.286239003  
-8.248502646  
-6.029553103  
-3.296135778  
-0.8804524965  
0.5203614654  
0.6083343423  
-0.3848557388  
-1.754773236  
-2.558037846  
-1.949209295  
0.4930207102  
4.565846863  
9.44537597  
13.90271988  
16.67031662  
16.84215398  
14.17583412  
9.19381682  
3.045554762  
-2.828512389  
-7.123939562  
-9.051792448  
-8.547681936  
-6.244250532  
-3.220501036  
-0.6162375035  
0.7554240307  
0.6655039826  
-0.4890504518  
-1.869330388  
-2.535461715  
-1.821451645  
0.3906330612  
3.595927454  
6.819829746  
8.946803558  
9.110629598  
7.009393767  
3.034045795  
-1.836263486  
-6.337905944  
-9.322390706  
-10.11544074  
-8.71355142  
-5.752761388  
-2.263677257  
0.6991329758  
2.422268729  
2.765171919  
2.178112846  
1.502175474  
1.623999848  
3.109592042  
5.949483684  
9.509056942  
12.70676062  
14.36345116  
13.60620703  
10.18973955  
4.625226491  
-1.929958313  
-7.988877428  
-12.15784824  
-13.53179947  
-11.93957754  
-7.967509631  
-2.762101666  
2.317803085  
6.085414418  
7.828478146  
7.445402595  
5.389696874  
2.460178323  
-0.4800975443  
-2.759317734  
-4.049564274  
-4.383157483  
-4.049782526  
-3.430355354  
-2.838173376  
-2.424928575  
-2.176258117  
-1.982599258  
-1.741934583  
-1.442121314  
-1.184061818  
-1.136276259  
-1.44353393  
-2.133754033  
-3.069344522  
-3.971046121  
-4.511335357  
-4.443556524  
-3.714899571  
-2.513992597  
-1.227015742  
-0.3112528681  
-0.1285074841  
-0.799504979  
-2.136329087  
-3.683752894  
-4.86118535  
-5.159125416  
-4.321854839  
-2.45026655  
0.01475346404  
2.426415242  
4.139674298  
4.721698109  
4.092454558  
2.546733964  
0.6504787328  
-0.9516600558  
-1.749654148  
-1.52799657  
-0.4178722241  
1.173351305  
2.726134936  
3.804095477  
4.208662583  
4.037556397  
3.628310257  
3.411148833  
3.729070488  
4.694655871  
6.138566855  
7.669548656  
8.823057542  
9.241352799  
8.815005262  
7.729277738  
6.393981061  
5.279455677  
4.718149772  
4.746782976  
5.052556901  
5.051372137  
4.079302466  
1.636771303  
-2.396819049  
-7.653911363  
-13.31838858  
-18.30925302  
-21.55666982  
-22.28816911  
-20.23936055  
-15.72734963  
-9.568344264  
-2.868329065  
3.247683197  
7.888379309  
10.56296158  
11.22603685  
10.20458347  
8.04570511  
5.342161308  
2.590169109  
0.1140927096  
-1.935923986  
-3.533215475  
-4.704925654  
-5.476647299  
-5.850783767  
-5.818595406  
-5.389620135  
-4.615668377  
-3.591894099  
-2.431442756  
-1.225665494  
-0.01157178563  
1.232926595  
2.557367077  
3.979968169  
5.426898002  
6.701017526  
7.504282119  
7.518411683  
6.523811493  
4.516296667  
1.774433874  
-1.158932875  
-3.5905723  
-4.861971112  
-4.552258328  
-2.632467629  
0.4860345703  
4.0358492  
7.095184816  
8.851090791  
8.844273923  
7.116533656  
4.209318317  
1.007682084  
-1.526380447  
-2.650303631  
-2.074256109  
-0.05671564411  
2.669836474  
5.121711964  
6.366702512  
5.812506099  
3.391353121  
-0.4157716041  
-4.721101652  
-8.492138091  
-10.85119087  
-11.32021373  
-9.938582669  
-7.223272296  
6.506431426  
11.00014988  
13.85710117  
14.70271737  
13.62556671  
11.12129108  
7.951831238  
4.956475392  
2.857605672  
2.101150631  
2.762280795  
4.533134065  
6.793911066  
8.753295197  
9.630726229  
8.84354537  
6.158458426  
1.77123792  
-3.70848948  
-9.370270761  
-14.19308836  
-17.27119913  
-18.02167726  
-16.32088706  
-12.5330536  
-7.421314634  
-1.96320177  
2.880991024  
6.385214773  
8.203005318  
8.405676327  
7.409829852  
5.823107295  
4.25933637  
3.179616178  
2.802714727  
3.101633367  
3.872914734  
4.841848483  
5.758534597  
6.449116565  
6.809289919  
6.754199364  
6.159321847  
4.832125262  
2.541937279  
-0.890358214  
-5.470583677  
-10.9260688  
-16.66880003  
-21.86100371  
-25.58343986  
-27.06814804  
-25.92797668  
-22.30697046  
-16.89307584  
-10.77426398  
-5.168453509  
-1.100692882  
0.8772509554  
0.8378398867  
-0.5512815908  
-2.232535867  
-3.081435469  
-2.251292842  
0.5644729637  
5.031946812  
10.26834256  
15.09697343  
18.38751107  
19.37873125  
17.88840449  
14.3512998  
9.679716688  
4.994033492  
1.307435808  
-0.7414691487  
-1.033555815  
0.04271903424  
1.746297102  
3.227184563  
3.782648492  
3.051995919  
1.099466443  
-1.629415258  
-4.455919064  
-6.671602651  
-7.737443339  
-7.425308702  
-5.868315542  
-3.512744237  
-0.9893570685  
1.059832184  
2.15505178  
2.110230945  
1.090821216  
-0.4172209883  
-1.723140585  
-2.108572568  
-1.027346274  
1.720091183  
5.884880809  
10.77578696  
15.38507234  
18.61593352  
19.56265041  
17.77288574  
13.41653906  
7.302368527  
0.7200321304  
-4.866236481  
-8.199573998  
-8.585172555  
-6.112887373  
-1.672960687  
3.254387372  
6.988500571  
8.113432929  
5.88666708  
0.4699762937  
-7.090519796  
-15.13498119  
-21.83563449  
-25.68826886  
-25.90527395  
-22.59626138  
-16.68816867  
-9.617736042  
-2.898856871  
2.29683706  
5.417367565  
6.58831471  
6.449170136  
5.839683272  
5.454893527  
5.592123988  
6.075043636  
6.372735017  
5.860122071  
4.115560915  
1.139801575  
-2.58832281  
-6.242204811  
-8.916349949  
-9.934342576  
-9.08129948  
-6.674031471  
-3.4424168  
-0.2661701304  
2.134335199  
3.436888445  
3.79585391  
3.731143789  
3.871888078  
4.656698995  
6.112182532  
7.804346636  
8.992501837  
8.935486646  
7.235642308  
4.082262395  
0.2847270387  
-2.941767077  
-4.382551797  
-3.287908148  
0.2730373908  
5.312614719  
10.14329831  
12.87011989  
12.01120066  
7.044026413  
-1.314857127  
-11.21186181  
-20.13400209  
-25.63036819  
-26.05789945  
-21.11365934  
-11.97538899  
-0.9928377465  
8.985026402  
15.44329127  
16.93671798  
13.4980507  
6.592208165  
-1.366207899  
-7.776111072  
-10.6503928  
-9.201975094  
-4.036945132  
3.094092119  
9.892574379  
14.25371946  
14.91091715  
11.78085296  
5.913078701  
-0.9187593245  
-6.830572661  
-10.43248799  
-11.22425823  
-9.661943746  
-6.894100166  
-4.279190495  
-2.865962545  
-3.022691081  
-4.340093219  
-5.829996566  
-6.33502543  
-4.991302618  
-1.571922046  
3.413003729  
8.891910855  
13.61335708  
16.58918795  
17.43376153  
16.47354785  
14.58705557  
12.83542813  
12.02252718  
12.35132484  
13.31049161  
13.84260007  
12.74249105  
9.147893473  
2.945335269  
-5.062125441  
-13.30055217  
-19.85225177  
-23.03376986  
-21.93789384  
-16.75914422  
-8.789559  
-0.07770273826  
7.14656612  
11.10301046  
10.95137484  
6.991559449  
0.5185077734  
-6.612409896  
-12.56354431  
-16.05018964  
-16.66769938  
-14.91959044  
-11.95668766  
-9.130491878  
-7.51895743  
-7.582579437  
-9.055981965  
-11.09487176  
-12.61089716  
-12.66734769  
-10.79586981  
-7.130635318  
-2.326625743  
2.693100827  
7.058403122  
10.22036871  
12.07268006  
12.89174629  
13.13178269  
13.16556955  
13.08058594  
12.61695107  
11.27735983  
8.570734118  
4.296652783  
-1.243342315  
-7.199987569  
-12.33192324  
-15.32663597  
-15.18904935  
-11.57099751  
-4.929045363  
3.548246034  
12.22797717  
19.44948307  
23.94200325  
25.11637964  
23.146838  
18.82911458  
13.27432754  
7.549131756  
2.384577199  
-1.954446249  
-5.608710849  
-8.912758719  
-12.12510915  
-15.21272497  
-17.77900447  
-19.16877762  
-18.71518478  
-16.03705929  
-11.27162284  
-5.145579328  
1.158112095  
6.308743128  
9.218391648  
9.387254049  
7.085472951  
3.302783445  
-0.5284353035  
-2.956764237  
-2.952818319  
-0.2306474153  
4.651201439  
10.44089989  
15.55022822  
18.50773058  
18.37147846  
14.98107114  
8.98156819  
1.623842464  
-5.587616683  
-11.28777896  
-14.57007855  
-15.1491009  
-13.33992571  
-9.885208739  
-5.702918403  
-1.640808892  
1.69277986  
3.989536057  
5.203290059  
5.455264891  
4.934600922  
3.83428077  
2.335929313  
0.6284084524  
-1.072165099  
-2.532333861  
-3.55370228  
-4.053133832  
-4.13314704  
-4.098212931  
-4.38738807  
-5.426091147  
-7.437525382  
-10.28190706  
-13.39539297  
-15.87571472  
-16.71342642  
-15.11235136  
-10.8003098  
-4.21937278  
3.488318763  
10.72300627  
15.84650549  
17.66115796  
15.79962292  
10.89245415  
4.441869824  
-1.579718858  
-5.298121414  
-5.504366175  
-2.043662403  
4.101895958  
11.07350425  
16.66861844  
18.98942362  
17.0101815  
10.88947475  
1.93132567  
-7.791827874  
-16.03642132  
-21.02020929  
-21.8969131  
-18.93365716  
-13.34862749  
-6.874790225  
-1.199657952  
2.535587133  
4.021567212  
3.772094742  
2.843054838  
2.389667744  
3.221853827  
5.510727929  
8.74096191  
11.91544495  
13.93121312  
13.98886917  
11.89026163  
8.122002404  
3.699441918  
-0.1707528858  
-2.489908514  
-2.790779319  
-1.276769103  
1.26545281  
3.743943997  
5.130599978  
4.794536205  
2.689989289  
-0.657185927  
-4.349713399  
-7.428756309  
-9.18343826  
-9.356724642  
-8.185984065  
-6.277309932  
-4.369661795  
-3.078749806  
-2.710284492  
-3.200207947  
-4.18905607  
-5.188502053  
-5.768167435  
-5.690213696  
-4.946414135  
-3.695505437  
-2.140083998  
-0.4056002312  
1.519519002  
3.752268797  
6.403423401  
9.435396151  
12.55747166  
15.2169694  
16.71028032  
16.39036643  
13.90526755  
9.381919198  
3.48033672  
-2.717560486  
-7.965057126  
-11.18261816  
-11.76384725  
-9.757973688  
-5.867688078  
-1.258708644  
2.762944978  
5.108435531  
5.191097601  
3.056568099  
-0.6735114015  
-5.016708355  
-8.928862648  
-11.59100458  
-12.59956638  
-12.01330227  
-10.26049081  
-7.954261562  
-5.687857361  
-3.87835661  
-2.700722789  
-2.115593474  
-1.959385227  
-2.046799883  
-2.239630556  
-2.458263914  
-2.64318123  
-2.699171847  
-2.464075653  
-1.732544368  
-0.338243157  
1.733588507  
4.253371886  
6.726465178  
8.476022065  
8.823415831  
7.319497686  
3.951656898  
-0.75183731  
-5.773743974  
-9.82231824  
-11.66046682  
-10.45883526  
-6.066280085  
0.8906865059  
9.120081715  
16.9658181  
22.81772049  
25.51524259  
24.63058591  
20.55256289  
14.35201443  
7.473759951  
1.348842074  
-2.96018813  
-4.984390135  
-4.891535599  
-3.351976995  
-1.283716962  
0.4367590357  
1.210221296  
0.8355062222  
-0.5038132107  
-2.362465113  
-4.211352235  
-5.606446081  
-6.298088645  
-6.258044013  
-5.633254047  
-4.658538371  
-3.568631117  
-2.541536041  
-1.685955626  
-1.063929731  
-0.7252463866  
-0.727772366  
-1.127822066  
-1.942157129  
-3.099959211  
-4.411952354  
-5.580328368  
-6.258339171  
-6.147914426  
-5.105428041  
-3.217530826  
-0.8144662584  
1.593291539  
3.444067082  
4.285187934  
3.91644798  
2.470683736  
0.4020625886  
-1.620328738  
-2.88747793  
-2.846581873  
-1.263460078  
1.695044477  
5.482943175  
9.297018196  
12.26741412  
13.66780126  
13.09155766  
10.55029371  
6.471439809  
1.597161652  
-3.189401991  
-7.067947778  
-9.466339509  
-10.1842959  
-9.427427497  
-7.744440119  
-5.882891426  
-4.597717003  
-4.458233237  
-5.700530341  
-8.162340043  
-11.31825414  
-14.40854227  
-16.63045992  
-17.34340939  
-16.23361866  
-13.39316158  
-9.290427608  
-4.639362493  
-0.2043595318  
3.402224317  
5.869650898  
7.240291745  
7.84816039  
8.165923571  
8.612448656  
9.387589002  
10.39335845  
11.2724435  
11.55452381  
10.86156828  
9.098806362  
6.558180043  
3.88712029  
1.920162911  
1.419639676  
2.807803149  
5.982454479  
10.28675439  
14.65653441  
17.90989204  
19.0939301  
17.77930682  
14.20480475  
9.219016661  
4.030740248  
-0.1570280171  
-2.514169258  
-2.832870139  
-1.576781756  
0.2882975317  
1.628471966  
1.531552238  
-0.3762373269  
-3.792499752  
-7.827237636  
-11.29009744  
-13.08246846  
-12.56536055  
-9.781788736  
-5.46070536  
-0.8019264831  
2.88628208  
4.57788247  
3.821860957  
0.8463874039  
-3.551338355  
-8.283180581  
-12.3155329  
-14.9635439  
-16.03915626  
-15.81400002  
-14.8260749  
-13.61438042  
-12.4885788  
-11.42345649  
-10.1171956  
-8.187047475  
-5.420433938  
-1.974445804  
1.567613268  
4.322596408  
5.38751363  
4.181934605  
0.729778121  
-4.231004793  
-9.369836949  
-13.0983121  
-14.02560855  
-11.39453243  
-5.356151159  
3.013659242  
11.97328137  
19.58020681  
24.22484301  
25.0720712  
22.27631478  
16.90544061  
10.59919729  
5.069637996  
1.598417513  
0.6840182046  
1.942311391  
4.282971599  
6.298398848  
6.73815009  
4.919754413  
0.9517283264  
-4.293061081  
-9.436752816  
-13.00180353  
-13.83577096  
-11.43012277  
-6.046770398  
1.371526848  
9.465612721  
16.81072347  
22.24843926  
25.11132921  
25.2932289  
23.16883908  
19.40983271  
14.76757685  
9.890700912  
5.222372118  
0.988218855  
-2.746267022  
-5.989360188  
-8.750006532  
-11.00607084  
-12.7191284  
-13.87909319  
-14.54923893  
-14.88300813  
-15.09706441  
-15.40467285  
-15.93187881  
-16.64885585  
-17.34646641  
-17.67415932  
-17.23460767  
-15.71018621  
-12.98325235  
-9.210908312  
-4.826251212  
-0.4585337527  
3.211485322  
5.624723286  
6.498759946  
5.920249076  
4.345001659  
2.49946471  
1.203395364  
1.155688925  
2.73753875  
5.88587163  
10.07499628  
14.41849702  
17.87286128  
19.49626663  
18.69841111  
15.41507653  
10.15679708  
3.911076699  
-2.084220144  
-6.642791484  
-8.929989324  
-8.680147481  
-6.269077516  
-2.616959295  
1.056477723  
3.560255102  
4.053822549  
2.271634548  
-1.413640745  
-6.107578634  
-10.65567007  
-13.97252645  
-15.34052225  
-14.5893867  
-12.10528823  
-8.671470842  
-5.19537437  
-2.412818484  
-0.6660433152  
0.1727304017  
0.6094803354  
1.302147535  
2.779432137  
5.203318778  
8.260288296  
11.22343862  
13.17018697  
13.28691736  
11.16076453  
6.960424486  
1.442184531  
-4.22686958  
-8.777618259  
-11.18616993  
-10.95370849  
-8.234670766  
-3.77712687  
1.302085428  
5.835027877  
8.915423967  
10.11536928  
9.549713576  
7.782175221  
5.615942163  
3.842597161  
3.028027409  
3.392912279  
4.808198903  
6.886626263  
9.123914994  
11.03599947  
12.25168148  
12.54608837  
11.82711585  
10.10386356  
7.466186238  
4.089722656  
0.2584227211  
-3.62163148  
-7.048108747  
-9.506417352  
-10.60412458  
-10.21905836  
-8.605300689  
-6.402538155  
-4.518789159  
-3.898210115  
-5.230506853  
-8.689617194  
-13.79331737  
-19.44727528  
-24.1834259  
-26.53967673  
-25.47690174  
-20.70843525  
-12.83601651  
-3.240586782  
6.24992129  
13.82389527  
18.1462009  
18.6804336  
15.7807961  
10.53316706  
4.402772047  
-1.195571713  
-5.268952023  
-7.448884898  
-7.974853924  
-7.4840888  
-6.696655353  
-6.115821126  
-5.851485543  
-5.624592628  
-4.940986265  
-3.359596261  
-0.7446221809  
2.602504285  
5.990650857  
8.557416719  
9.583883419  
8.790690136  
6.50132648  
3.600711888  
1.287346895  
0.6906275314  
2.476336183  
6.573782249  
12.12336529  
17.67406692  
21.57945602  
22.47498147  
19.69071313  
13.47183943  
4.938143604  
-4.205782729  
-12.12185174  
-17.31640644  
-19.00570627  
-17.26871337  
-12.95504178  
-7.390504358  
-1.97996668  
2.169596256  
4.499212707  
5.062121377  
4.404700686  
3.321665774  
2.574706766  
2.663916684  
3.713590116  
5.490008251  
7.525008777  
9.289696002  
10.35566231  
10.49565197  
9.704121637  
8.148260589  
6.081478203  
3.757421843  
1.373667489  
-0.9437415635  
-3.122526295  
-5.112481555  
-6.860412546  
-8.303803381  
-9.382747812  
-10.05917276  
-10.32916069  
-10.21922127  
-9.767847023  
-9.00402687  
-7.938899331  
-6.582219126  
-4.983166208  
-3.280108374  
-1.733386592  
-0.7148036818  
-0.6395670537  
-1.84773413  
-4.465346412  
-8.291279425  
-12.75666803  
-16.98736444  
-19.96967694  
-20.78535268  
-18.85480878  
-14.11822449  
-7.096868871  
1.190880401  
9.442676454  
16.35987063  
20.93287825  
22.64826522  
21.56568741  
18.25168941  
13.59899099  
8.590277161  
4.075906989  
0.623184761  
-1.533832439  
-2.449670454  
-2.362137756  
-1.573807493  
-0.3626490123  
1.055628188  
2.516268959  
3.868785736  
4.946630955  
5.568174746  
5.575863846  
4.899237106  
3.612407495  
1.954615179  
0.2943985527  
-0.9601414144  
-1.47978312  
-1.121588327  
0.01431254674  
1.602478846  
3.182802238  
4.295945055  
4.618604384  
4.052676644  
2.738485468  
0.989386663  
-0.8263916489  
-2.411850576  
-3.628174824  
-4.511030067  
-5.212433945  
-5.893932128  
-6.616672906  
-7.276445857  
-7.615198989  
-7.3109103  
-6.115659163  
-3.989886515  
-1.177419201  
1.81617849  
4.346390604  
5.820931648  
5.898906362  
4.629702327  
2.479025811  
0.2241439542  
-1.257258086  
-1.244403644  
0.600346047  
4.106023694  
8.608171546  
13.10193667  
16.48953157  
17.85171849  
16.66871946  
12.93424639  
7.140295337  
0.1481183452  
-7.009841107  
-13.3394589  
-18.05452526  
-20.6754872  
-21.05241457  
-19.32910799  
-15.87613551  
-11.2184569  
-5.972018295  
-0.7896376953  
3.692854246  
6.919741272  
8.489010921  
8.224993928  
6.228345764  
2.879874114  
-1.216155241  
-5.345684115  
-8.831612046  
-11.17516852  
-12.15100671  
-11.82718671  
-10.50443406  
-8.59564933  
-6.486822091  
-4.426807074  
-2.482645475  
-0.5729616172  
1.437241237  
3.620513109  
5.898425601  
8.019827733  
9.620102251  
10.34420356  
9.98994436  
8.616818211  
6.57443869  
4.431037892  
2.81739277  
2.232877083  
2.876609065  
4.561739369  
6.745812899  
8.673176474  
9.588960951  
8.960615831  
6.640061394  
2.91828673  
-1.542263665  
-5.874976944  
-9.225011186  
-10.95184825  
-10.76518817  
-8.765236629  
-5.388843797  
-1.288934736  
2.8118466  
6.254148737  
8.536292758  
9.36365781  
8.662068267  
6.570563864  
3.424985166  
-0.2667386756  
-3.866969223  
-6.681184142  
-8.067003336  
-7.569474603  
-5.054270756  
-0.798093449  
4.503495163  
9.833749774  
14.0513787  
16.14671543  
15.49301486  
12.02180104  
6.266643527  
-0.7452558533  
-7.730499799  
-13.45369347  
-17.01521198  
-18.04357507  
-16.74220778  
-13.7844056  
-10.09516185  
-6.589957232  
-3.948437554  
-2.483718016  
-2.132591811  
-2.551323524  
-3.269865045  
-3.845007968  
-3.962815506  
-3.467588795  
-2.327010298  
-0.5681626969  
1.77288779  
4.656794841  
7.996511621  
11.58601913  
15.04462332  
17.81979598  
19.27204133  
18.83236575  
16.18906004  
11.4396542  
5.145832755  
-1.744858471  
-8.10382138  
-12.90111028  
-15.47752278  
-15.72217278  
-14.09385172  
-11.47249284  
-8.882222472  
-7.171267421  
-6.750644602  
-7.476902533  
-8.718361149  
-9.584532725  
-9.244183434  
-7.227377128  
-3.61104437  
0.9748827687  
5.525145443  
8.964905333  
10.48578601  
9.804492597  
7.261191561  
3.726351013  
0.3453788656  
-1.79914269  
-2.003881163  
-0.1451984497  
3.292788478  
7.364970043  
10.93713932  
12.99921012  
12.92936975  
10.63941523  
6.571197486  
1.558631314  
-3.394681522  
-7.355482995  
-9.656340277  
-10.0058193  
-8.501862186  
-5.563314286  
-1.811214256  
2.064930763  
5.427536281  
7.781668583  
8.831163584  
8.501812682  
6.93488037  
4.45292573  
1.499435688  
-1.443088784  
-3.945407668  
-5.715520738  
-6.651885747  
-6.847071537  
-6.53527871  
-5.995208026  
-5.437491632  
-4.915973514  
-4.298954324  
-3.319062527  
-1.693084825  
0.7250635307  
3.813371466  
7.128096813  
9.962435627  
11.51645304  
11.1369246  
8.555068646  
4.041314652  
-1.585699347  
-7.117101409  
-11.24752293  
-12.92653009  
-11.66507708  
-7.701220007  
-1.967498885  
4.139228552  
9.124157759  
11.7926734  
11.564355  
8.611577259  
3.78455979  
-1.650353523  
-6.376366747  
-9.383944835  
-10.21507692  
-9.02821934  
-6.476991714  
-3.454548637  
-0.7949625636  
0.9690487089  
1.718033224  
1.701840586  
1.369146815  
1.142023063  
1.222828151  
1.505261847  
1.621266813  
1.104950118  
-0.3882196516  
-2.889362503  
-6.025230176  
-9.068005462  
-11.11736687  
-11.36084749  
-9.331019712  
-5.077343083  
0.8033718565  
7.290135733  
13.1798478  
17.37843413  
19.15861399  
18.31478003  
15.17864392  
10.50099125  
5.242214943  
0.3355545212  
-3.512226379  
-5.936523649  
-6.930245019  
-6.772514709  
-5.906048599  
-4.805702508  
-3.87360567  
-3.379533979  
-3.446242773  
-4.065530718  
-5.126038702  
-6.438396217  
-7.75362528  
-8.781000392  
-9.216642776  
-8.791267759  
-7.335699183  
-4.850125574  
-1.553464297  
2.112360947  
5.539799145  
8.073757287  
9.168642297  
8.545195537  
6.300826576  
2.933989439  
-0.7366167352  
-3.748503437  
-5.229027437  
-4.627233972  
-1.880097031  
2.537622141  
7.701849833  
12.45109233  
15.67182326  
16.58447013  
14.95322988  
11.16033355  
6.119928214  
1.049512949  
-2.843529363  
-4.677885162  
-4.131362238  
-1.526231596  
2.258740643  
6.027888519  
8.595832222  
9.112813733  
7.298086551  
3.515809879  
-1.328465134  
-6.042300327  
-9.480514172  
-10.86476845  
-9.998342283  
-7.315717397  
-3.754060257  
-0.4846372178  
1.417942934  
1.274009352  
-1.019126775  
-4.969902303  
-9.63990066  
-13.90844543  
-16.77498187  
-17.61244021  
-16.30334899  
-13.22834764  
-9.121640319  
-4.845604369  
-1.156225128  
1.472832655  
2.923831449  
3.398104122  
3.295012817  
3.055531809  
3.023504558  
3.364090717  
4.054110536  
4.932617812  
5.781842568  
6.403980986  
6.66845971  
6.521862084  
5.97049847  
5.056027012  
3.843480055  
2.429775436  
0.964947764  
-0.3338350478  
-1.197673332  
-1.362572591  
-0.6598252857  
0.888050195  
3.006307659  
5.179299593  
6.751511261  
7.104137269  
5.860714533  
3.05525122  
-0.8024818484  
-4.804080275  
-7.8583282  
-8.994073314  
-7.663134494  
-3.946635882  
1.409487507  
7.155060946  
11.85643458  
14.28815712  
13.77917439  
10.40648557  
4.973782054  
-1.221274807  
-6.760856657  
-10.50662462  
-11.9018958  
-11.08489407  
-8.783518594  
-6.033063579  
-3.815113124  
-2.739317979  
-2.872016038  
-3.763426556  
-4.65617217  
-4.796001665  
-3.732084479  
-1.500022749  
1.376412046  
4.064258641  
5.716940929  
5.781745164  
4.210809896  
1.501254261  
-1.450472108  
-3.631012338  
-4.234085646  
-2.917924088  
0.08762159698  
4.055949337  
7.990722291  
10.9259735  
12.19958895  
11.61459355  
9.445029821  
6.298037608  
2.891156828  
-0.1722509336  
-2.55336349  
-4.211175148  
-5.322029752  
-6.130237997  
-6.79651992  
-7.306263227  
-7.471479223  
-7.020805647  
-5.736553649  
-3.580259206  
-0.7544294152  
2.325108907  
5.135827025  
7.192896752  
8.176838869  
7.998687081  
6.783853461  
4.789642284  
2.297641429  
-0.4695330551  
-3.371319071  
-6.305824119  
-9.127000692  
-11.57158932  
-13.24597504  
-13.70054282  
-12.58094039  
-9.806668544  
-5.704363251  
-1.027184143  
3.175116095  
5.818812003  
6.111671074  
3.837650572  
-0.5025740368  
-5.761074775  
-10.42306525  
-13.02783435  
-12.60678508  
-8.999850675  
-2.942209269  
4.118493063  
10.42914703  
14.44316322  
15.28062437  
12.9920707  
8.540851667  
3.506978293  
-0.3963553863  
-1.843113098  
-0.2898502844  
3.874611218  
9.467126564  
14.88617661  
18.60233189  
19.6072836  
17.68374024  
13.42056372  
7.981459442  
2.713647544  
-1.270564679  
-3.404956516  
-3.78149422  
-3.041723032  
-2.099128078  
-1.796197517  
-2.614484366  
-4.530323963  
-7.054019878  
-9.426289753  
-10.89493719  
-10.97315494  
-9.594106733  
-7.11757276  
-4.197412165  
-1.564582643  
0.1958899729  
0.8005695442  
0.312083597  
-0.9295411416  
-2.452169384  
-3.815122583  
-4.733640664  
-5.12801187  
-5.093052286  
-4.813177299  
-4.465079042  
-4.148610295  
-3.869340262  
-3.571361229  
-3.197048681  
-2.740207012  
-2.26406447  
-1.873123015  
-1.650186909  
-1.587457184  
-1.545981831  
-1.268402559  
-0.4495183983  
1.154684275  
3.616543476  
6.766228664  
10.19180016  
13.31747986  
15.54121497  
16.3915798  
15.65615425  
13.44158134  
10.14664928  
6.356759878  
2.692055971  
-0.3457269918  
-2.484036945  
-3.719421095  
-4.280566195  
-4.531341669  
-4.846404539  
-5.49669048  
-6.575476339  
-7.981176233  
-9.455815934  
-10.66365824  
-11.28613993  
-11.10822758  
-10.07630003  
-8.316138207  
-6.108785925  
-3.830454578  
-1.868931158  
-0.5334883035  
0.02259218877  
-0.1517732995  
-0.8048970407  
-1.533432285  
-1.878985484  
-1.450702843  
-0.04332277415  
2.283851591  
5.195645792  
8.149582401  
10.53328054  
11.83614644  
11.80531749  
10.53475467  
8.452579121  
6.20162781  
4.443319866  
3.64349094  
3.910359941  
4.943213174  
6.11769557  
6.689096808  
6.053072076  
3.978825157  
0.7325619845  
-2.959695116  
-6.109933955  
-7.772136024  
-7.358395423  
-4.862954556  
-0.9141452942  
3.37332263  
6.70924989  
8.010571873  
6.737364865  
3.074895746  
-2.099431377  
-7.458215875  
-11.60307594  
-13.46486508  
-12.60309727  
-9.315362616  
-4.528568138  
0.4873226993  
4.488538922  
6.593608014  
6.487060205  
4.439730326  
1.156877323  
-2.480210254  
-5.684830311  
-7.959049974  
-9.158654243  
-9.427471446  
-9.047141546  
-8.274611071  
-7.236012203  
-5.915228764  
-4.231290481  
-2.159229836  
0.1701072812  
2.446689426  
4.256068495  
5.229378847  
5.208465108  
4.352174704  
3.126626282  
2.164678103  
2.032708041  
2.985586447  
4.805777291  
6.801484436  
7.98684599  
7.401570872  
4.471370057  
-0.7143900226  
-7.313998553  
-13.88356282  
-18.73820144  
-20.423375  
-18.15270689  
-12.07222913  
-3.26146304  
6.53643064  
15.37689916  
21.62819669  
24.38065505  
23.62901467  
20.18050859  
15.33053558  
10.42160448  
6.434749697  
3.745201098  
2.112508111  
0.891623272  
-0.6251350188  
-2.868004989  
-5.779107252  
-8.807902408  
-11.11204749  
-11.88682178  
-10.69851243  
-7.6951769  
-3.611939215  
0.4377415278  
3.315670189  
4.234855387  
3.025191441  
0.1938039634  
-3.243673075  
-6.104092444  
-7.432587094  
-6.81607461  
-4.506071773  
-1.309283832  
1.713953582  
3.635828169  
3.994625937  
2.957274959  
1.252906228  
-0.09947100063  
-0.1731763401  
1.509387426  
4.772526028  
8.809626599  
12.42723309  
14.42836424  
14.00394949  
10.99835358  
5.958752253  
-0.04663273114  
-5.776225694  
-10.20654739  
-12.83124669  
-13.76565631  
-13.62471367  
-13.2234457  
-13.21291281  
-13.78829358  
-14.58057957  
-14.77791007  
-13.43926579  
-9.891631998  
-4.067095983  
3.348323961  
11.02111816  
17.31242844  
20.75349111  
20.50187911  
16.62613248  
10.11846903  
2.622191373  
-4.045803577  
-8.428090143  
-9.845103674  
-8.563725632  
-5.661047672  
-2.627648145  
-0.8407098157  
-1.081350805  
-3.257773236  
-6.429563764  
-9.130003325  
-9.884233304  
-7.753966242  
-2.726434525  
4.188639551  
11.19908991  
16.24475359  
17.63376851  
14.60465102  
7.635303039  
-1.606614676  
-10.67055269  
-16.97772687  
-18.53806229  
-14.52311235  
-5.528908087  
6.548060645  
18.98766851  
28.94198058  
34.15708835  
33.52504167  
27.32307525  
17.08845081  
5.179307651  
-5.84565279  
-13.8547262  
-17.61424807  
-16.99409153  
-12.87912915  
-6.839652392  
-0.6727246497  
4.051917292  
6.325456707  
5.845294698  
2.964889321  
-1.504944114  
-6.563860841  
-11.27537988  
-14.94320856  
-17.18356683  
-17.90338625  
-17.21995331  
-15.36608426  
-12.61616602  
-9.249232553  
-5.544515667  
-1.790960856  
1.710361486  
4.664107029  
6.818301372  
8.008947074  
8.193231729  
7.456600001  
5.989741613  
4.044400015  
1.885694871  
-0.2407456032  
-2.116666526  
-3.537422826  
-4.292506859  
-4.162006627  
-2.94586339  
-0.5283590738  
3.038506213  
7.464399383  
12.19913202  
16.4866353  
19.49811089  
20.51957621  
19.14477204  
15.41422029  
9.850408922  
3.36658466  
-2.935503218  
-8.027421322  
-11.20218618  
-12.23622155  
-11.41683423  
-9.427552315  
-7.127567324  
-5.294189134  
-4.407722881  
-4.542578646  
-5.39225253  
-6.411254041  
-7.019553241  
-6.797353066  
-5.605756546  
-3.599129966  
-1.13575541  
1.369658664  
3.589156886  
5.363455789  
6.693472171  
7.651564455  
8.257721408  
8.383100332  
7.734745366  
5.943549611  
2.733656172  
-1.887260492  
-7.495786616  
-13.24611493  
-18.01745377  
-20.68949871  
-20.46928065  
-17.16480773  
-11.3076539  
-4.068651176  
3.024585865  
8.493191286  
11.31534005  
11.20974009  
8.701580836  
4.94533446  
1.356654195  
-0.8315390316  
-0.9473638208  
0.9287451821  
4.020822007  
7.141869592  
9.110390361  
9.159363193  
7.200496815  
3.855167486  
0.2417277603  
-2.408828265  
-3.17877694  
-1.786355896  
1.305328363  
5.032324202  
8.08097921  
9.330483437  
8.239573934  
5.047611924  
0.7206882316  
-3.343166458  
-5.756813608  
-5.593803527  
-2.701653488  
2.221100551  
7.808696367  
12.41582246  
14.59009768  
13.48689461  
9.105618336  
2.284150445  
-5.537338609  
-12.70485246  
-17.77346567  
-19.84527275  
-18.73712782  
-14.94935612  
-9.46617204  
-3.4624385  
1.991835632  
6.15036721  
8.688062633  
9.674429677  
9.455965039  
8.499652505  
7.248978193  
6.02730997  
4.999927694  
4.185154783  
3.493628889  
2.774830878  
1.858200623  
0.5867446363  
-1.152347763  
-3.39575008  
-6.072817445  
-8.985523591  
-11.81439136  
-14.16210233  
-15.63501679  
-15.94687698  
-15.01504633  
-13.01449991  
-10.36236111  
-7.625507232  
-5.369612022  
-3.991235553  
-3.585969148  
-3.899992117  
-4.389524948  
-4.379413892  
-3.278714595  
-0.7892057328  
2.959586353  
7.396558097  
11.62880687  
14.66707071  
15.69550726  
14.30919885  
10.65032108  
5.402126981  
-0.359818198  
-5.419803533  
-8.710106729  
-9.559577243  
-7.840193135  
-3.9785678  
1.16400609  
