4.117814915  
5.918739799  
6.459591371  
5.509996907  
3.242897636  
0.2062983721  
-2.811831035  
-4.990935648  
-5.700570033  
-4.67521645  
-2.090675663  
1.480546584  
5.222332112  
8.292525619  
10.04262818  
10.17780536  
8.814332515  
6.422843082  
3.679403918  
1.271983693  
-0.2802515612  
-0.7453621366  
-0.2079416402  
0.9887582558  
2.360367299  
3.416846736  
3.774838556  
3.219929666  
1.712941248  
-0.6456759573  
-3.667677081  
-7.119664975  
-10.74214835  
-14.24668921  
-17.3070181  
-19.56554238  
-20.67124277  
-20.35016132  
-18.4917127  
-15.22054332  
-10.92106448  
-6.19267619  
-1.735310626  
1.810033188  
4.021490188  
4.807198008  
4.427844257  
3.41761265  
2.42260949  
2.004011956  
2.467090375  
3.771448696  
5.55310489  
7.253175117  
8.312460033  
8.368355707  
7.388179714  
5.692772479  
3.859878296  
2.536794755  
2.222823201  
3.093471146  
4.926151864  
7.154784597  
9.038910476  
9.895126177  
9.317603014  
7.31673174  
4.33050271  
1.103146303  
-1.532545289  
-2.902681345  
-2.693959712  
-1.048746432  
1.473958774  
4.058214329  
5.862248653  
6.252220015  
4.971814918  
2.202677227  
-1.495378714  
-5.340558642  
-8.532423389  
-10.44433763  
-10.75571276  
-9.496725859  
-7.005362489  
-3.820100907  
-0.5448779096  
2.276417623  
4.248839898  
5.167328907  
5.013693457  
3.923496449  
2.13940435  
-0.0362095675  
-2.283288598  
-4.300476397  
-5.838034415  
-6.72776199  
-6.906484338  
-6.426172702  
-5.443586834  
-4.186454744  
-2.900627698  
-1.790490466  
-0.9697027604  
-0.4383742269  
-0.09562457169  
0.2149161877  
0.6407781892  
1.259140145  
2.040034328  
2.84848222  
3.486480268  
3.761490687  
3.557876642  
2.885652426  
1.887912806  
0.8022574943  
-0.1122986217  
-0.658892113  
-0.7683102502  
-0.5233456815  
-0.1325196806  
0.1391672005  
0.05999932999  
-0.4878326164  
-1.463612624  
-2.674441065  
-3.830646057  
-4.632274607  
-4.858849632  
-4.434026971  
-3.445566884  
-2.1157704  
-0.7332727341  
0.4315354186  
1.201413081  
1.536176146  
1.535025681  
1.399848851  
1.372795325  
1.667081443  
2.409253318  
3.605559312  
5.13714012  
6.78153033  
8.253371173  
9.255789454  
9.534511009  
8.927972534  
7.407089256  
5.097820215  
2.279297871  
-0.6482914322  
-3.227115998  
-5.029591555  
-5.7546761  
-5.309252945  
-3.84965224  
-1.764756333  
0.4037324835  
2.089773721  
2.84889007  
2.480506438  
1.0882399  
-0.9448974508  
-3.064659771  
-4.708647455  
-5.47619378  
-5.251513161  
-4.238541446  
-2.89254287  
-1.766802767  
-1.32176429  
-1.758775392  
-2.935102957  
-4.392295436  
-5.493361371  
-5.627768949  
-4.419224059  
-1.868114954  
1.61982101  
5.330795219  
8.437383836  
10.22937979  
10.30841344  
8.68617529  
5.758503885  
2.169119591  
-1.38707999  
-4.35308571  
-6.429073468  
-7.587743675  
-7.990919706  
-7.849493304  
-7.28913312  
-6.280480116  
-4.665877018  
-2.274662194  
0.9193712906  
4.666713285  
8.40172886  
11.32828997  
12.62092178  
11.68508682  
8.391013861  
3.195052926  
-2.907337776  
-8.600497053  
-12.58556513  
-13.93873753  
-12.38089396  
-8.37131811  
-2.990361868  
2.358730494  
6.34137361  
8.058910358  
7.281136826  
4.476164363  
0.6338146741  
-3.056555708  
-5.568816719  
-6.329074133  
-5.344493138  
-3.140746371  
-0.5404061072  
1.634884034  
2.8346712  
2.933527247  
2.223820085  
1.26071832  
0.6235740073  
0.6844175358  
1.467972606  
2.651641535  
3.701612256  
4.091647167  
3.521766814  
2.054934183  
0.1201425717  
-1.621057671  
-2.498509963  
-2.069313956  
-0.2828096653  
2.483250497  
5.528380808  
8.041089263  
9.345270944  
9.099673317  
7.386865217  
4.667457683  
1.621334342  
-1.065719072  
-2.896997929  
-3.679894807  
-3.531633337  
-2.786783632  
-1.851161821  
-1.061453079  
-0.6013450544  
-0.4975502885  
-0.6842455669  
-1.096234253  
-1.740615132  
-2.707948947  
-4.112334209  
-5.983771101  
-8.161869561  
-10.24616784  
-11.64146813  
-11.70173618  
-9.936007741  
-6.209660509  
-0.8666229516  
5.282456991  
11.11976066  
15.49142339  
17.51323316  
16.81678549  
13.6560178  
8.835722636  
3.479797605  
-1.290935403  
-4.671326659  
-6.37707899  
-6.679261663  
-6.260428523  
-5.942916811  
-6.381379049  
-7.822362996  
-10.01045002  
-12.27078349  
-13.73876766  
-13.65892236  
-11.65264366  
-7.865911102  
-2.94873345  
2.126109894  
5.097982662  
2.624127028  
0.08697637074  
-2.078215522  
-3.57353935  
-4.264945293  
-4.168801376  
-3.416148724  
-2.213396752  
-0.8111709541  
0.5176754147  
1.498813748  
1.886337152  
1.507073766  
0.313884374  
-1.568433511  
-3.826812003  
-5.991721784  
-7.522703556  
-7.93437661  
-6.931916841  
-4.515396298  
-1.015861526  
2.956966085  
6.649387159  
9.34818743  
10.56382625  
10.15844842  
8.379166313  
5.784865311  
3.087306773  
0.953735441  
-0.1699741851  
-0.1639639402  
0.7611284314  
2.155446448  
3.482440075  
4.280622962  
4.283031895  
3.460792034  
1.985785864  
0.1360696743  
-1.813809435  
-3.673668305  
-5.36088349  
-6.86294382  
-8.16294845  
-9.168240863  
-9.682359939  
-9.443367009  
-8.223352375  
-5.955471453  
-2.837432787  
0.6383086681  
3.756171267  
5.744732336  
5.997208357  
4.277870778  
0.8438489058  
-3.567313487  
-7.894239631  
-11.01642825  
-12.05402506  
-10.61434333  
-6.909432174  
-1.706244231  
3.878527453  
8.67921685  
11.7884484  
12.7803657  
11.7863769  
9.406645064  
6.491941504  
3.869566324  
2.101692723  
1.350290522  
1.384948289  
1.721542517  
1.836898964  
1.381346021  
0.3148335885  
-1.079112785  
-2.303790882  
-2.842946808  
-2.367863909  
-0.8836938351  
1.238246939  
3.356579032  
4.754960692  
4.872874719  
3.495901723  
0.8416286546  
-2.489350196  
-5.684444829  
-7.959839336  
-8.796088601  
-8.094620846  
-6.205643591  
-3.817768476  
-1.742415098  
-0.6585733824  
-0.8958482952  
-2.322431946  
-4.373325622  
-6.212485058  
-6.982738301  
-6.071301865  
-3.313519062  
0.9254522965  
5.817162184  
10.26927679  
13.20553024  
13.85123848  
11.9473717  
7.83503009  
2.386514483  
-3.200107794  
-7.690077524  
-10.11000497  
-9.978331537  
-7.409984679  
-3.070585729  
2.004568288  
6.676267389  
9.980134374  
11.34507826  
10.69670936  
8.424293302  
5.228359669  
1.899008683  
-0.9074140689  
-2.828179711  
-3.847311106  
-4.233294292  
-4.388988603  
-4.668527487  
-5.22511839  
-5.942068909  
-6.470688826  
-6.362094266  
-5.247553965  
-3.004386943  
0.1521156372  
3.686748172  
6.872174178  
8.989248049  
9.537299579  
8.386809673  
5.824246471  
2.473002134  
-0.8856637015  
-3.535508321  
-5.021914418  
-5.261312859  
-4.53165853  
-3.351520111  
-2.291415664  
-1.781825643  
-1.981028542  
-2.743249488  
-3.692038449  
-4.367677799  
-4.39347805  
-3.602070535  
-2.08004116  
-0.120717184  
1.89120187  
3.615550322  
4.860348298  
5.615286184  
6.006462653  
6.195923523  
6.272055818  
6.181118198  
5.733774856  
4.689796607  
2.890493904  
0.3852368765  
-2.504702565  
-5.222477135  
-7.113877599  
-7.629709724  
-6.525883997  
-3.988552777  
-0.6315057774  
2.646522786  
4.909136335  
5.460182941  
4.063196473  
1.027858493  
-2.870242047  
-6.616669017  
-9.263054982  
-10.21364619  
-9.401200891  
-7.294708901  
-4.735670732  
-2.655657379  
-1.766960761  
-2.327068504  
-4.053614769  
-6.217130431  
-7.880872745  
-8.209299749  
-6.745132064  
-3.566003601  
0.7284223372  
5.193050808  
8.819807971  
10.83588725  
10.92515324  
9.306932228  
6.653227959  
3.876053744  
1.855161687  
1.190890596  
2.054220223  
4.171822425  
6.940272903  
9.624939287  
11.57725971  
12.4044912  
12.04667823  
10.74803239  
8.942996291  
7.100624605  
5.578270233  
4.526772355  
3.868954281  
3.349180336  
2.631623603  
1.414330164  
-0.4736225339  
-3.015459871  
-6.000562653  
-9.065509317  
-11.7691723  
-13.68385321  
-14.48392105  
-14.01565822  
-12.33581339  
-9.710940385  
-6.575204266  
-3.451228735  
-0.8465782384  
0.8540713216  
1.476387658  
1.099719158  
0.04050676472  
-1.225802102  
-2.188707715  
-2.441766617  
-1.798552304  
-0.3506557675  
1.552283553  
3.3982272  
4.658619533  
4.942540749  
4.113323277  
2.332324888  
0.01649177933  
-2.277086568  
-4.004204742  
-4.777928374  
-4.462390029  
-3.191687479  
-1.31412423  
0.714854002  
2.454052581  
3.575023691  
3.913054179  
3.465598616  
2.352071668  
0.7599276245  
-1.098695858  
-3.006568135  
-4.739979926  
-6.062586049  
-6.735039894  
-6.553900926  
-5.417243714  
-3.396320835  
-0.7810120863  
1.932083345  
4.124404039  
5.202783533  
4.772488948  
2.782030769  
-0.4134574133  
-4.102955942  
-7.382341134  
-9.389042196  
-9.540861272  
-7.704571242  
-4.238297653  
0.1099112405  
4.418647728  
7.857859771  
9.91790912  
10.53036019  
10.04396034  
9.068031066  
8.240368515  
8.001578123  
8.453940185  
9.351490399  
10.2199789  
10.55824508  
10.04313228  
8.659505589  
6.705449468  
4.670289125  
3.032152751  
2.054136262  
1.661222356  
1.451953967  
0.8490881983  
-0.6601782262  
-3.281414136  
-6.76159213  
-10.3956792  
-13.20425633  
-14.2340336  
-12.88592265  
-9.159214174  
-3.722660153  
2.222975582  
7.258200043  
10.14198704  
10.17067169  
7.385837288  
2.564899921  
-3.003664902  
-7.891052526  
-10.93082063  
-11.53194911  
-9.811955498  
-6.51839882  
-2.773444205  
0.2716811949  
1.763682213  
1.360627381  
-0.7206122921  
-3.819956909  
-7.060471893  
-9.605639065  
-10.86879609  
-10.62210058  
-8.99187936  
-6.364888556  
-3.252785664  
-0.1644123336  
2.480566317  
4.388089999  
5.390032891  
5.432745036  
4.573771244  
2.991224952  
0.9926942331  
-0.999290812  
-2.504528829  
-3.087082085  
-2.480190413  
-0.6931755655  
1.945411058  
4.839624547  
7.273360609  
8.616993879  
8.529148679  
7.08220918  
4.759061588  
2.309595579  
0.5051663219  
-0.1302922282  
0.481551947  
1.92225714  
3.401842235  
4.028556592  
3.136984503  
0.5611269086  
-3.249378516  
-7.323019151  
-10.45252701  
-11.5868537  
-10.19980439  
-6.506235234  
-1.441857971  
3.600842179  
7.204966177  
8.393161799  
6.96921743  
3.617435304  
-0.2841946109  
-3.087635516  
-3.405953165  
-0.583027063  
5.051916981  
12.23302654  
19.10221639  
23.74707726  
24.76759913  
21.69673429  
15.14543158  
6.628991792  
-1.869278954  
-8.461238813  
-11.87228761  
-11.76221093  
-8.761501439  
-4.226542363  
0.1977161798  
3.065634627  
3.521041066  
1.481879941  
-2.417314013  
-7.08432223  
-11.33058372  
-14.21415467  
-15.26231261  
-14.52157815  
-12.44460642  
-9.675188897  
-6.818193348  
-4.274267641  
-2.185268351  
-0.4902021788  
0.9495859153  
2.218432602  
3.265681384  
3.907900532  
3.908829297  
3.099403415  
1.484412816  
-0.7116977146  
-3.082570124  
-5.15072355  
-6.512121803  
-6.961754263  
-6.554262089  
-5.577336782  
-4.447569688  
-3.56613427  
-3.185340281  
-3.332011784  
-3.812080246  
-4.291264058  
-4.420056092  
-3.957130087  
-2.848221339  
-1.235771106  
0.5991669673  
2.337121292  
3.723456305  
4.637515782  
5.105969529  
5.261507937  
5.268856938  
5.251273135  
5.248092241  
5.219108857  
5.090871864  
4.821687151  
4.453726043  
4.125558474  
4.034738929  
4.361544547  
5.182795478  
6.411856864  
7.793703724  
8.964702157  
9.562140451  
9.347868421  
8.301654221  
6.647183218  
4.795176098  
3.216812659  
2.286642084  
2.147677496  
2.64729294  
3.37091459  
3.768505026  
3.336625311  
1.797773492  
-0.7836224868  
-3.991184323  
-7.161994615  
-9.579044221  
-10.6922822  
-10.29773529  
-8.614757729  
-6.231992672  
-3.93385106  
-2.458232503  
-2.260211631  
-3.357147754  
-5.307527093  
-7.335106104  
-8.564396094  
-8.297247929  
-6.245119917  
-2.642926503  
1.794888025  
6.067174657  
9.172389385  
10.40233127  
9.552852002  
6.984636345  
3.512309093  
0.1531247816  
-2.188993892  
-3.006227673  
-2.346715332  
-0.7981235225  
0.7043267077  
1.189288437  
-0.01534455524  
-3.029215503  
-7.332184131  
-11.87750358  
-15.37853327  
-16.6870501  
-15.15006394  
-10.83498728  
-4.55004366  
2.352718912  
8.33878137  
12.11302524  
12.97833765  
11.02455894  
7.091313502  
2.515535656  
-1.261208226  
-3.109147004  
-2.528014202  
0.2253495897  
4.232559688  
8.198349922  
10.83482417  
11.22912698  
9.087724252  
4.792040409  
-0.7401183582  
-6.334360379  
-10.88862355  
-13.65067711  
-14.36716101  
-13.27313443  
-10.94359693  
-8.069845796  
-5.241206878  
-2.802091015  
-0.8211562584  
0.833470976  
2.356196655  
3.86520151  
5.319640962  
6.523733177  
7.212490944  
7.181360954  
6.404987705  
5.094538659  
3.666507849  
2.629295162  
2.424859068  
3.279775426  
5.117348648  
7.56125246  
10.02974613  
11.88934867  
12.61861434  
11.93251369  
9.834568098  
6.590641142  
2.644374209  
-1.489911877  
-5.320451751  
-8.434735005  
-10.51787381  
-11.34948714  
-10.80386768  
-8.871927325  
-5.705768266  
-1.66593796  
2.662408602  
6.516995752  
9.08389709  
9.685204214  
7.982213428  
4.128614684  
-1.188913884  
-6.858091877  
-11.58736278  
-14.23399366  
-14.12257055  
-11.25525878  
-6.340525402  
-0.618957194  
4.472293807  
7.70146207  
8.390078808  
6.598904392  
3.091910861  
-0.9126682499  
-4.127473338  
-5.596368333  
-4.983580712  
-2.660769697  
0.4334185215  
3.112929862  
4.336915917  
3.546727816  
0.8387670458  
-3.079540664  
-7.130813328  
-10.22116683  
-11.58602181  
-11.01382102  
-8.877289168  
-5.968789895  
-3.202981888  
-1.293547365  
-0.5167319592  
-0.6414837658  
-1.046074192  
-0.9754996647  
0.1546602109  
2.517112143  
5.780362896  
9.197845686  
11.84788645  
12.94144947  
12.09155944  
9.45218022  
5.679516368  
1.729445982  
-1.440352799  
-3.164216661  
-3.262451817  
-2.075070864  
-0.3296098488  
1.108126409  
1.515237373  
0.5334708186  
-1.735618635  
-4.783910109  
-7.870437262  
-10.25053915  
-11.3827848  
-11.05061884  
-9.370571078  
-6.700321788  
-3.492810542  
-0.1557696688  
3.033736019  
5.937730604  
8.50021656  
10.66233567  
12.296843  
13.19799205  
13.13688766  
11.96207795  
9.702690969  
6.62637894  
3.218660703  
0.07929438055  
-2.236241383  
-3.378422285  
-3.311509175  
-2.326312588  
-0.9483528358  
0.2314581633  
0.7483512408  
0.4126970502  
-0.6349529179  
-1.982402177  
-3.098305853  
-3.525792525  
-3.049408127  
-1.776060423  
-0.1002714644  
1.435621891  
2.338229754  
2.34775653  
1.543997507  
0.333208833  
-0.6841103273  
-0.9229888387  
-0.03157100888  
1.958265375  
4.60185614  
7.149902324  
8.764393413  
8.776547413  
6.90562082  
3.368062918  
-1.160058826  
-5.7188618  
-9.327001103  
-11.25199527  
-11.20751764  
-9.419612173  
-6.544196975  
-3.463833144  
-1.027509201  
0.1871029031  
0.01872357113  
-1.264736388  
-3.083448756  
-4.750943689  
-5.699774565  
-5.65625904  
-4.711610636  
-3.271245618  
-1.903139119  
-1.13748113  
-1.283782003  
-2.324377073  
-3.917429497  
-5.506891615  
-6.502767206  
-6.473061956  
-5.28597988  
-3.157355807  
-0.5889233403  
1.782354994  
3.375851948  
3.839527321  
3.149517128  
1.607509308  
-0.2609638403  
-1.872926796  
-2.764883171  
-2.723926876  
-1.832684199  
-0.416613482  
1.085708149  
2.283560539  
2.970854303  
3.192006602  
3.214545219  
3.417986401  
4.137440099  
5.51657209  
7.422529963  
9.455609607  
11.0551472  
11.67062543  
10.94407735  
8.844262  
5.70699132  
2.164939402  
-1.014775005  
-3.137589978  
-3.771032554  
-2.860135877  
-0.7352944777  
1.98736587  
4.580168932  
6.398276921  
7.036344555  
6.404553685  
4.709171831  
2.353912784  
-0.197774757  
-2.550673916  
-4.455766677  
-5.819997498  
-6.656524538  
-7.006126324  
-6.869314523  
-6.181762406  
-4.845734563  
-2.805178154  
-0.1316475716  
2.919544059  
5.915288585  
8.32331658  
9.646488323  
9.57245181  
8.088213857  
5.516537262  
2.45423197  
-0.3763200071  
-2.321885046  
-2.982071615  
-2.326104053  
-0.7062907794  
1.236956724  
2.75093349  
3.175799106  
2.120353332  
-0.4394088275  
-4.161872009  
-8.434197896  
-12.52657007  
-15.75996516  
-17.64318496  
-17.94987307  
-16.72780661  
-14.25267444  
-10.95053907  
-7.314312153  
-3.831789222  
-0.9309873357  
1.061080412  
1.95322589  
1.721316741  
0.530120661  
-1.267780737  
-3.170914232  
-4.613113199  
-5.085170264  
-4.268630611  
-2.1439316  
0.9658476121  
4.441046845  
7.501595246  
9.40431953  
9.64889329  
8.131386932  
5.195211785  
1.557640544  
-1.87242397  
-4.23509617  
-4.948391256  
-3.857206709  
-1.258460066  
2.202916999  
5.731820148  
8.610450978  
10.38374995  
10.94740996  
10.51756465  
9.501752011  
8.323280303  
7.264431561  
6.383781092  
5.533254533  
4.462456255  
2.965240688  
1.008136179  
-1.212136123  
-3.307398551  
-4.821158888  
-5.391265938  
-4.890695539  
-3.491361511  
-1.623155193  
0.1614551555  
1.371399934  
1.744508376  
1.33748399  
0.5039817417  
-0.2339699949  
-0.3772394711  
0.3638774165  
1.954996505  
4.037361569  
6.044302064  
7.394935892  
7.697428289  
6.889555076  
5.265394645  
3.376556209  
1.840512948  
1.121712141  
1.361650924  
2.317878074  
3.434866698  
4.024368995  
3.495335744  
1.556491689  
-1.675953001  
-5.700701678  
-9.775295441  
-13.13290746  
-15.20050792  
-15.7487232  
-14.9289253  
-13.19211811  
-11.123416  
-9.25161762  
-7.897655166  
-7.107802782  
-6.685295079  
-6.299141251  
-5.624257664  
-4.460488956  
-2.790980553  
-0.7666667268  
1.367284104  
3.366527969  
5.062711278  
6.389543934  
7.354035686  
7.972316607  
8.205741406  
7.933658199  
6.983943593  
5.216780891  
2.631504514  
-0.5487795179  
-3.857980642  
-6.656563011  
-8.281923907  
-8.240087692  
-6.378955856  
-2.982542105  
1.254025335  
5.37337562  
8.393787713  
9.570885267  
8.607063695  
5.745242903  
1.716311571  
-2.447818848  
-5.684266911  
-7.177085288  
-6.566257019  
-4.031776856  
-0.2331713303  
3.874658652  
7.29556765  
9.246293411  
9.344537691  
7.686293855  
4.799230708  
1.491216147  
-1.362397115  
-3.03770569  
-3.135306259  
-1.669918175  
0.9395570892  
3.973109201  
6.580263928  
7.980111618  
7.647644994  
5.446468104  
1.678026703  
-2.966465797  
-7.545657383  
-11.07317603  
-12.74534782  
-12.13936167  
-9.331981341  
-4.903869564  
0.1795426868  
4.788347308  
7.898788336  
8.846172361  
7.492471898  
4.260926481  
0.02488484032  
-4.121179458  
-7.146278453  
-8.343880222  
-7.496352007  
-4.898534542  
-1.238603295  
2.622508951  
5.901877897  
8.097382746  
9.082877122  
9.073799607  
8.485544431  
7.742465372  
7.110094388  
6.611687735  
6.056948907  
5.167412188  
3.745334007  
1.814939325  
-0.3262944811  
-2.175693363  
-3.196327038  
-3.032443782  
-1.688695711  
0.401103268  
2.455128017  
3.562579276  
2.977466467  
0.3920414111  
-3.905832825  
-9.054611929  
-13.82719387  
-16.97071271  
-17.57716194  
-15.36942235  
-10.80998734  
-4.993329391  
0.6497802636  
4.748454065  
6.369200747  
5.26191567  
1.903639781  
-2.666913576  
-7.16638988  
-10.43358966  
-11.73380462  
-10.91449843  
-8.378178046  
-4.898250938  
-1.351276401  
1.54118837  
3.380626081  
4.127974403  
4.016818421  
3.39421652  
2.56033084  
1.670072464  
0.7285302593  
-0.3299111145  
-1.524330977  
-2.732884145  
-3.671747611  
-3.966009258  
-3.290392144  
-1.524821321  
1.142107095  
4.213681391  
7.004549057  
8.848223782  
9.324504415  
8.424741458  
6.588853452  
4.589519201  
3.292264629  
3.366091469  
5.04136816  
8.000493042  
11.44538765  
14.32729828  
15.66892166  
14.87553038  
11.93290437  
7.425502863  
2.366908365  
-2.103507015  
-5.059837219  
-6.055647517  
-5.232941929  
-3.243317397  
-1.013075723  
0.5653519459  
0.9117170951  
-0.08383101646  
-2.068076421  
-4.384849301  
-6.323323191  
-7.362688302  
-7.327631887  
-6.405469541  
-5.028645702  
-3.67591299  
-2.673948915  
-2.078082241  
-1.678015475  
-1.124268734  
-0.1224886928  
1.385707903  
3.134082149  
4.580563739  
5.086264868  
4.165355879  
1.71390092  
-1.873740624  
-5.757810108  
-8.874446826  
-10.26328527  
-9.396423842  
-6.395403556  
-2.053320351  
2.360115445  
5.461496082  
6.177445576  
4.096904103  
-0.3629320851  
-6.036782865  
-11.32165866  
-14.62936234  
-14.84764531  
-11.67242786  
-5.711938717  
1.667627518  
8.708225278  
13.72959105  
15.56680315  
13.85436659  
9.084977421  
2.43962065  
-4.549102672  
-10.39579945  
-14.01007397  
-14.90537762  
-13.22981562  
-9.634621891  
-5.039914285  
-0.3774682236  
3.616241049  
6.511401744  
8.192443625  
8.786658678  
8.557151286  
7.803332423  
6.797016878  
5.759839622  
4.868441011  
4.264783  
4.052611717  
4.274328662  
4.878334434  
5.697495181  
6.459580669  
6.839650746  
6.546784198  
5.420463849  
3.502948595  
1.057561185  
-1.481408737  
-3.618532099  
-4.936352951  
-5.220767698  
-4.531436441  
-3.191958896  
-1.699857402  
-0.5822802977  
-0.2411593229  
-0.8351982994  
-2.234330665  
-4.05937514  
-5.793174811  
-6.928241953  
-7.106577522  
-6.212137494  
-4.392959709  
-2.012098827  
0.4531891425  
2.532400797  
3.869851729  
4.295124478  
3.844982623  
2.739662697  
1.326075682  
0.003756034725  
-0.8524013752  
-0.9628104308  
-0.2007501972  
1.369118658  
3.478757186  
5.680107082  
7.410492957  
8.099126783  
7.301281341  
4.832805878  
0.86826336  
-4.033872464  
-9.002394769  
-13.02010658  
-15.1559401  
-14.80694671  
-11.88292978  
-6.874376268  
-0.7719530179  
5.153420487  
9.658795389  
11.84451934  
11.38804642  
8.626838416  
4.462274244  
0.1083528775  
-3.244799186  
-4.756290026  
-4.154960629  
-1.79227057  
1.484790266  
4.599451568  
6.567491368  
6.779321833  
5.160148747  
2.166420568  
-1.371906469  
-4.50750208  
-6.447723416  
-6.760655892  
-5.459367713  
-2.950838956  
0.1206249965  
3.075224918  
5.376387387  
6.73332833  
7.106430503  
6.630718919  
5.500382915  
3.866937869  
1.792699871  
-0.7248982717  
-3.673809463  
-6.932334362  
-10.2061008  
-13.03359554  
-14.87072687  
-15.23395564  
-13.8567066  
-10.80465459  
-6.505681805  
-1.676439085  
2.839097498  
6.274567195  
8.130095145  
8.289618352  
7.033035123  
4.941596766  
2.726846335  
1.034837805  
0.2820741854  
0.5669619185  
1.675542399  
3.171584104  
4.53783322  
5.324119604  
5.261205801  
4.314066342  
2.668782528  
0.6661644823  
-1.29278504  
-2.841998424  
-3.724294004  
-3.832777006  
-3.218753387  
-2.072297151  
-0.6839613315  
0.605007731  
1.458906808  
1.606123135  
0.8943248752  
-0.6665391341  
-2.884797282  
-5.401719793  
-7.74516993  
-9.417199147  
-9.999132255  
-9.24914144  
-7.165380844  
-3.994569525  
-0.1801120763  
3.738355477  
7.246908666  
9.96633396  
11.71741407  
12.52569106  
12.56875868  
12.08798376  
11.29783986  
10.32541512  
9.200172531  
7.894089408  
6.392025047  
4.759295265  
3.173132579  
1.897592484  
1.203416796  
1.257573765  
2.022890554  
3.210067311  
4.310553766  
4.713143948  
3.877824307  
1.517537399  
-2.269803755  
-6.966443865  
-11.71820835  
-15.52257534  
-17.47536898  
-17.01014416  
-14.06363094  
-9.119376916  
-3.114724485  
2.766453932  
7.362233551  
9.793935948  
9.655756021  
7.089164555  
2.72995916  
-2.451863744  
-7.374779658  
-11.07557625  
-12.89514661  
-12.58523671  
-10.32314475  
-6.642963809  
-2.307437225  
1.848153992  
5.069479074  
6.80950027  
6.811678509  
5.141993427  
2.168485906  
-1.5077817  
-5.161236724  
-8.075227744  
-9.680133251  
-9.671692399  
-8.084407891  
-5.299924096  
-1.981232061  
1.060607774  
3.0436763  
3.399288156  
1.920188818  
-1.16524126  
-5.215924547  
-9.299213305  
-12.38733367  
-13.58674078  
-12.3480328  
-8.606669855  
-2.819493676  
4.114383675  
11.033079  
16.75311964  
20.31884168  
21.20409626  
19.42061788  
15.50808226  
10.40768645  
5.24749027  
1.088415034  
-1.310507242  
-1.652684052  
-0.1519539356  
2.543860491  
5.535511182  
7.915628698  
9.010672331  
8.557907083  
6.768936202  
4.260249245  
1.867071538  
0.3900859225  
0.3457923013  
1.793427707  
4.292635059  
7.010421943  
8.952839287  
9.258574133  
7.470057168  
3.700082078  
-1.360828461  
-6.606257843  
-10.8047837  
-12.93992369  
-12.50145389  
-9.6417199  
-5.14792413  
-0.2345131246  
3.787292431  
5.868876303  
5.509424689  
2.885238437  
-1.212684382  
-5.612512462  
-9.09680191  
-10.74099541  
-10.15854229  
-7.586176195  
-3.791669481  
0.1614769504  
3.21823186  
4.615291065  
4.065174161  
1.797033845  
-1.545416781  
-5.107518847  
-8.06236063  
-9.815115942  
-10.12137853  
-9.099058151  
-7.146621216  
-4.805333833  
-2.612761208  
-0.9884224524  
-0.1743825951  
-0.2319037135  
-1.077598467  
-2.534732469  
-4.378005684  
-6.360653127  
-8.225310944  
-9.709129296  
-10.55581906  
-10.54225516  
-9.518043879  
-7.447565802  
-4.439402274  
-0.7500110907  
3.244055672  
7.101127864  
10.38404835  
12.72820382  
13.89392868  
13.79541868  
12.5058785  
10.24372496  
7.345922906  
4.232019221  
1.358646703  
-0.837507757  
-2.007802497  
-1.963492123  
-0.7355657542  
1.398851241  
3.943457659  
6.272056356  
7.770611172  
8.001786696  
6.846487291  
4.574561416  
1.810803495  
-0.6092821216  
-1.864584492  
-1.394676022  
0.9065457228  
4.615266565  
8.854473301  
12.51208235  
14.54386211  
14.27406761  
11.60216853  
7.048994819  
1.623134353  
-3.455928214  
-7.095922314  
-8.628838857  
-7.976956659  
-5.63951591  
-2.50898447  
0.4199119049  
2.352189632  
2.908765797  
2.191418098  
0.684097348  
-0.9659463616  
-2.204161645  
-2.768919397  
-2.766099322  
-2.59549644  
-2.761108129  
-3.639657193  
-5.296611822  
-7.421347741  
-9.409261401  
-10.56450613  
-10.35212573  
-8.608867297  
-5.634957756  
-2.130168584  
1.008099291  
2.958521328  
3.229754854  
1.809645829  
-0.8390469271  
-3.932532366  
-6.615144476  
-8.218745293  
-8.446919459  
-7.42752506  
-5.62479025  
-3.650815257  
-2.048705111  
-1.124713914  
-0.8839616651  
-1.082806178  
-1.367015292  
-1.434793789  
-1.158281441  
-0.6175645692  
-0.03887676982  
0.3317225951  
0.3616229359  
0.1120163087  
-0.1723791564  
-0.163881224  
0.3964488398  
1.558993163  
3.099836537  
4.564915127  
5.417719282  
5.241939473  
3.924678295  
1.74734905  
-0.6592771293  
-2.491693362  
-3.029023875  
-1.882172249  
0.8509046399  
4.582808118  
8.395430408  
11.31268238  
12.5996293  
11.98946303  
9.762584331  
6.651128575  
3.600709118  
1.468592955  
0.75797071  
1.474245578  
3.146845356  
5.00381431  
6.236238409  
6.262208249  
4.904380482  
2.428352588  
-0.5615450535  
-3.324926345  
-5.212963776  
-5.845547622  
-5.186894223  
-3.508630208  
-1.269410808  
1.034607579  
2.991902519  
4.333668024  
4.92348998  
4.704911404  
3.649309764  
1.741823694  
-0.9802487645  
-4.353225344  
-8.018848015  
-11.41099655  
-13.8304367  
-14.60677192  
-13.30735826  
-9.924077907  
-4.9638195  
0.6082078068  
5.577144831  
8.790722992  
9.485104876  
7.520711748  
3.445969444  
-1.641927018  
-6.405155319  
-9.651521334  
-10.679252  
-9.470956349  
-6.674177022  
-3.374347656  
-0.733476321  
0.3884279816  
-0.2930440589  
-2.405181384  
-5.052151652  
-7.117368211  
-7.633003296  
-6.095801871  
-2.628940525  
2.057400768  
6.887383405  
10.74557003  
12.80052219  
12.72529471  
10.75342832  
7.565755413  
4.057884921  
1.071848949  
-0.8213605789  
-1.427756759  
-0.9082418628  
0.3433992949  
1.864269191  
3.26442605  
4.302159531  
4.880694842  
4.988069743  
4.622843875  
3.748800112  
2.303269952  
0.2549912887  
-2.318826257  
-5.178691123  
-7.92759842  
-10.08591757  
-11.2173232  
-11.0621998  
-9.627162292  
-7.192394112  
-4.228156759  
-1.246878394  
1.356438234  
3.415665159  
5.013494938  
6.400669777  
7.844809783  
9.46858766  
11.14438829  
12.49390998  
13.00226925  
12.21128198  
9.922378466  
6.330101641  
2.027214482  
-2.13386705  
-5.286339683  
-6.821999389  
-6.597620777  
-4.998237453  
-2.827217871  
-1.052275359  
-0.4880828617  
-1.521143236  
-3.971503806  
-7.141427059  
-10.03828534  
-11.69914787  
-11.50892316  
-9.405194461  
-5.900948377  
-1.918400298  
1.508576245  
3.561563262  
3.883660881  
2.663491266  
0.5336873627  
-1.674652453  
-3.230531762  
-3.747202712  
-3.286371254  
-2.289312723  
-1.365537764  
-1.021643434  
-1.43469685  
-2.357732975  
-3.195997934  
-3.2289242  
-1.897577594  
0.9492233564  
4.944891602  
9.278885474  
12.93666648  
15.02715748  
15.08486227  
13.238801  
10.18378383  
6.956629501  
4.588000291  
3.745517664  
4.490088555  
6.232068574  
7.908448992  
8.328619611  
6.579095254  
2.356178696  
-3.882922729  
-11.00271522  
-17.48375508  
-21.84007501  
-23.03324316  
-20.7595573  
-15.52820578  
-8.513890274  
-1.235551106  
4.838309348  
8.642011972  
9.728206366  
8.300592208  
5.076271166  
1.038933699  
-2.831566951  
-5.773421384  
-7.351647258  
-7.454872187  
-6.211960472  
-3.881449528  
-0.7648853682  
2.826792082  
6.555895952  
10.019215  
12.72961935  
14.15222766  
13.80488175  
11.40143049  
6.990953391  
1.037108665  
-5.605703166  
-11.83227711  
-16.51719274  
-18.77749707  
-18.19330124  
-14.9198431  
-9.654363952  
-3.463450123  
2.48194113  
7.189066661  
10.06461261  
11.01514085  
10.40482607  
8.891451117  
7.196626863  
5.882595265  
5.201615151  
5.057584976  
5.08281088  
4.797290015  
3.79488709  
1.896308945  
-0.7767528154  
-3.824646126  
-6.677499516  
-8.750734139  
-9.600316405  
-9.034017893  
-7.151912205  
-4.312251778  
-1.040040288  
2.091174392  
4.571559215  
6.036303516  
6.304542499  
5.378537819  
3.41547932  
0.6873911986  
-2.458664029  
-5.634767118  
-8.442244387  
-10.50290832  
-11.49584202  
-11.19946439  
-9.532631692  
-6.584116323  
-2.619276032  
1.943283204  
6.584896571  
10.76156934  
13.9857532  
15.89872358  
16.31968861  
15.26400779  
12.93035316  
9.662925671  
5.898165431  
2.105423324  
-1.271170319  
-3.865314418  
-5.432814406  
-5.884455024  
-5.302659054  
-3.935648911  
-2.163559755  
-0.4352575967  
0.8178798255  
1.276126285  
0.8116196436  
-0.4688551145  
-2.236088113  
-4.010382395  
-5.280968256  
-5.644691852  
-4.926337462  
-3.244016523  
-0.9957720371  
1.23495229  
2.83303263  
3.3231302  
2.50925707  
0.5396184567  
-2.125620931  
-4.837478252  
-6.93798898  
-7.944145778  
-7.680587758  
-6.320381916  
-4.320959397  
-2.274806204  
-0.7215321306  
0.01953519819  
-0.05693938382  
-0.6522283333  
-1.274008665  
-1.411806869  
-0.7204909541  
0.8482698356  
3.010527897  
5.223996428  
6.849800904  
7.35210105  
6.473064  
4.327979204  
1.390034603  
-1.631555295  
-3.983729651  
-5.074792992  
-4.632592158  
-2.771280852  
0.04909789597  
3.153775306  
5.833342374  
7.519596844  
7.909619071  
7.009850218  
