-0.5446414493  
-3.528521965  
-5.809704312  
-7.123230675  
-7.442580604  
-6.941618757  
-5.908564491  
-4.639685279  
-3.345278483  
-2.096061846  
-0.8250666275  
0.6174552416  
2.375778638  
4.497921109  
6.874700941  
9.231980454  
11.18255684  
12.32443206  
12.35636533  
11.17459997  
8.919532886  
5.956197399  
2.793124736  
-0.03643220523  
-2.095352745  
-3.13027722  
-3.102670761  
-2.159551298  
-0.5602917968  
1.410395159  
3.511002239  
5.570896032  
7.473008196  
9.107074631  
10.3221242  
10.90831848  
10.62653928  
9.283603806  
6.829100563  
3.43555577  
-0.4766529076  
-4.293020183  
-7.334190963  
-9.029132569  
-9.080234194  
-7.564809122  
-4.933500518  
-1.897469328  
0.766890642  
2.437451722  
2.820477556  
2.021821006  
0.4900915346  
-1.15065179  
-2.322913512  
-2.696239967  
-2.295626274  
-1.477882342  
-0.7819970182  
-0.7051359131  
-1.485029507  
-2.970941254  
-4.637429732  
-5.746292906  
-5.608635897  
-3.859689627  
-0.6483584716  
3.333420064  
7.005776592  
9.202972702  
9.032671095  
6.178219419  
1.042659039  
-5.319667186  
-11.47119528  
-15.98156783  
-17.82220297  
-16.64368417  
-12.85117199  
-7.457110342  
-1.761693887  
3.034314287  
6.160268113  
7.447359477  
7.294226322  
6.449325948  
5.693892887  
5.540491897  
6.053189137  
6.849757829  
7.28013476  
6.711875105  
4.814819703  
1.737145022  
-1.896400072  
-5.169501068  
-7.181294199  
-7.368278831  
-5.725329493  
-2.842226958  
0.2653765868  
2.480150674  
2.956346945  
1.415777102  
-1.737084281  
-5.525552537  
-8.706132642  
-10.1717781  
-9.321121038  
-6.270662936  
-1.837199453  
2.707288933  
6.031092326  
7.161510486  
5.791669711  
2.376449647  
-2.012701673  
-6.026012169  
-8.456518393  
-8.608279553  
-6.494837774  
-2.807808197  
1.329016697  
4.735563998  
6.556536083  
6.523878945  
5.018442589  
2.915873723  
1.272510112  
0.957948723  
2.355897843  
5.23009794  
8.796385407  
11.97439792  
13.73513773  
13.43166445  
11.00812601  
7.023306881  
2.484805794  
-1.450975303  
-3.818050706  
-4.115534182  
-2.43763119  
0.5741938991  
3.935237459  
6.610809783  
7.80909716  
7.189366665  
4.931146803  
1.653611794  
-1.78210611  
-4.524368872  
-5.962899017  
-5.87914423  
-4.480697018  
-2.319426306  
-0.1237260265  
1.405274313  
1.779078167  
0.843716177  
-1.18772694  
-3.794878513  
-6.283922014  
-7.962132897  
-8.312564031  
-7.129599277  
-4.584573313  
-1.20494486  
2.231865545  
4.870385915  
5.979243919  
5.138116548  
2.363381301  
-1.863388253  
-6.679275821  
-11.02444026  
-13.88807283  
-14.55712115  
-12.80350649  
-8.957244658  
-3.840582503  
1.425007083  
5.691350877  
8.064058626  
8.115183759  
5.970202708  
2.246915205  
-2.133269688  
-6.204093687  
-9.205924169  
-10.75678702  
-10.89665689  
-9.999987  
-8.593548153  
-7.146112927  
-5.903302685  
-4.823137835  
-3.631252798  
-1.9719955  
0.4026820348  
3.478636366  
6.919916512  
10.1317298  
12.43008538  
13.26319426  
12.40904728  
10.07867083  
6.884289444  
3.676268521  
1.297210821  
0.3307870758  
0.9265528407  
2.758499785  
5.132060034  
7.205889097  
8.257172082  
7.905262132  
6.222353335  
3.697611077  
1.069271195  
-0.9177470407  
-1.747941935  
-1.288260247  
0.189416033  
2.119123891  
3.843294998  
4.83565498  
4.868555379  
4.069919428  
2.854111996  
1.754797573  
1.220781733  
1.447267789  
2.301141124  
3.365178343  
4.084431046  
3.962869413  
2.741709849  
0.4980874104  
-2.369143551  
-5.260600495  
-7.562388223  
-8.83358753  
-8.932765045  
-8.043271348  
-6.592458163  
-5.09607267  
-3.983483419  
-3.46396041  
-3.477955843  
-3.746264533  
-3.895367062  
-3.611174117  
-2.764737717  
-1.464955152  
-0.02037811349  
1.174781955  
1.7881996  
1.676375076  
0.9442211723  
-0.08542305231  
-0.9830717364  
-1.366472292  
-1.043106386  
-0.090371446  
1.156909669  
2.210645055  
2.592751297  
2.004156142  
0.4426489616  
-1.771760148  
-4.076099465  
-5.826779198  
-6.496339056  
-5.843940573  
-4.005829141  
-1.475703587  
1.022168528  
2.732082413  
3.081670381  
1.850931055  
-0.752776529  
-4.135201519  
-7.460178742  
-9.859487958  
-10.65110912  
-9.508505177  
-6.538234727  
-2.248782374  
2.577520564  
7.07313098  
10.48450161  
12.33186943  
12.49273972  
11.19384603  
8.920720515  
6.274325227  
3.815574008  
1.938546685  
0.8024315988  
10.37406085  
12.46053244  
12.84098478  
11.53823632  
9.007259403  
5.96917307  
3.182162613  
1.224172896  
0.3527469659  
0.4776827628  
1.243067209  
2.180507334  
2.875953451  
3.093797383  
2.821981419  
2.232303297  
1.579899754  
1.084751816  
0.8403886874  
0.7811767697  
0.7157811605  
0.4096554279  
-0.317299775  
-1.515201736  
-3.077737109  
-4.772352657  
-6.313693781  
-7.45197327  
-8.044138191  
-8.083724628  
-7.681560485  
-7.007769517  
-6.219125301  
-5.400043937  
-4.539401906  
-3.551322563  
-2.331684519  
-0.8288978169  
0.8979213771  
2.656271479  
4.144402948  
5.018323074  
4.983859825  
3.887741006  
1.78117282  
-1.063407579  
-4.189515891  
-7.041009769  
-9.075223489  
-9.87934966  
-9.263572406  
-7.30922554  
-4.359618466  
-0.9531887798  
2.288907582  
4.79801119  
6.186508365  
6.33928207  
5.443492259  
3.944482477  
2.432834397  
1.485836838  
1.501491896  
2.569591194  
4.419337533  
6.465901513  
7.95263776  
8.157616938  
6.611218911  
3.262877116  
-1.455810733  
-6.69869807  
-11.39421933  
-14.51037412  
-15.32454107  
-13.62149332  
-9.760167162  
-4.585971563  
0.7897087428  
5.281260754  
8.107812562  
8.97830404  
8.129408315  
6.208006774  
4.037706298  
2.34474364  
1.530531553  
1.562259851  
2.014158502  
2.242722587  
1.635487049  
-0.1508900149  
-3.043575032  
-6.547345956  
-9.882256353  
-12.2203376  
-12.94371833  
-11.83957121  
-9.168310265  
-5.583494732  
-1.930678008  
1.008312055  
2.742336341  
3.196952837  
2.702086783  
1.850563277  
1.279223598  
1.448492723  
2.494393116  
4.200105656  
6.092067125  
7.622859253  
8.374397168  
8.209792238  
7.321907853  
6.163722501  
5.28710466  
5.147872108  
5.945480694  
7.552231891  
9.554590745  
11.38977333  
12.52818299  
12.63771972  
11.67425372  
9.870250775  
7.630331661  
5.375408401  
3.394115383  
1.755839223  
0.3155982996  
-1.193702644  
-3.018817489  
-5.249525514  
-7.741954901  
-10.13407097  
-11.95146099  
-12.76767172  
-12.36189634  
-10.81583844  
-8.511630178  
-6.026990691  
-3.960326509  
-2.744210299  
-2.511431103  
-3.061032606  
-3.938048594  
-4.601460584  
-4.623751895  
-3.85323439  
-2.481661383  
-0.9908661965  
0.006937577795  
-0.01610478645  
-1.30502793  
-3.707713519  
-6.686332281  
-9.455837716  
-11.20948019  
-11.36247569  
-9.737996945  
-6.636828286  
-2.767562734  
0.9431651564  
3.604833194  
4.607453913  
3.786472955  
1.463385603  
-1.645318635  
-4.620519577  
-6.577026699  
-6.878676109  
-5.27729728  
-1.946502548  
2.587451367  
7.588302536  
12.28094485  
16.00547158  
18.32063992  
19.04286751  
18.22651654  
16.10512933  
13.01802486  
9.342931848  
5.446310102  
1.653176035  
-1.768523001  
-4.615810562  
-6.755407135  
-8.125600176  
-8.732555202  
-8.638176746  
-7.939699281  
-6.745704715  
-5.156670733  
-3.258129125  
-1.130361512  
1.128578319  
3.376959529  
5.414918649  
6.994060543  
7.856140896  
7.794594732  
6.722033688  
4.720894109  
2.056465908  
-0.8584633417  
-3.542998141  
-5.552004712  
-6.575317443  
-6.50291063  
-5.436565122  
-3.645473993  
-1.481476362  
0.7173338773  
2.702948766  
4.35025829  
5.639683985  
6.601997743  
7.25199772  
7.541543855  
7.354321624  
6.547298946  
5.023621985  
2.806937186  
0.08344228268  
-2.811932366  
-5.468466079  
-7.511396345  
-8.714612605  
-9.072002381  
-8.796873931  
-8.243236117  
-7.771730981  
-7.605755586  
-7.730993382  
-7.880027891  
-7.615654089  
-6.491361033  
-4.23722326  
-0.9058170725  
3.078459278  
6.993494486  
10.00264668  
11.39371274  
10.7978976  
8.315416539  
4.502309354  
0.2177720412  
-3.622057694  
-6.305431318  
-7.516554907  
-7.394861651  
-6.443842648  
-5.322568509  
-4.593490313  
-4.515383646  
-4.954578638  
-5.445832344  
-5.380757119  
-4.255591253  
-1.887549146  
1.480971125  
5.23185385  
8.560631305  
10.74048445  
11.36661501  
10.49115913  
8.596350163  
6.411379881  
4.636201687  
3.672316944  
3.462182505  
3.503494429  
3.043209352  
1.390103182  
-1.762855627  
-6.125986034  
-10.79878703  
-14.47861632  
-15.84016101  
-13.97108949  
-8.722574415  
-0.8530163998  
8.095615358  
16.16595429  
21.49643595  
22.82598637  
19.84162187  
13.26480282  
4.651926244  
-4.029294913  
-10.9196235  
-14.73152776  
-15.02652836  
-12.23969688  
-7.464546958  
-2.082863397  
2.636032506  
5.844525811  
7.253822293  
7.082105695  
5.860311015  
4.183271652  
2.500918988  
1.016870886  
-0.2869925289  
-1.532272077  
-2.798166245  
-4.01908528  
-4.972872077  
-5.364536425  
-4.967449424  
-3.757593716  
-1.977120066  
-0.09099605785  
1.355991193  
1.932331542  
1.489359167  
0.2378635296  
-1.305695965  
-2.492638584  
-2.777752523  
-1.932828279  
-0.1570731338  
1.96256076  
3.63520715  
4.135183656  
3.063886379  
0.5106701658  
-2.948576052  
-6.421132476  
-8.982152537  
-9.979215255  
-9.252219315  
-7.191082522  
-4.608261554  
-2.466415154  
-1.551660397  
-2.202308782  
-4.1849406  
-6.760184865  
-8.916847817  
-9.696753175  
-8.503121572  
-5.292097935  
-0.587291639  
4.683263667  
9.470242443  
12.91144234  
14.56622466  
14.50530401  
13.23592128  
11.49729411  
10.00144319  
9.20745073  
9.199930542  
9.702827619  
10.21237806  
10.19488767  
9.278066231  
7.373263427  
4.694870131  
1.680732452  
-1.150161865  
-3.349901154  
-4.654320298  
-5.026517284  
-4.628885196  
-3.745266887  
-2.687353088  
-1.717381496  
-1.006044802  
-0.6269664895  
-0.5753949807  
-0.7938601529  
-1.192203357  
-1.659509281  
-2.074901175  
-2.327128696  
-2.347464443  
-2.149100248  
-1.855159991  
-1.693387054  
-1.942962398  
-2.836818358  
-4.445027569  
-6.581968783  
-8.782724456  
-10.37838192  
-10.66809769  
-9.148017367  
-5.727310789  
-0.8525910385  
4.519325561  
9.117042335  
11.67987957  
11.32492802  
7.843443525  
1.825231801  
-5.443928826  
-12.2980716  
-17.13699453  
-18.87266368  
-17.23950031  
-12.86911879  
-7.100951927  
-1.582495497  
2.219962247  
3.449964976  
2.097244632  
-1.028880876  
-4.576191303  
-7.084708128  
-7.440537319  
-5.206297571  
-0.7298205225  
4.993130945  
10.64696227  
15.00183207  
17.26479528  
17.27019675  
15.46194074  
12.69118436  
9.911159997  
7.877300605  
6.948728594  
7.04338847  
7.741462757  
8.481551464  
8.76890227  
8.32160873  
7.113925521  
5.320604428  
3.204228162  
1.004107167  
-1.124405476  
-3.10159024  
-4.863949215  
-6.297853469  
-7.214548764  
-7.394671308  
-6.694489707  
-5.170192563  
-3.157296216  
-1.250328466  
-0.1626295177  
-0.4955221671  
-2.490892587  
-5.861955751  
-9.782384518  
-13.06555334  
-14.49868746  
-13.23485839  
-9.113126519  
-2.788426431  
4.391952899  
10.74610544  
14.74810922  
15.49768139  
13.01272567  
8.239865177  
2.768136983  
-1.670177803  
-3.753199506  
-2.996428782  
0.09024159873  
4.171451984  
7.529181528  
8.635171197  
6.664155272  
1.777797188  
-4.914507403  
-11.70368977  
-16.82061676  
-18.98697478  
-17.79568269  
-13.79933147  
-8.285649754  
-2.825139776  
1.249007483  
3.250132746  
3.3013549  
2.207026014  
1.08972937  
0.9308616155  
2.183297699  
4.594874098  
7.303235138  
9.16408868  
9.191598705  
6.950372145  
2.7568025  
-2.384015478  
-7.085854583  
-10.02772534  
-10.38557717  
-8.102128865  
-3.904741262  
0.9317699128  
4.994213289  
7.173304041  
6.993554802  
4.727851637  
1.269387547  
-2.184955196  
-4.526717965  
-5.072568331  
-3.74205485  
-1.032876996  
2.179758584  
4.938085761  
6.487059002  
6.461480516  
4.93057946  
2.309892736  
-0.8062501604  
-3.820396991  
-6.256173341  
-7.804381354  
-8.303021594  
-7.690518289  
-5.976300808  
-3.254611301  
0.2444933948  
4.102877679  
7.709612676  
10.34066204  
11.32609084  
10.26530743  
7.217690021  
2.787933262  
-1.950290822  
-5.697923691  
-7.286268245  
-6.041499762  
-2.038212809  
3.853060838  
10.15908242  
15.19537319  
17.54523042  
16.48062595  
12.19145823  
5.746112225  
-1.209722468  
-6.925924229  
-10.04726773  
-9.985972551  
-7.055785608  
-2.333314473  
2.700463539  
6.617751046  
8.453174696  
7.939862672  
5.509972824  
2.077329821  
-1.310088807  
-3.823169637  
-5.092765989  
-5.267916886  
-4.888024442  
-4.6300895  
-5.030941288  
-6.285452843  
-8.187108531  
-10.22140953  
-11.76677852  
-12.32199176  
-11.67542854  
-9.958994638  
-7.57629947  
-5.042206305  
-2.801207533  
-1.094938654  
0.07521061722  
0.885049977  
1.559235251  
2.237147941  
2.892024092  
3.337733199  
3.319621647  
2.649733883  
1.327189954  
-0.4108740651  
-2.135276121  
-3.356365403  
-3.69470574  
-3.026566881  
-1.546905192  
0.2783359093  
1.85806536  
2.67090828  
2.440976902  
1.232653149  
-0.568844818  
-2.383522886  
-3.624151458  
-3.879501769  
-3.030980318  
-1.266308333  
1.008109063  
3.318552758  
5.281095317  
6.708330615  
7.632240126  
8.243520989  
8.779306601  
9.408440137  
10.16038453  
10.92245985  
11.49993003  
11.70705114  
11.44547195  
10.73400461  
9.67716675  
8.389055335  
6.911325124  
5.169315293  
2.995570033  
0.2205505431  
-3.201949279  
-7.088535702  
-10.99316573  
-14.27840388  
-16.28318376  
-16.53864118  
-14.95746997  
-11.92225579  
-8.226785416  
-4.873054856  
-2.778990825  
-2.48849398  
-3.982068007  
-6.658240907  
-9.501744334  
-11.39142286  
-11.45144753  
-9.331177698  
-5.319812355  
-0.25547827  
4.742860456  
8.632010831  
10.7702367  
11.10240267  
10.14257658  
8.761406994  
7.852823903  
7.996405901  
9.233669443  
11.03754232  
12.48798669  
12.59557489  
10.66367812  
6.565775373  
0.8423827578  
-5.41791405  
-10.87718237  
-14.33153069  
-15.05741361  
-13.01284439  
-8.834349266  
-3.636942758  
1.313758935  
4.951416047  
6.674030148  
6.450949563  
4.753508926  
2.348044726  
0.03004866453  
-1.610772234  
-2.324246352  
-2.203076675  
-1.573329248  
-0.8258890306  
-0.2566209585  
0.02811719354  
0.1140520345  
0.1998568915  
0.4761431167  
1.015002276  
1.714666164  
2.320216073  
2.511269095  
2.022825152  
0.7541726109  
-1.173656469  
-3.432446386  
-5.568805465  
-7.127155824  
-7.775452335  
-7.39660649  
-6.121126584  
-4.294869403  
-2.393649986  
-0.9087051641  
-0.2310707655  
-0.5598793831  
-1.851807899  
-3.819823281  
-5.981056136  
-7.74661444  
-8.540129385  
-7.925941464  
-5.72283927  
-2.076761681  
2.531125483  
7.354405996  
11.52530988  
14.24722849  
14.99170979  
13.64662134  
10.56808957  
6.510858531  
2.445377025  
-0.6945496954  
-2.263944845  
-2.083212978  
-0.481749871  
1.810290289  
3.893451528  
4.983856027  
4.661447013  
3.000183534  
0.5354344431  
-1.923026732  
-3.57154773  
-3.89239524  
-2.836482834  
-0.8439433304  
1.30773611  
2.778270612  
2.967705923  
1.741388919  
-0.505315311  
-2.97048073  
-4.71939027  
-5.016536178  
-3.600215509  
-0.8005883444  
2.546168409  
5.365255855  
6.705784962  
6.076467803  
3.638045504  
0.1818432338  
-3.105155889  
-5.016289878  
-4.721048447  
-2.051076048  
2.418449727  
7.52038883  
11.83271659  
14.09406217  
13.56695774  
10.23756365  
4.795802256  
-1.588385055  
-7.613214698  
-12.20321647  
-14.76714319  
-15.28556024  
-14.21856753  
-12.28345667  
-10.19005395  
-8.426448046  
-7.160328622  
-6.273365551  
-5.496253409  
-4.578672822  
-3.422193724  
-2.12574492  
-0.9325516813  
-0.1084307166  
0.1920149163  
0.01199796989  
-0.4059080136  
-0.7050636823  
-0.5524654928  
0.2271748059  
1.575878204  
3.216831543  
4.754194706  
5.819274853  
6.205185126  
5.936252825  
5.244227766  
4.460702694  
3.869389438  
3.579286869  
3.473081999  
3.256255906  
2.592208318  
1.272554241  
-0.645913968  
-2.797739402  
-4.58661042  
-5.36727442  
-4.6732835  
-2.410627594  
1.055989491  
4.963744858  
8.349165646  
10.32444535  
10.3451108  
8.381568865  
4.936862329  
0.9028573132  
-2.700233093  
-5.018461073  
-5.600522165  
-4.504452852  
-2.24707411  
0.3798817869  
2.561646692  
3.697170276  
3.548378156  
2.263671262  
0.2817735903  
-1.839167991  
-3.602272118  
-4.701735321  
-5.06622057  
-4.815632536  
-4.162692447  
-3.307229516  
-2.367382591  
-1.370886269  
-0.3009445281  
0.8332048501  
1.941046726  
2.843061558  
3.320409301  
3.204731512  
2.47006123  
1.283627254  
-0.01464043189  
-1.007266759  
-1.342042479  
-0.8733077605  
0.2521687477  
1.60312378  
2.573141885  
2.563489794  
1.183916167  
-1.593489468  
-5.37995433  
-9.437386408  
-12.85152589  
-14.76187363  
-14.58223178  
-12.14976403  
-7.763583561  
-2.107797201  
3.912949018  
9.375442651  
13.52263075  
15.88835023  
16.34213468  
15.0589925  
12.43750172  
8.996701986  
5.278323415  
1.769837304  
-1.148010407  
-3.232909136  
-4.396532893  
-4.704435772  
-4.356044721  
-3.639614907  
-2.862540882  
-2.268009093  
-1.959999531  
-1.864107601  
-1.74656421  
-1.297550754  
-0.2614877098  
1.425043745  
3.538743378  
5.563453677  
6.793411673  
6.53067647  
4.324789832  
0.1792745323  
-5.350637488  
-11.21830414  
-16.10674208  
-18.76051795  
-18.33729848  
-14.67298853  
-8.37322196  
-0.6922966175  
6.775466586  
12.50784894  
15.45139087  
15.28541523  
12.47503554  
8.099009792  
3.507603357  
-0.08237115846  
-1.930293107  
-1.949187577  
-0.669402116  
0.9909635415  
2.067367143  
1.887208695  
0.2955211972  
-2.301479424  
-5.082711719  
-7.094019519  
-7.568835138  
-6.182073991  
-3.157353744  
0.8016687209  
4.727095954  
7.675413321  
8.995409663  
8.494205898  
6.457806078  
3.53166119  
0.5100741832  
-1.892862753  
-3.220105033  
-3.350405042  
-2.470234887  
-0.9656172142  
0.7175861871  
2.194365963  
3.20791294  
3.635524124  
3.450298257  
2.67039114  
1.326705863  
-0.5345962251  
-2.819357767  
-5.3449772  
-7.821747953  
-9.878347882  
-11.13549789  
-11.30961682  
-10.31170348  
-8.302899916  
-5.67957203  
-2.983839165  
-0.7619472195  
0.5870202808  
0.9236793483  
0.4045842153  
-0.5709416492  
-1.487203737  
-1.871216168  
-1.433525396  
-0.1465075437  
1.762384816  
3.896246931  
5.821145634  
7.199194134  
7.878411714  
7.912749228  
7.511302179  
6.940558261  
6.418585409  
6.040631209  
5.761808291  
5.439944586  
4.918844432  
4.117204796  
3.086817125  
2.015532991  
1.171416782  
0.8068105747  
1.056612376  
1.868413249  
2.992144182  
4.036899458  
4.579787038  
4.293590879  
3.052887466  
0.9844000865  
-1.555485665  
-4.070467296  
-6.055043144  
-7.127555071  
-7.126608488  
-6.143520708  
-4.482987617  
-2.565652861  
-0.8031442984  
0.5164316289  
1.298473756  
1.647201337  
1.805789445  
2.050493707  
2.5720826  
3.382437537  
4.277860172  
4.874888643  
4.713422938  
3.401343521  
0.7603225568  
-3.071493923  
-7.615750918  
-12.12547906  
-15.74244903  
-17.70512631  
-17.55405341  
-15.27702198  
-11.34812664  
-6.640599617  
-2.227386561  
0.8838261075  
2.012540574  
0.9920579737  
-1.774480222  
-5.409700907  
-8.788267885  
-10.83470991  
-10.81145196  
-8.516481789  
-4.334747333  
0.8709621592  
5.997386061  
9.996968559  
12.14715443  
12.21689716  
10.48730412  
7.628699741  
4.479932067  
1.803268025  
0.09158137861  
-0.517270031  
-0.2026806037  
0.6737019774  
1.74261746  
2.77401808  
3.742965803  
4.794717954  
6.128604908  
7.851800155  
9.865985651  
11.83783558  
13.27247328  
13.66926442  
12.70599823  
10.38332525  
7.071908739  
3.436940054  
0.2574952401  
-1.803665909  
-2.404410099  
-1.632220293  
0.02114694684  
1.81397243  
2.9890498  
3.012385939  
1.738515357  
-0.5506094883  
-3.243957736  
-5.602428958  
-6.994880814  
-7.09185503  
-5.956056139  
-4.004818933  
-1.862966714  
-0.1594301322  
0.6634799342  
0.4678298661  
-0.5672097781  
-2.032490515  
-3.438085892  
-4.369697022  
-4.600773085  
-4.129842093  
-3.142123796  
-1.921101915  
-0.749791729  
0.1612323442  
0.6988178013  
0.8279316328  
0.5498963679  
-0.1325311567  
-1.220759318  
-2.691777692  
-4.450627036  
-6.292632115  
-7.904252613  
-8.917428401  
-9.009332139  
-8.016938989  
-6.023600745  
-3.379046145  
-0.6346774524  
1.594065637  
2.798351957  
2.724329373  
1.448207804  
-0.6495189424  
-3.003675588  
-5.037413006  
-6.328843549  
-6.713801329  
-6.29100226  
-5.332661244  
-4.139664404  
-2.901813627  
-1.621788699  
-0.1361938829  
1.772469443  
4.21788744  
7.073804991  
9.924255156  
12.13531394  
13.03781372  
12.16485081  
9.460387696  
5.37700647  
0.8135801156  
-3.102908434  
-5.331586495  
-5.230249363  
-2.763195555  
1.468302874  
6.388552472  
10.75450324  
13.50980922  
14.07203088  
12.46200613  
9.238717561  
5.269890554  
1.424521897  
-1.701755334  
-3.932717816  
-5.483058317  
-6.775604311  
-8.182887307  
-9.800437055  
-11.34733755  
-12.24081743  
-11.82367373  
-9.661290678  
-5.792394494  
-0.8280202895  
4.155947503  
7.913040958  
9.416598752  
8.213999712  
4.616909662  
-0.3496030997  
-5.235423669  
-8.604630215  
-9.483063834  
-7.663729572  
-3.763638971  
0.991888604  
5.188666479  
7.706721606  
8.102568478  
6.758027139  
4.74098866  
3.421674766  
3.972580863  
6.922243171  
11.91730086  
17.77873376  
22.83975532  
25.45770579  
24.53299972  
19.86471013  
12.22604897  
3.135650406  
-5.599180272  
-12.41692573  
-16.44035474  
-17.67996348  
-16.94371867  
-15.49286368  
-14.56683476  
-14.94078345  
-16.66404128  
-19.06338693  
-21.00371243  
-21.3119442  
-19.21668711  
-14.65337164  
-8.332022153  
-1.545726687  
4.215784145  
7.719852972  
8.364450243  
6.352982721  
2.618428911  
-1.473824278  
-4.545818703  
-5.615737287  
-4.370390229  
-1.224275419  
2.842334447  
6.605295012  
8.972063985  
9.294659799  
7.530813551  
4.21649135  
0.2726658172  
-3.282876666  
-5.62564455  
-6.331508479  
-5.448694278  
-3.428196242  
-0.9485603466  
1.301861298  
2.816996829  
3.387217438  
3.112705677  
2.325600643  
1.455813267  
0.8870695845  
0.8463213965  
1.354248458  
2.243553104  
3.231764324  
4.021726097  
4.398478667  
4.295445701  
3.813441826  
3.18946962  
2.725202548  
2.6948123  
3.256685196  
4.392907848  
5.894285229  
7.398134731  
8.473060516  
8.731986649  
7.945394157  
6.123538793  
3.541762776  
0.6960956343  
-1.80519634  
-3.389624458  
-3.670026119  
-2.554084857  
-0.2809064631  
2.629094002  
5.500204705  
7.670006993  
8.653921583  
8.259601463  
6.619730322  
4.136180424  
1.354985882  
-1.188386146  
-3.106834509  
-4.243711621  
-4.680206828  
-4.673885025  
-4.555327993  
-4.620309618  
-5.051726086  
-5.890597234  
-7.055266157  
-8.390312092  
-9.718529864  
-10.87318337  
-11.70151707  
-12.04779467  
-11.73708151  
-10.58335339  
-8.435505741  
-5.255850581  
-1.205414835  
3.302077798  
7.613761963  
10.93690446  
12.51307122  
11.82590936  
8.781168243  
3.79644459  
-2.240982061  
-8.15225433  
-12.74185946  
-15.09617892  
-14.81944837  
-12.13501064  
-7.817554761  
-2.972627877  
1.273392579  
4.081315292  
5.113816206  
4.594325821  
3.196280486  
1.801502702  
1.206353779  
1.868449199  
3.771236994  
6.444150427  
9.125518878  
11.01096262  
11.50538024  
10.39930825  
7.9184068  
4.637618031  
1.294878468  
-1.431141204  
-3.107763221  
-3.644247523  
-3.274573347  
-2.442178817  
-1.63155221  
-1.204392269  
-1.291490678  
-1.769197156  
-2.320272469  
-2.552887224  
-2.136622913  
-0.9136896574  
1.044405464  
3.445684267  
5.843939918  
7.74100513  
8.698477471  
8.434613893  
6.888920392  
4.244785159  
0.9072348802  
-2.562024894  
-5.545219551  
-7.491884044  
-8.044870462  
-7.142350004  
-5.066689076  
-2.416367434  
0.0079128829  
1.389196086  
1.113792754  
-1.032561634  
-4.752798765  
-9.256754341  
-13.4226985  
-16.07303985  
-16.29594424  
-13.72225825  
-8.671032923  
-2.109028683  
4.577924995  
9.946215521  
12.88848349  
12.94463078  
10.43401151  
6.363925711  
2.136907805  
-0.8582363847  
-1.649249331  
0.04470364486  
3.74892635  
8.397033  
12.66865746  
15.39317702  
15.89271463  
14.15961242  
10.81908045  
6.897736607  
3.48038877  
1.370281484  
0.8618609274  
1.693215418  
3.182664971  
4.49247258  
4.923160145  
4.137097506  
2.240309237  
-0.2951517645  
-2.828992833  
-4.791216604  
-5.872222172  
-6.098347265  
-5.773069558  
-5.31576076  
-5.067837412  
-5.146312841  
-5.403864834  
-5.511090947  
-5.127060037  
-4.0879033  
-2.533803745  
-0.9164294825  
0.1261765101  
-0.01141928382  
-1.666764272  
-4.746560838  
-8.70293165  
-12.66802747  
-15.70926342  
-17.12182589  
-16.65780914  
-14.60936765  
-11.71149692  
-8.891971374  
-6.950304028  
-6.274912839  
-6.697765057  
-7.541322054  
-7.848077379  
-6.720279413  
-3.657913358  
1.219621591  
7.146853239  
12.89690931  
17.12513818  
18.76698673  
17.36676035  
13.23466378  
7.382661604  
1.258031299  
-3.6453701  
-6.182887762  
-5.847986544  
-2.876195886  
1.856054763  
7.097041242  
11.56419076  
14.26564215  
14.71279855  
12.97762292  
9.598380647  
5.380909526  
1.16662456  
-2.362291607  
-4.792581457  
-5.991014619  
-6.037137572  
-5.119742828  
-3.44327833  
-1.177556372  
1.539073172  
4.556981413  
7.663006132  
10.55142664  
12.84055036  
14.13805272  
14.13797958  
12.71820132  
10.00414894  
6.373494064  
2.394013442  
-1.29283214  
-4.113456841  
-5.691709545  
-5.932114983  
-5.03481878  
-3.438318283  
-1.70480086  
-0.37733676  
0.1551462957  
-0.2484071656  
-1.451778166  
-3.083390651  
-4.63899641  
-5.619435561  
-5.668728348  
-4.676891386  
-2.819958192  
-0.5249529789  
1.633230966  
3.077711943  
3.380382674  
2.37681514  
0.2129167177  
-2.691002842  
-5.750021754  
-8.367947112  
-10.09055747  
-10.71451126  
-10.32081383  
-9.224897368  
-7.861603451  
-6.64394712  
-5.842523195  
-5.52456803  
-5.570262235  
-5.755946653  
-5.869367234  
-5.809846145  
-5.631534025  
-5.509438215  
-5.638471987  
-6.104406975  
-6.781001101  
-7.303050686  
-7.140481988  
-5.761649683  
-2.837408001  
1.584787724  
7.006021421  
12.54239655  
17.12961883  
19.81361474  
20.03978854  
17.84538585  
13.88351822  
9.257751153  
5.207425813  
2.73577457  
2.297276215  
3.647687759  
5.912225031  
7.858780564  
8.295807232  
6.470956298  
2.342064981  
-3.370614765  
-9.374035925  
-14.1796516  
-16.5528753  
-15.89410298  
-12.43047266  
-7.156447954  
-1.540400168  
2.911795566  
5.100369428  
4.645391615  
1.975771767  
-1.829524875  
-5.393225528  
-7.470695128  
-7.324706205  
-4.930425305  
-0.9538298728  
3.480517676  
7.151644763  
9.116918553  
8.983860419  
7.001424005  
3.953079617  
0.8958976938  
-1.166179098  
-1.573019005  
-0.1798370229  
2.630866919  
6.086471563  
9.257304811  
11.31054251  
11.71314277  
10.33616945  
7.447569581  
3.613052421  
-0.45444576  
-4.051634432  
-6.612657517  
-7.789465628  
-7.483362938  
-5.836886465  
-3.197490632  
-0.06094800155  
3.002299043  
5.435798861  
6.794393949  
6.835577734  
5.582923836  
3.338390281  
0.6286548977  
-1.912012434  
-3.698596791  
-4.350756417  
-3.799908177  
-2.31091453  
-0.4055685755  
1.293683718  
2.253461269  
2.192376761  
1.162968204  
-0.4762701329  
-2.191070457  
-3.460539088  
-3.960325276  
-3.675416047  
-2.901508738  
-2.132671553  
-1.873558373  
-2.442542362  
-3.837019466  
-5.711709482  
-7.481526056  
-8.516275765  
-8.360836312  
-6.903859959  
-4.434632826  
-1.566080935  
0.9514606616  
2.462697488  
2.606712446  
1.415620994  
-0.7192204114  
-3.19830246  
-5.425741233  
-7.00455518  
-7.84559633  
-8.153202881  
-8.29693973  
-8.621517243  
-9.270361774  
-10.0935004  
-10.67894881  
-10.5000471  
-9.12630366  
-6.419006542  
-2.63531856  
1.604456384  
5.483118923  
8.233963892  
9.385501665  
8.917615927  
7.272013309  
5.209588767  
3.560803963  
2.953306744  
3.609961706  
5.286803304  
7.372089111  
9.111552487  
9.880842778  
9.40959371  
7.878534515  
5.855614673  
4.093706296  
3.261062755  
3.699489009  
5.295589304  
7.511078892  
9.562792867  
10.69097702  
10.42382382  
8.74757577  
6.123829514  
3.347939928  
1.295885697  
0.6438675462  
1.652610606  
4.085143916  
7.281238353  
10.35995531  
12.48141655  
13.08308437  
12.01881581  
9.564711753  
6.301147512  
2.919230816  
0.01966779065  
-2.032708125  
-3.161218785  
-3.534541725  
-3.459425492  
-3.257052318  
-3.169177316  
-3.320978658  
-3.740440032  
-4.410318765  
-5.317844244  
-6.472899335  
-7.884404027  
-9.508132432  
-11.19678842  
-12.68669768  
-13.64259117  
-13.75735082  
-12.87684295  
-11.10257015  
-8.82480773  
-6.658245612  
-5.285201098  
-5.246765665  
-6.746892136  
-9.538083938  
-12.93706928  
-15.97979927  
-17.67967115  
-17.31611045  
-14.66552686  
-10.09947119  
-4.512442873  
0.9069190074  
4.998757079  
6.955758003  
6.551941077  
4.207335139  
0.8675845192  
-2.267954755  
-4.091298276  
-3.904575862  
-1.621108314  
2.207878222  
6.547163979  
10.16735375  
11.98873796  
11.38422287  
8.359842478  
3.566423418  
-1.857877123  
-6.570336637  
-9.357130756  
-9.432702999  
-6.631764145  
-1.449527772  
5.076020555  
11.60838647  
16.82341294  
19.71313943  
19.81278756  
17.29993582  
12.94483185  
7.924622982  
3.544956132  
0.9333390394  
0.7750830403  
3.153147404  
7.529249239  
12.87049681  
17.89108534  
21.35062433  
22.33686586  
20.4647722  
15.94564871  
9.513799612  
2.23516141  
-4.747846824  
-10.46669548  
-14.30888753  
-16.09137654  
-16.01822363  
-14.54918434  
-12.2294013  
-9.536712002  
-6.790943234  
-4.143722571  
-1.637182705  
0.7039971054  
2.792239205  
4.445556395  
5.42005029  
5.494123413  
4.569513933  
2.745289469  
0.3292632741  
-2.225868317  
-4.445408732  
-5.974020864  
-6.685063892  
-6.715939089  
-6.412443796  
-6.197672865  
-6.40950147  
-7.164424493  
-8.298681251  
-9.411909122  
-10.00255855  
-9.650566573  
-8.18378729  
-5.767541989  
-2.88142542  
-0.1858181382  
1.680575735  
2.305372036  
1.639682453  
0.01951471111  
-1.938198572  
-3.531935689  
-4.199408449  
-3.694174123  
-2.156364073  
-0.05501656795  
1.976386529  
3.353217282  
3.727880237  
3.088895426  
1.739295252  
0.1660756565  
-1.14890467  
-1.905823907  
-2.086254597  
-1.938711711  
-1.856605919  
-2.195260213  
-3.098322849  
-4.402080932  
-5.658997374  
-6.27869734  
-5.740850767  
-3.805696262  
-0.6449696889  
3.159604264  
6.758977572  
9.280870566  
10.09895904  
9.039466401  
6.455265285  
3.139261978  
0.1004748169  
-1.729253165  
-1.767341655  
0.05246997178  
3.268294896  
7.034420935  
