10.63803246  
13.34010724  
12.02529359  
7.242436191  
0.4703557034  
-6.348263179  
-11.39308784  
-13.48786665  
-12.39975703  
-8.835420562  
-4.153516683  
0.09785239065  
2.661184351  
2.915626903  
0.9929200165  
-2.349819337  
-6.03293761  
-9.014769887  
-10.58648392  
-10.51567938  
-9.016769675  
-6.590174238  
-3.813073983  
-1.168739951  
1.028920116  
2.608863815  
3.455216206  
3.42434258  
2.325816099  
-0.00857767042  
-3.591059221  
-8.141425843  
-13.02272346  
-17.30314891  
-19.95138879  
-20.1169508  
-17.40565784  
-12.0505061  
-4.906184784  
2.747160425  
9.538887192  
14.37845102  
16.74252645  
16.78537029  
15.23853131  
13.13776575  
11.47327603  
10.88304319  
11.48966362  
12.92624762  
14.52747398  
15.60351177  
15.68931204  
14.67804889  
12.79842923  
10.46046613  
8.047324922  
5.750696767  
3.525819006  
1.187924131  
-1.393348071  
-4.094319616  
-6.43692546  
-7.658934154  
-6.958502187  
-3.840068587  
1.566831164  
8.354098727  
14.94090282  
19.44649741  
20.23836932  
16.48768985  
8.541128071  
-2.038694473  
-12.81257087  
-21.10835504  
-24.78597502  
-22.88850961  
-15.96747271  
-5.965323755  
4.324315174  
12.06272854  
15.19381503  
13.03761287  
6.464919047  
-2.400322329  
-10.85529787  
-16.45544131  
-17.75174322  
-14.70108941  
-8.630285762  
-1.777925503  
3.429206023  
5.129998886  
2.577104175  
-3.682144959  
-12.03009192  
-20.31660302  
-26.5245044  
-29.34708327  
-28.50376099  
-24.71497476  
-19.37179681  
-14.03096996  
-9.911820397  
-7.55634379  
-6.746719527  
-6.681790671  
-6.328698983  
-4.815527455  
-1.729933192  
2.766684481  
8.028992611  
13.1700011  
17.35804602  
20.06232077  
21.17018942  
20.95235604  
19.9076923  
18.55785619  
17.27105898  
16.1739783  
15.17137364  
14.0506565  
12.61978844  
10.82030334  
8.773578783  
6.748846563  
5.07292117  
4.021836143  
3.736925414  
4.192952554  
5.22194277  
6.57362233  
7.981611763  
9.207628023  
10.05142092  
10.33420249  
9.878342956  
8.508985264  
6.092389439  
2.605699959  
-1.787447901  
-6.692327249  
-11.50216118  
-15.49413495  
-17.98760874  
-18.52321737  
-17.00754932  
-13.77257879  
-9.52232867  
-5.173597288  
-1.631926444  
0.4339837697  
0.7540926513  
-0.4913676048  
-2.743397412  
-5.234669188  
-7.2063714  
-8.10798118  
-7.725771187  
-6.210841728  
-4.009224426  
-1.724114331  
0.04457243646  
0.8387748149  
0.4283420131  
-1.165539808  
-3.700636592  
-6.777380274  
-9.914212812  
-12.619151  
-14.45142077  
-15.07386942  
-14.29802898  
-12.1194388  
-8.734570139  
-4.527081888  
-0.01426759993  
4.245281964  
7.767182116  
10.25138609  
11.65335094  
12.18909476  
12.26496706  
12.34670495  
12.80445411  
13.78175438  
15.1325861  
16.45097542  
17.18854473  
16.82611263  
15.04648775  
11.85339562  
7.597768988  
2.901601591  
-1.497862008  
-4.936190039  
-6.985656581  
-7.548029326  
-6.853350081  
-5.371795347  
-3.671379303  
-2.26718155  
-1.50505003  
-1.506502739  
-2.179046657  
-3.27593749  
-4.478269986  
-5.472809177  
-6.008807606  
-5.930371467  
-5.191116574  
-3.860597919  
-2.126833289  
-0.2901019815  
1.263839576  
2.122612698  
1.939733181  
0.5458132558  
-1.952974914  
-5.128581141  
-8.269830658  
-10.5174213  
-11.07454761  
-9.441630132  
-5.605161222  
-0.1139625345  
5.99718124  
11.43260638  
14.95796522  
15.73230195  
13.55237684  
8.931867812  
2.984230442  
-2.863883103  
-7.249585427  
-9.233444482  
-8.53842444  
-5.600852879  
-1.422869776  
2.725116834  
5.66081042  
6.600896443  
5.341267203  
2.265640407  
-1.804836224  
-5.863018558  
-8.986907644  
-10.55328505  
-10.34418567  
-8.535671779  
-5.594843439  
-2.132700342  
1.237807937  
4.004545944  
5.809627774  
6.46423971  
5.945569683  
4.392526321  
2.103342509  
-0.4768253933  
-2.7974691  
-4.286936913  
-4.475116816  
-3.128084023  
-0.3515123858  
3.38194016  
7.308769462  
10.5495357  
12.34130477  
12.25963352  
10.35674682  
7.163285929  
3.542682939  
0.4366063641  
-1.420461997  
-1.724603345  
-0.6877506204  
1.04683558  
2.633302073  
3.320042908  
2.713180191  
0.9147390338  
-1.514190853  
-3.754351821  
-5.024300539  
-4.867791109  
-3.330427692  
-0.9610702285  
1.365363071  
2.744152267  
2.553871389  
0.6773560336  
-2.447027376  
-5.962378685  
-8.871678045  
-10.36180876  
-10.06238354  
-8.1523302  
-8.514823934  
-14.77720987  
-20.27251644  
-23.91867773  
-24.95328192  
-23.17045502  
-19.01361114  
-13.48545937  
-7.892985544  
-3.497775035  
-1.173839885  
-1.174826427  
-3.080154292  
-5.935410425  
-8.543725791  
-9.820620982  
-9.108135602  
-6.359465968  
-2.146409671  
2.505145486  
6.398415227  
8.485155931  
8.13542699  
5.292317494  
0.4821155141  
-5.310767365  
-10.8639688  
-14.97639205  
-16.71026041  
-15.57150232  
-11.60147716  
-5.370371015  
2.122827234  
9.627651789  
15.87093615  
19.80190701  
20.81052792  
18.87262155  
14.58111452  
9.040674071  
3.632593109  
-0.3078204066  
-1.828086029  
-0.6209340251  
2.867631576  
7.529810192  
11.87871995  
14.45645583  
14.25797832  
11.04737948  
5.466389384  
-1.108816463  
-6.932661117  
-10.37832649  
-10.40860576  
-6.889119901  
-0.6473131842  
6.744469241  
13.40025902  
17.63923912  
18.43866959  
15.68873626  
10.17909166  
3.329867738  
-3.24255595  
-8.187436978  
-10.76895832  
-11.00420474  
-9.562237352  
-7.473384077  
-5.754925472  
-5.079159332  
-5.587599595  
-6.900183195  
-8.300701799  
-9.022617044  
-8.531310428  
-6.707674373  
-3.878266301  
-0.6935387362  
2.092597833  
3.85911734  
4.288741362  
3.421961034  
1.588745737  
-0.7432729843  
-3.138523989  
-5.315167766  
-7.177304915  
-8.755333165  
-10.0901072  
-11.11888661  
-11.61965105  
-11.24595601  
-9.646858531  
-6.629894868  
-2.303886511  
2.859341268  
8.079736186  
12.43571887  
15.09806291  
15.5600487  
13.79033253  
10.25700739  
5.811060576  
1.461347661  
-1.892841901  
-3.692754567  
-3.847789191  
-2.725401032  
-1.011114934  
0.5151718213  
1.217651258  
0.7877583679  
-0.6780456153  
-2.722489192  
-4.674031757  
-5.848066709  
-5.743018743  
-4.177469048  
-1.335133816  
2.287442198  
6.008779588  
9.126286348  
11.07094654  
11.51537783  
10.41438745  
7.977491499  
4.59071741  
0.7160440042  
-3.20135297  
-6.794697142  
-9.79557287  
-12.01654153  
-13.31318232  
-13.54866043  
-12.58245582  
-10.29570151  
-6.65105953  
-1.769678645  
4.003611646  
10.07863066  
15.66557371  
19.89415092  
21.98867438  
21.45930539  
18.25643752  
12.83665995  
6.107241493  
-0.7521419481  
-6.554782103  
-10.39326292  
-11.86687939  
-11.18022332  
-9.075774928  
-6.610772734  
-4.837021325  
-4.475927829  
-5.68799131  
-8.011932995  
-10.49924949  
-12.00959928  
-11.5800003  
-8.753754827  
-3.763378083  
2.495478979  
8.697747225  
13.46279489  
15.75474117  
15.18473315  
12.11985958  
7.563409977  
2.843565262  
-0.7916169159  
-2.545456104  
-2.29417992  
-0.5914980716  
1.540954095  
2.966353721  
2.813413976  
0.7638074629  
-2.841926315  
-7.10781148  
-10.85569096  
-12.97710089  
-12.75241862  
-10.04266834  
-5.30515089  
0.5576346331  
6.455966461  
11.39134778  
14.67313695  
16.02136484  
15.54714646  
13.64191966  
10.82918739  
7.631869029  
4.488074857  
1.719468486  
-0.467558277  
-1.976387714  
-2.829956569  
-3.19444044  
-3.393961021  
-3.883739707  
-5.158164983  
-7.597025386  
-11.28727395  
-15.8842581  
-20.58106076  
-24.2309327  
-25.61981584  
-23.8287477  
-18.58065347  
-10.45156895  
-0.8530524317  
8.24385732  
14.7905605  
17.22206723  
14.93147521  
8.504005351  
-0.3793624434  
-9.360816173  
-16.03789828  
-18.62773442  
-16.46491149  
-10.17986729  
-1.499852924  
7.269877792  
13.92787991  
17.01393267  
16.20944937  
12.3833771  
7.277689469  
2.938207828  
1.072717589  
2.535355838  
7.090188599  
13.51443047  
19.99419154  
24.67772185  
26.21048906  
24.09307246  
18.76834671  
11.43443895  
3.663743491  
-3.040655572  
-7.615104922  
-9.634806511  
-9.310357911  
-7.316128617  
-4.531319044  
-1.786925498  
0.3089437667  
1.43686689  
1.536793134  
0.7272355738  
-0.7774392559  
-2.71825939  
-4.806198096  
-6.719993757  
-8.117592148  
-8.682815641  
-8.205664377  
-6.669078017  
-4.300385805  
-1.550669361  
1.009754161  
2.856161419  
3.679973529  
3.498616732  
2.65307839  
1.680249884  
1.096137583  
1.166320726  
1.754301694  
2.318019352  
2.074565296  
0.2897810235  
-3.403600328  
-8.77689402  
-14.96191255  
-20.63019161  
-24.35438409  
-25.04233338  
-22.30013146  
-16.59603272  
-9.159042748  
-1.634822588  
4.39400084  
7.866132414  
8.525576231  
6.936457161  
4.22679707  
1.65456741  
0.1524064348  
0.01511564781  
0.8421859618  
1.754221462  
1.800351296  
0.4009579981  
-2.346432756  
-5.622845637  
-8.134604178  
-8.571394776  
-6.112660615  
-0.7938610433  
6.412609849  
13.84839824  
19.67908716  
22.4926735  
21.77708426  
18.10253869  
12.93406758  
8.128998091  
5.288391898  
5.188584968  
7.49714501  
10.88230709  
13.48821939  
13.61750297  
10.38435864  
4.104437097  
-3.72705198  
-10.87797301  
-15.10546114  
-14.92621512  
-10.1692841  
-2.116663576  
6.828832461  
13.85219378  
16.58901988  
13.86703739  
6.08867451  
-4.867144048  
-16.1912651  
-24.96383521  
-28.98969332  
-27.39439838  
-20.8097272  
-11.11293291  
-0.8246249141  
7.63035931  
12.5666191  
13.40230162  
10.66334896  
5.668779515  
0.03439824792  
-4.825753156  
-8.04329856  
-9.400821036  
-9.207703566  
-8.034193129  
-6.428294776  
-4.72633036  
-3.01357407  
-1.221346264  
0.709932382  
2.693993919  
4.460833761  
5.639347232  
5.923277217  
5.241436143  
3.846660987  
2.269595918  
1.140639864  
0.9424220366  
1.79147786  
3.344860447  
4.884709569  
5.566335174  
4.748746351  
2.2871616  
-1.328457145  
-5.055889811  
-7.59417358  
-7.80067151  
-5.094686819  
0.2917839078  
7.308741367  
14.34044392  
19.6411336  
21.81859019  
20.21425637  
15.06440485  
7.400543169  
-1.26712959  
-9.37207623  
-15.68188291  
-19.54091062  
-20.90919328  
-20.21620281  
-18.10973727  
-15.20687445  
-11.93846431  
-8.529105848  
-5.09291263  
-1.776192975  
1.138522425  
3.231462529  
4.061925975  
3.358802154  
1.20165716  
-1.897238074  
-5.066868195  
-7.304564639  
-7.789694359  
-6.175103309  
-2.745014854  
1.631427149  
5.751312026  
8.459066839  
9.031112904  
7.429775563  
4.332740118  
0.9202787185  
-1.512804138  
-1.990447457  
-0.1855109103  
3.467512822  
7.916927395  
11.84589365  
14.11060898  
14.11388908  
11.98740961  
8.524036976  
4.889676142  
2.220049629  
1.245187219  
2.070267582  
4.182093301  
6.668134738  
8.56007558  
9.173043915  
8.319153284  
6.325356531  
3.860939162  
1.650483779  
0.1877598002  
-0.439244819  
-0.54897142  
-0.6993390043  
-1.425607848  
-2.991695617  
-5.256807737  
-7.712575136  
-9.677706489  
-10.57387368  
-10.17312053  
-8.716236888  
-6.850337087  
-5.403515375  
-5.078370874  
-6.179589766  
-8.480465259  
-11.2826008  
-13.6509354  
-14.73975381  
-14.09005505  
-11.78802353  
-8.425545222  
-4.877559219  
-1.980065046  
-0.2302320316  
0.3777920565  
0.3189372391  
0.3181055895  
1.030110111  
2.743053586  
5.222752385  
7.764164831  
9.437885989  
9.444619213  
7.446610174  
3.749240633  
-0.7422820512  
-4.785274044  
-7.194594434  
-7.233531915  
-4.862399764  
-0.7554688243  
3.921491702  
7.895947248  
10.20100361  
10.47205535  
9.026862009  
6.706972346  
4.544215555  
3.377710177  
3.562002001  
4.870375595  
6.623031359  
7.985367598  
8.318340451  
7.444406627  
5.725240445  
3.919421061  
2.87241224  
3.156220708  
4.797704385  
7.204357246  
9.325058833  
9.997052441  
8.360413003  
4.193563543  
-1.95193833  
-8.870643808  
-15.04186361  
-19.07728942  
-20.12993754  
-18.13133385  
-13.78375292  
-8.318287594  
-3.107176818  
0.7367500747  
2.643627362  
2.6709392  
1.380018492  
-0.4320927031  
-2.03734221  
-3.006786125  
-3.292449705  
-3.149141033  
-2.946208371  
-2.957681542  
-3.220912004  
-3.519722701  
-3.493323346  
-2.819005437  
-1.386248139  
0.6160044478  
2.740681022  
4.440403287  
5.280133541  
5.11790623  
4.176601362  
2.970931063  
2.110885204  
2.053404325  
2.898240868  
4.311434795  
5.614651075  
6.017026463  
4.91122818  
2.128025139  
-1.945562892  
-6.433584535  
-10.20853146  
-12.22348317  
-11.83006244  
-8.977923315  
-4.232294982  
1.391699524  
6.71850072  
10.72778924  
12.79622661  
12.79726317  
11.04468239  
8.120095304  
4.659984149  
1.182323627  
-1.993341671  
-4.722928713  
-6.946536597  
-8.589221028  
-9.51178866  
-9.541266522  
-8.568978152  
-6.66744618  
-4.16195999  
-1.606177175  
0.3509854878  
1.172213626  
0.6400327725  
-1.017032249  
-3.14170315  
-4.821010543  
-5.169435487  
-3.630921024  
-0.1941525898  
4.560496509  
9.608531884  
13.78186055  
16.12515129  
16.18828662  
14.1547862  
10.76181071  
7.039828529  
3.963162241  
2.1336551  
1.606958342  
1.919104887  
2.298498004  
1.982019171  
0.5174205597  
-2.058941278  
-5.232513743  
-8.202252808  
-10.17961547  
-10.68167097  
-9.708475881  
-7.739032643  
-5.548670673  
-3.91775357  
-3.342048628  
-3.854011075  
-5.021819498  
-6.125553091  
-6.442681052  
-5.533515011  
-3.417182886  
-0.5702467858  
2.252310806  
4.305783143  
5.14324655  
4.789941644  
3.734286588  
2.734532309  
2.511067717  
3.440388327  
5.369879188  
7.630789672  
9.254775549  
9.323215622  
7.326289996  
3.400142903  
-1.65042794  
-6.56287893  
-9.998478292  
-10.97008291  
-9.172860728  
-5.105238282  
0.06300151427  
4.83435717  
7.8280092  
8.182454922  
5.790524897  
1.299025529  
-4.116229333  
-9.117747799  
-12.59288606  
-13.93878969  
-13.16683013  
-10.81264695  
-7.701924622  
-4.663468798  
-2.287624363  
-0.8003803353  
-0.07509732352  
0.2462047277  
0.5832663902  
1.267190696  
2.456860293  
4.134853427  
6.161304644  
8.344619087  
10.48994205  
12.40662035  
13.88380166  
14.66481494  
14.45555223  
12.98678454  
10.12182418  
5.971828243  
0.9656012882  
-4.172333154  
-8.552487349  
-11.33577356  
-11.97171167  
-10.3798792  
-7.006006194  
-2.722047061  
1.407572945  
4.423218273  
5.734968033  
5.267468278  
3.436995376  
0.97127154  
-1.361707048  
-3.017450508  
-3.836480416  
-4.047333124  
-4.1147351  
-4.495504985  
-5.400519079  
-6.659735186  
-7.748786846  
-7.973752025  
-6.748621829  
-3.861038205  
0.3784020552  
5.168670389  
9.432835542  
12.147323  
12.67411581  
10.97914245  
7.657548068  
3.753069873  
0.4306200276  
-1.387572268  
-1.29980464  
0.4743960419  
3.198855316  
5.887042367  
7.63213436  
7.885110294  
6.589443672  
4.137102272  
1.177015633  
-1.641259908  
-3.887832499  
-5.457003308  
-6.526935971  
-7.404967386  
-8.333884873  
-9.347051138  
-10.23628654  
-10.64613668  
-10.2523681  
-8.944421941  
-6.92709599  
-4.688484064  
-2.836897893  
-1.866702631  
-1.947959706  
-2.831880491  
-3.922641884  
-4.500817027  
-4.019825446  
-2.360339557  
0.06519439255  
2.414766548  
3.705256234  
3.191522171  
0.6970904228  
-3.235613077  
-7.449469735  
-10.51527675  
-11.20670063  
-8.94518346  
-4.052698094  
2.290224813  
8.383826092  
12.54284619  
13.648391  
11.52838242  
7.0306374  
1.755751392  
-2.465595088  
-4.176139734  
-2.771167872  
1.310830217  
6.751212813  
11.81082907  
14.92654172  
15.23815845  
12.86524265  
8.842209406  
4.740508784  
2.115355521  
1.973137498  
4.443756322  
8.765190686  
13.57418655  
17.38847148  
19.10165554  
18.31430158  
15.3912987  
11.24085031  
6.91416248  
3.188777855  
0.2988690843  
-2.086280369  
-4.634762761  
-7.974434117  
-12.32483499  
-17.29620225  
-21.94867831  
-25.10195056  
-25.7839198  
-23.64568011  
-19.17424362  
-13.60422865  
-8.540565765  
-5.415492296  
-4.972394724  
-6.96903419  
-10.22105349  
-12.9873569  
-13.57460964  
-10.95402228  
-5.171531837  
2.601282351  
10.40563387  
16.11733135  
18.14448174  
15.96348867  
10.30833333  
2.945723963  
-3.889748467  
-8.210171361  
-8.898406045  
-6.034740918  
-0.8233544294  
4.846219563  
9.044387108  
10.42971645  
8.649963828  
4.391917052  
-0.9176655354  
-5.637023946  
-8.464942349  
-8.831527273  
-6.998750045  
-3.857326297  
-0.5182375144  
2.132279792  
3.740961006  
4.546775204  
5.181091322  
6.301747619  
8.219037072  
10.67385192  
12.86740578  
13.74149457  
12.40693944  
8.55452426  
2.68236809  
-3.962663644  
-9.727193573  
-13.06785573  
-13.06346693  
-9.739295783  
-4.082224944  
2.266265279  
7.537774679  
10.40381288  
10.38492622  
7.960191427  
4.341342599  
0.9952738643  
-0.9116641689  
-0.9463527686  
0.4381514654  
2.085495356  
2.589690956  
0.8564588723  
-3.430941863  
-9.612410669  
-16.19611377  
-21.30510137  
-23.27644783  
-21.21001197  
-15.28061523  
-6.708409421  
2.601516511  
10.62807086  
15.82210016  
17.52220917  
16.07085628  
12.6079146  
8.627870107  
5.462298083  
3.866171833  
3.841577126  
4.743119273  
5.608689015  
5.582912497  
4.274154806  
1.916744198  
-0.7148361196  
-2.602025848  
-2.876180187  
-1.16589762  
2.227227181  
6.386325684  
10.04975916  
12.0008865  
11.4454114  
8.252775435  
2.987722742  
-3.269680859  
-9.248275646  
-13.84430752  
-16.40078208  
-16.8283424  
-15.54620352  
-13.28147108  
-10.80702162  
-8.709097  
-7.255132218  
-6.390046554  
-5.842131442  
-5.284398656  
-4.485079324  
-3.393505274  
-2.138054286  
-0.9481416192  
-0.03940454686  
0.488836529  
0.7037962174  
0.8199229228  
1.119889283  
1.84670705  
3.106092898  
4.81216883  
6.693052339  
8.352789264  
9.369613951  
9.40233253  
8.277895522  
6.04138537  
2.96049138  
-0.5135492334  
-3.820153003  
-6.386798006  
-7.735798879  
-7.58464583  
-5.921912686  
-3.039907061  
0.4917288399  
3.918097451  
6.448448707  
7.436648996  
6.551451719  
3.889489856  
-0.008181678197  
-4.253454882  
-7.808880585  
-9.741186377  
-9.465101158  
-6.909283735  
-2.554222011  
2.673415691  
7.624515667  
11.20930977  
12.66031186  
11.705932  
8.611916484  
4.087608366  
-0.9072205037  
-5.393808314  
-8.578602777  
-9.981300478  
-9.468140492  
-7.204129463  
-3.560475469  
0.9809117489  
5.895676148  
10.65027545  
14.7149682  
17.58351285  
18.82300229  
18.15902889  
15.57661504  
11.39734283  
6.288157009  
1.172151993  
-2.957150058  
-5.279308983  
-5.380601759  
-3.401774489  
-0.0419344647  
3.598567668  
6.302397353  
7.068537031  
5.395240158  
1.423741059  
-4.105633612  
-10.07504608  
-15.32128588  
-18.974614  
-20.69695717  
-20.74382688  
-19.83130156  
-18.85298133  
-18.54113372  
-19.18464551  
-20.4980981  
-21.68702342  
-21.69077014  
-19.52705994  
-14.62999908  
-7.075681496  
2.374515464  
12.42593395  
21.55179161  
28.35442544  
31.88379244  
31.82836972  
28.53584204  
22.87279616  
15.97731049  
8.982792521  
2.790028038  
-2.059924599  
-5.396101761  
-7.332293703  
-8.131882775  
-8.075719487  
-7.374928387  
-6.147761359  
-4.454039383  
-2.361138333  
-0.007389260215  
2.36654929  
4.433788441  
5.84232231  
6.303200784  
5.678938816  
4.044913199  
1.703586329  
-0.856620013  
-3.052539516  
-4.330141585  
-4.295253575  
-2.821657316  
-0.1093418775  
3.326401342  
6.741007381  
9.310995039  
10.32058674  
9.343278584  
6.371964896  
1.858099813  
-3.360823846  
-8.238421935  
-11.7643453  
-13.21704219  
-12.3561314  
-9.497195228  
-5.440833231  
-1.267900395  
1.947673567  
3.43039569  
2.916425004  
0.7258320926  
-2.328949969  
-5.173819645  
-6.777194761  
-6.440579816  
-3.993296023  
0.16136933  
5.156658571  
9.892113901  
13.31304794  
14.66083526  
13.62997851  
10.40083049  
5.555381809  
-0.08469260913  
-5.643612188  
-10.35076497  
-13.64309892  
-15.20511554  
-14.96144728  
-13.04581048  
-9.765717174  
-5.569355607  
-1.00747037  
3.323084669  
6.862024414  
9.187623566  
10.11347142  
9.744904557  
8.463549599  
6.82793594  
5.40807144  
4.601220562  
4.492024738  
4.81380791  
5.038165141  
4.575218131  
3.022616906  
0.3748065522  
-2.892372317  
-5.910632204  
-7.672044865  
-7.37420332  
-4.743900462  
-0.220007592  
5.086580985  
9.66794543  
12.05993988  
11.31577797  
7.356234484  
1.069478259  
-5.891845435  
-11.57125577  
-14.29353134  
-13.19280466  
-8.51187627  
-1.568238853  
5.613638392  
10.89651567  
12.66860535  
10.32602654  
4.4472695  
-3.395056574  
-11.12412765  
-16.79342677  
-19.16414017  
-18.04491817  
-14.2928285  
-9.485282803  
-5.378128367  
-3.330476303  
-3.881711839  
-6.610504632  
-10.30965135  
-13.40731222  
-14.48875015  
-12.74718045  
-8.22389866  
-1.773013879  
5.221981619  
11.27533877  
15.22723478  
16.54125738  
15.39197705  
12.53696128  
9.035968054  
5.920971997  
3.923324605  
3.331931617  
4.004005696  
5.497834778  
7.263232994  
8.818865477  
9.864646055  
10.31080779  
10.2382017  
9.824254212  
9.270587747  
8.754411822  
8.406034213  
8.299740947  
8.442306423  
8.752758905  
9.04270837  
9.018496888  
8.326353847  
6.646843921  
3.820147633  
-0.03991127137  
-4.495210142  
-8.836611456  
-12.2488712  
-14.0511647  
-13.93910879  
-12.13888243  
-9.401397776  
-6.812940383  
-5.463310401  
-6.070843943  
-8.692351814  
-12.63084429  
-16.59551688  
-19.08423965  
-18.87686156  
-15.47823856  
-9.353763539  
-1.859905793  
5.128945789  
9.790997386  
10.94374506  
8.449618777  
3.294712424  
-2.700700085  
-7.457496888  
-9.315929365  
-7.592046383  
-2.821644648  
3.398686042  
8.929594987  
11.79967294  
10.87367796  
6.253282302  
-0.727855384  
-7.917802392  
-13.03436223  
-14.39980686  
-11.47837125  
-5.038827547  
3.109033607  
10.71186095  
15.80063658  
17.30447163  
15.34808176  
11.14148708  
6.51061084  
3.238371158  
2.44657084  
4.228983691  
7.654483202  
11.12845441  
12.97753011  
12.04922423  
8.118746727  
1.967932928  
-4.881280239  
-10.67652412  
-14.00501639  
-14.2271554  
-11.6320508  
-7.275990567  
-2.577009932  
1.179635556  
3.246970339  
3.595851219  
2.820093611  
1.820698571  
1.400855929  
1.930033972  
3.202707014  
4.539004303  
5.081095519  
4.165474981  
1.624310714  
-2.102306084  
-6.088702456  
-9.237252989  
-10.66798338  
-10.04026176  
-7.687426362  
-4.513376309  
-1.68659077  
-0.2396938699  
-0.7157244992  
-2.9842034  
-6.288571833  
-9.504424812  
-11.51513809  
-11.57354981  
-9.527879937  
-5.84175044  
-1.412367311  
2.73983203  
5.796832475  
7.372818839  
7.578037482  
6.910081168  
6.027175725  
5.495339328  
5.602347785  
6.298360366  
7.270436712  
8.106932387  
8.477449249  
8.254774465  
7.534935148  
6.556780177  
5.564564569  
4.679057036  
3.83659888  
2.824553363  
1.399028432  
-0.5658097476  
-2.963049292  
-5.427313928  
-7.417779107  
-8.386020361  
-7.969506434  
-6.138602649  
-3.2398065  
0.0851004895  
3.079151875  
5.088695759  
5.746145302  
5.05693993  
3.366342916  
1.225121398  
-0.7924632935  
-2.252204114  
-2.951646457  
-2.9187892  
-2.334540684  
-1.423852823  
-0.3677488103  
0.7272034217  
1.796615348  
2.750453064  
3.416228561  
3.536674666  
2.840319887  
1.166512224  
-1.406061496  
-4.491393561  
-7.438018037  
-9.491031487  
-10.03472235  
-8.835421986  
-6.190295122  
-2.909502227  
-0.1121867741  
1.116227224  
0.1009639025  
-3.139829649  
-7.816309494  
-12.53949255  
-15.70983496  
-16.00953843  
-12.84297458  
-6.57727128  
1.506344043  
9.548277701  
15.63688126  
18.36371911  
17.23342296  
12.79846451  
6.477413021  
0.1172851065  
-4.557722626  
-6.434842912  
-5.287658101  
-1.760840195  
2.913466812  
7.35814063  
10.49543058  
11.8441747  
11.57995158  
10.35623003  
8.969616223  
8.004282258  
7.592103175  
7.376600591  
6.689413793  
4.86699844  
1.582321334  
-2.939670182  
-7.911480846  
-12.19069477  
-14.63879593  
-14.50761385  
-11.7176386  
-6.928238441  
-1.370957014  
3.502255211  
6.441926486  
6.758910995  
4.50554052  
0.4295741782  
-4.273725302  
-8.322545529  
-10.70324212  
-10.9111373  
-9.016526438  
-5.558361628  
-1.324526609  
2.892260521  
6.478920286  
9.077843495  
10.55446413  
10.90023111  
10.13529789  
8.266293409  
5.321296847  
1.44180328  
-3.021718508  
-7.473098657  
-11.13561448  
-13.22090576  
-13.15710003  
-10.79881052  
-6.536858023  
-1.252921776  
3.88482209  
7.732239941  
9.491650032  
8.941368752  
6.493934354  
3.059149994  
-0.2470906713  
-2.455047068  
-3.0399027  
-2.07002987  
-0.1581323925  
1.765305755  
2.777904458  
2.280670627  
0.19885369  
-2.994398488  
-6.433252943  
-9.135365142  
-10.30340694  
-9.552697407  
-6.996063248  
-3.169237251  
1.164859829  
5.256567831  
8.569246004  
10.87506244  
12.2266797  
12.83225149  
12.89520768  
12.4889911  
11.51804114  
9.778289535  
7.088617939  
3.435120393  
-0.9358068326  
-5.519980437  
-9.660731515  
-12.72372025  
-14.27996568  
-14.2309705  
-12.82988316  
-10.59038903  
-8.115804824  
-5.909819243  
-4.236175793  
-3.07556405  
-2.19098768  
-1.272039669  
-0.09898837489  
1.339316367  
2.821492351  
3.974746323  
4.430873423  
3.996501274  
2.769138337  
1.148657847  
-0.2682906743  
-0.8797126234  
-0.2904329121  
1.53091733  
4.209681161  
7.058706683  
9.281437956  
10.21908995  
9.55950641  
7.436708665  
4.386624599  
1.173329234  
-1.455666683  
-3.002332797  
-3.36093376  
-2.823945955  
-1.95194995  
-1.355513909  
-1.46722083  
-2.384679468  
-3.839535305  
-5.302475302  
-6.185655453  
-6.069082952  
-4.868626693  
-2.88359525  
-0.7044714588  
0.9887419827  
1.667343076  
1.148360657  
-0.3283473709  
-2.171124529  
-3.634866564  
-4.080266867  
-3.204423868  
-1.160831936  
1.476858824  
3.899682566  
5.337329478  
5.329087476  
3.897884565  
1.564015837  
-0.811698178  
-2.307684318  
-2.253299316  
-0.4680358729  
2.65471611  
6.252059636  
9.254619739  
10.72486278  
10.16040146  
7.661470458  
3.905181104  
-0.06750617185  
-3.183790121  
-4.681293202  
-4.347442696  
-2.576133074  
-0.2225177174  
1.695559317  
2.349050559  
1.383051729  
-0.9611694299  
-3.929754374  
-6.517644655  
-7.818819672  
-7.345048838  
-5.202527747  
-2.063778817  
1.057613736  
3.153224406  
3.567738068  
2.227225113  
-0.3335966072  
-3.15715342  
-5.199386488  
-5.70021923  
-4.457654211  
-1.906765401  
1.027848085  
3.257863952  
3.922436889  
2.706100066  
-0.03261816195  
-3.3731787  
-6.152204345  
-7.381218034  
-6.615479948  
-4.139089153  
-0.8925016778  
1.842111993  
2.895267746  
1.648398376  
-1.700382989  
-6.144600057  
-10.16116256  
-12.19644804  
-11.18720919  
-6.939784433  
-0.2349136654  
7.383878205  
14.07325865  
18.2527948  
19.08022772  
16.68084017  
12.05618823  
6.70788709  
2.110601656  
-0.7795783343  
-1.808527316  
-1.601243445  
-1.244913555  
-1.79712737  
-3.80376306  
-7.010794613  
-10.38702452  
-12.46344231  
-11.87831205  
-7.936842618  
-0.9800134678  
7.584205555  
15.62141918  
20.88858193  
21.73444808  
17.65238193  
9.497131838  
-0.7157783589  
-10.37323297  
-17.01589384  
-19.04133526  
-16.13871082  
-9.323974097  
-0.5760105992  
7.796991016  
13.8485097  
16.51955067  
15.84157116  
12.77392858  
8.758245632  
5.163399189  
2.821872067  
1.813939287  
1.55847787  
1.154819365  
-0.1697385689  
-2.685596345  
-6.005125828  
-9.204608139  
-11.17616425  
-11.07471987  
-8.688621508  
-4.590117554  
-0.002439713127  
3.576193804  
4.862556692  
3.221617154  
-1.107972483  
-7.073454981  
-13.13003514  
-17.71276001  
-19.69726437  
-18.69828509  
-15.11730314  
-9.941783352  
-4.384113263  
0.502236989  
4.094950933  
6.281419011  
7.340808857  
7.702196364  
7.693613857  
7.391231541  
6.628215165  
5.15004097  
2.837607106  
-0.1122596671  
-3.143651808  
-5.473599423  
-6.361243728  
-5.412423709  
-2.792927565  
0.7502914596  
4.091520164  
6.096786755  
6.035743176  
3.881352284  
0.3749457184  
-3.185919103  
-5.378199014  
-5.158959021  
-2.265911579  
2.638631106  
8.146097848  
12.55432707  
14.44537496  
13.1880119  
9.183702113  
3.759822015  
-1.263833821  
-4.192648045  
-4.047237964  
-0.9186205264  
4.041068483  
8.996958723  
12.05467726  
11.91704198  
8.34819014  
2.283261008  
-4.457701086  
-9.757538817  
-11.89435388  
-10.10636014  
-4.84190149  
2.384565289  
9.476261166  
14.4112276  
15.85364737  
13.52337775  
8.216482181  
1.490842794  
-4.858714485  
-9.349729882  
-11.2060365  
-10.4845349  
-7.924963594  
-4.609832638  
-1.578631151  
0.4609572752  
1.237189984  
0.8302282722  
-0.5257053572  
-2.638866803  
-5.451868204  
-8.983145415  
-13.15036528  
-17.57273198  
-21.4713731  
-23.75520228  
-23.30418155  
-19.37218716  
-11.96462309  
-2.031367508  
8.635056508  
17.80743728  
23.43504929  
24.26822743  
20.28243388  
12.74019557  
3.844260072  
-3.925176303  
-8.581290798  
-9.253906964  
-6.449509858  
-1.849612223  
2.294675331  
3.972407681  
2.15105111  
-2.815264534  
-9.258049191  
-14.73497841  
-16.86387517  
-14.16988532  
-6.654827088  
4.113245254  
15.43243  
24.28735082  
28.29098761  
26.43851061  
19.42476853  
9.422026045  
-0.6068102726  
-7.831773527  
-10.41438268  
-8.026743445  
-1.875214081  
5.760112006  
12.30028108  
15.69052561  
15.00176288  
10.62798025  
4.041887304  
-2.778368661  
-8.03438991  
-10.66377086  
-10.58761258  
-8.589992753  
-5.904671787  
-3.684357981  
-2.559135226  
-2.444879537  
-2.659645466  
-2.286042964  
-0.6254949646  
2.440847445  
6.329738749  
9.922928124  
11.96224402  
11.52313511  
8.385991277  
3.161588763  
-2.882356673  
-8.235760424  
-11.65454718  
-12.57975616  
-11.31547049  
-8.900028279  
-6.715153884  
-5.971615093  
-7.254218117  
-10.28781736  
-14.00776753  
-16.911176  
-17.56763105  
-15.11398953  
-9.565542004  
-1.841131717  
6.501129149  
13.72384103  
18.41034311  
19.84263113  
18.14387208  
14.15690976  
9.11966073  
4.26127185  
0.4588484445  
-1.939050238  
-3.084216688  
-3.433958903  
-3.483870344  
-3.539323834  
-3.611142472  
-3.464693539  
-2.788190785  
-1.39946522  
0.6017702981  
2.804139443  
4.593948995  
5.363437608  
4.737456025  
2.729718748  
-0.2341133507  
-3.439105987  
-6.107292426  
-7.646742821  
-7.834491324  
-6.869158939  
-5.277091608  
-3.708791069  
-2.700811646  
-2.488414683  
-2.933293815  
-3.587278744  
-3.863770433  
-3.251758452  
-1.495600449  
1.319765885  
4.8013753  
8.378658129  
11.47910826  
13.6854013  
14.82339334  
14.96099573  
14.33304335  
13.23280763  
11.91744877  
10.56136689  
9.264979205  
8.099015616  
7.14832344  
6.521019458  
6.308117372  
6.506544812  
6.942653535  
7.241919884  
6.878716524  
5.310443675  
2.164029455  
-2.58572267  
