-3.529375875  
-4.654346378  
-5.085990345  
-4.819596633  
-3.994444279  
-2.839462845  
-1.604781661  
-0.5000206019  
0.3448489303  
0.8894171655  
1.166605614  
1.250638603  
1.222294932  
1.142644752  
1.041336416  
0.919428172  
0.762109274  
0.5545585996  
0.2951045537  
0.002428347135  
-0.2833594354  
-0.5041145647  
-0.5894836864  
-0.4642374908  
-0.05754968857  
0.6847638469  
1.784897288  
3.216717569  
4.893007145  
6.662305022  
8.320495993  
9.638842925  
10.40493336  
10.46770044  
9.774531681  
8.388819977  
6.480888057  
4.292724212  
2.085078119  
0.0815539893  
-1.574140969  
-2.835277771  
-3.739184181  
-4.369792215  
-4.809519881  
-5.098135558  
-5.214023399  
-5.085494217  
-4.628950844  
-3.800603974  
-2.642415465  
-1.303553893  
-0.02575465888  
0.9073416943  
1.244459159  
0.8431861951  
-0.2752589836  
-1.911864593  
-3.723970547  
-5.30145156  
-6.266078582  
-6.367997724  
-5.553443476  
-3.985322312  
-2.010882621  
-0.08452036872  
1.334905029  
1.887188225  
1.390158581  
-0.1218502248  
-2.407148488  
-5.068952335  
-7.637273462  
-9.661844128  
-10.79695025  
-10.86228203  
-9.869745917  
-8.013050338  
-5.623514416  
-3.101120302  
-0.8339296256  
0.8789379358  
1.885643314  
2.208800389  
2.034420039  
1.663008367  
1.431922247  
1.625773911  
2.396462991  
3.714159435  
5.364656635  
6.997559321  
8.216277109  
8.68840001  
8.247325889  
6.956045894  
5.1122127  
3.188603542  
1.720818781  
1.169541062  
1.79338602  
3.567258316  
6.170241331  
9.04897101  
11.5423894  
13.03709741  
13.11413325  
11.65013048  
8.84790378  
5.189778842  
1.326821391  
-2.067496737  
-4.443017041  
-5.483947422  
-5.161614417  
-3.720767413  
-1.607479479  
0.6405386427  
2.513792304  
3.634000718  
3.819615912  
3.103344481  
1.702294947  
-0.04895439972  
-1.785421661  
-3.199213759  
-4.108676832  
-4.494740685  
-4.496801155  
-4.368823803  
-4.405024315  
-4.851997369  
-5.82866408  
-7.275607418  
-8.950045819  
-10.47259362  
-11.41855271  
-11.43328411  
-10.34196649  
-8.221938867  
-5.412948927  
-2.455592248  
0.03193698841  
1.509895112  
1.664625537  
0.5054765905  
-1.62003239  
-4.1025328  
-6.22252983  
-7.338949248  
-7.063408379  
-5.371149078  
-2.616014803  
0.5566761839  
3.376627235  
5.149085247  
5.4345603  
4.159283058  
1.628461853  
-1.557700929  
-4.658074738  
-6.969729356  
-7.983223169  
-7.475943629  
-5.526518912  
-2.457548618  
1.266696743  
5.152207657  
8.765017085  
11.7806587  
13.99270597  
15.29463435  
15.6558615  
15.10945302  
13.75769446  
11.78795594  
9.481306172  
7.194885223  
5.307712508  
4.135124708  
3.833810003  
4.329929396  
5.302166861  
6.238004254  
6.558899988  
5.785319084  
3.69485654  
0.4228275566  
-3.532308862  
-7.409620676  
-10.37082807  
-11.72029595  
-11.09668002  
-8.578795657  
-4.672587623  
-0.1816046052  
4.00106279  
7.117404796  
8.719176604  
8.742932129  
7.468228303  
5.379578565  
2.983231575  
0.6427055729  
-1.511690497  
-3.571728278  
-5.747646045  
-8.214619827  
-10.97033334  
-13.76144174  
-16.11296331  
-17.45776951  
-17.32646078  
-15.533415  
-12.2918084  
-8.210416  
-4.162195776  
-1.056768579  
0.4176555208  
0.004213883772  
-2.027881948  
-4.937420873  
-7.702944221  
-9.298946603  
-8.977307773  
-6.47283592  
-2.074687153  
3.45447212  
9.084782201  
13.78849887  
16.79408966  
17.75500754  
16.79199073  
14.40715882  
11.30600253  
8.187474568  
5.566539882  
3.677566342  
2.477165118  
1.732128291  
1.152497035  
0.5194274506  
-0.2354925519  
-1.022022372  
-1.649956899  
-1.92723501  
-1.75779203  
-1.201624207  
-0.4747019156  
0.1115714486  
0.2504178536  
-0.2549654145  
-1.416235801  
-3.039804577  
-4.768413822  
-6.171394896  
-6.856188923  
-6.568608654  
-5.254727688  
-3.070287498  
-0.3396418817  
2.520054685  
5.086459206  
7.009017627  
8.059916158  
8.153885254  
7.341114365  
5.78309343  
3.721653791  
1.447931982  
-0.7272918084  
-2.504233473  
-3.628720943  
-3.930676788  
-3.361117127  
-2.017536889  
-0.1460114313  
1.888470023  
3.66405241  
4.786988631  
4.980838442  
4.156750884  
2.443817461  
0.1675803353  
-2.221511231  
-4.253525327  
-5.551690954  
-5.922197864  
-5.396679385  
-4.215444614  
-2.756191981  
-1.428209064  
-0.5618096849  
-0.3238468908  
-0.6822307325  
-1.427973343  
-2.246574796  
-2.816489552  
-2.905260897  
-2.435425684  
-11.025395  
-12.97579156  
-12.39805235  
-10.02893177  
-7.010637645  
-4.510326252  
-3.347958367  
-3.756000253  
-5.348691758  
-7.306377244  
-8.70648354  
-8.882899829  
-7.686825292  
-5.557384527  
-3.377187429  
-2.162917601  
-2.698137517  
-5.235229581  
-9.369282847  
-14.12778458  
-18.24695733  
-20.54367663  
-20.26215415  
-17.28598178  
-12.15381483  
-5.883117082  
0.3320275642  
5.446907679  
8.814024797  
10.28511261  
10.15420916  
8.982628585  
7.381580531  
5.832585448  
4.600801277  
3.753398383  
3.25194001  
3.061072633  
3.215324843  
3.810245975  
4.922563083  
6.500060201  
8.280208311  
9.789204307  
10.4421868  
9.722956883  
7.384305437  
3.593397414  
-1.041452117  
-5.588818652  
-9.032942574  
-10.56415321  
-9.828893099  
-7.055673854  
-3.011054804  
1.205732283  
4.468118304  
5.933605374  
5.266141569  
2.704692591  
-1.035721929  
-4.990442955  
-8.220867297  
-10.05129685  
-10.19919571  
-8.773044694  
-6.159431646  
-2.85662087  
0.6768066568  
4.105012676  
7.211420649  
9.829997779  
11.76102521  
12.72677124  
12.40354321  
10.530614  
7.058126267  
2.271382345  
-3.171394506  
-8.324800979  
-12.15888633  
-13.8266339  
-12.91414774  
-9.588890042  
-4.58895172  
0.9542665665  
5.812987237  
8.991760049  
9.987550012  
8.901426226  
6.369466848  
3.338523808  
0.7617980954  
-0.6869864413  
-0.79129579  
0.1895379566  
1.657185244  
2.912091439  
3.406732119  
2.928181593  
1.652533925  
0.06036663441  
-1.249324583  
-1.776612118  
-1.292681161  
0.09012389954  
1.967970982  
3.789887109  
5.040494279  
5.395581042  
4.799613847  
3.446271333  
1.679681162  
-0.138643182  
-1.743609244  
-3.020055425  
-3.982599793  
-4.699882615  
-5.204000115  
-5.431030886  
-5.224449576  
-4.405513946  
-2.88446085  
-0.7656943716  
1.602430474  
3.66556618  
4.790220244  
4.446903556  
2.392787229  
-1.208126968  
-5.773096748  
-10.41018632  
-14.12418594  
-16.06284108  
-15.73392369  
-13.13187287  
-8.740016609  
-3.410922934  
1.83816563  
6.056533838  
8.55689591  
9.032481246  
7.575742874  
4.608984805  
0.7588418933  
-3.284926936  
-6.890965185  
-9.567462634  
-10.99958519  
-11.05325778  
-9.760667438  
-7.299869152  
-3.972923789  
-0.1789835555  
3.624738762  
6.978367009  
9.487434503  
10.89086953  
11.11056794  
10.26555414  
8.642368371  
6.626638738  
4.613728512  
2.923905226  
1.746280669  
1.125920147  
0.9935851463  
1.222906086  
1.691174942  
2.320473707  
3.085434526  
3.988569085  
5.017990974  
6.109883142  
7.135873129  
7.924670827  
8.311749023  
8.197355662  
7.587333027  
6.596074978  
5.405286098  
4.190689426  
3.044134235  
1.924107232  
0.6603219954  
-0.980722064  
-3.185890354  
-5.97814207  
-9.136804774  
-12.19276177  
-14.51343302  
-15.46217877  
-14.58883831  
-11.79260355  
-7.40163872  
-2.135998391  
3.04486989  
7.172362339  
9.512890701  
9.755242514  
8.085498603  
5.12658536  
1.759836125  
-1.119090431  
-2.838727271  
-3.116766553  
-2.107320655  
-0.3227773663  
1.539955706  
2.812414892  
3.042304416  
2.103607413  
0.2040760643  
-2.202139595  
-4.561166682  
-6.375845675  
-7.325103434  
-7.316876339  
-6.469844673  
-5.042433069  
-3.341506776  
-1.644123801  
-0.1547808647  
0.9970373592  
1.73121602  
1.98549251  
1.699870225  
0.8288228317  
-0.6218679533  
-2.550625669  
-4.731609825  
-6.8228401  
-8.419197539  
-9.141664432  
-8.738925196  
-7.169487673  
-4.635412559  
-1.551911116  
1.543644719  
4.120435756  
5.785059254  
6.37702344  
6.001036476  
4.986638689  
3.786965952  
2.846248632  
2.474268709  
2.76344824  
3.571095375  
4.570109029  
5.351898586  
5.550908874  
4.955140399  
3.572195089  
1.633680676  
-0.4616934482  
-2.249568765  
-3.318057043  
-3.41146915  
-2.49372344  
-0.7568816758  
1.425342973  
3.585804677  
5.271202892  
6.142490463  
6.045560334  
5.037600613  
3.365461016  
1.403589456  
-0.4324211098  
-1.776080436  
-2.384041344  
-2.178833757  
-1.253199752  
0.1619565564  
1.756125638  
3.209166437  
4.256473012  
4.735625145  
4.606519695  
3.943865665  
2.907401014  
1.699581795  
0.5218343792  
-0.4610705477  
-1.142812072  
-1.482250669  
-1.497779596  
-1.254186106  
-0.8470036857  
-0.3877942953  
0.008449813198  
0.2345274983  
0.2022996604  
-0.1452392079  
-0.8220693732  
-1.790257164  
-2.957828008  
-4.186662477  
-5.311457465  
-6.167653584  
-6.623076652  
-6.606116033  
-6.123260019  
-5.261058241  
-4.171304946  
-3.042502296  
-2.064101908  
-1.391581755  
-1.119850279  
-1.269793699  
-1.789209124  
-2.565814177  
-3.447639756  
-4.265516779  
-4.853288051  
-5.063619612  
-4.779483291  
-3.923094496  
-2.464420686  
-0.4304896106  
2.085200037  
4.915881654  
7.821637949  
10.50087417  
12.61633269  
13.83591912  
13.88478884  
12.60110016  
9.984629782  
6.226223898  
1.707303941  
-3.036909212  
-7.389884403  
-10.75297091  
-12.65430083  
-12.8449856  
-11.35953279  
-8.522447285  
-4.893667019  
-1.159821327  
2.007311999  
4.093024811  
4.847477296  
4.330144742  
2.877175239  
0.9982188585  
-0.7705128971  
-2.016266277  
-2.559403407  
-2.489343559  
-2.114374453  
-1.838953541  
-2.005498659  
-2.750717169  
-3.92456585  
-5.102470852  
-5.693298908  
-5.114973643  
-2.986428352  
0.7234740133  
5.63905023  
11.03556148  
15.99977758  
19.64956553  
21.34976805  
20.86191433  
18.38508859  
14.47863986  
9.893473483  
5.366077777  
1.439014437  
-1.639368275  
-3.911159263  
-5.61153467  
-7.018987103  
-8.310226127  
-9.472536316  
-10.3039399  
-10.49874477  
-9.784773796  
-8.059674521  
-5.47395985  
-2.427496947  
0.5226803005  
2.813372457  
4.033947039  
4.038635867  
2.974635258  
1.218103445  
-0.7573765607  
-2.531979263  
-3.856823188  
-4.697558483  
-5.193088239  
-5.550651993  
-5.922471922  
-6.315984652  
-6.576094911  
-6.449149056  
-5.704746713  
-4.266367623  
-2.294695716  
-0.1825660699  
1.547586706  
2.414873401  
2.161216398  
0.8746417901  
-0.9980663382  
-2.765821643  
-3.706131022  
-3.309802756  
-1.474067503  
1.427305125  
4.630370601  
7.205208458  
8.350658039  
7.664256262  
5.295266332  
1.923592263  
-1.436767492  
-3.752437344  
-4.304628625  
-2.933428536  
-0.1094337175  
3.196162517  
5.806948392  
6.711573317  
5.392460688  
2.008065379  
-2.63072537  
-7.284748036  
-10.64290131  
-11.70154817  
-10.05195828  
-5.991347587  
-0.4293077146  
5.375174949  
10.16112162  
12.99128411  
13.46343636  
11.75585415  
8.510307871  
4.605008259  
0.8981314941  
-1.978114629  
-3.719512728  
-4.335988015  
-4.050282818  
-3.162909868  
-1.939739082  
-0.5597279887  
0.8708635825  
2.261678561  
3.479987795  
4.329883417  
4.587868139  
4.085090185  
2.801160216  
0.9239453161  
-1.160999478  
-2.961562276  
-4.027588156  
-4.106685451  
-3.247882125  
-1.807356955  
-0.3434045045  
0.5713149372  
0.5584881607  
-0.4112245873  
-1.978858806  
-3.497009674  
-4.243821649  
-3.682959017  
-1.68001148  
1.40483383  
4.789498694  
7.49424804  
8.649955862  
7.790052316  
5.026159429  
1.042489564  
-3.097199988  
-6.273087896  
-7.66025159  
-6.991751265  
-4.64483178  
-1.518435823  
1.260563679  
2.706958668  
2.300392585  
0.1538490369  
-3.029900723  
-6.200519277  
-8.320225191  
-8.720497526  
-7.333907236  
-4.720736186  
-1.87880317  
0.1017080749  
0.4231212068  
-1.125456947  
-4.066250303  
-7.362101717  
-9.738972904  
-10.09904946  
-7.890373231  
-3.311760354  
2.71597596  
8.806261741  
13.51134546  
15.74895026  
15.11841479  
12.00988144  
7.476166257  
2.9112695  
-0.3619792432  
-1.468146434  
-0.2084190249  
2.918104617  
6.895480045  
10.50777289  
12.68863593  
12.79869423  
10.75676697  
7.002315593  
2.320254103  
-2.402641681  
-6.40851267  
-9.221040753  
-10.68967488  
-10.93554043  
-10.23975555  
-8.926298644  
-7.281754443  
-5.529620396  
-3.848965548  
-2.407746937  
-1.377855999  
-0.912217653  
-1.087626982  
-1.839466302  
-2.925484844  
-3.949739361  
-4.455603413  
-4.067092697  
-2.632565311  
-0.3153282849  
2.41241044  
4.884955231  
6.441009642  
6.643239781  
5.443925485  
3.232840753  
0.7396117203  
-1.188008598  
-1.862943575  
-1.002517419  
1.149492056  
3.872775559  
6.18660217  
7.168861243  
6.275955827  
3.555511293  
-0.325544088  
-4.256691996  
-7.015387194  
-7.65277432  
-5.810259053  
-1.862185486  
3.166489455  
7.886998203  
10.95145932  
11.45005227  
9.177109549  
4.684152189  
-0.8938230928  
-6.180680167  
-9.959717281  
-11.50667698  
-10.75512097  
-8.251583228  
-4.927601012  
-1.773533455  
0.4732186572  
1.524482533  
1.565846347  
1.115215723  
0.7781598876  
0.9952839643  
1.874224223  
3.163294758  
4.369178792  
4.967357605  
4.620980901  
3.322764685  
1.405546319  
-0.5820547286  
-2.086463278  
-2.764663885  
-2.619933984  
-2.002798973  
-1.472845597  
-1.570492322  
-2.583856211  
-4.40107583  
-6.509876668  
-8.153623696  
-8.595153438  
-7.397291547  
-4.618144224  
-0.8447186215  
2.957498166  
5.737361734  
6.699692534  
5.581022168  
2.76268792  
-0.8238103171  
-3.975723993  
-5.596428828  
-5.05054479  
-2.380787282  
1.686276295  
5.950852573  
9.102525284  
10.12161139  
8.593891653  
4.841625326  
-0.1674501784  
-5.101573092  
-8.64718571  
-9.874290888  
-8.477213674  
-4.826333076  
0.1726263187  
5.356633496  
9.628378884  
12.22632345  
12.86947719  
11.75072953  
9.402213106  
6.49293695  
3.631538646  
1.23396625  
-0.5158491843  
-1.621270944  
-2.181834066  
-2.303977853  
-2.052420409  
-1.456977354  
-0.5618898351  
0.5152994033  
1.552714934  
2.24603731  
2.284630859  
1.458062769  
-0.2470850396  
-2.600755724  
-5.158239317  
-7.362833989  
-8.693818003  
-8.813577305  
-7.666234722  
-5.495440588  
-2.775673171  
-0.07986409515  
2.073758578  
3.347760048  
3.648206086  
3.110864277  
2.023969572  
0.7203074003  
-0.5220669655  
-1.539113015  
-2.287291324  
-2.805789329  
-3.158833607  
-3.387003819  
-3.488671172  
-3.436620506  
-3.217637735  
-2.871722276  
-2.507481959  
-2.280831542  
-2.34127438  
-2.765989138  
-3.510026834  
-4.397028929  
-5.160168801  
-5.522866049  
-5.291567236  
-4.425505844  
-3.054837898  
-1.43680054  
0.1366297129  
1.446283068  
2.427065917  
3.189262334  
3.967589782  
5.013354347  
6.4686239  
8.271402033  
10.13270689  
11.6022538  
12.20709868  
11.61886937  
9.790964358  
7.013338929  
3.858245068  
1.027103477  
-0.8560568641  
-1.43803428  
-0.7514615672  
0.7901281925  
2.519593877  
3.727201862  
3.887744046  
2.829454683  
0.7886542553  
-1.668446485  
-3.831562143  
-5.078685605  
-5.07875656  
-3.898429514  
-1.978829764  
0.00874234771  
1.379797684  
1.655118672  
0.7105503632  
-1.188002436  
-3.472214625  
-5.450027416  
-6.516197437  
-6.328330112  
-4.896598937  
-2.565439737  
0.09942416338  
2.477322203  
4.058719656  
4.563165816  
3.981797329  
2.543476204  
0.6268858271  
-1.346877067  
-3.007869642  
-4.095857738  
-4.479572719  
-4.14673635  
-3.181427845  
-1.742778811  
-0.0499549054  
1.631580986  
3.01297308  
3.822243696  
3.860904978  
3.063881097  
1.541082425  
-0.4214329204  
-2.412827826  
-3.996031778  
-4.829058442  
-4.771942775  
-3.94154911  
-2.689839324  
-1.505148603  
-0.8625389464  
-1.069107474  
-2.155208725  
-3.850382018  
-5.656267503  
-6.996755383  
-7.398871769  
-6.646103297  
-4.85341231  
-2.438255493  
0.00413199558  
1.881183283  
2.781017801  
2.591136706  
1.521299558  
0.02640959156  
-1.341829153  
-2.103448441  
-1.983811722  
-0.9719146758  
0.7089316822  
2.6996084  
4.632020745  
6.236909786  
7.396526926  
8.130044675  
8.526758013  
8.662045614  
8.53626984  
8.065388329  
7.128999246  
5.655772669  
3.708364424  
1.527035096  
-0.4948639808  
-1.904669338  
-2.326643656  
-1.594477404  
0.16911563  
2.559540112  
4.989181505  
6.850865816  
7.694726497  
7.360493773  
6.020489185  
4.117753649  
2.21885476  
0.8297425666  
0.2355085326  
0.416601958  
1.067893072  
1.712096441  
1.867507952  
1.212748942  
-0.3062906292  
-2.460907528  
-4.817229224  
-6.877433887  
-8.235033873  
-8.692548489  
-8.30550272  
-7.343826297  
-6.190086308  
-5.213791065  
-4.665445441  
-4.622837832  
-5.000194227  
-5.607209016  
-6.228586296  
-6.691243097  
-6.896106069  
-6.809768268  
-6.429897329  
-5.749451173  
-4.743698807  
-3.39139953  
-1.722715425  
0.1300762439  
1.909755272  
3.262803188  
3.823986423  
3.337118553  
1.77241001  
-0.6058100935  
-3.256517179  
-5.47419962  
-6.572671082  
-6.088967553  
-3.942914741  
-0.4962544788  
3.516408795  
7.17270239  
9.613058505  
10.28252372  
9.089152692  
6.428500167  
3.064880585  
-0.09460677724  
-2.263197286  
-2.992751479  
-2.280128237  
-0.5311124367  
1.602091104  
3.453090947  
4.564668102  
4.829189699  
4.500975357  
4.079143401  
4.103271806  
4.93326468  
6.590051605  
8.713141113  
10.65203763  
11.66399387  
11.15512884  
8.887252455  
5.08314558  
0.3949531666  
-4.256891064  
-7.926760041  
-9.897010895  
-9.867266077  
-8.026360059  
-4.989426356  
-1.622347462  
1.192823443  
2.783748188  
2.843722676  
1.480024758  
-0.8500640348  
-3.488711802  
-5.764179963  
-7.160651282  
-7.427184904  
-6.603279382  
-4.964090299  
-2.910472828  
-0.8416318087  
0.95114258  
2.341396996  
3.363953844  
4.158403294  
4.882015039  
5.622064365  
6.336240515  
6.840708719  
6.85125838  
6.067448634  
4.276891212  
1.44984986  
-2.204930183  
-6.243662897  
-10.05610966  
-12.98778834  
-14.48853689  
-14.2503134  
-12.29659267  
-8.99551716  
-4.987436776  
-1.040394463  
2.131887204  
4.042069738  
4.543705281  
3.854321584  
2.477932731  
1.04687933  
0.1276181025  
0.04777382568  
0.7974388221  
2.036927544  
3.211305818  
3.738641736  
3.21448596  
1.567702452  
-0.8843082351  
-3.503070639  
-5.503367967  
-6.18428834  
-5.147437219  
-2.434637673  
1.459236294  
5.70499667  
9.355872204  
11.59846477  
11.96376715  
10.43703052  
7.436957415  
3.675485921  
-0.05433418646  
-3.094589709  
-5.076945194  
-5.972445071  
-6.030005564  
-5.633770184  
-5.134936029  
-4.719197761  
-4.355325176  
-3.839453779  
-2.914357534  
-1.415699905  
0.6124918489  
2.879911596  
4.908511146  
6.171449723  
6.266679794  
5.065255466  
2.781030162  
-0.06634297336  
-2.787767228  
-4.719516988  
-5.415221859  
-4.77362114  
-3.060892779  
-0.820260809  
1.302047677  
2.758675802  
3.266496997  
2.88362406  
1.975201784  
1.081177977  
0.7302700751  
1.260637934  
2.704260213  
4.770378621  
6.931129301  
8.5801754  
9.213297162  
8.574809507  
6.726549258  
4.02195001  
0.9975997478  
-1.780752971  
-3.86930942  
-5.050097798  
-5.360839383  
-5.048544956  
-4.46777948  
-3.959423245  
-3.748197216  
-3.88775559  
-4.264748935  
-4.654290249  
-4.804651787  
-4.522974638  
-3.736857747  
-2.516990877  
-1.058869901  
0.3668235078  
1.479075317  
2.049599253  
1.95101832  
1.182958485  
-0.1253948348  
-1.734213028  
-3.329840953  
-4.575635431  
-5.172112347  
-4.919444547  
-3.771935061  
-1.871133544  
0.4559495854  
2.742517669  
4.470983325  
5.191735593  
4.645744753  
2.857729102  
0.168297032  
-2.814376803  
-5.342187879  
-6.709110736  
-6.442887117  
-4.452937184  
-1.087577566  
2.924792484  
6.644251407  
9.158528762  
9.829718582  
8.478445674  
5.448974861  
1.53011256  
-2.252301532  
-4.917010133  
-5.804392528  
-4.768267878  
-2.223743684  
0.9671700993  
3.743084157  
5.154431463  
4.648077935  
2.240610492  
-1.473402644  
-5.48397406  
-8.654153605  
-10.05114363  
-9.222557911  
-6.335118474  
-2.132739723  
2.275861066  
5.739100135  
7.399710845  
6.947533308  
4.712351052  
1.568187546  
-1.32393602  
-2.859764136  
-2.321373443  
0.4041921646  
4.78125234  
9.769302647  
14.11180343  
16.68537133  
16.80794305  
14.41783421  
10.07453718  
4.785032753  
-0.2897656755  
-4.16018426  
-6.269305408  
-6.617070512  
-5.715776079  
-4.396639875  
-3.530551515  
-3.749569721  
-5.252693512  
-7.751474957  
-10.56746043  
-12.84752178  
-13.82900758  
-13.07376478  
-10.60200409  
-6.888862721  
-2.728502871  
0.9905785382  
3.530798787  
4.499708018  
3.939400476  
2.290095307  
0.244179016  
-1.462303284  
-2.258319653  
-1.887828333  
-0.4624588213  
1.591741557  
3.671641978  
5.174658297  
5.664955571  
4.983771032  
3.27851826  
0.9496612933  
-1.463391886  
-3.422062632  
-4.515764865  
-4.545866037  
-3.550610846  
-1.77209111  
0.4195467598  
2.621379566  
4.488163141  
5.798632383  
6.486691085  
6.635552688  
6.440466503  
6.150445616  
6.001638349  
6.155129636  
6.650665079  
7.385550994  
8.124466055  
8.541130764  
8.286688593  
7.073046028  
4.753942419  
1.384121371  
-2.760895463  
-7.214491334  
-11.39669631  
-14.72576644  
-16.73880315  
-17.19189464  
-16.11348753  
-13.79569899  
-10.72446782  
-7.46619523  
-4.540768991  
-2.314778886  
-0.9424758925  
-0.3675801901  
-0.3806201793  
-0.7097692756  
-1.113864575  
-1.447091289  
-1.675968143  
-1.846630177  
-2.018578989  
-2.193414614  
-2.26942984  
-2.044090682  
-1.269199549  
0.2564384354  
2.587673955  
5.563602526  
8.797904137  
11.74119562  
13.80453504  
14.51208409  
13.63900934  
11.29200042  
7.904874945  
4.146010504  
0.7603752211  
-1.611192044  
-2.585605249  
-2.121903664  
-0.5144888678  
1.700132795  
3.893901167  
5.510672619  
6.196885168  
5.865992467  
4.684842469  
2.993887022  
1.191444755  
-0.3802032583  
-1.513935507  
-2.163886408  
-2.419241947  
-2.443047439  
-2.402225454  
-2.413871537  
-2.523091013  
-2.713592455  
-2.939508458  
-3.160184448  
-3.361166798  
-3.553046286  
-3.751370832  
-3.950455267  
-4.10738103  
-4.14829189  
-3.998664818  
-3.627077095  
-3.083158603  
-2.509288556  
-2.113331381  
-2.104300547  
-2.60888582  
-3.598098797  
-4.854690427  
-6.001816406  
-6.593913399  
-6.248374352  
-4.778967825  
-2.286259123  
0.8305536547  
3.953425654  
6.400842524  
7.616428879  
7.33415624  
5.666889111  
3.086160486  
0.2939492636  
-1.978187924  
-3.182631471  
-3.115412359  
-1.970544859  
-0.2696135866  
1.313344114  
2.177211222  
1.997385822  
0.8406875375  
-0.8482699851  
-2.388416778  
-3.088915133  
-2.489901716  
-0.539216504  
2.354808855  
5.416803856  
7.720679069  
8.466221192  
7.232867045  
4.132609075  
-0.1870273898  
-4.694677331  
-8.24034747  
-9.85943646  
-9.029742773  
-5.809948045  
-0.8230715562  
4.906819232  
10.21547213  
14.08251514  
15.86172199  
15.39993461  
13.02189193  
9.396990807  
5.335342389  
1.575582518  
-1.377273725  
-3.326347721  
-4.361595445  
-4.763247549  
-4.869990494  
-4.957006658  
-5.160008325  
-5.462277301  
-5.739547558  
-5.839462664  
-5.663518782  
-5.221635691  
-4.640988828  
-4.127102077  
-3.891093464  
-4.067422493  
-4.649175027  
-5.462368521  
-6.189376493  
-6.437712184  
-5.837968173  
-4.146705906  
-1.328182933  
2.406656404  
6.616108273  
10.69820789  
14.00285938  
15.96239133  
16.21193156  
14.67169232  
11.57052729  
7.402837266  
2.826447443  
-1.476157974  
-4.940518819  
-7.231791442  
-8.296949461  
-8.34435366  
-7.756893101  
-6.963764203  
-6.308283549  
-5.950904466  
-5.836577465  
-5.736162844  
-5.348381257  
-4.428955677  
-2.903810227  
-0.9270146322  
1.138935507  
2.817967217  
3.662749573  
3.399893896  
2.030652964  
-0.1474924698  
-2.608416446  
-4.735539074  
-5.989068275  
-6.050939049  
-4.903171459  
-2.817004647  
-0.2592925513  
2.250781186  
4.286468507  
5.613154778  
6.214038539  
6.240156679  
5.910267913  
5.403276413  
4.78680548  
4.009837497  
2.960845458  
1.56543292  
-0.1202006308  
-1.86458945  
-3.292625818  
-3.991781192  
-3.660235813  
-2.243535883  
-0.004483686651  
2.510002674  
4.606847071  
5.653156689  
5.286082411  
3.554004277  
0.9344916596  
-1.787314662  
-3.749659856  
-4.285008139  
-3.143522345  
-0.5928952356  
2.644432292  
5.603416817  
7.374567551  
7.3940046  
5.630672544  
2.606927278  
-0.7584651174  
-3.437933371  
-4.622776122  
-3.985616204  
-1.792032482  
1.176341701  
3.864376317  
5.275152015  
4.785589456  
2.34606513  
-1.498284508  
-5.769514606  
-9.348874542  
-11.30576374  
-11.16130449  
-9.008235139  
-5.456942913  
-1.433363785  
2.100532504  
4.413148719  
5.176689148  
4.503847381  
2.851476533  
0.8377932233  
-0.9572074133  
-2.141212324  
-2.567966117  
-2.301691754  
-1.520109646  
-0.408196978  
0.9080253121  
2.361387928  
3.884057465  
5.325131865  
6.395454821  
6.681485745  
5.742297884  
3.267319317  
-0.7586744612  
-5.949379718  
-11.5232555  
-16.44151481  
-19.65150284  
-20.36891336  
-18.31204623  
-13.80986477  
-7.741439895  
-1.316604994  
4.241051036  
8.014868129  
9.622511819  
9.28196864  
7.699177807  
5.817194705  
4.51003983  
4.319974828  
5.319528532  
7.135717724  
9.118677348  
10.58938592  
11.07744739  
10.46754337  
9.008883623  
7.192462704  
5.548135343  
4.440652641  
3.941483966  
3.822930556  
3.673909566  
3.090439398  
1.86520684  
0.1002791835  
-1.804635384  
-3.289258114  
-3.847871097  
-3.243493941  
-1.638741895  
0.4119320527  
2.115559744  
2.693717387  
1.651304126  
-1.032583326  
-4.861971935  
-8.951033118  
-12.28443742  
-14.02794593  
-13.78687612  
-11.72566361  
-8.507347934  
-5.072035558  
-2.32797742  
-0.8587958836  
-0.7452251434  
-1.561125043  
-2.544142923  
-2.881940587  
-2.01512902  
0.1478678628  
3.179115125  
6.262240784  
8.463544417  
9.052280083  
7.761742575  
4.901755533  
1.282252699  
-2.029712999  
-4.041992561  
-4.151244722  
-2.337466917  
0.8233214873  
4.332050128  
7.069857789  
8.136081689  
7.116414364  
4.201054355  
0.1214880456  
-4.068900924  
-7.298838873  
-8.774673308  
-8.182369308  
-5.744691083  
-2.128840915  
1.75617092  
5.005311323  
6.934845869  
7.216956261  
5.908873679  
3.386912776  
0.2202623504  
-2.971744402  
-5.641598284  
-7.394053963  
-8.02266701  
-7.512698753  
-6.024065023  
-3.862930898  
-1.442237256  
0.7743002318  
2.348506296  
2.959143042  
2.490230072  
1.088481322  
-0.8382561719  
-2.69725449  
-3.854834047  
-3.815008082  
-2.381008464  
0.2555016335  
3.536342337  
6.675918865  
8.884304404  
9.608840018  
8.71608833  
6.549332748  
3.833883603  
1.452331342  
0.1577669938  
0.3185365607  
1.78299362  
3.916458058  
5.806246025  
6.572388257  
5.681927707  
3.158215898  
-0.3925556453  
-3.956159766  
-6.436422394  
-7.028092966  
-5.510897017  
-2.360267064  
1.371988511  
4.377644805  
5.514206927  
4.192341323  
0.5982701372  
-4.328641583  
-9.164097988  
-12.43264115  
-13.07019656  
-10.76642106  
-6.074649039  
-0.2515555629  
5.123797094  
8.630144448  
9.430043177  
7.50668387  
3.639165144  
-0.8702981391  
-4.623328933  
-6.564412514  
-6.289649359  
-4.129795977  
-0.9898409694  
1.991065855  
3.837639807  
4.057658555  
2.777386086  
0.6550979878  
-1.387677053  
-2.515713538  
-2.284356194  
-0.792413532  
1.365661785  
3.325133709  
4.268264764  
3.717483064  
1.700086513  
-1.271098445  
-4.388950857  
-6.841181309  
-8.089310771  
-8.035611026  
-7.019231128  
-5.647168059  
-4.527535972  
-4.00913077  
-4.029237399  
-4.131407401  
-3.651350846  
-2.004905979  
1.028918317  
5.139408896  
9.50226441  
12.99157821  
14.52351424  
13.41981548  
9.6676417  
3.983002833  
-2.351620386  
-7.83059077  
-11.14433973  
-11.54413396  
-9.039796087  
-4.372297341  
1.224037516  
6.388950989  
10.01469456  
11.51928597  
10.93870401  
8.825281708  
6.003389404  
3.27615971  
1.185216557  
-0.1019634506  
-0.753712343  
-1.117463288  
-1.517614542  
-2.09201014  
-2.730353404  
-3.134275536  
-2.969581528  
-2.044741088  
-0.4396524536  
1.47197199  
3.121917572  
3.936424001  
3.54694755  
1.943990675  
-0.4864037959  
-3.063230144  
-5.01921196  
-5.749570858  
-5.017293284  
-3.044527924  
-0.4573844633  
1.900076691  
3.223939059  
2.998921813  
1.159990156  
-1.881105354  
-5.349053821  
-8.31975661  
-9.970035559  
-9.789740392  
-7.700511903  
-4.057419711  
0.4548339304  
4.992260212  
8.737933487  
11.05896484  
11.60598455  
10.34781513  
7.550839819  
3.720094831  
-0.4822227326  
-4.331436565  
-7.144290167  
-8.388085306  
-7.784828502  
-5.390903318  
-1.626621202  
2.767480266  
6.856417497  
9.704190474  
10.59508566  
9.225525912  
5.807761556  
1.0449733  
-4.027997538  
-8.30323055  
-10.88871275  
-11.34441973  
-9.793653051  
-6.87318083  
-3.534602371  
-0.7561250789  
0.7470155092  
0.7241894419  
-0.5584545602  
-2.428793804  
-4.043709387  
-4.670039963  
-3.920108213  
-1.86745306  
0.990293141  
3.903223771  
6.113964996  
7.092180095  
6.682917835  
5.125602337  
2.946280419  
0.7684159107  
-0.8878591488  
-1.749227341  
-1.831996836  
-1.380094875  
-0.7325119983  
-0.1777777437  
0.1465813987  
0.2734837055  
0.3435054038  
0.4928720641  
0.7453791992  
0.9597120208  
0.8608535093  
0.1493298213  
-1.351626672  
-3.569925968  
-6.135011351  
-8.435152408  
-9.773687668  
-9.578861184  
-7.599101958  
-4.016234635  
0.5664653529  
5.264417869  
9.14106625  
11.457909  
11.86978571  
10.50765838  
7.927125489  
4.94268074  
2.401410059  
0.9645280685  
0.9575363071  
2.323550743  
4.680091643  
7.449068651  
10.01287135  
11.85012696  
12.62045166  
12.19024819  
10.61209753  
8.081042631  
4.889596256  
1.392371108  
-2.022182423  
-4.964274134  
-7.09028859  
-8.166182488  
-8.133433293  
-7.152803878  
-5.59984073  
-3.997026206  
-2.888788042  
-2.689059645  
-3.547468169  
-5.281601339  
-7.406278582  
-9.260781513  
-10.20129657  
-9.800496996  
-7.989558811  
-5.093472575  
-1.744291693  
1.302344491  
3.388664248  
4.141448393  
3.562567577  
1.994898498  
-0.02131989055  
-1.948237613  
-3.433390911  
-4.410017812  
-5.079773083  
-5.787026814  
-6.834888838  
-8.31581661  
-10.02531473  
-11.49695164  
-12.1516061  
-11.50981355  
-9.390022244  
-6.017311652  
-1.996910359  
1.845792837  
4.708921581  
6.060314222  
5.802259117  
4.297734623  
2.24857766  
0.4671369952  
-0.3807243168  
0.02534771316  
1.583792348  
3.837612342  
6.153426584  
7.944416436  
8.85620394  
8.852305519  
8.176253114  
7.21517185  
6.326155546  
5.698601345  
5.308226796  
4.978857982  
4.52196751  
3.889527325  
3.267250022  
3.056871604  
3.740265321  
5.668320656  
8.853985894  
12.8564294  
16.81715189  
19.65704338  
20.38358055  
18.41200322  
13.79056725  
7.245133359  
0.01514846928  
-6.477322847  
