6.279262164  
4.679077556  
3.057880621  
1.715919235  
0.8015386329  
0.3025422752  
0.10034635  
0.05443598067  
0.07641055794  
0.162157822  
0.372152589  
0.7739820758  
1.377674955  
2.096863809  
2.756561203  
3.147046339  
3.102246589  
2.568976592  
1.635769568  
0.5059019161  
-0.577696938  
-1.427052105  
-1.984809083  
-2.347929433  
-2.725776116  
-3.344831525  
-4.33499791  
-5.642392563  
-7.006764382  
-8.019538253  
-8.248979993  
-7.392714256  
-5.404881101  
-2.550665024  
0.6362416751  
3.485324297  
5.371351219  
5.889784109  
4.969182104  
2.884043081  
0.1639031785  
-2.571646395  
-4.798459454  
-6.234189336  
-6.899636703  
-7.077778769  
-7.187069322  
-7.613103291  
-8.555553412  
-9.940923596  
-11.42942794  
-12.51329826  
-12.67478714  
-11.55380312  
-9.073103548  
-5.482951688  
-1.312196827  
2.759410521  
6.070591094  
8.142124104  
8.79064903  
8.164226294  
6.693398944  
4.973870038  
3.613575164  
3.083979659  
3.612141961  
5.138066445  
7.344776161  
9.750588664  
11.83852033  
13.18935788  
13.5846162  
13.05321946  
11.84982586  
10.37011593  
9.025437505  
8.111258956  
7.707573812  
7.642753428  
7.536005555  
6.911357005  
5.35373635  
2.662048609  
-1.04911836  
-5.336172446  
-9.514429921  
-12.82963304  
-14.66761604  
-14.74078256  
-13.19220793  
-10.57918401  
-7.732759238  
-5.52796781  
-4.629130496  
-5.285813094  
-7.243188277  
-9.798212683  
-11.98991745  
-12.87103185  
-11.78267022  
-8.551776741  
-3.553711399  
2.377417239  
8.162862858  
12.75400989  
15.38845187  
15.75696077  
14.04099064  
10.8207926  
6.892018699  
3.051683809  
-0.08336980715  
-2.180188262  
-3.20019596  
-3.332088642  
-2.884110884  
-2.178130999  
-1.477527879  
-0.9605260248  
-0.7295900092  
-0.8342616852  
-1.284470309  
-2.042584832  
-2.99953392  
-3.954634016  
-4.622999618  
-4.685761822  
-3.879592071  
-2.100873582  
0.5140929292  
3.571100426  
6.483623235  
8.614861495  
9.458938672  
8.803877952  
6.818075873  
4.022501141  
1.147474612  
-1.086731864  
-2.19641936  
-2.091543812  
-1.105986883  
0.1156984103  
0.8426632311  
0.5204873707  
-1.017558666  
-3.466860005  
-6.130624286  
-8.141984153  
-8.758594141  
-7.63110251  
-4.951690039  
-1.426234702  
1.928238141  
4.09984455  
4.410282176  
2.746747076  
-0.3821950069  
-3.989775128  
-6.910978039  
-8.16499654  
-7.264329084  
-4.371138621  
-0.2505483107  
3.964060755  
7.118586432  
8.38825148  
7.520702624  
4.898895637  
1.409036751  
-1.839427571  
-3.850353088  
-4.028757937  
-2.335119055  
0.7327888586  
4.313821745  
7.44973485  
9.357000567  
9.623246242  
8.278148026  
5.732416259  
2.619578709  
-0.3992200612  
-2.804306098  
-4.315123522  
-4.901357185  
-4.722899181  
-4.03431452  
-3.093677652  
-2.104742471  
-1.20163854  
-0.4657956814  
0.04674018895  
0.2891494318  
0.2298810217  
-0.1230017578  
-0.6952910214  
-1.33757501  
-1.846869722  
-2.018267997  
-1.711135625  
-0.9051525524  
0.2775059272  
1.596314277  
2.757987367  
3.502285002  
3.67807871  
3.282711768  
2.451285392  
1.401752933  
0.3585887576  
-0.5143522085  
-1.145909178  
-1.544370728  
-1.748754275  
-1.770793975  
-1.559006476  
-1.007610259  
-0.01324467238  
1.440643554  
3.208697846  
4.957444815  
6.213312453  
6.483158826  
5.415224707  
2.946733593  
-0.6193100768  
-4.647454021  
-8.317595916  
-10.85085887  
-11.74541734  
-10.94366315  
-8.868605799  
-6.307076249  
-4.167711571  
-3.186117621  
-3.67191389  
-5.383837187  
-7.58080066  
-9.240669043  
-9.38268486  
-7.392837989  
-3.247088914  
2.442453112  
8.577796272  
13.878211  
17.24309401  
18.06168662  
16.37355905  
12.83186006  
8.484414048  
4.445664079  
1.565648126  
0.2005508903  
0.1536963468  
0.7987375615  
1.337296596  
1.101104087  
-0.20279659  
-2.383179836  
-4.824233115  
-6.689561286  
-7.200398389  
-5.896184893  
-2.794831542  
1.594619276  
6.40543461  
10.64556903  
13.45410004  
14.30477254  
13.10229429  
10.15496321  
6.046832921  
1.460770458  
-2.987888121  
-6.8596102  
-9.919993102  
-12.09957951  
-13.41645283  
-13.90221807  
-13.56373985  
-12.39351206  
-10.41834071  
-7.759088643  
-4.669064979  
-1.526993665  
1.221546105  
3.159900254  
4.003960105  
3.679881168  
2.349934683  
0.3771303373  
-1.761299833  
-3.58603055  
-4.721585084  
-4.968240299  
-4.32458749  
-2.961107873  
-1.158879571  
12.14211095  
10.57942563  
8.086393899  
4.746346478  
0.7143184639  
-3.74263723  
-8.228707258  
-12.24528968  
-15.26370169  
-16.83077031  
-16.67938382  
-14.8108663  
-11.52194034  
-7.363991427  
-3.041667336  
0.7249038494  
3.340211281  
4.442033538  
3.955040712  
2.08158336  
-0.7615227619  
-4.039167621  
-7.201343112  
-9.771125348  
-11.40328162  
-11.91022495  
-11.26065781  
-9.56084799  
-7.027968527  
-3.961446849  
-0.71356962  
2.342507824  
4.849398109  
6.506529307  
7.111548166  
6.59497877  
5.040002823  
2.681150621  
-0.1204254897  
-2.922496471  
-5.261608594  
-6.718463153  
-6.979866252  
-5.889460585  
-3.480995459  
0.01078967943  
4.165669275  
8.422265346  
12.15075193  
14.74830833  
15.74512726  
14.90209523  
12.27771138  
8.243419129  
3.435047371  
-1.357700631  
-5.344949039  
-7.900283996  
-8.694285982  
-7.76193631  
-5.483095764  
-2.478156537  
0.5549025731  
3.018080624  
4.55606091  
5.124020823  
4.962491466  
4.489327906  
4.144273404  
4.235993429  
4.840125658  
5.779829551  
6.693198562  
7.163406997  
6.867209126  
5.691978871  
3.782699888  
1.504187548  
-0.6677248223  
-2.289112912  
-3.077840387  
-2.989081514  
-2.214933317  
-1.112642316  
-0.08947960173  
0.5152381553  
0.51268873  
-0.1108709938  
-1.227339957  
-2.636584315  
-4.140160792  
-5.588465558  
-6.885356338  
-7.955107991  
-8.694986109  
-8.944879954  
-8.49969156  
-7.17193472  
-4.888305127  
-1.784248707  
1.746670016  
5.082083979  
7.487805403  
8.299766719  
7.120871845  
3.969910001  
-0.6720034119  
-5.944141428  
-10.80500496  
-14.29577891  
-15.79271345  
-15.17200544  
-12.83462884  
-9.580608347  
-6.368825192  
-4.034667806  
-3.051507272  
-3.408221639  
-4.638075657  
-5.986029328  
-6.658057825  
-6.071233723  
-4.025567258  
-0.7466484547  
3.207765632  
7.138806252  
10.42598642  
12.6995556  
13.91009608  
14.27860884  
14.1540064  
13.83800399  
13.44801174  
12.87297254  
11.84089041  
10.07283096  
7.462896286  
4.209867327  
0.8400599501  
-1.901748254  
-3.26810436  
-2.763877298  
-0.3522017297  
3.467443972  
7.749768077  
11.34851512  
13.24749344  
12.87541634  
10.30051864  
6.233924871  
1.829369131  
-1.667277067  
-3.313415661  
-2.784935698  
-0.5058215569  
2.458353144  
4.720122281  
5.010848727  
2.607713906  
-2.389136576  
-9.023668449  
-15.7167612  
-20.70410428  
-22.55275936  
-20.60168942  
-15.19019633  
-7.599435815  
0.2825096867  
6.47786734  
9.468285875  
8.61440054  
4.322183934  
-2.092106115  
-8.796374485  
-13.97719854  
-16.35430231  
-15.52296183  
-12.02656492  
-7.144911601  
-2.470373559  
0.5929275178  
1.251532834  
-0.4607054952  
-3.73193375  
-7.263544355  
-9.704221258  
-10.08553885  
-8.121079124  
-4.27799369  
0.395380481  
4.623902141  
7.323309501  
7.945077675  
6.638971844  
4.185236899  
1.723828646  
0.3731028906  
0.8640098039  
3.307676912  
7.16812349  
11.44339883  
14.99066487  
16.88584356  
16.70057507  
14.61011763  
11.30413575  
7.738185986  
4.814729727  
3.102337737  
2.684466307  
3.181675621  
3.930548012  
4.249619067  
3.695500301  
2.219456312  
0.1727402743  
-1.835897348  
-3.174848662  
-3.429268482  
-2.55866693  
-0.9165556382  
0.8731949669  
2.137006728  
2.388427452  
1.495310223  
-0.2826578047  
-2.398697846  
-4.226808364  
-5.29607713  
-5.464948622  
-4.970385672  
-4.332108896  
-4.144788958  
-4.832677654  
-6.456359294  
-8.64478363  
-10.68267693  
-11.72907343  
-11.09600248  
-8.493677147  
-4.15815519  
1.183977716  
6.504963548  
10.75897567  
13.16779184  
13.41824161  
11.71149132  
8.654785433  
5.038907178  
1.58104744  
-1.278960603  
-3.463428312  
-5.201317404  
-6.861421892  
-8.741901428  
-10.897295  
-13.06858926  
-14.74302532  
-15.32282431  
-14.34237385  
-11.65600969  
-7.528732907  
-2.596283114  
2.29381901  
6.308019983  
8.845421515  
9.679824389  
8.983434333  
7.231938704  
5.030133796  
2.92174629  
1.24791138  
0.09721748093  
-0.6454807702  
-1.180596475  
-1.658543951  
-2.083708129  
-2.295707678  
-2.034346368  
-1.061259494  
0.7113215794  
3.137862464  
5.839503526  
8.292959355  
9.98151727  
10.55754203  
9.960084659  
8.445245866  
6.515893474  
4.771097499  
3.722445671  
3.635414959  
4.445759256  
5.776675136  
7.050723301  
7.66168781  
7.154643001  
5.362118383  
2.459406673  
-1.073202969  
-4.56719249  
-7.3276972  
-8.797891549  
-8.686723839  
-7.03337226  
-4.1987054  
-0.7902056002  
2.461130993  
4.846820719  
5.822858737  
5.122469419  
2.818657823  
-0.6777554405  
-4.689453444  
-8.405716843  
-11.05548921  
-12.08572439  
-11.30280775  
-8.937368705  
-5.60681253  
-2.174427131  
0.4669713218  
1.633714654  
1.046574717  
-1.076926138  
-4.067351583  
-6.98104957  
-8.865689501  
-9.038849977  
-7.296657777  
-3.9868904  
0.0798187603  
3.857738519  
6.365908718  
6.969458898  
5.556306057  
2.555584577  
-1.205727052  
-4.76001091  
-7.286117751  
-8.334333889  
-7.91944729  
-6.457650691  
-4.575903355  
-2.864990893  
-1.664888489  
-0.9576440422  
-0.403461549  
0.4959771679  
2.168696137  
4.763381058  
8.038844698  
11.39602405  
14.04613388  
15.26010407  
14.61480587  
12.15131229  
8.389478506  
4.191415452  
0.5171163264  
-1.848788896  
-2.511576894  
-1.555716947  
0.5148348272  
2.959434829  
5.041493671  
6.246166998  
6.406120401  
5.701338029  
4.543659455  
3.395289152  
2.590080224  
2.220769111  
2.128044739  
1.988740349  
1.464969839  
0.3558959235  
-1.304522439  
-3.238722571  
-5.00741605  
-6.151817129  
-6.345884829  
-5.506915313  
-3.829283275  
-1.733639723  
0.2481421632  
1.613028457  
2.008683841  
1.304532889  
-0.4005515908  
-2.82533631  
-5.584919407  
-8.27387698  
-10.53306802  
-12.0913816  
-12.78532502  
-12.56546606  
-11.49733445  
-9.757776483  
-7.620287548  
-5.42013416  
-3.494529708  
-2.104183368  
-1.355350949  
-1.149855736  
-1.188783693  
-1.042188818  
-0.2751978003  
1.40192466  
4.007026742  
7.229482653  
10.47299516  
12.9964318  
14.11783835  
13.42187313  
10.90461751  
7.005522662  
2.510142629  
-1.651463163  
-4.651297941  
-5.979761341  
-5.565663727  
-3.764906963  
-1.225692944  
1.322081435  
3.282528934  
4.34534409  
4.529161729  
4.112037911  
3.483746592  
2.979774323  
2.759261173  
2.768512683  
2.796611333  
2.593598473  
1.998637394  
1.023808359  
-0.1408283796  
-1.201926034  
-1.885013145  
-2.051911259  
-1.762695345  
-1.254066141  
-0.8406135457  
-0.7783253913  
-1.147221713  
-1.80456157  
-2.432950311  
-2.669206578  
-2.265025005  
-1.213793259  
0.2128443592  
1.542218123  
2.270463332  
2.064270779  
0.9158140971  
-0.8159623865  
-2.505268172  
-3.474960442  
-3.254590709  
-1.785148938  
0.5132427686  
2.849443397  
4.320910791  
4.241840644  
2.424649441  
-0.6924198812  
-4.131192108  
-6.660215628  
-7.197140708  
-5.195542208  
-0.8822830276  
4.744298282  
10.16796766  
13.78804459  
14.39818926  
11.55736994  
5.732698436  
-1.83242314  
-9.481555037  
-15.62125281  
-19.15638974  
-19.74847069  
-17.82364339  
-14.34344421  
-10.43069072  
-6.987665806  
-4.438973273  
-2.679917867  
-1.232618137  
0.4646538864  
2.756284038  
5.577828795  
8.450087091  
10.66046415  
11.5589225  
10.84937212  
8.75653149  
5.993946668  
3.534335337  
2.260573156  
2.62536097  
4.450404825  
6.949512986  
8.980232546  
9.444123215  
7.697481151  
3.824464789  
-1.33203766  
-6.40394106  
-9.925200924  
-10.81181386  
-8.731456808  
-4.234101327  
1.405052379  
6.581213419  
9.863425544  
10.43804402  
8.345258731  
4.432762159  
0.047231699  
-3.42720967  
-5.024708292  
-4.494498535  
-2.34405754  
0.376476416  
2.464637008  
2.989232924  
1.599511065  
-1.382317524  
-5.107168389  
-8.520540303  
-10.73616501  
-11.3250102  
-10.41889445  
-8.599753518  
-6.62593245  
-5.106432979  
-4.251251954  
-3.79505826  
-3.124540229  
-1.561632307  
1.305658948  
5.37359557  
9.95609422  
13.93811395  
16.10668354  
15.55156228  
11.99932566  
5.963848809  
-1.343973394  
-8.324702721  
-13.42247704  
-15.54642043  
-14.35238133  
-10.30358419  
-4.501375092  
1.650301809  
6.834928725  
10.14716894  
11.26042233  
10.40608135  
8.195947663  
5.366364776  
2.538794626  
0.07358683243  
-1.948985663  
-3.636426687  
-5.135293591  
-6.495325927  
-7.602669616  
-8.205016352  
-8.01221322  
-6.826193854  
-4.644740089  
-1.696953966  
1.602424925  
4.76006509  
7.329826603  
9.010268071  
9.681857416  
9.378977898  
8.219649139  
6.332341693  
3.817932731  
0.7661567695  
-2.681961212  
-6.259311158  
-9.53057363  
-11.91958116  
-12.8175401  
-11.74995351  
-8.551606822  
-3.487209339  
2.733931971  
9.070009983  
14.36560556  
17.62080937  
18.23467597  
16.1520829  
11.87119626  
6.310458777  
0.5755153435  
-4.305883076  
-7.607731174  
-9.032649084  
-8.719260622  
-7.14413422  
-4.960261148  
-2.824779483  
-1.261307006  
-0.5817325368  
-0.8685242809  
-2.000829217  
-3.701570956  
-5.588667268  
-7.225650263  
-8.177711959  
-8.081662908  
-6.730211379  
-4.155853676  
-0.6852971493  
3.069398454  
6.305985756  
8.211065889  
8.187591514  
6.067599555  
2.236544395  
-2.389518989  
-6.553554021  
-8.980750216  
-8.752379853  
-5.619168544  
-0.14852772  
6.358549998  
12.17825162  
15.62749057  
15.5512471  
11.68806303  
4.796356963  
-3.508489088  
-11.17040219  
-16.24794097  
-17.44904286  
-14.48827023  
-8.160846251  
-0.1120090506  
7.6287905  
13.20963616  
15.44822849  
14.11329817  
9.921507939  
4.263933106  
-1.242932589  
-5.238092019  
-6.983003219  
-6.511541999  
-4.532713823  
-2.134145416  
-0.3931763958  
-0.02417575945  
-1.170488667  
-3.396098805  
-5.864890336  
-7.636459351  
-7.975461112  
-6.574883278  
-3.628851785  
0.2560896867  
4.269474216  
7.648474923  
9.888703013  
10.85134545  
10.74344508  
9.992019335  
9.065611441  
8.308882766  
7.844631757  
7.568916684  
7.230224988  
6.555080752  
5.369644789  
3.672728444  
1.636769821  
-0.4588144816  
-2.333246844  
-3.807744451  
-4.868248915  
-5.665362563  
-6.452379643  
-7.484010704  
-8.911230756  
-10.70803475  
-12.65431092  
-14.38026571  
-15.45828938  
-15.51439397  
-14.32713866  
-11.8876416  
-8.407397054  
-4.276009338  
0.01609485859  
3.967952111  
7.149752974  
9.260480958  
10.15517607  
9.844262021  
8.472905905  
6.289847887  
3.613068446  
0.7957676916  
-1.807367088  
-3.875103948  
-5.156161739  
-5.504637004  
-4.908164619  
-3.500537284  
-1.551080609  
0.5731351081  
2.469865572  
3.779441637  
4.262174234  
3.857177097  
2.706302276  
1.133498189  
-0.4199984976  
-1.492862519  
-1.712075879  
-0.8864086758  
0.9394352248  
3.486028735  
6.298285943  
8.849592656  
10.66535097  
11.4337964  
11.07425222  
9.744108896  
7.782924413  
5.610493579  
3.609678215  
2.029742128  
0.9397236042  
0.2453552196  
-0.2379414906  
-0.6827998617  
-1.156221773  
-1.570716508  
-1.70218611  
-1.273392219  
-0.07759780954  
1.900203459  
4.410481448  
6.948411084  
8.853520444  
9.477685822  
8.374212764  
5.44910004  
1.023069571  
-4.222182844  
-9.404846556  
-13.66780399  
-16.40193442  
-17.4002729  
-16.89466503  
-15.4621923  
-13.82914192  
-12.63306311  
-12.21742238  
-12.52392462  
-13.11714941  
-13.33450579  
-12.51473482  
-10.23314671  
-6.469335913  
-1.654055258  
3.420659684  
7.802091759  
10.62894613  
11.36137082  
9.923752895  
6.722697947  
2.540143667  
-1.663041794  
-4.975145947  
-6.731574556  
-6.63524714  
-4.77851317  
-1.574797312  
2.369023629  
6.398445095  
9.937798203  
12.57358223  
14.08834883  
14.45342669  
13.79607681  
12.35595852  
10.43972767  
8.37566993  
6.466675159  
4.94159218  
3.910688325  
3.337213445  
3.039346848  
2.732205332  
2.108210854  
0.9393025852  
-0.8279619089  
-3.017623559  
-5.235791892  
-6.956048827  
-7.66247738  
-7.012078573  
-4.966699992  
-1.848561731  
1.706734452  
4.895476424  
6.953574951  
7.368580737  
6.032705952  
3.288185304  
-0.1530561144  
-3.396040439  
-5.603912965  
-6.224673902  
-5.138172727  
-2.681611028  
0.4522955425  
3.413065054  
5.427587395  
6.005113393  
5.05583247  
2.894068892  
0.1313835403  
-2.504271858  
-4.368908763  
-5.066518435  
-4.535415744  
-3.040421584  
-1.08135333  
0.7505643038  
1.926505732  
2.104494157  
1.19697628  
-0.6286165323  
-3.009335995  
-5.486405579  
-7.618944169  
-9.085527026  
-9.752275461  
-9.69409068  
-9.165022254  
-8.523451148  
-8.127182016  
-8.221272492  
-8.846199563  
-9.79334766  
-10.62737492  
-10.78064866  
-9.705572404  
-7.051137856  
-2.816387213  
2.56861223  
8.270948941  
13.20269076  
16.26478897  
16.63156765  
14.000495  
8.732461155  
1.83086481  
-5.250926402  
-10.93592625  
-13.9044127  
-13.42893143  
-9.569859281  
-3.17270263  
4.338356883  
11.31899603  
16.31997252  
18.44659668  
17.56514534  
14.30227308  
9.842102181  
5.582304203  
2.748438279  
2.074150519  
3.631934827  
6.852953127  
10.71916706  
14.06385261  
15.89051894  
15.62205361  
13.21874352  
9.145963106  
4.215918738  
-0.6402095032  
-4.60134037  
-7.127464122  
-8.038098692  
-7.494598536  
-5.909363971  
-3.819678555  
-1.764399598  
-0.1906455342  
0.5988794803  
0.4621004418  
-0.5903456236  
-2.414795159  
-4.759472599  
-7.295236344  
-9.656679028  
-11.49621744  
-12.54686508  
-12.68082149  
-11.94557972  
-10.56079492  
-8.868592848  
-7.244874647  
-5.994312539  
-5.260762868  
-4.983718302  
-4.918866294  
-4.720634185  
-4.063129329  
-2.76098063  
-0.8491290902  
1.407812465  
3.583467376  
5.21568217  
5.950776164  
5.658439648  
4.478016236  
2.778892618  
1.046332127  
-0.2705323742  
-0.8983904923  
-0.8204547379  
-0.2708870949  
0.3552952861  
0.6464510372  
0.3236463367  
-0.6558778332  
-2.076720444  
-3.532665376  
-4.560870874  
-4.797407201  
-4.101257928  
-2.604510874  
-0.6714451799  
1.219787785  
2.632854917  
3.313635644  
3.2678213  
2.749598287  
2.165562163  
1.926870863  
2.30032624  
3.309630699  
4.721327493  
6.121428854  
7.058128275  
7.203451372  
6.479581615  
5.106561909  
3.553017893  
2.402851117  
2.177808883  
3.170317825  
5.338077785  
8.293142523  
11.3894618  
13.88361273  
15.12238791  
14.70461063  
12.57396258  
9.021444072  
4.602550387  
-0.002331053948  
-4.142893677  
-7.328150972  
-9.301046801  
-10.04881849  
-9.758805411  
-8.742869919  
-7.357291556  
-5.939387109  
-4.770289129  
-4.060728383  
-3.948186701  
-4.492604658  
-5.663710392  
-7.322896299  
-9.21173842  
-10.96307979  
-12.1465659  
-12.34932656  
-11.27780429  
-8.854197423  
-5.275857155  
-1.011672683  
3.27477179  
6.863681295  
9.146715305  
9.778581372  
8.767763086  
6.476238965  
3.523500192  
0.6187159584  
-1.632272883  
-2.888970307  
-3.15876361  
-2.774584414  
-2.273996159  
-2.216605556  
-2.996393859  
-4.707581339  
-7.106283231  
-9.679990903  
-11.80256626  
-12.9250047  
-12.74060812  
-11.27147498  
-8.848936639  
-5.995348118  
-3.247195765  
-0.9790917766  
0.7119881216  
2.022705271  
3.353523164  
5.142617844  
7.679549646  
10.96261353  
14.65058843  
18.12934037  
20.67623873  
21.67295449  
20.80050436  
18.15493185  
14.24623371  
9.879175608  
5.950699757  
3.22331629  
2.139462844  
2.727274001  
4.618809126  
7.167631978  
9.624865108  
11.31980631  
11.79607451  
10.87383492  
8.635155835  
5.353384823  
1.400579133  
-2.833711946  
-6.991809349  
-10.76337453  
-13.88103625  
-16.11730022  
-17.29967442  
-17.34747936  
-16.31780021  
-14.43666632  
-12.09085658  
-9.766991782  
-7.94416827  
-6.967151352  
-6.940180589  
-7.680808465  
-8.757497836  
-9.608242518  
-9.709240932  
-8.742695207  
-6.709013274  
-3.943617725  
-1.027923341  
1.381416759  
2.753085428  
2.848044622  
1.798837002  
0.07473441608  
-1.657097806  
-2.730664075  
-2.677494533  
-1.359029006  
1.004514177  
3.913967258  
6.749883829  
8.956127522  
10.18920186  
10.38881311  
9.753891753  
8.640681377  
7.424133211  
6.37267634  
5.57729613  
4.953028727  
4.303697369  
3.418995202  
2.164475248  
0.5320600643  
-1.362783702  
-3.328584976  
-5.164603528  
-6.716054239  
-7.895404779  
-8.664917217  
-8.994669512  
-8.822613907  
-8.043028545  
-6.537082053  
-4.238799284  
-1.210630292  
2.306869892  
5.90160215  
9.064077344  
11.31419969  
12.34220288  
12.11427387  
10.90059376  
9.207552499  
7.629096552  
6.662498734  
6.549879278  
7.201300182  
8.229348814  
9.086685334  
9.260990653  
8.459319995  
6.715248211  
4.377712007  
1.9820152  
0.04654179058  
-1.13228689  
-1.610339385  
-1.798567188  
-2.329216162  
-3.825287038  
-6.649949508  
-10.72376837  
-15.47853147  
-19.97253639  
-23.13844082  
-24.08919517  
-22.38625039  
-18.18447891  
-12.20721771  
-5.558997529  
0.5650249206  
5.182723578  
7.750552266  
8.248487808  
7.110073579  
5.033389455  
2.744249144  
0.7919262819  
-0.5611853549  
-1.333327964  
-1.721382097  
-1.95624286  
-2.178666053  
-2.383806324  
-2.450025228  
-2.23065007  
-1.660948405  
-0.8269240716  
0.04028029091  
0.6478707955  
0.7710780338  
0.3743605261  
-0.3316282798  
-0.9308651794  
-0.936437164  
0.02426201868  
2.041187383  
4.83774471  
7.812735175  
10.205637  
11.33659601  
10.84132882  
8.817134712  
5.822374841  
2.720013162  
0.4098688967  
-0.4649033767  
0.2611980429  
2.205120365  
4.543980266  
6.273404053  
6.53476967  
4.905868707  
1.559790336  
-2.761435826  
-6.952240865  
-9.864288679  
-10.64252643  
-8.972883362  
-5.167826558  
-0.06859725083  
5.199401708  
9.537994481  
12.15821437  
12.75191709  
11.51193848  
9.009700282  
5.982188664  
3.102873018  
0.8077476627  
-0.778380601  
-1.807801208  
-2.595931229  
-3.476791702  
-4.679218388  
-6.259296125  
-8.099175817  
-9.958027691  
-11.5464496  
-12.5950009  
-12.89868016  
-12.33532513  
-10.8690115  
-8.553484711  
-5.54424581  
-2.115023455  
1.337850192  
4.323975205  
6.333529422  
6.953335886  
5.997929708  
3.613241022  
0.3083221171  
-3.113943747  
-5.726402867  
-6.711742158  
-5.597797331  
-2.421471953  
2.236766039  
7.37028719  
11.79191916  
14.44237324  
14.67310424  
12.41954897  
8.212257167  
3.022271556  
-2.011976578  
-5.892958946  
-8.014961166  
-8.285245622  
-7.086399876  
-5.102062459  
-3.070852816  
-1.552955115  
-0.7846764535  
-0.6622414103  
-0.849434435  
-0.9607206415  
-0.7470751387  
-0.2136689889  
0.3744190062  
0.6000729656  
0.07517670441  
-1.373026288  
-3.581237921  
-6.044003322  
-8.031939984  
-8.800906315  
-7.826619128  
-4.988818561  
-0.6436629514  
4.442420082  
9.281087693  
12.9186528  
14.68638835  
14.37254324  
12.26813904  
9.075932195  
5.710931838  
3.049965779  
1.699344577  
1.841517915  
3.197750467  
5.111845505  
6.729216688  
7.223633665  
6.015420923  
2.929932103  
-1.738792462  
-7.272152835  
-12.66872177  
-16.85366747  
-18.91260248  
-18.30141764  
-14.9871425  
-9.486802992  
-2.790056541  
3.825230457  
9.051626922  
11.8329241  
11.6054578  
8.442091973  
3.059223026  
-3.323042499  
-9.24232416  
-13.3202756  
-14.57779005  
-12.66244697  
-7.930864124  
-1.363670481  
5.667031336  
11.72033561  
15.61899475  
16.70967056  
14.98893768  
11.06881487  
5.997279096  
0.9852142432  
-2.887888974  
-4.916275659  
-4.903062062  
-3.163714941  
-0.407779874  
2.46254853  
4.582158085  
5.325061907  
4.435039217  
2.062204592  
-1.293917158  
-4.913999669  
-8.027428077  
-9.981389948  
-10.37561073  
-9.137303386  
-6.524127041  
-3.05749735  
0.5974898864  
3.778490145  
5.965666051  
6.882685649  
6.53512528  
5.177505753  
3.218670833  
1.092837337  
-0.8653155243  
-2.502794613  
-3.860828366  
-5.112716382  
-6.44729881  
-7.93919477  
-9.45547925  
-10.64013901  
-10.99378887  
-10.03313518  
-7.483441054  
-3.439092134  
1.570231852  
6.645477442  
10.71359753  
12.806014  
12.341384  
9.324965386  
4.395916399  
-1.30304657  
-6.40535004  
-9.673497578  
-10.32363725  
-8.226048083  
-3.922330885  
1.544052895  
6.929859406  
11.1327868  
13.46712227  
13.79478194  
12.48142026  
10.2052488  
7.692955386  
5.47724425  
3.757375048  
2.403353697  
1.090732362  
-0.4942691084  
-2.463600311  
-4.627132206  
-6.524385391  
-7.578652001  
-7.316791712  
-5.571962479  
-2.591097464  
0.9976258273  
4.351719734  
6.661503208  
7.393694154  
6.448461427  
4.177269248  
1.257898429  
-1.527203728  
-3.530637442  
-4.415720504  
-4.212199181  
-3.242051054  
-1.953525273  
-0.7339985693  
0.2232310999  
0.9477576631  
1.610124923  
2.369269488  
3.219892242  
3.912527861  
3.991521324  
2.948784093  
0.4421015163  
-3.504941418  
-8.40526974  
-13.365126  
-17.29367394  
-19.20680897  
-18.52777672  
-15.28179927  
-10.11331456  
-4.112724493  
1.495372413  
5.701880078  
7.985777288  
8.420270249  
7.580595591  
6.290574815  
5.301181609  
5.01736869  
5.370813556  
5.88232045  
5.887757875  
4.840832544  
2.576705051  
-0.5662301386  
-3.818001809  
-6.222502142  
-6.971935616  
-5.710042573  
-2.691618913  
1.265180565  
5.024273122  
7.494129659  
7.983137987  
6.423761855  
3.385892304  
-0.1267698842  
-3.027017342  
-4.518471312  
-4.362116344  
-2.940790753  
-1.098707205  
0.1868589622  
0.1843627183  
-1.299060621  
-3.817450791  
-6.418063952  
-7.96297021  
-7.529987812  
-4.753447071  
0.01508019514  
5.784485599  
11.21649659  
15.035195  
16.41625737  
15.22624855  
12.03485348  
7.901200945  
4.012408222  
1.300989511  
0.1714534297  
0.4248767776  
1.398422133  
2.260830626  
2.35113982  
1.435481426  
-0.2110305993  
-1.92519822  
-2.932976921  
-2.679435276  
-1.088048732  
1.349691074  
3.693741809  
4.849444317  
3.939158154  
0.6257442771  
-4.723725125  
-11.09348151  
-17.08103577  
-21.28512846  
-22.69864949  
-20.98507615  
-16.55592978  
-10.43117291  
-3.932644606  
1.689789608  
5.583881053  
7.478280748  
7.679141392  
6.89622175  
5.965917265  
5.565025955  
6.003918435  
7.155409269  
8.528637372  
9.451878212  
9.298628872  
7.685185554  
4.58458386  
0.3330701674  
-4.460312544  
-9.064356076  
-12.78878644  
-15.11712631  
-15.78313299  
-14.78524469  
-12.35054328  
-8.868838152  
-4.81748577  
-0.6913737325  
3.055468302  
6.056119012  
8.066014859  
8.98661985  
8.873916505  
7.926968738  
6.453921713  
4.818049418  
3.372812941  
2.39930855  
2.059840633  
2.377224558  
3.242055627  
4.442781127  
5.708611543  
6.754817438  
7.323435964  
7.217333607  
6.329170179  
4.666749999  
2.372420086  
-0.2713238853  
-2.861248683  
-4.927103185  
-6.020116739  
-5.823076135  
-4.255089793  
-1.536551335  
1.816288542  
5.081394722  
7.494242889  
8.446156813  
7.661381713  
5.29525562  
1.914352725  
-1.646086126  
-4.512253221  
-6.022255966  
-5.918088962  
-4.414618197  
-2.118768315  
0.1784260063  
1.769564181  
2.267451539  
1.726654737  
0.6033632694  
-0.4371877588  
-0.8008988457  
-0.2323776729  
1.031723982  
2.289935137  
2.588869866  
1.059946412  
-2.731008453  
-8.544967061  
-15.43553197  
-21.9485842  
-26.5066862  
-27.86375611  
-25.48598882  
-19.7330806  
-11.77505792  
-3.264763106  
4.133754748  
9.21225853  
11.53270163  
11.49076233  
10.11331045  
8.662650582  
8.183716067  
9.147426818  
11.30828217  
13.81937122  
15.5590505  
15.55139308  
13.33195039  
9.131575471  
3.816204555  
-1.393543287  
-5.322582478  
-7.220645518  
-6.989398018  
-5.181558785  
-2.777516756  
-0.8229830354  
-0.05852668215  
-0.6720051107  
-2.25851119  
-3.996756783  
-4.973134564  
-4.533050089  
-2.531453319  
0.6068336809  
4.036139268  
6.791198063  
8.129178507  
7.787731713  
6.066624109  
3.706018085  
1.608932081  
0.5116087167  
0.7230356364  
2.027778408  
3.78487232  
5.18284392  
5.553705582  
4.628065227  
2.636696907  
0.2221273471  
-1.804905598  
-2.771302313  
-2.39405545  
-0.8841711868  
1.136717283  
2.874898588  
3.667105609  
3.231165936  
1.767945281  
-0.1261540273  
-1.704677302  
-2.381804913  
-1.988305563  
-0.8708377407  
0.2103132791  
0.3544237572  
-1.132154624  
-4.442227987  
-9.140298791  
-14.25595979  
-18.57291312  
-21.01577938  
-20.99850012  
-18.60899423  
-14.56183306  
-9.934175258  
-5.779679846  
-2.761410797  
-0.9399835366  
0.202153384  
1.506097111  
3.744256987  
7.238323204  
11.63738653  
15.95253497  
18.85295612  
19.13127252  
16.17799811  
10.2917579  
2.700746083  
-4.733928049  
-10.05245285  
-11.80124114  
-9.509847593  
-3.876373587  
3.410103845  
10.16309437  
14.35598452  
14.73472256  
11.19020802  
4.772202522  
-2.656682966  
-9.011483402  
-12.62659425  
-12.74220495  
-9.684188505  
-4.690370626  
0.5463570311  
4.456589644  
6.098361659  
5.422345812  
3.220480236  
0.7899157997  
-0.5603877909  
0.01561741724  
2.607950279  
6.533498716  
10.59049955  
13.48633355  
14.28364232  
12.70882996  
9.220509986  
4.822903117  
0.6991486443  
-2.199729172  
-3.463503134  
-3.323483436  
-2.517130156  
-1.97361812  
-2.440083599  
-4.186664006  
-6.897005396  
-9.781793675  
-11.87165351  
-12.38136678  
-11.01266529  
-8.085748883  
-4.451617924  
-1.215453  
0.6319846423  
0.5462664292  
-1.390304323  
-4.500710639  
-7.743980479  
-10.06248206  
-10.72451167  
-9.545051043  
-6.912092895  
-3.615161773  
-0.5415657527  
1.64904687  
2.755758066  
3.091901635  
3.346698791  
4.303045756  
6.511889625  
10.03879352  
14.37379699  
18.54013252  
21.37025129  
21.86147888  
19.49721017  
14.43060501  
7.472290637  
-0.1141211035  
-6.945355579  
-11.87920449  
-14.29623601  
-14.22388284  
-12.27487114  
-9.42826926  
-6.725872171  
-4.976331067  
-4.550417663  
-5.317918513  
-6.731883277  
-8.023737381  
-8.445096011  
-7.485745485  
-5.011214481  
-1.291341862  
3.076726102  
7.320894182  
10.67678873  
12.55441255  
12.65281443  
11.00368827  
7.942878194  
4.023525622  
-0.1059732481  
-3.832466277  
-6.691507535  
-8.443046383  
-9.096045099  
-8.878061895  
-8.156492284  
-7.32866555  
-6.706375895  
-6.423963115  
-6.395822218  
-6.338361045  
-5.854944678  
-4.564125927  
-2.236718337  
1.098520082  
5.115162684  
9.233141611  
12.74062887  
14.96444743  
15.44348786  
14.05661019  
11.06790918  
7.075027742  
2.873809976  
-0.7238188202  
-3.069401229  
-3.808023472  
-2.928409829  
-0.7271329701  
2.293996715  
5.561164641  
8.551668677  
10.87507215  
12.29874702  
12.7249247  
