-5.880228779  
-4.166180358  
-1.939069508  
0.3132363699  
2.25990239  
3.79225229  
4.983170642  
5.970016706  
6.819652042  
7.439451117  
7.577496168  
6.91718985  
5.230861002  
2.529766729  
-0.8552351047  
-4.305068215  
-7.057825613  
-8.426424567  
-8.016734453  
-5.869536924  
-2.472731118  
1.366489556  
4.75152414  
6.954323241  
7.616878182  
6.830612081  
5.07009481  
3.007655074  
1.276063335  
0.2629973623  
0.007578224282  
0.2311033331  
0.4847803324  
0.3551052058  
-0.3526611653  
-1.522950586  
-2.765114661  
-3.562172815  
-3.476626095  
-2.334708686  
-0.317483313  
2.078879024  
4.202716685  
5.470381613  
5.572357922  
4.585399472  
2.947146362  
1.299512094  
0.2557951152  
0.1757790305  
1.032134241  
2.419745181  
3.708167245  
4.284602791  
3.799673601  
2.324319774  
0.3552708875  
-1.340590402  
-1.994628339  
-1.126608554  
1.246137901  
4.559082889  
7.836472508  
9.975946039  
10.09291942  
7.813028439  
3.415693796  
-2.220814718  
-7.857993508  
-12.24506094  
-14.46719132  
-14.1865089  
-11.70512626  
-7.838700669  
-3.650081175  
-0.1350356965  
2.037940653  
2.656360613  
1.933310188  
0.3464429379  
-1.581874396  
-3.476348408  
-5.202783277  
-6.836728614  
-8.530103675  
-10.33970097  
-12.09657742  
-13.37955258  
-13.61508262  
-12.27490236  
-9.101283726  
-4.272962424  
1.559630964  
7.398367768  
12.15328588  
14.95397441  
15.41557682  
13.76803547  
10.79881126  
7.619156331  
5.323010637  
4.644780503  
5.725596162  
8.064703274  
10.67443312  
12.39215159  
12.25233178  
9.802243724  
5.262707515  
-0.5160578527  
-6.289076099  
-10.76892531  
-12.98795611  
-12.56226615  
-9.782323005  
-5.509941396  
-0.9203441728  
2.827740795  
4.894360658  
4.948165826  
3.198471166  
0.274902671  
-2.995180142  
-5.835416356  
-7.719299897  
-8.466559077  
-8.222060937  
-7.340438991  
-6.226469963  
-5.188845662  
-4.353313844  
-3.655585577  
-2.905368826  
-1.889914561  
-0.4760112378  
1.325338581  
3.350346078  
5.327563527  
6.956420786  
7.990170269  
8.296473203  
7.87998291  
6.866022939  
5.457238053  
3.881606507  
2.348871202  
1.025305608  
0.02714451233  
-0.5744478707  
-0.7468234425  
-0.4950258987  
0.1320420715  
1.033597071  
2.055744386  
3.004572969  
3.675735273  
3.895348252  
3.56099702  
2.669605146  
1.322062268  
-0.2981781458  
-1.966571037  
-3.466265438  
-4.629381739  
-5.359214489  
-5.629437313  
-5.465089738  
-4.916526256  
-4.039121622  
-2.887524532  
-1.525625795  
-0.04492242147  
1.421167594  
2.699351479  
3.60115339  
3.966826355  
3.715515547  
2.883321067  
1.632269819  
0.2216090966  
-1.054443928  
-1.945660149  
-2.31685447  
-2.186858939  
-1.720277777  
-1.172034571  
-0.8008500132  
-0.7792418426  
-1.130274521  
-1.713616097  
-2.267745397  
-2.496640505  
-2.173895402  
-1.230573674  
0.202598051  
1.814055306  
3.18736064  
3.912453156  
3.699317846  
2.460870889  
0.341900793  
-2.312240977  
-5.035478211  
-7.344536645  
-8.836907271  
-9.25918598  
-8.533850405  
-6.746784602  
-4.109090632  
-0.9110538331  
2.51701818  
5.831094142  
8.690608482  
10.77669545  
11.8215286  
11.65216565  
10.24166797  
7.75056115  
4.537644278  
1.123544557  
-1.896806517  
-3.979323447  
-4.76422822  
-4.180101456  
-2.483991101  
-0.2181374539  
1.913007784  
3.217577938  
3.197433721  
1.685506458  
-1.100538955  
-4.60541863  
-8.072717805  
-10.73365165  
-11.99622751  
-11.58346172  
-9.585095686  
-6.412978779  
-2.678228055  
0.9706066416  
4.000618269  
6.097549295  
7.195818139  
7.436580281  
7.076444151  
6.381961297  
5.545211161  
4.644468963  
3.656047851  
2.505194955  
1.131892613  
-0.455071413  
-2.15523207  
-3.790776825  
-5.149842998  
-6.040673897  
-6.33640822  
-5.996013362  
-5.057775011  
-3.612998843  
-1.774775547  
0.3429981373  
2.627636167  
4.952349362  
7.154977555  
9.027024199  
10.32680835  
10.82138557  
10.34916313  
8.884115995  
6.577460825  
3.756631128  
0.8734350963  
-1.590050934  
-3.234007207  
-3.839375117  
-3.421853382  
-2.223149149  
-0.6402629278  
0.8867276916  
1.994395092  
2.486520349  
2.368137013  
1.81426342  
1.086138842  
0.4251840244  
-0.0379121737  
-0.3271333384  
-0.6028298373  
-1.087927231  
-1.965291174  
-3.283841875  
-4.908908399  
-6.53777175  
-7.779122249  
-8.272615699  
-7.809785371  
-6.415337312  
-4.359613065  
-2.094734668  
2.153487649  
6.478801142  
9.499570123  
10.7056387  
10.01138115  
7.787448391  
4.779840465  
1.928797163  
0.1272929904  
-0.02143084895  
1.617818326  
4.651448788  
8.23942111  
11.30805297  
12.84263187  
12.18219296  
9.232312123  
4.529535379  
-0.8701219052  
-5.656349477  
-8.614836107  
-8.965513955  
-6.590965804  
-2.085657003  
3.392467334  
8.428736718  
11.73007332  
12.46622403  
10.47618593  
6.283003216  
0.9183448548  
-4.384588671  
-8.533206329  
-10.84929473  
-11.1970394  
-9.937936644  
-7.742143439  
-5.330659737  
-3.240798736  
-1.69324664  
-0.5983273048  
0.313190872  
1.294761476  
2.406544975  
3.429671476  
3.910458638  
3.322644079  
1.289347681  
-2.218898591  
-6.788986491  
-11.61795128  
-15.70730955  
-18.14200552  
-18.3647265  
-16.35428332  
-12.6459656  
-8.182702849  
-4.041195845  
-1.118209874  
0.1248170972  
-0.2200478258  
-1.560453009  
-3.007599122  
-3.663087736  
-2.897483187  
-0.5356947986  
3.102636733  
7.311780672  
11.21557967  
14.01840003  
15.21477711  
14.70065092  
12.76442309  
9.97432407  
7.006958881  
4.472582421  
2.784375901  
2.097650038  
2.319582723  
3.170283922  
4.267433709  
5.209739  
5.645000191  
5.31984761  
4.114673781  
2.066686535  
-0.6217906215  
-3.598584838  
-6.410046207  
-8.584865368  
-9.741740806  
-9.69445298  
-8.519467046  
-6.555049526  
-4.318946297  
-2.358880189  
-1.077659852  
-0.5908888497  
-0.6722466664  
-0.8168926292  
-0.4143214215  
1.019196638  
3.626347992  
7.092947928  
10.68428692  
13.43841535  
14.46555041  
13.25982062  
9.916144269  
5.168167532  
0.2177456055  
-3.604574773  
-5.248136777  
-4.289858487  
-1.103245053  
3.216337639  
7.157991325  
9.244746878  
8.488012921  
4.703336563  
-1.414364401  
-8.48204381  
-14.82694701  
-18.96691024  
-20.02233567  
-17.93437048  
-13.42915903  
-7.75176401  
-2.266799618  
1.938627041  
4.322664128  
4.95138218  
4.355462341  
3.251269969  
2.239519056  
1.594621849  
1.216446837  
0.7501228549  
-0.1862101552  
-1.766379668  
-3.815301729  
-5.824625944  
-7.123918038  
-7.142961547  
-5.661822244  
-2.946151928  
0.2938958555  
3.11674503  
4.663549583  
4.461022911  
2.60021044  
-0.2792995607  
-3.20032715  
-5.182721334  
-5.582677546  
-4.313349932  
-1.864447784  
0.8888662029  
3.019641611  
3.902960443  
3.457411822  
2.180619668  
0.9599502628  
0.7233495317  
2.057364124  
4.936232911  
8.670094872  
12.10322404  
14.00202545  
13.50002358  
10.44033731  
5.486279113  
-0.05136766596  
-4.622664874  
-6.949210611  
-6.46291105  
-3.517784424  
0.7060319673  
4.582506941  
6.58175892  
5.793065217  
2.250677056  
-3.051785644  
-8.468572917  
-12.23238893  
-13.03391347  
-10.45852169  
-5.135653896  
1.447856254  
7.407604817  
11.04220293  
11.34490979  
8.283255166  
2.764273172  
-3.691019609  
-9.445151742  
-13.24296391  
-14.54841822  
-13.61867781  
-11.30916177  
-8.695516429  
-6.657193533  
-5.572576551  
-5.228195475  
-4.96243938  
-3.978141277  
-1.699172691  
1.965852432  
6.551384352  
11.1793151  
14.86389632  
16.86182891  
16.93627417  
15.43587044  
13.15854846  
11.04933012  
9.842645446  
9.780921053  
10.51438366  
11.22239711  
10.91697939  
8.823177896  
4.702017917  
-1.000060195  
-7.232363843  
-12.62993921  
-15.9193316  
-16.30775191  
-13.72934075  
-8.870603002  
-2.970610459  
2.535314874  
6.411706093  
7.93461536  
7.028591697  
4.200817067  
0.3122148731  
-3.724501921  
-7.213590539  
-9.827011587  
-11.6014459  
-12.80405291  
-13.73493638  
-14.55160489  
-15.18502073  
-15.37547209  
-14.80643011  
-13.27477811  
-10.82158673  
-7.76382498  
-4.607546007  
-1.871553177  
0.1112697284  
1.33482713  
2.140638139  
3.099223688  
4.785170879  
7.522020973  
11.19059413  
15.17859054  
18.50481305  
20.09247387  
19.11277031  
15.29058005  
9.069749061  
1.574806709  
-5.632621574  
-10.94071295  
-13.10980264  
-11.60910549  
-6.770345818  
0.2863327552  
7.932824313  
14.44029006  
18.39977735  
19.04333482  
16.38549133  
11.15932586  
4.579439467  
-1.990791069  
-7.370950894  
-10.80746823  
-12.07661423  
-11.43900307  
-9.480549742  
-6.90191471  
-4.323872833  
-2.160337845  
-0.5817182286  
0.4406301937  
1.042236059  
1.368532153  
1.509723688  
1.485979065  
1.279225271  
0.8895465179  
0.3860344142  
-0.07396733382  
-0.2696422192  
0.02017893358  
0.9365692209  
2.471432654  
4.435810639  
6.479873606  
8.162460171  
9.052334142  
8.833497822  
7.385769765  
4.819343425  
1.455308747  
-2.241065365  
-5.75584524  
-8.626622975  
-10.52457019  
-11.30266455  
-11.00413179  
-9.834678506  
-8.10880588  
-6.183239642  
-4.390053443  
-2.979526258  
-2.079975604  
-1.679639785  
-1.633955245  
-1.699724221  
-1.594110038  
-1.071170863  
-0.002043604309  
1.560642569  
3.355404174  
4.938607091  
5.770919395  
5.352716378  
3.380041718  
-0.1202542153  
-4.720305187  
-9.619524338  
-13.78175495  
-16.16096912  
-15.96550745  
-12.89183981  
-7.258029502  
0.01261046041  
7.569545464  
13.94096497  
17.89365779  
18.75093827  
16.57731655  
12.17102637  
6.857488633  
2.134232741  
-0.7367298365  
-1.074009424  
1.040918486  
4.79928059  
8.909926659  
11.98244256  
12.93509262  
11.30575829  
7.373083801  
2.053102284  
-3.394052409  
-7.753848454  
-10.22029722  
-10.61841038  
-9.418099101  
-7.539048859  
-6.013770587  
-5.621840378  
-6.617186582  
-8.639102515  
-10.83661322  
-12.16474187  
-11.75372558  
-9.227304671  
-4.862321446  
0.4662114924  
5.539582801  
9.168354349  
10.56306272  
9.581993903  
6.775036539  
3.208946021  
0.1302327025  
-1.425854953  
-0.9552273528  
1.367041481  
4.754832033  
8.069420106  
10.18225197  
10.32488291  
8.316433798  
4.601570356  
0.09468566098  
-4.112170473  
-7.079487427  
-8.283337892  
-7.733273024  
-5.918115609  
-3.60944559  
-1.59618181  
-0.4401883366  
-0.3288112486  
-1.062105225  
-2.165025777  
-3.074567866  
-3.332040189  
-2.71656566  
-1.283098914  
0.6943530094  
2.840505712  
4.806408379  
6.359130701  
7.406939654  
7.962712388  
8.073697374  
7.75744663  
6.977611035  
5.672654014  
3.824501693  
1.533504452  
-0.940119836  
-3.197265199  
-4.788015562  
-5.34345686  
-4.706965639  
-3.015995787  
-0.6989016072  
1.620615034  
3.286789465  
3.793332519  
2.925766417  
0.8189487696  
-2.088038495  
-5.18353795  
-7.857447959  
-9.661417944  
-10.40617816  
-10.1709827  
-9.231583916  
-7.940390291  
-6.605896753  
-5.413704248  
-4.41131362  
-3.55159408  
-2.76664369  
-2.033412318  
-1.399036735  
-0.9540735093  
-0.7673768332  
-0.8160699503  
-0.9495751571  
-0.9146207604  
-0.4428343353  
0.6264510659  
2.236218847  
4.065557606  
5.580478021  
6.181436207  
5.409449574  
3.144593006  
-0.2760531826  
-4.074831852  
-7.197816079  
-8.591367985  
-7.514118685  
-3.788899072  
2.089093061  
9.031701585  
15.6122778  
20.42794786  
22.4669039  
21.37379716  
17.5351591  
11.96029849  
5.994027218  
0.9469956122  
-2.247897489  
-3.255589132  
-2.378101119  
-0.4116711278  
1.625545916  
2.807322421  
2.560338561  
0.8005300316  
-2.084216176  
-5.385588988  
-8.302983163  
-10.17340999  
-10.63603339  
-9.691746937  
-7.655009708  
-5.028257008  
-2.348492044  
-0.05615405955  
1.579334835  
2.467935764  
2.655751656  
2.259596611  
1.41037503  
0.225640508  
-1.185298618  
-2.696595318  
-4.142970525  
-5.318606938  
-6.006876953  
-6.034871048  
-5.333752445  
-3.980468158  
-2.200749656  
-0.3259633655  
1.287372285  
2.352667846  
2.733773222  
2.485101323  
1.837613803  
1.133486338  
0.7279532747  
0.8865597411  
1.706989516  
3.086947082  
4.746072571  
6.294819027  
7.331198827  
7.54010975  
6.77083983  
5.075100829  
2.698175825  
0.02671006159  
-2.494292196  
-4.456896172  
-5.577938932  
-5.760720922  
-5.117517049  
-3.947222148  
-2.671345029  
-1.740528554  
-1.531010691  
-2.254297385  
-3.901875854  
-6.239953736  
-8.857538077  
-11.25757681  
-12.96889687  
-13.65032104  
-13.1597551  
-11.57091351  
-9.135543932  
-6.205342413  
-3.139543331  
-0.2273556763  
2.352242866  
4.525496511  
6.282886696  
7.625033844  
8.522854921  
8.912825942  
8.732559839  
7.983112489  
6.789590017  
5.427652371  
4.292635934  
3.808455892  
4.29791615  
5.855724358  
8.271760122  
11.04131089  
13.47280038  
14.87035118  
14.73952019  
12.95071174  
9.802660185  
5.956882811  
2.255069473  
-0.5285943007  
-1.92302055  
-1.906082865  
-0.9089094064  
0.328472507  
1.007784557  
0.5497257048  
-1.194065841  
-3.867730485  
-6.70621524  
-8.772960408  
-9.266125277  
-7.794305956  
-4.530094921  
-0.1880718686  
4.169508492  
7.439563393  
8.800420382  
7.946902843  
5.164084626  
1.21859826  
-2.893901486  
-6.260025035  
-8.316013208  
-8.985586332  
-8.648198053  
-7.956013229  
-7.56887975  
-7.902869521  
-8.980800279  
-10.43533847  
-11.66030243  
-12.05301002  
-11.25820694  
-9.323678848  
-6.708984843  
-4.140898696  
-2.36386103  
-1.871856872  
-2.716395556  
-4.460556424  
-6.299939877  
-7.314397976  
-6.769320784  
-4.36719857  
-0.3654317758  
4.480254139  
9.13050479  
12.56738706  
14.09298271  
13.52745571  
11.24565689  
8.043682284  
4.88087629  
2.581203925  
1.588623394  
1.851530623  
2.868636008  
3.877049728  
4.119672097  
3.106298051  
0.7876081597  
-2.409546825  
-5.69352823  
-8.12989503  
-8.906860409  
-7.567276589  
-4.143161142  
0.8410117022  
6.492430667  
11.76396822  
15.69955108  
17.64845784  
17.39837298  
15.20061642  
11.6884487  
7.713798363  
4.143949439  
1.665228917  
0.6359984062  
1.018420969  
2.400904044  
4.104241592  
5.347529746  
5.437685044  
3.940955874  
0.7976843856  
-3.647213967  
-8.707609189  
-13.50146111  
-17.14607274  
-18.95783497  
-18.60820395  
-16.19729122  
-12.22664776  
-7.478681789  
-2.834440827  
0.9227845275  
3.268143826  
4.022022024  
3.347052683  
1.665162481  
-0.4741289247  
-2.532709647  
-4.091994199  
-4.907060196  
-4.904471516  
-4.140294698  
-2.745178234  
-0.8819130814  
1.270719753  
3.510485551  
5.597332199  
7.254172327  
8.19898613  
8.209284273  
7.201948298  
5.298086632  
2.840811476  
0.3454107864  
-1.616220743  
-2.569839886  
-2.286178232  
-0.8715526467  
1.234446629  
3.362688589  
4.794878134  
4.968598482  
3.643892265  
0.9779239037  
-2.517469085  
-6.122882567  
-9.116336181  
-10.97032659  
-11.47843004  
-10.77351231  
-9.23739006  
-7.339131844  
-5.463202024  
-3.790406535  
-2.273530645  
-0.7132434693  
1.098616257  
3.227522093  
5.499941816  
7.505970221  
8.707803118  
8.620321772  
7.000625855  
3.976324306  
0.06101922603  
-3.95642495  
-7.21796475  
-9.032451976  
-9.064273112  
-7.412304652  
-4.554183668  
-1.17717839  
2.044278963  
4.64707068  
6.48698954  
7.722889908  
8.690467022  
9.718857985  
10.96324507  
12.31883009  
13.44921258  
13.917239  
13.3660729  
11.67780117  
9.044674272  
5.92145886  
2.873918686  
0.3804626432  
-1.335075778  
-2.370859191  
-3.082886739  
-3.909052361  
-5.147939045  
-6.782095053  
-8.4249866  
-9.427975973  
-9.123061481  
-7.120486376  
-3.549646966  
0.8594375502  
4.908469579  
7.258249419  
6.859130294  
3.345697362  
-2.744832286  
-10.02367704  
-16.58095326  
-20.51261894  
-20.48995107  
-16.19351375  
-8.467100454  
0.8704459055  
9.511399134  
15.303525  
16.85950896  
13.94539439  
7.528904056  
-0.5260923028  
-8.022287771  
-13.07262275  
-14.6258808  
-12.71604102  
-8.368296958  
-3.20550071  
1.106821243  
3.391623429  
3.297047499  
1.338422629  
-1.353357643  
-3.477910272  
-4.044887541  
-2.720240996  
0.07652253021  
3.350501735  
5.9151161  
6.841250717  
5.810913881  
3.249738085  
0.1908570718  
-2.083437292  
-2.49857344  
-0.5851160797  
3.321454844  
8.150026756  
12.41299803  
14.67219929  
13.99979728  
10.28412511  
4.281764359  
-2.599788729  
-8.717920568  
-12.67608487  
-13.71962451  
-11.92640264  
-8.140741532  
-3.681042979  
0.07935447639  
2.124159922  
2.074282939  
0.2594577025  
-2.426592995  
-4.82857278  
-5.88728476  
-4.941964624  
-1.89349087  
2.805045471  
8.308365751  
13.62505925  
17.8677979  
20.43664727  
21.09600642  
19.94544153  
17.31758075  
13.65235218  
9.392934502  
4.929174616  
0.5888318311  
-3.343713208  
-6.609790459  
-8.982121434  
-10.29975206  
-10.51936437  
-9.757769391  
-8.299759474  
-6.557088591  
-4.983392766  
-3.968389099  
-3.744998037  
-4.340643654  
-5.589305641  
-7.199458354  
-8.852816512  
-10.297948  
-11.40513669  
-12.16432359  
-12.63022331  
-12.83987293  
-12.73957797  
-12.1559359  
-10.82962216  
-8.506811148  
-5.059744016  
-0.593772429  
4.501277017  
9.582183482  
13.86705521  
16.60772175  
17.27402157  
15.69817315  
12.13748041  
7.235989146  
1.893749468  
-2.922897488  
-6.382185476  
-7.950565674  
-7.483245916  
-5.226613791  
-1.739932495  
2.238419259  
5.945807182  
8.737460814  
10.19010266  
10.1534439  
8.747897973  
6.316457003  
3.344187263  
0.3614258373  
-2.153142726  
-3.854289978  
-4.583866035  
-4.38683274  
-3.486150931  
-2.220863159  
-0.9602601116  
-0.01409340555  
0.4385736208  
0.382776605  
-0.04605443261  
-0.6186020472  
-1.093254333  
-1.296401973  
-1.174904797  
-0.803086047  
-0.3421868937  
0.03266623345  
0.2104958502  
0.197163661  
0.1206657702  
0.18416763  
0.5819776405  
1.409173644  
2.600620665  
3.926547402  
5.052575752  
5.64803329  
5.506742628  
4.63651601  
3.281430792  
1.862502422  
0.8507711664  
0.6121581514  
1.276098139  
2.674894274  
4.378711834  
5.81906556  
6.462822315  
5.979895528  
4.348288642  
1.860375549  
-0.9723225328  
-3.583474246  
-5.528837092  
-6.614486342  
-6.93248604  
-6.793229792  
-6.581242327  
-6.589478852  
-6.895611064  
-7.328878978  
-7.542736076  
-7.16839584  
-5.992288848  
-4.088348368  
-1.849346949  
0.1038495421  
1.111920327  
0.704420127  
-1.214183265  
-4.288904608  
-7.783109211  
-10.77725256  
-12.43722052  
-12.26588761  
-10.25440161  
-6.881713748  
-2.961224282  
0.6148931307  
3.148307273  
4.333071491  
4.315094335  
3.59624622  
2.82134759  
2.527335276  
2.946661525  
3.936626745  
5.059814927  
5.784570698  
5.728635982  
4.850831276  
3.512124251  
2.373754078  
2.160303261  
3.368276866  
6.026563501  
9.603515911  
13.10891216  
15.37270254  
15.41856501  
12.81166982  
7.860808823  
1.596936966  
-4.479813244  
-8.816704048  
-10.26452973  
-8.431802251  
-3.823582729  
2.283186978  
8.19430772  
12.277434  
13.42139975  
11.33824838  
6.620307055  
0.5413191617  
-5.330796667  
-9.586621995  
-11.35530387  
-10.50272728  
-7.600298404  
-3.690790188  
0.06100502827  
2.71523275  
3.794023515  
3.345513588  
1.833742651  
-0.08874660619  
-1.834342406  
-3.068114627  
-3.769822739  
-4.161210243  
-4.540766727  
-5.101230733  
-5.808436495  
-6.393609368  
-6.465003853  
-5.696386383  
-4.017119146  
-1.723784908  
0.541441795  
1.953798117  
1.766491833  
-0.4137501829  
-4.430281305  
-9.533283107  
-14.51755696  
-18.01225227  
-18.84399471  
-16.369219  
-10.67795241  
-2.607858827  
6.437592001  
14.81674051  
21.03277089  
24.06917494  
23.59238904  
19.97762096  
14.16491223  
7.397686668  
0.9223860288  
-4.270834088  
-7.607745775  
-8.966802029  
-8.606693701  
-7.025599272  
-4.803480036  
-2.471817541  
-0.4359779179  
1.047575331  
1.855268205  
1.965543143  
1.433511725  
0.3802387985  
-1.007555429  
-2.480355906  
-3.745108405  
-4.507348353  
-4.530811448  
-3.69813184  
-2.051284113  
0.2058708115  
2.748952878  
5.209242317  
7.262330625  
8.701296613  
9.470704686  
9.650784787  
9.398775373  
8.869887609  
8.148155187  
7.21424894  
5.964041296  
4.272649706  
2.080777891  
-0.5301109867  
-3.305715817  
-5.848629518  
-7.707532717  
-8.501972661  
-8.044193769  
-6.417012961  
-3.978287531  
-1.284402869  
1.049079063  
2.510444121  
2.830071015  
2.051249656  
0.5105231274  
-1.268129878  
-2.73427771  
-3.478607771  
-3.355911376  
-2.525419317  
-1.395642594  
-0.4902440169  
-0.2760105968  
-1.00599041  
-2.626625666  
-4.778456755  
-6.891517863  
-8.347671139  
-8.661595967  
-7.626206555  
-5.378688292  
-2.367013905  
0.7735976477  
3.397983109  
5.02995782  
5.490354835  
4.936941104  
3.805054306  
2.667205747  
2.053515482  
2.286220855  
3.377100824  
5.018077238  
6.667999892  
7.710649206  
7.638489169  
6.209332998  
3.531003392  
0.04962228401  
-3.555574029  
-6.541792923  
-8.289959116  
-8.45879168  
-7.064758481  
-4.468246736  
-1.272516779  
1.834304849  
4.24927662  
5.590243675  
5.762032607  
4.939384796  
3.477213769  
1.779394553  
0.1683065024  
-1.204412371  
-2.379187187  
-3.536949062  
-4.892885183  
-6.571504151  
-8.506000493  
-10.3988726  
-11.76310471  
-12.03890704  
-10.75706686  
-7.703260112  
-3.033724929  
2.697041695  
8.613625159  
13.69061999  
16.97882601  
17.83087705  
16.0673722  
12.03766372  
6.555416849  
0.7212395505  
-4.325462646  
-7.664112323  
-8.795676953  
-7.740099159  
-5.00563092  
-1.440735997  
1.990296824  
4.448030996  
5.412468424  
4.783769533  
2.868488164  
0.2625419497  
-2.330480032  
-4.291733898  
-5.236940339  
-5.086128044  
-4.041444668  
-2.488690892  
-0.8592883489  
0.5019224732  
1.423519214  
1.926889698  
2.179425021  
2.403922307  
2.779212588  
3.367207769  
4.090151572  
4.763023697  
5.166531897  
5.132572588  
4.6107591  
3.692348198  
2.583668997  
1.539132757  
0.7778323748  
0.4129604361  
0.4180554666  
0.6406801386  
0.8574450542  
0.8501628673  
0.476455864  
-0.2887960674  
-1.353459082  
-2.546634901  
-3.679133692  
-4.602537546  
-5.24539748  
-5.615162645  
-5.768400769  
-5.764554158  
-5.624878292  
-5.315938396  
-4.766751339  
-3.914492869  
-2.760757881  
-1.414069015  
-0.0972949028  
0.8898997394  
1.247087038  
0.7660352859  
-0.5893769806  
-2.644596406  
-5.03371272  
-7.275248676  
-8.884766659  
-9.492333544  
-8.930898364  
-7.270454075  
-4.789865515  
-1.897283555  
0.974898218  
3.468614981  
5.364900638  
6.600706123  
7.24028224  
7.418013639  
7.276622189  
6.922682969  
6.411620796  
5.761314612  
4.982175244  
4.106355049  
3.201404266  
2.362328386  
1.686755954  
1.246113014  
1.067376934  
1.134853609  
1.411168762  
1.866501636  
2.499150439  
3.332764088  
4.385231744  
5.618288989  
6.889341416  
7.932006461  
8.386069569  
7.881473651  
6.159549194  
3.195711203  
-0.7209479765  
-4.989224489  
-8.795257599  
-11.29575953  
-11.8408037  
-10.17282913  
-6.538458687  
-1.670330918  
3.367297  
7.434165427  
9.602657289  
9.397769501  
6.91800707  
2.800316563  
-1.961692222  
-6.293274433  
-9.326674226  
-10.61781887  
-10.23060154  
-8.669544214  
-6.688487731  
-5.040030445  
-4.245844501  
-4.45742034  
-5.444365352  
-6.704481376  
-7.650835454  
-7.808942934  
-6.958399235  
-5.176646557  
-2.779015792  
-0.1854778095  
2.231679954  
4.261967687  
5.892943317  
7.260385784  
8.537547011  
9.8115592  
10.9996502  
11.84203405  
11.97886525  
11.08568301  
9.018168809  
5.910891881  
2.189028116  
-1.518503785  
-4.541487066  
-6.356153563  
-6.737535535  
-5.825851055  
-4.083848041  
-2.157274322  
-0.6819303293  
-0.09751306637  
-0.5253993853  
-1.746094596  
-3.279872035  
-4.541978049  
-5.022218148  
-4.434083239  
-2.791435274  
-0.3956890171  
2.255478962  
4.604862871  
6.175446374  
6.675422817  
6.046284378  
4.451562208  
2.22037001  
-0.231416903  
-2.480423061  
-4.161189316  
-5.013352866  
-4.912978708  
-3.891844773  
-2.144436403  
-0.01670348455  
2.032537872  
3.503541635  
3.957029052  
3.127479215  
1.018819407  
-2.050873845  
-5.481323166  
-8.504933705  
-10.36517001  
-10.51524654  
-8.780879712  
-5.435043468  
-1.154256419  
3.140130882  
6.516407754  
8.277727194  
8.146355384  
6.331229458  
3.457396839  
0.3781867319  
-2.072459477  
-3.311378015  
-3.150831658  
-1.814467672  
0.1752226693  
2.195881344  
3.74117381  
4.580018049  
4.8066713  
4.76781194  
4.896044393  
5.512096875  
6.66910088  
8.097843709  
9.27647254  
9.604129997  
8.620371856  
6.194176545  
2.614269217  
-1.455874689  
-5.150208713  
-7.64832382  
-8.421829365  
-7.399733657  
-4.998350299  
-2.003919684  
0.6570707262  
2.189444735  
2.159331032  
0.6128939076  
-1.950499486  
-4.73939744  
-6.91343118  
-7.832807143  
-7.23916208  
-5.316757166  
-2.621589517  
0.09355256828  
2.100421995  
2.89530267  
2.321239415  
0.5838286888  
-1.833866324  
-4.322283977  
-6.311413985  
-7.402833033  
-7.435365095  
-6.477086977  
-4.76034719  
-2.591790276  
-0.2715259422  
1.954441511  
3.901832331  
5.426626382  
6.396453201  
6.677729111  
6.152201963  
4.761535777  
2.563570572  
-0.2248988363  
-3.223136131  
-5.932715628  
-7.831590674  
-8.494958758  
-7.710106581  
-5.550515777  
-2.383617885  
1.195719806  
4.492923991  
6.871625129  
7.901171971  
7.454966259  
5.733569269  
3.2065056  
0.4884536938  
-1.817126291  
-3.265552228  
-3.671165283  
-3.134933789  
-1.993965426  
-0.7085241491  
0.2810140612  
0.686981474  
0.4596325365  
-0.1994403839  
-0.9000127809  
-1.184961256  
-0.6769460778  
0.7922127443  
3.108042803  
5.879958724  
8.529957151  
10.44213296  
11.13309482  
10.39543002  
8.371657008  
5.534063401  
2.571624858  
0.2119972809  
-0.9736337559  
-0.7282955825  
0.816104631  
3.170267086  
5.618118491  
7.410630393  
7.96794917  
7.031857894  
4.724912193  
1.500096551  
-2.002238549  
-5.14556508  
-7.477362284  
-8.843082625  
-9.399791405  
-9.527300797  
-9.667461291  
-10.14547719  
-11.03327022  
-12.10176977  
-12.88064123  
-12.80908591  
-11.4313081  
-8.574428046  
-4.450410471  
0.3541092255  
5.002204547  
8.612345612  
10.48713557  
10.2992938  
8.181265077  
4.693005075  
0.6777663717  
-2.952606673  
-5.442700909  
-6.368104493  
-5.71553606  
-3.853058527  
-1.405907759  
0.9221638419  
2.530840235  
3.061433464  
2.460871302  
0.9641377984  
-0.9901795842  
-2.881636314  
-4.232902657  
-4.709209393  
-4.175249451  
-2.705845647  
-0.5573671265  
1.887660861  
4.189797193  
5.925445639  
6.755811963  
6.486134825  
5.108479454  
2.81994655  
0.00790122639  
-2.802723649  
-5.037703825  
-6.184896244  
-5.906753923  
-4.126917282  
-1.065972539  
2.788118361  
6.773173499  
10.19008438  
12.45127821  
13.20280758  
12.38884861  
10.24327388  
7.213547507  
3.841253163  
0.6347023617  
-2.030869513  
-3.961162076  
-5.132603138  
-5.637039922  
-5.607687411  
-5.156103124  
-4.34243165  
-3.186131659  
-1.707368597  
0.02308110649  
1.850800618  
3.539953955  
4.814611851  
5.426860341  
5.227626477  
4.213903702  
2.533906645  
0.4472701031  
-1.745639946  
-3.779339564  
-5.475911294  
-6.756166323  
-7.607792693  
-8.027404856  
-7.96565208  
-7.305358975  
-5.890534075  
-3.603204143  
-0.4627184251  
3.292504901  
7.181258141  
10.53869992  
12.65571891  
12.96548492  
11.22191844  
7.609870081  
2.742451686  
-2.466191172  
-7.024357219  
-10.12047674  
-11.33746341  
-10.75559939  
-8.908415479  
-6.60218417  
-4.654189236  
-3.633045733  
-3.685502351  
-4.507124084  
-5.46708526  
-5.845529085  
-5.102919536  
-3.088485839  
-0.1141093904  
3.134792242  
5.823608913  
7.252279113  
7.099632441  
5.540594873  
3.190694915  
0.8920850483  
-0.5878999087  
-0.8405288249  
0.02153383602  
1.38745599  
2.359430049  
2.086916234  
0.1114715479  
-3.400967236  
-7.631987369  
-11.31331154  
-13.10882173  
-12.05987706  
-7.948640187  
-1.452164651  
5.978766465  
12.49594127  
16.38138915  
16.56896348  
12.99698095  
6.675457463  
-0.5640065854  
-6.570754316  
-9.486238701  
-8.284445782  
-3.081017373  
4.881334449  
13.56755101  
20.70695358  
24.41004556  
23.66897246  
18.60365645  
10.39368385  
0.9287409663  
-7.710763145  
-13.78936539  
-16.32071903  
-15.2410215  
-11.32630632  
-5.90303143  
-0.4545405605  
3.756918288  
5.953088351  
5.935376244  
4.017540714  
0.8461420292  
-2.817447334  
-6.284132441  
-9.04998691  
-10.82701324  
-11.51386488  
-11.14350463  
-9.84090548  
-7.806223149  
-5.317005193  
-2.727764611  
-0.4434246193  
1.144446223  
1.749063432  
1.278833545  
-0.1102198056  
-2.029308413  
-3.946409485  
-5.329619489  
-5.800109984  
-5.242039374  
-3.827933955  
-1.946149055  
-0.05236721256  
1.503464428  
2.611198475  
3.443078265  
4.383591629  
5.866434517  
8.174311585  
11.27472187  
14.75635845  
17.89819223  
19.85761539  
19.92107018  
17.73584247  
13.44473948  
7.675680817  
1.385959347  
-4.390633954  
-8.813263971  
-11.43484916  
-12.27347694  
-11.73894843  
-10.44844951  
-9.00169066  
-7.796128205  
-6.943754685  
-6.31000162  
-5.647942958  
-4.765143477  
-3.649742325  
-2.500512252  
-1.646262408  
-1.386916654  
-1.823883953  
-2.756474582  
-3.699264562  
-4.029833527  
-3.223390989  
-1.090923636  
2.073266339  
5.504211333  
8.1555139  
9.017710344  
7.466591778  
3.522197939  
-2.079544098  
-8.043405647  
-12.8651507  
-15.27312104  
-14.62191986  
-11.10777808  
-5.728268396  
0.009939440272  
4.548732347  
6.758686864  
6.288010275  
3.666265106  
0.1268809752  
-2.796823087  
-3.773340332  
-2.111237607  
2.007338932  
7.573269594  
13.06222334  
16.91139716  
18.00880861  
16.03998247  
11.58410646  
5.932769038  
0.6925864359  
-2.700436395  
-3.402559951  
-1.392456888  
2.553577077  
7.123201525  
10.87576561  
12.66513119  
11.94921908  
8.900646222  
4.299746504  
-0.740554951  
-5.120832183  
-8.061563508  
-9.281616312  
-9.008747067  
-7.838249181  
-6.501271944  
-5.625156236  
-5.560267307  
-6.316904423  
-7.614684436  
-9.010542578  
-10.05155848  
-10.40007008  
-9.897597932  
-8.561757313  
-6.535260703  
-4.019448199  
-1.223017257  
1.657590943  
4.428737583  
6.879265108  
8.772597267  
9.867955861  
9.971964089  
9.004969758  
7.055406408  
4.395583543  
1.44393424  
-1.322154452  
-3.47971646  
-4.764901051  
-5.13475826  
-4.764992093  
-3.98372706  
-3.162831179  
-2.602634399  
-2.447566399  
-2.659004599  
-3.051324631  
-3.375278716  
-3.417006817  
-3.07677115  
-2.400066122  
-1.551801534  
-0.7451759295  
-0.1531327181  
0.1636494834  
0.2844701152  
0.400248988  
0.7374835155  
1.460195952  
2.584202469  
3.935200757  
5.168879971  
5.852005885  
5.584045692  
4.125611724  
1.496403253  
-1.987675053  
-5.752979868  
-9.077389021  
-11.24690309  
-11.72328086  
-10.28209184  
-7.085916686  
-2.671183351  
