9.556121079  
12.05128599  
11.9614159  
9.695771987  
6.219554405  
2.699955094  
0.1171045989  
-1.02814509  
-0.8180642876  
0.1876933044  
1.214226276  
1.584980985  
0.9701135738  
-0.5160908233  
-2.393869955  
-4.031100128  
-4.901179205  
-4.783777946  
-3.833520052  
-2.496238893  
-1.313039492  
-0.6955887366  
-0.7654447856  
-1.32276095  
-1.956401559  
-2.249432971  
-1.993896081  
-1.322638544  
-0.6966352197  
-0.7424070557  
-1.994468646  
-4.638992692  
-8.360650187  
-12.36148591  
-15.56014436  
-16.91352247  
-15.75527848  
-12.03487307  
-6.371241653  
0.1030328079  
6.059994756  
10.35452889  
12.33998465  
12.02111772  
10.00067134  
7.246418867  
4.764505806  
3.292292578  
3.110715559  
4.028386149  
5.52589507  
6.992546368  
7.959559267  
8.242810401  
7.949651657  
7.361375623  
6.75276515  
6.233785382  
5.686635174  
4.82918813  
3.380194164  
1.254854912  
-1.299285047  
-3.6980874  
-5.17099024  
-5.026164831  
-2.939744869  
0.8417247501  
5.475188278  
9.703931726  
12.20836229  
12.01958983  
8.859937517  
3.289953958  
-3.400231936  
-9.534821301  
-13.53202555  
-14.3716662  
-11.90257773  
-6.890504382  
-0.7894044779  
4.692461706  
8.094958949  
8.619904188  
6.329886043  
2.07698464  
-2.806158032  
-6.945626088  
-9.350985583  
-9.691318921  
-8.342400312  
-6.202761447  
-4.351561952  
-3.668882929  
-4.544853672  
-6.767920744  
-9.618788323  
-12.12762483  
-13.40122444  
-12.90971601  
-10.64264493  
-7.092782955  
-3.084619034  
0.4868818971  
2.918200381  
3.878655507  
3.463294606  
2.115160891  
0.4563578383  
-0.9086145022  
-1.553380559  
-1.311056426  
-0.265380764  
1.328079563  
3.151230504  
4.921156538  
6.447038433  
7.638200498  
8.475475578  
8.969763593  
9.131457613  
8.964110568  
8.480931511  
7.730475324  
6.813363197  
5.876481594  
5.08234622  
4.563646262  
4.380939649  
4.501396996  
4.808490657  
5.13998597  
5.340041668  
5.305427424  
5.008372014  
4.488355427  
3.818015586  
3.059042617  
2.227898036  
1.28691875  
0.1654282754  
-1.197345108  
-2.805375355  
-4.575232132  
-6.336047496  
-7.862675525  
-8.9317917  
-9.381786219  
-9.156040641  
-8.315644331  
-7.019278725  
-5.479801764  
-3.914467097  
-2.505752242  
-1.383023434  
-0.624800125  
-0.2722721165  
-0.3408505326  
-0.8197485198  
-1.658296395  
-2.747627035  
-3.91256175  
-4.927399691  
-5.560422188  
-5.638491631  
-5.110929527  
-4.086605351  
-2.823544091  
-1.66550425  
-0.9399332801  
-0.8489138827  
-1.391677304  
-2.350027586  
-3.347864756  
-3.969456594  
-3.897909577  
-3.024752302  
-1.488695112  
0.3746479262  
2.157945065  
3.538772988  
4.409238497  
4.926428173  
5.458009814  
6.435541085  
8.164353324  
10.65944246  
13.57292733  
16.25006138  
17.90647134  
17.87459985  
15.83846084  
11.97427552  
6.942223917  
1.723083293  
-2.653614435  
-5.404482002  
-6.214474917  
-5.313144588  
-3.379998268  
-1.311608479  
0.07005348097  
0.2693546534  
-0.7547338371  
-2.622804647  
-4.712502019  
-6.40954204  
-7.337444279  
-7.480974819  
-7.159509804  
-6.863950216  
-7.023250562  
-7.794427832  
-8.962288461  
-9.99414226  
-10.23535836  
-9.175677743  
-6.684856732  
-3.122490537  
0.7305956556  
3.907276435  
5.579861534  
5.362459256  
3.477333009  
0.715543855  
-1.807348539  
-3.025873158  
-2.304306432  
0.3122845503  
4.070726644  
7.727628445  
9.949674575  
9.767739736  
6.932347909  
2.045624635  
-3.584255584  
-8.328649795  
-10.74546789  
-10.04553877  
-6.365654926  
-0.7555527189  
5.122838103  
9.493117875  
11.00484718  
9.148446443  
4.416182303  
-1.83892746  
-7.800153666  
-11.71601432  
-12.39985953  
-9.552924696  
-3.822617026  
3.408515979  
10.4270529  
15.65736184  
18.0559116  
17.32561693  
13.90715776  
8.774545581  
3.116932025  
-1.987226939  
-5.809354965  
-8.068577448  
-8.885203385  
-8.632268251  
-7.752595633  
-6.607607565  
-5.400794211  
-4.184217354  
-2.924624471  
-1.587628284  
-0.1989262489  
1.141969006  
2.295975953  
3.14561155  
3.651623333  
3.87737073  
3.968493912  
4.095293606  
4.381208651  
4.846757666  
5.39195221  
5.825031124  
5.927115436  
5.528824092  
4.570820234  
3.126929438  
1.382885507  
-0.4198794993  
-2.054047026  
-3.365059723  
-4.299813595  
-4.898947499  
-5.259952849  
-5.488137067  
-5.654810585  
-5.776995709  
-5.822923601  
-5.737134546  
-5.472120796  
-3.237571857  
-10.08876285  
-15.39081873  
-18.11829007  
-17.8667231  
-14.97157925  
-10.41764769  
-5.560699658  
-1.741958065  
0.08951602687  
-0.3672689129  
-2.707355274  
-5.974584472  
-8.977211217  
-10.66343631  
-10.43935242  
-8.333091516  
-4.960349271  
-1.310641506  
1.570657258  
2.900154242  
2.375460835  
0.2339486572  
-2.85509901  
-6.017621478  
-8.439445081  
-9.581858305  
-9.285967457  
-7.747132691  
-5.386592487  
-2.679499835  
-0.006352408908  
2.422532159  
4.554229688  
6.414029748  
8.00716442  
9.253216233  
9.987275782  
10.03020733  
9.297353772  
7.894788526  
6.152970617  
4.569975443  
3.672083854  
3.834906151  
5.129229388  
7.253405452  
9.588016207  
11.36671616  
11.91473423  
10.8783908  
8.366561533  
4.950020629  
1.509763915  
-1.024244465  
-1.964032192  
-1.091308929  
1.253780878  
4.255685562  
6.856730247  
8.070719711  
7.280425126  
4.426742705  
0.03079144426  
-4.957673948  
-9.438226963  
-12.47825602  
-13.57476783  
-12.78140264  
-10.66546398  
-8.112524828  
-6.042163756  
-5.123600654  
-5.577364823  
-7.120267487  
-9.065951625  
-10.54607525  
-10.78244678  
-9.327840417  
-6.205563853  
-1.910298157  
2.725483348  
6.756726772  
9.375763697  
10.11659574  
8.959717712  
6.314580773  
2.891931671  
-0.4922831844  
-3.124289342  
-4.555416795  
-4.681701119  
-3.727347756  
-2.146629461  
-0.4794234742  
0.795546743  
1.370230726  
1.155252426  
0.2627740827  
-1.060057598  
-2.518985013  
-3.851519537  
-4.874234283  
-5.490264141  
-5.664500386  
-5.385488826  
-4.636491088  
-3.392491907  
-1.647358738  
0.5394071771  
2.99820265  
5.432199285  
7.445902861  
8.622482978  
8.634436417  
7.356362878  
4.942233711  
1.835306384  
-1.303447994  
-3.738059421  
-4.837408069  
-4.243216877  
-1.976878537  
1.549169598  
5.622979899  
9.404682764  
12.13105512  
13.29580142  
12.75573684  
10.73604117  
7.738881721  
4.388680107  
1.264902904  
-1.226523239  
-2.908666593  
-3.808840562  
-4.074899246  
-3.873045204  
-3.310801502  
-2.415389674  
-1.172710249  
0.3945490467  
2.149322899  
3.804844019  
4.958198855  
5.192084554  
4.214908209  
1.989490227  
-1.201441015  
-4.787137678  
-8.04016138  
-10.27345812  
-11.04315969  
-10.29021731  
-8.370128903  
-5.954751982  
-3.832164471  
-2.665376245  
-2.786210972  
-4.09098627  
-6.072394751  
-7.977987772  
-9.04454781  
-8.733394739  
-6.892384551  
-3.795655453  
-0.05298828564  
3.577003419  
6.406176313  
7.99801205  
8.257007922  
7.406720917  
5.875422233  
4.137530865  
2.56924674  
1.365483366  
0.5378871385  
-0.01843861206  
-0.4266798204  
-0.7439729609  
-0.9260507565  
-0.8520935557  
-0.3939135318  
0.5055045594  
1.782354049  
3.255993743  
4.686812009  
5.863310325  
6.679220932  
7.163972274  
7.449038689  
7.681031937  
7.918119374  
8.058066435  
7.837777196  
6.917272815  
5.025462041  
2.114780569  
-1.540220457  
-5.351868927  
-8.551727648  
-10.41560566  
-10.51051907  
-8.875461356  
-6.061922093  
-3.003137943  
-0.739959266  
-0.08516362472  
-1.337323307  
-4.147113501  
-7.593669885  
-10.45975592  
-11.62508545  
-10.4515108  
-7.029248895  
-2.193639221  
2.704865578  
6.212292738  
7.235587692  
5.408689608  
1.236793504  
-4.034693967  
-8.790588511  
-11.54053805  
-11.38034014  
-8.271834965  
-3.051528094  
2.834033409  
7.779696948  
10.51416852  
10.47672622  
7.961922692  
3.993606995  
-0.02209294926  
-2.745877075  
-3.309647441  
-1.550648117  
1.988354527  
6.277031978  
10.14774141  
12.65500859  
13.32763801  
12.24225714  
9.913467792  
7.058778891  
4.334260634  
2.137525595  
0.5405807522  
-0.6392317821  
-1.675198557  
-2.751574271  
-3.846321101  
-4.724225171  
-5.04080724  
-4.51118663  
-3.071272658  
-0.9612292246  
1.308318364  
3.100761515  
3.858336077  
3.292563573  
1.489735478  
-1.108083979  
-3.84021403  
-6.033193133  
-7.201711458  
-7.174930967  
-6.108311131  
-4.385169446  
-2.45327295  
-0.6642131925  
0.821586969  
2.030916194  
3.084065986  
4.05885583  
4.878409954  
5.27987869  
4.888003669  
3.37262078  
0.6305322823  
-3.084302381  
-7.145170081  
-10.67518306  
-12.78025608  
-12.820459  
-10.62769874  
-6.590744197  
-1.571011981  
3.329972118  
7.078790697  
8.994052159  
8.913780342  
7.194154335  
4.546230231  
1.773170131  
-0.4965360146  
-1.986135376  
-2.800092491  
-3.304420929  
-3.912254587  
-4.863572997  
-6.088438663  
-7.209257112  
-7.682251494  
-7.022883941  
-5.025288876  
-1.885938236  
1.823015101  
5.327703351  
7.912651565  
9.169623122  
9.138038801  
8.277769473  
7.277646338  
6.767017194  
7.038904354  
7.895024364  
8.682581199  
8.523649223  
6.664363449  
2.82046109  
-2.612470798  
-8.575888942  
-13.60864795  
-16.28110365  
-15.66700438  
-11.69494832  
-5.252510225  
2.007544675  
8.113200182  
11.34092361  
10.73109395  
6.389274154  
-0.5233906518  
-8.110567671  
-14.27505423  
-17.30477938  
-16.33531003  
-11.55620004  
-4.111477421  
4.260126665  
11.72324645  
16.82640469  
18.82665806  
17.78004656  
14.39947942  
9.75405967  
4.924758239  
0.7301222633  
-2.403858259  
-4.416091689  
-5.469317909  
-5.775004003  
-5.464424241  
-4.555727354  
-3.018940906  
-0.8957302343  
1.593662374  
4.018607872  
5.811403269  
6.429740861  
5.551630575  
3.226734858  
-0.08118213767  
-3.589145714  
-6.405718302  
-7.79219337  
-7.387398586  
-5.318815515  
-2.160418569  
1.250000673  
4.072873648  
5.720135236  
6.015558332  
5.211322282  
3.86060405  
2.59571431  
1.892560895  
1.904427734  
2.420958433  
2.96233146  
2.97054625  
2.02676018  
0.01665001972  
-2.813186939  
-5.924669171  
-8.65578547  
-10.42564695  
-10.90634435  
-10.10605859  
-8.341662693  
-6.118356979  
-3.964391007  
-2.2802457  
-1.250932299  
-0.8428635803  
-0.8741019279  
-1.121284281  
-1.417232755  
-1.702276247  
-2.015058867  
-2.434969656  
-3.007715305  
-3.690475591  
-4.342531903  
-4.765990761  
-4.778815543  
-4.288088411  
-3.331176921  
-2.066059037  
-0.7138896249  
0.5226482865  
1.530928333  
2.319403475  
2.994468571  
3.692684941  
4.497593392  
5.378224132  
6.178837264  
6.668904473  
6.636904462  
5.991662664  
4.828965504  
3.432279268  
2.200892899  
1.527353933  
1.667390292  
2.650804608  
4.268118212  
6.139994529  
7.844716185  
9.05609802  
9.639317301  
9.667910184  
9.35621198  
8.935788102  
8.528414852  
8.071666412  
7.333657261  
6.017742186  
3.919282805  
1.070686115  
-2.190903942  
-5.274172884  
-7.499540949  
-8.330661883  
-7.589920211  
-5.57303865  
-3.007089571  
-0.8491270247  
0.01849790134  
-0.9029850163  
-3.525109405  
-7.154321533  
-10.68065826  
-12.92219621  
-13.01662261  
-10.72823797  
-6.560856192  
-1.628497757  
2.682982151  
5.157080209  
5.145190335  
2.786629318  
-1.02883338  
-4.949476917  
-7.608902206  
-8.083993439  
-6.209070503  
-2.63821589  
1.3682105  
4.363420335  
5.200425055  
3.421197689  
-0.5823484998  
-5.689695933  
-10.41391366  
-13.38196429  
-13.77132695  
-11.55751306  
-7.492838493  
-2.82925573  
1.115371006  
3.396717164  
3.739823735  
2.594611497  
0.9395162046  
-0.09119880687  
0.378150293  
2.653863788  
6.37079722  
10.62819268  
14.30844204  
16.46113995  
16.61557895  
14.91433102  
12.02763267  
8.887535065  
6.343985402  
4.869626624  
4.418387614  
4.48368888  
4.327909282  
3.292642752  
1.071848579  
-2.153573934  
-5.767839419  
-8.936932221  
-10.90712556  
-11.27358642  
-10.12008628  
-7.980051133  
-5.63623238  
-3.835844968  
-3.028159616  
-3.221338279  
-4.009016082  
-4.752444063  
-4.84532826  
-3.957989643  
-2.16644646  
0.08290275931  
2.158308404  
3.503999468  
3.873582783  
3.440391186  
2.735892492  
2.433729537  
3.058732342  
4.733577763  
7.067272552  
9.240875045  
10.27382815  
9.384776601  
6.319686666  
1.523577227  
-3.919183787  
-8.573155928  
-11.08526109  
-10.62523235  
-7.185829409  
-1.636703907  
4.495941341  
9.462323086  
11.80246156  
10.77999663  
6.600911818  
0.350092224  
-6.33165982  
-11.72646708  
-14.5243683  
-14.16778548  
-10.95871548  
-5.910268408  
-0.4048958269  
4.222541299  
7.04407736  
7.73683158  
6.577254736  
4.258132103  
1.609603753  
-0.6723509667  
-2.201676477  
-2.938091842  
-3.094035032  
-2.969197011  
-2.789312539  
-2.615124362  
-2.352099164  
-1.846644088  
-1.018003317  
0.03925227035  
1.034336101  
1.558849015  
1.240645874  
-0.08451660032  
-2.252548667  
-4.755890952  
-6.851591791  
-7.766296162  
-6.935615472  
-4.200217015  
0.1075143973  
5.218272105  
10.10907328  
13.76146909  
15.41874797  
14.76824105  
12.00029549  
7.734291296  
2.841507468  
-1.778249401  
-5.401975161  
-7.619104741  
-8.3723263  
-7.908554657  
-6.668715243  
-5.155753629  
-3.817061488  
-2.964194365  
-2.736364294  
-3.101241989  
-3.880906154  
-4.792434493  
-5.497788296  
-5.662096218  
-5.019134604  
-3.437662199  
-0.9747707091  
2.102566318  
5.344485438  
8.199822979  
10.1410149  
10.80310155  
10.09626952  
8.25261054  
5.783353872  
3.349316864  
1.576294281  
0.8687937596  
1.281051064  
2.490483338  
3.888658174  
4.767560049  
4.546820807  
2.971491937  
0.2162896737  
-3.140390812  
-6.26930511  
-8.326603967  
-8.703208314  
-7.211942524  
-4.155793056  
-0.2566187921  
3.534170344  
6.286985947  
7.334769863  
6.436219848  
3.820165502  
0.1058026208  
-3.871182218  
-7.272997639  
-9.454865479  
-10.09273721  
-9.219155168  
-7.170300383  
-4.469863926  
-1.687274761  
0.6923594773  
2.359022771  
3.216255084  
3.368239247  
3.066387746  
2.631135481  
2.36550932  
2.475879553  
3.013792074  
3.85093843  
4.69609099  
5.156585807  
4.837306879  
3.458369695  
0.9626624519  
-2.419757057  
-6.177713378  
-9.606657937  
-11.96605675  
-12.67043368  
-11.46195026  
-8.510843644  
-4.405983941  
-0.02771754753  
3.668852804  
5.902133133  
6.27208306  
4.864852582  
2.22017859  
-0.8306178554  
-3.407612526  
-4.831774533  
-4.804293442  
-3.461818297  
-1.294440152  
1.04174515  
2.951493419  
4.089159187  
4.44690743  
4.316376544  
4.142808021  
4.328444511  
5.059252285  
6.219565959  
7.426747579  
8.173633855  
8.026889728  
6.807971539  
4.688740936  
2.163483347  
-0.09702803709  
-1.461395199  
-1.549644776  
-0.3678605887  
1.68224034  
3.923717332  
5.615296138  
6.18263271  
5.393513063  
3.420423371  
0.7726896497  
-1.875730238  
-3.902928383  
-4.927873332  
-4.911497328  
-4.142188392  
-3.117673168  
-2.368688228  
-2.28600124  
-3.006436192  
-4.389416792  
-6.082642019  
-7.646171953  
-8.688290124  
-8.968429625  
-8.439724969  
-7.228361431  
-5.569146888  
-3.728235314  
-1.94191669  
-0.3872075956  
0.8173648897  
1.595944127  
1.903525576  
1.730554607  
1.122849096  
0.202705211  
-0.8289099197  
-1.723981288  
-2.253078705  
-2.28695339  
-1.862688453  
-1.201645943  
-0.6596842056  
-0.6143421445  
-1.320229785  
-2.78205761  
-4.696015869  
-6.492003026  
-7.476408278  
-7.038575222  
-4.85736451  
-1.037945931  
3.872895173  
9.006895178  
13.39893744  
16.24875498  
17.13751413  
16.13019074  
13.73158946  
10.71243051  
7.864979454  
5.770220063  
4.652437587  
4.36448721  
4.499931526  
4.583545015  
4.265720596  
3.448248713  
2.297797954  
1.147900992  
0.3336864504  
0.02915057445  
0.1550360571  
0.3966956079  
0.32697669  
-0.4137816722  
-1.953310869  
-4.107396193  
-6.421943089  
-8.327235482  
-9.349194362  
-9.296724806  
-8.349422097  
-7.004794957  
-5.89681737  
-5.548392228  
-6.149585165  
-7.449217743  
-8.809504579  
-9.414808369  
-8.567261921  
-5.965721545  
-1.864802092  
2.951186499  
7.380968819  
10.34077684  
11.10974625  
9.567943937  
6.242779495  
2.144391239  
-1.556680211  
-3.901154151  
-4.436166305  
-3.33469053  
-1.301543608  
0.6971282867  
1.782845421  
1.468420944  
-0.1891012864  
-2.635447994  
-5.042439682  
-6.620692785  
-6.904088263  
-5.901442492  
-4.062215482  
-2.074023264  
-0.5732642781  
0.1169170185  
0.1176500613  
-0.05942520228  
0.2666524573  
1.640426712  
4.198040633  
7.538571798  
10.79792335  
12.91033074  
12.97165546  
10.57722886  
6.010936671  
0.21116353  
-5.483899237  
-9.731372909  
-11.58840616  
-10.79062683  
-7.811069625  
-3.681802754  
0.3579656661  
3.26465419  
4.506001933  
4.184998362  
2.936886543  
1.644920657  
1.083424062  
1.619742998  
3.081952892  
4.836493041  
6.042442007  
5.985131343  
4.364252769  
1.430005767  
-2.082146506  
-5.193465013  
-7.011774815  
-7.029637627  
-5.284571109  
-2.327163449  
0.9863655892  
3.796935804  
5.527820603  
6.048899859  
5.664463018  
4.93671301  
4.419367795  
4.40891345  
4.812995472  
5.189320972  
4.941512507  
3.596038698  
1.050271211  
-2.310852076  
-5.6852391  
-8.097376291  
-8.735033482  
-7.259692951  
-3.975120444  
0.2154712569  
4.060638499  
6.34367511  
6.272167522  
3.743279582  
-0.6066656774  
-5.588359555  
-9.822753375  
-12.16376451  
-12.04361738  
-9.630851102  
-5.754180904  
-1.622818867  
1.560768602  
2.96812159  
2.376090171  
0.1957582774  
-2.698505019  
-5.272587826  
-6.662779251  
-6.425205039  
-4.631645704  
-1.794954132  
1.335188001  
4.026431866  
5.779306721  
6.437827866  
6.171650623  
5.35306957  
4.386022868  
3.554459871  
2.9423826  
2.445492779  
1.85807253  
0.9922419006  
-0.2208690722  
-1.686336007  
-3.169694057  
-4.374988969  
-5.042219135  
-5.025957488  
-4.328658309  
-3.083130223  
-1.499483015  
0.1961806967  
1.805336774  
3.169759255  
4.158276196  
4.646738049  
4.514262009  
3.670072235  
2.107695482  
-0.03522916131  
-2.44368403  
-4.647237739  
-6.108118247  
-6.360301492  
-5.160141128  
-2.59696332  
0.8818002893  
4.552042701  
7.587277027  
9.278858139  
9.235863478  
7.500822428  
4.542091823  
1.122604152  
-1.915163741  
-3.88089896  
-4.412953171  
-3.547299875  
-1.663478512  
0.6666148153  
2.870413375  
4.539991801  
5.518334659  
5.885963025  
5.865302009  
5.689637555  
5.493534555  
5.268932223  
4.901249128  
4.264641274  
3.329442915  
2.228215681  
1.242971887  
0.7089973975  
0.8676241863  
1.726305323  
2.988416022  
4.093944112  
4.372604491  
3.266670261  
0.5490228729  
-3.544629364  
-8.327242652  
-12.82699404  
-16.06597304  
-17.36484755  
-16.57168759  
-14.13190201  
-10.96516948  
-8.178658989  
-6.70284098  
-6.966832438  
-8.723079396  
-11.08720556  
-12.79121152  
-12.57878225  
-9.622797762  
-3.833760256  
4.041785212  
12.57080051  
19.99328198  
24.68885576  
25.61412544  
22.582996  
16.30969745  
8.205645215  
-0.005884847587  
-6.741540884  
-10.94486232  
-12.30171591  
-11.23312135  
-8.682962268  
-5.778083849  
-3.47164159  
-2.278450678  
-2.175745449  
-2.686827409  
-3.106910953  
-2.788148779  
-1.386837497  
1.007110743  
3.896670839  
6.546583143  
8.235371622  
8.505954409  
7.3323549  
5.147926676  
2.724904263  
0.9417161194  
0.5093778239  
1.740753818  
4.433644879  
7.904465755  
11.16469571  
13.19021322  
13.20673282  
10.91006074  
6.559000635  
0.9154136278  
-4.950662579  
-9.935214446  
-13.17695104  
-14.26053331  
-13.2928893  
-10.83614549  
-7.721562434  
-4.801687522  
-2.713429985  
-1.718947002  
-1.66636857  
-2.076029011  
-2.321111433  
-1.845153498  
-0.3501343313  
2.099986498  
5.088501514  
7.961942662  
10.01564866  
10.69297431  
9.740564965  
7.277490484  
3.762742237  
-0.124911952  
-3.657280628  
-6.229032119  
-7.487279691  
-7.389637725  
-6.183754121  
-4.322234308  
-2.340897544  
-0.732707781  
0.1549486529  
0.1822502808  
-0.5676433444  
-1.81638636  
-3.152753052  
-4.118646709  
-4.307046328  
-3.458473067  
-1.539694185  
1.214077726  
4.311295165  
7.081228951  
8.812735313  
8.932199118  
7.180130373  
3.735590829  
-0.7584713091  
-5.295544458  
-8.72455563  
-10.04256996  
-8.686060808  
-4.734621194  
1.043921503  
7.338429152  
12.60634265  
15.47626862  
15.13049915  
11.5537205  
5.566633013  
-1.376833058  
-7.579501234  
-11.56993627  
-12.51404461  
-10.44591354  
-6.246347592  
-1.373080697  
2.577442397  
4.344575137  
3.370516163  
-0.05058427697  
-4.884067816  
-9.688287533  
-13.06341047  
-14.0746033  
-12.51970276  
-8.963040199  
-4.532363667  
-0.549966331  
1.881364264  
2.207480732  
0.5688192485  
-2.273291966  
-5.196201094  
-7.071482993  
-7.102270026  
-5.04126969  
-1.232540446  
3.521157639  
8.210355952  
11.90406205  
13.98131997  
14.24905676  
12.92876797  
10.53705883  
7.713177258  
5.053024551  
2.994592135  
1.772915879  
1.435213975  
1.889367382  
2.956296018  
4.407420433  
5.985031927  
7.417075467  
8.441758275  
8.849927278  
8.538581047  
7.555046109  
6.106380491  
4.516619153  
3.133762917  
2.211547233  
1.807643367  
1.74145772  
1.638037281  
1.054104791  
-0.3510822963  
-2.660302254  
-5.620442595  
-8.681821664  
-11.15398588  
-12.43262495  
-12.22044685  
-10.65934349  
-8.316466626  
-6.016095711  
-4.56566791  
-4.467515091  
-5.720422885  
-7.790141905  
-9.771925706  
-10.69967081  
-9.899606904  
-7.26335783  
-3.336054764  
0.8246810615  
3.983342638  
5.147467129  
3.930328862  
0.7231614649  
-3.395039318  
-6.993109898  
-8.764111239  
-7.983133583  
-4.785675576  
-0.1609440443  
4.351259217  
7.168952126  
7.215798427  
4.322088491  
-0.6642479441  
-6.106025375  
-10.08049572  
-10.99928151  
-8.141833878  
-1.923574457  
6.195743164  
14.14048037  
19.85000036  
21.9098299  
19.97973123  
14.88134962  
8.319392946  
2.329644654  
-1.365165858  
-1.883399376  
0.5702768575  
4.813795321  
9.105359004  
11.72565228  
11.53175546  
8.305908513  
2.795865959  
-3.551969025  
-9.065904778  
-12.36632731  
-12.75954302  
-10.39114323  
-6.12826719  
-1.231150567  
3.060927903  
5.886389368  
6.949833374  
6.499068075  
5.124803266  
3.476211041  
2.006620855  
0.8415462386  
-0.1933480293  
-1.411655538  
-3.051050587  
-5.099637656  
-7.23980424  
-8.936240798  
-9.635766291  
-9.000565656  
-7.080969028  
-4.354383455  
-1.605952843  
0.3145234065  
0.7775116715  
-0.3995312268  
-2.865999494  
-5.827603588  
-8.286320515  
-9.353796802  
-8.5356428  
-5.893434803  
-2.031901819  
2.083541236  
5.418875428  
7.179279153  
7.03640503  
5.207680588  
2.369382948  
-0.562237331  
-2.708615198  
-3.478721821  
-2.718952771  
-0.7264732984  
1.866645841  
4.293706003  
5.873120014  
6.184226512  
5.156005564  
3.055684488  
0.3937149671  
-2.21842499  
-4.215048535  
-5.192090917  
-4.971516291  
-3.61064145  
-1.365879028  
1.372986194  
4.161324952  
6.577403047  
8.289441208  
9.10471983  
8.994574139  
8.090582204  
6.650309836  
4.996754484  
3.442836536  
2.218565555  
1.420546043  
0.9993709899  
0.7901993432  
0.578357719  
0.1796869491  
-0.4907024867  
-1.384657298  
-2.334108569  
-3.106741108  
-3.484585031  
-3.337643717  
-2.66659949  
-1.600559796  
-0.3529647356  
0.8451555008  
1.807229735  
2.424195656  
2.657626224  
2.500423734  
1.928320799  
0.8714774699  
-0.7716161126  
-3.074038032  
-5.99300378  
-9.291820677  
-12.5125133  
-15.02810663  
-16.17690787  
-15.44896515  
-12.66919002  
-8.112906185  
-2.503362428  
3.125414992  
7.673660083  
10.26317442  
10.48140655  
8.504176124  
5.052885774  
1.192712983  
-1.970804311  
-3.605187802  
-3.377810791  
-1.525833407  
1.250786691  
4.036095868  
6.002242188  
6.670287729  
6.042783785  
4.567150927  
2.946731385  
1.868015711  
1.740705837  
2.542122975  
3.820822002  
4.858858761  
4.936832036  
3.609648879  
0.896336472  
-2.684386725  
-6.249266418  
-8.815357155  
-9.609576764  
-8.322489405  
-5.223412305  
-1.098786137  
2.967736897  
5.905044944  
6.958850162  
5.899080786  
3.071478737  
-0.7158363949  
-4.430046553  
-7.099978097  
-8.066202219  
-7.127333192  
-4.551277678  
-0.9627688083  
2.84696937  
6.125908749  
8.324404679  
9.179760433  
8.715609344  
7.175997737  
4.929107573  
2.375711845  
-0.1145859549  
-2.234032144  
-3.744428218  
-4.478997242  
-4.352404334  
-3.382047685  
-1.711138784  
0.3839612863  
2.518848005  
4.265197078  
5.244776443  
5.22926914  
4.214020244  
2.437360634  
0.3316095821  
-1.586762325  
-2.859513929  
-3.220181071  
-2.677244367  
-1.518759188  
-0.2334488422  
0.6310781826  
0.6323874197  
-0.4288212494  
-2.438144284  
-4.985948052  
-7.470175886  
-9.254119048  
-9.833973336  
-8.969018867  
-6.738975681  
-3.515090052  
0.1434357708  
3.635192217  
6.461474623  
8.329834722  
9.189959588  
9.196982196  
8.619316143  
7.724013972  
6.678162178  
5.498319459  
4.063757694  
2.188285359  
-0.2738784019  
-3.324658227  
-6.75811573  
-10.16192034  
-12.9906518  
-14.69473612  
-14.87007194  
-13.38448635  
-10.44110351  
-6.555145459  
-2.445030702  
1.13597341  
3.582647818  
4.584403756  
4.193859854  
2.79765765  
0.9981829238  
-0.5587176876  
-1.359145161  
-1.148387248  
0.02553949681  
1.860799184  
3.922427024  
5.79176145  
7.193754968  
8.060530761  
8.513018585  
8.77194627  
9.034723927  
9.367037091  
9.652376168  
9.621363486  
8.952758965  
7.410230106  
4.963597752  
1.846368207  
-1.477546399  
-4.432999141  
-6.501982172  
-7.384689939  
-7.096471878  
-5.964031516  
-4.518411642  
-3.318563902  
-2.764897915  
-2.967454702  
-3.71574864  
-4.562577469  
-4.993995232  
-4.626375853  
-3.360525589  
-1.436417557  
0.6339228931  
2.235063989  
2.861625715  
2.302590533  
0.7310399131  
-1.334458599  
-3.186744411  
-4.154176684  
-3.817364733  
-2.145947641  
0.4900531308  
3.437199301  
5.963546387  
7.482219455  
7.719734068  
6.775828813  
5.060095304  
3.132925047  
1.509630593  
0.4962543311  
0.1109878418  
0.1123449477  
0.116654641  
-0.24290995  
-1.175194448  
-2.65681954  
-4.446368778  
-6.174957889  
-7.474181382  
-8.091919044  
-7.955336521  
-7.164126475  
-5.925644934  
-4.465428949  
-2.953179566  
-1.473883369  
-0.0509601593  
1.296477405  
2.496484748  
3.402048543  
3.822725825  
3.603602728  
2.720249797  
1.345729045  
-0.1487758401  
-1.274964826  
-1.572961703  
-0.775199876  
1.071134657  
3.574315878  
6.082902727  
7.866917996  
8.34059973  
7.253060339  
4.780021839  
1.481209862  
-1.866576089  
-4.507108728  
-5.933796679  
-6.032785687  
-5.092082929  
-3.675456379  
-2.4072188  
-1.744967475  
-1.820609366  
-2.404491591  
-3.002566603  
-3.048758925  
-2.121611175  
-0.1076146214  
2.744613131  
5.893731597  
8.668103041  
10.45910266  
10.87653839  
9.817453202  
7.437324107  
4.052272053  
0.02611872771  
-4.303520836  
-8.630239376  
-12.6235512  
-15.85741279  
-17.7826697  
-17.79094178  
-15.37902147  
-10.37288502  
-3.129449053  
5.378375258  
13.66258107  
20.01786663  
22.95461063  
21.6443631  
16.23141354  
7.889787571  
-1.422593362  
-9.464196257  
-14.32695282  
-14.98313797  
-11.58554315  
-5.415452171  
1.516590264  
7.098226386  
9.773126552  
9.016436159  
5.47114339  
0.69908454  
-3.371313671  
-5.115558517  
-3.775314797  
0.2792114951  
5.67722285  
10.5230042  
13.05694119  
12.27444215  
8.288158398  
2.305767671  
-3.772684629  
-8.002672292  
-9.067420787  
-6.743480001  
-1.997815617  
3.320578949  
7.093567617  
7.64671137  
4.323447023  
-2.271172975  
-10.43770316  
-17.90379616  
-22.52676851  
-22.94747859  
-18.9867347  
-11.66560122  
-2.857352356  
5.301591488  
11.04211725  
13.432103  
12.54810571  
9.319042215  
5.122696857  
1.29184603  
-1.296051984  
-2.416003721  
-2.436143377  
-2.053670152  
-1.946916837  
-2.48428921  
-3.596997881  
-4.850923144  
-5.672361171  
-5.623928532  
-4.611851256  
-2.938420769  
-1.179105776  
0.06348379295  
0.4260319125  
-0.04072433697  
-0.8653787385  
-1.327524048  
-0.7465162819  
1.222433743  
4.401493026  
8.091512645  
11.27122851  
12.93008594  
12.41870914  
9.691387945  
5.351177157  
0.4773830327  
-3.707821152  
-6.219997971  
-6.610388359  
-5.081030009  
-2.381813668  
0.4696047409  
2.543823506  
3.307105297  
2.776611199  
1.476408011  
0.2180949078  
-0.2102865821  
0.6644558263  
2.828518621  
5.781274552  
8.699077004  
10.69918484  
11.11129452  
9.669344325  
6.570888066  
2.400364248  
-2.043109825  
-5.948587229  
-8.664496742  
-9.800071125  
-9.252303145  
-7.180685734  
-3.96193733  
-0.1475296419  
3.574608148  
6.433229336  
7.66746811  
6.673491351  
3.186977576  
-2.548870064  
-9.699973202  
-16.90620932  
-22.52086996  
-24.99300038  
-23.30102924  
-17.3087143  
-7.91701375  
3.065591316  
13.32927405  
20.64910044  
23.48663014  
21.42315581  
15.28184714  
6.887815413  
-1.470847301  
-7.718945916  
-10.59563818  
-9.989512743  
-6.899406711  
-3.035441135  
-0.1947546655  
0.3770131752  
-1.578747464  
-5.250391248  
-9.054681314  
-11.21550582  
-10.42291904  
-6.342571584  
0.2056790322  
7.469444229  
13.31816916  
15.94715402  
14.49425698  
9.358751563  
2.110049973  
-4.989145409  
-9.691552454  
-10.47475697  
-7.020301468  
-0.308517882  
7.697237033  
14.66873677  
18.62887322  
18.53435374  
14.54443292  
7.903563033  
0.4945191718  
-5.776587795  
-9.555129176  
-10.3892602  
-8.75926207  
-5.800351692  
-2.83666329  
-0.9006383294  
-0.4053050254  
-1.072592169  
-2.123963518  
-2.645876553  
-1.984782188  
-0.02325663946  
2.76078069  
5.466465138  
7.103326835  
6.958431478  
4.861678863  
1.254486022  
-2.959178876  
-6.721208552  
-9.173313897  
-9.929281049  
-9.171132912  
-7.540470252  
-5.870325791  
-4.858696593  
-4.803084527  
-5.490647182  
-6.28088482  
-6.348666379  
-4.999358248  
-1.944275444  
2.559419804  
7.751596076  
12.57890299  
15.99976792  
17.28394263  
16.21153634  
13.11358478  
8.750357736  
4.075559328  
-0.03268677972  
-2.989350441  
-4.607858261  
-5.074165111  
-4.814244901  
-4.310768125  
-3.934288614  
-3.841122768  
-3.961454937  
-4.06838025  
-3.893170866  
-3.241758741  
-2.073481624  
-0.5213242341  
1.145033456  
2.59403554  
3.517314668  
3.699659446  
3.058494228  
1.649898478  
-0.3519906532  
-2.690931418  
-5.06962636  
-7.189611307  
-8.787561347  
-9.667029595  
-9.723436306  
-8.957831328  
-7.474132416  
-5.456926464  
-3.132528394  
-0.7227738196  
1.594481066  
3.704800976  
5.549886458  
7.0978265  
8.305896783  
9.096521864  
9.363893153  
9.016750275  
8.045698835  
6.58805459  
4.956629024  
3.605638344  
3.026918979  
3.596690834  
5.417884472  
8.214910072  
11.33026112  
13.84505669  
14.80591193  
13.50108889  
9.704096609  
3.803100118  
