1.658876966  
-0.05700273731  
-1.476125335  
-2.489699283  
-2.98806012  
-2.881075452  
-2.124084804  
-0.7404278105  
1.168462555  
3.430942988  
5.830479213  
8.141421619  
10.16395623  
11.74701286  
12.79252139  
13.2423261  
13.05684529  
12.19911069  
10.63646243  
8.364557791  
5.447492831  
2.057312812  
-1.508596834  
-4.850105577  
-7.532555194  
-9.188930415  
-9.628089893  
-8.912605529  
-7.373449995  
-5.545163367  
-4.029969578  
-3.324791052  
-3.662048032  
-4.91657747  
-6.615120741  
-8.054911971  
-8.503506041  
-7.423900211  
-4.657203535  
-0.5045756774  
4.3215067  
8.867395172  
12.18321878  
13.57229299  
12.77264329  
10.01851081  
5.966141776  
1.50862249  
-2.463291233  
-5.283869633  
-6.656703345  
-6.685701865  
-5.79401244  
-4.565236397  
-3.561327167  
-3.172729355  
-3.540253405  
-4.561211162  
-5.96460489  
-7.420742826  
-8.645033298  
-9.464221583  
-9.8312217  
-9.794578477  
-9.443236251  
-8.852230384  
-8.049904779  
-7.015402165  
-5.702397582  
-4.075916925  
-2.146765047  
0.008037740534  
2.243061004  
4.358008638  
6.121123481  
7.297380582  
7.679706193  
7.124102801  
5.588943757  
3.174082714  
0.148677328  
-3.048338667  
-5.85020181  
-7.652701102  
-7.942990523  
-6.439032148  
-3.199330231  
1.338196447  
6.415021844  
11.10830742  
14.55249535  
16.16771172  
15.82630921  
13.90075662  
11.16811605  
8.59006665  
7.028645382  
6.98230608  
8.425070706  
10.80247181  
13.18978772  
14.56652694  
14.12302839  
11.50401392  
6.914111705  
1.05530923  
-5.078892103  
-10.48215643  
-14.39521352  
-16.46601781  
-16.76753507  
-15.68226609  
-13.70921252  
-11.27312774  
-8.609633101  
-5.764944159  
-2.700091604  
0.5551914729  
3.776153593  
6.512460652  
8.183429709  
8.275948026  
6.574229904  
3.327463742  
-0.7260525495  
-4.513603068  
-6.932442277  
-7.214501303  
-5.229113798  
-1.609670897  
2.359998731  
5.087369049  
5.150618731  
1.772307133  
-4.864494568  
-13.56824249  
-22.39074942  
-29.11808472  
-31.8641031  
-29.59534026  
-22.43404198  
-11.6510185  
0.6486495419  
12.05518295  
20.44804015  
24.49112443  
23.90269576  
19.44412962  
12.65369471  
5.418412735  
-0.4895542898  
-3.792308196  
-3.921477542  
-1.045725571  
4.060477376  
10.24448577  
16.22970642  
20.84177918  
23.17831919  
22.7183004  
19.37999565  
13.53514873  
5.977094924  
-2.168696383  
-9.602155594  
-15.06967228  
-17.61870802  
-16.83039452  
-12.9619389  
-6.940548382  
-0.1849158612  
5.719377017  
9.413744894  
10.12118759  
7.853748159  
3.401846418  
-1.901579167  
-6.57816633  
-9.443991305  
-9.955409702  
-8.350411276  
-5.53877081  
-2.775812461  
-1.226386157  
-1.563566397  
-3.736594391  
-6.987205621  
-10.11072242  
-11.87572454  
-11.46171244  
-8.76663815  
-4.478388912  
0.1178537315  
3.536839382  
4.567717868  
2.672713124  
-1.818311988  
-7.779383028  
-13.60264989  
-17.6558333  
-18.7411116  
-16.41775101  
-11.09841207  
-3.902161488  
3.678081197  
10.18454087  
14.5571035  
16.35190897  
15.77160248  
13.52371735  
10.57184071  
7.865440955  
6.125210949  
5.728778552  
6.701312928  
8.782442252  
11.52591882  
14.39377423  
16.82631738  
18.29170765  
18.33300849  
16.62969584  
13.07596872  
7.857398699  
1.491901438  
-5.200389803  
-11.21693339  
-15.57092025  
-17.52380546  
-16.7864743  
-13.62274622  
-8.811999756  
-3.469087935  
1.234663742  
4.371206718  
5.48787057  
4.70194781  
2.629897528  
0.1749961009  
-1.758570176  
-2.535452204  
-1.960772632  
-0.3059022015  
1.810801359  
3.641365789  
4.548260495  
4.189805922  
2.597230289  
0.1295179671  
-2.666875245  
-5.237736767  
-7.178007722  
-8.318601866  
-8.725640991  
-8.626741008  
-8.301730753  
-7.981240838  
-7.785803489  
-7.716680113  
-7.687606402  
-7.573045309  
-7.248194301  
-6.607378477  
-5.563962251  
-4.04774976  
-2.018257423  
0.4975777659  
3.352217977  
6.234747883  
8.671240613  
10.09233226  
9.968915891  
7.986778835  
4.206154118  
-0.8559704786  
-6.26819918  
-10.86337652  
-13.51935886  
-13.46753448  
-10.53546041  
-5.241118507  
1.303533188  
7.664123165  
12.45830867  
14.72454425  
14.17427721  
11.25029183  
6.973474509  
2.62654866  
-0.6257141157  
-2.061721997  
-1.575543631  
0.3498792692  
2.849638984  
4.98728276  
6.061996786  
5.812454011  
4.457238208  
2.570312939  
0.8460864067  
4.193185798  
1.298485881  
-2.073538254  
-5.184595104  
-7.449270726  
-8.572921731  
-8.586311177  
-7.782399884  
-6.590620992  
-5.437679094  
-4.639018682  
-4.346257586  
-4.552080639  
-5.134779734  
-5.916298612  
-6.711158923  
-7.355373816  
-7.717431438  
-7.701604381  
-7.253911774  
-6.37426468  
-5.129108557  
-3.652922712  
-2.128196621  
-0.7420668559  
0.3696934267  
1.170767556  
1.74166674  
2.252194658  
2.891532009  
3.777522603  
4.879758469  
5.991441125  
6.771007383  
6.849461645  
5.972589441  
4.12871259  
1.610947103  
-1.019292639  
-3.068653502  
-3.912835709  
-3.200028406  
-0.9875644559  
2.240502113  
5.690305263  
8.480268003  
9.901812803  
9.635539971  
7.850895982  
5.153379964  
2.392638555  
0.3911262897  
-0.3198073279  
0.329285379  
1.924141888  
3.701463871  
4.796614773  
4.524576641  
2.604542108  
-0.7419443919  
-4.847505075  
-8.788492987  
-11.64505459  
-12.75004426  
-11.85323477  
-9.158324176  
-5.232855744  
-0.8301436912  
3.314603794  
6.651160058  
8.90105012  
10.05264021  
10.28398876  
9.852889332  
8.996880859  
7.873582735  
6.550633385  
5.033813407  
3.30991095  
1.380925304  
-0.7230742818  
-2.950672885  
-5.24199411  
-7.532025282  
-9.735906328  
-11.721223  
-13.28493878  
-14.15719078  
-14.04723224  
-12.72960167  
-10.14786236  
-6.497720326  
-2.249436574  
1.916048778  
5.254980257  
7.158259636  
7.340085558  
5.953215101  
3.582977533  
1.107558126  
-0.5443208326  
-0.6705037678  
0.9772224506  
4.089498179  
7.85795484  
11.18482984  
12.98482608  
12.49078576  
9.473034932  
4.309158691  
-2.112477116  
-8.621859254  
-14.05745571  
-17.53247346  
-18.60654984  
-17.32744818  
-14.15030983  
-9.777471668  
-4.978209153  
-0.4414983397  
3.308996555  
5.93858604  
7.288179302  
7.355572596  
6.292878438  
4.419705686  
2.229754981  
0.3581433502  
-0.5148917515  
0.1771153488  
2.699722125  
6.862896864  
11.96603891  
16.8894995  
20.33589664  
21.17115216  
18.77130487  
13.26445931  
5.577489434  
-2.748808406  
-9.940150703  
-14.46223269  
-15.44707038  
-12.93874215  
-7.876493214  
-1.814184786  
3.54019197  
6.821585727  
7.384595662  
5.441272308  
1.920317855  
-1.899135111  
-4.850313965  
-6.277241122  
-6.231230703  
-5.399026105  
-4.791248938  
-5.305603721  
-7.3257963  
-10.50709001  
-13.83539738  
-15.95048255  
-15.62809312  
-12.25477057  
-6.12468939  
1.556773684  
8.980681988  
14.26488147  
16.03899094  
13.89185913  
8.529413615  
1.582878648  
-4.878511518  
-8.978579411  
-9.608459117  
-6.760383709  
-1.514377015  
4.316658556  
8.768102041  
10.34384779  
8.478064987  
3.694628908  
-2.580223378  
-8.484551551  
-12.3114393  
-13.03283468  
-10.592373  
-5.881715406  
-0.4188420084  
4.158885947  
6.619120071  
6.50930606  
4.268981773  
1.054300287  
-1.658475926  
-2.557463777  
-0.9132223776  
3.195620072  
8.909303276  
14.8459361  
19.50305255  
21.67553677  
20.76810798  
16.92139264  
10.93197372  
4.007893596  
-2.55648274  
-7.689659986  
-10.75662544  
-11.63497956  
-10.65578553  
-8.447680986  
-5.741441699  
-3.191347016  
-1.252759566  
-0.1316642691  
0.2003409976  
-0.05398645618  
-0.5981574752  
-1.122759157  
-1.373518253  
-1.200574376  
-0.5864037828  
0.3492540208  
1.369399691  
2.164856569  
2.420179873  
1.889492584  
0.4654506456  
-1.777420999  
-4.579534378  
-7.537745996  
-10.18306835  
-12.07475639  
-12.88563459  
-12.45672029  
-10.80991679  
-8.121880664  
-4.674618144  
-0.8036998272  
3.138450198  
6.797940255  
9.820716741  
11.85692087  
12.58634414  
11.77387617  
9.347485793  
5.474397291  
0.6016094685  
-4.56953066  
-9.187847867  
-12.42238809  
-13.65811362  
-12.66096165  
-9.657781409  
-5.297739905  
-0.4969625126  
3.793873883  
6.831910391  
8.260851577  
8.170550168  
7.019666006  
5.448818481  
4.048610184  
3.162634925  
2.79353686  
2.643826091  
2.274954221  
1.324556373  
-0.3009043  
-2.334198214  
-4.197497782  
-5.184893765  
-4.717849798  
-2.583982232  
0.9297286645  
5.065535095  
8.787526016  
11.08329897  
11.27939575  
9.266329607  
5.55546884  
1.143574058  
-2.776296118  
-5.167740659  
-5.456391026  
-3.691214709  
-0.5121614164  
3.062548136  
5.958322543  
7.370591781  
6.992389881  
5.075098626  
2.310726249  
-0.4176982359  
-2.330516318  
-2.993415782  
-2.432299397  
-1.09220973  
0.3356926441  
1.153701891  
0.8811843807  
-0.6083392734  
-3.072903213  
-6.003067253  
-8.793322005  
-10.92071647  
-12.07249767  
-12.18916824  
-11.42285422  
-10.04024079  
-8.314225059  
-6.445044049  
-4.533278948  
-2.602606661  
-0.6500926917  
1.305902693  
3.203855893  
4.950167618  
6.451798209  
7.647629541  
8.516797575  
9.055371026  
9.231690233  
8.94645113  
8.027744655  
6.280087325  
3.583209844  
0.009830381654  
-4.086410405  
-8.062087419  
-11.08264499  
-12.3205141  
-11.20453998  
-7.643981042  
-2.145936232  
4.230458201  
10.09210636  
14.05478191  
15.11723047  
12.95442955  
8.034948364  
1.517233001  
-5.053444736  
-10.16220746  
-12.73295426  
-12.40562046  
-9.599944893  
-5.350197465  
-0.967169498  
2.36300351  
3.916645125  
3.604732886  
1.934593344  
-0.213456803  
-1.909629154  
-2.484516072  
-1.722424662  
0.1189995311  
2.456448249  
4.630697932  
6.159930373  
6.901412474  
7.064220772  
7.073732155  
7.345315016  
8.059423047  
9.030292512  
9.725904336  
9.440328522  
7.561355249  
3.838029905  
-1.45198351  
-7.50367048  
-13.16628862  
-17.25448684  
-18.89169756  
-17.77468412  
-14.27168354  
-9.319825859  
-4.15254075  
0.0576012904  
2.528652789  
3.069991791  
2.095470184  
0.4513842713  
-0.8797845006  
-1.102028395  
0.147148497  
2.698748359  
5.925987593  
8.957073246  
10.9525765  
11.35727396  
10.05045243  
7.355771588  
3.918653695  
0.4997733382  
-2.244858544  
-3.929025975  
-4.502142476  
-4.206818289  
-3.454025725  
-2.664824805  
-2.132793137  
-1.948625825  
-2.004144562  
-2.065762613  
-1.886424584  
-1.315886555  
-0.3732872091  
0.7396685936  
1.687367302  
2.095345153  
1.664470642  
0.2730541159  
-1.96012161  
-4.669255386  
-7.296068375  
-9.197043268  
-9.783524728  
-8.666652224  
-5.775448853  
-1.418373237  
3.732836278  
8.74362083  
12.58925571  
14.36849182  
13.51258646  
9.939427853  
4.110381701  
-3.032121067  
-10.23970201  
-16.20974202  
-19.85596692  
-20.53298832  
-18.1604809  
-13.21849031  
-6.619269151  
0.5072363658  
7.056401587  
12.1596541  
15.31639681  
16.42707055  
15.73674663  
13.72130855  
10.95761032  
8.013286482  
5.375380747  
3.417104901  
2.387427755  
2.404215532  
3.439143477  
5.297023689  
7.605976929  
9.840610114  
11.39375153  
11.69495945  
10.35221297  
7.276296821  
2.743809324  
-2.63207414  
-8.026685053  
-12.59613852  
-15.68258513  
-16.9699469  
-16.54092008  
-14.81779717  
-12.4089564  
-9.915615028  
-7.76703045  
-6.140663552  
-4.990571067  
-4.164211874  
-3.551573965  
-3.195603082  
-3.306807157  
-4.1636285  
-5.930152634  
-8.464557009  
-11.20755721  
-13.22131192  
-13.3990892  
-10.80115528  
-5.015818864  
3.580974213  
13.77585082  
23.72671499  
31.39493597  
35.08630885  
33.93882269  
28.19952588  
19.190596  
8.959987786  
-0.2862287668  
-6.798722358  
-9.755411172  
-9.439109576  
-7.067003236  
-4.330123174  
-2.796929022  
-3.380182691  
-6.044591771  
-9.850642237  
-13.31498486  
-14.95910753  
-13.8533105  
-9.965000046  
-4.188824787  
1.952097468  
6.828763927  
9.267887818  
8.952796572  
6.519568889  
3.311475985  
0.8762851829  
0.3839677691  
2.173521628  
5.595205371  
9.212513438  
11.30161114  
10.47911634  
6.239670601  
-0.7891272927  
-8.973120897  
-16.14863701  
-20.29852821  
-20.20502881  
-15.86168488  
-8.504711626  
-0.2498494831  
6.549043957  
10.0124324  
9.29016733  
4.7857032  
-2.012767462  
-9.02713598  
-14.2397372  
-16.2853078  
-14.79988236  
-10.43144112  
-4.534079123  
1.328815708  
5.891852454  
8.534628669  
9.366143981  
9.04422979  
8.422185941  
8.170259071  
8.518108177  
9.208754756  
9.667785913  
9.307245147  
7.83307483  
5.426739295  
2.723618403  
0.5924971212  
-0.199641853  
0.6940448094  
3.02698518  
6.006129358  
8.551199929  
9.676401025  
8.855111745  
6.22983085  
2.583187461  
-0.9275940413  
-3.182678725  
-3.510860896  
-1.948854799  
0.7515474244  
3.379521003  
4.699922355  
3.914699785  
0.9843603741  
-3.31239189  
-7.613208127  
-10.42975208  
-10.67629586  
-8.086846706  
-3.371104755  
1.955633998  
6.024448442  
7.206320108  
4.656284189  
-1.370460749  
-9.537709813  
-17.78312593  
-23.90228583  
-26.18309267  
-23.89748257  
-17.50432765  
-8.50933829  
0.9661691779  
8.769930165  
13.27963445  
13.78047083  
10.56522845  
4.753247046  
-2.091399032  
-8.409482948  
-13.02548599  
-15.35539207  
-15.40956127  
-13.6265643  
-10.6235488  
-6.963780988  
-3.020191739  
1.033006221  
5.122340828  
9.132505349  
12.79440027  
15.66246811  
17.20133075  
16.95623505  
14.74642649  
10.80768141  
5.823966823  
0.8232138688  
-3.043926641  
-4.785358723  
-3.831741102  
-0.2098621367  
5.423759915  
11.90023271  
17.77883187  
21.65348678  
22.4548885  
19.68266294  
13.52112203  
4.819106527  
-5.057944584  
-14.47240639  
-21.80905384  
-25.76700897  
-25.59803146  
-21.24890474  
-13.38073323  
-3.25805983  
7.476317841  
17.10180999  
24.13892918  
27.62167516  
27.26439343  
23.48476718  
17.27673873  
9.963289183  
2.889643452  
-2.866867725  
-6.698634146  
-8.534533621  
-8.763269007  
-8.045729146  
-7.079547975  
-6.390019249  
-6.209138733  
-6.472941939  
-6.926529188  
-7.290166018  
-7.420202276  
-7.4022523  
-7.539525836  
-8.237972253  
-9.828209099  
-12.38919021  
-15.64091431  
-18.95231401  
-21.47252287  
-22.35180057  
-20.98664673  
-17.21305527  
-11.38591517  
-4.317191449  
2.910979345  
9.203901924  
13.7076548  
15.98647516  
16.07833056  
14.42200906  
11.68824643  
8.57448263  
5.628754191  
3.152879151  
1.20413256  
-0.3202045599  
-1.558066914  
-2.570403604  
-3.285148062  
-3.516705124  
-3.050074701  
-1.753969699  
0.3237218391  
2.918048289  
5.585397426  
7.808862789  
9.136765171  
9.308292498  
8.324452662  
6.44139482  
4.089996615  
1.750367945  
-0.1755575502  
-1.451631286  
-2.029465345  
-2.003937476  
-1.525866636  
-0.7107910427  
0.4168544693  
1.919620585  
3.882907424  
6.316071257  
9.060610993  
11.74858459  
13.83921117  
14.73470641  
13.94644369  
11.26107243  
6.850214675  
1.281088195  
-4.585569156  
-9.788158759  
-13.49480147  
-15.2044727  
-14.85799764  
-12.82486152  
-9.770658857  
-6.447949313  
-3.478268998  
-1.195813294  
0.3975146126  
1.553921419  
2.609562071  
3.786598575  
5.043191304  
6.032497605  
6.194471688  
4.956893329  
1.980146274  
-2.641022808  
-8.297548298  
-13.95058887  
-18.36988206  
-20.46160372  
-19.58643697  
-15.7646639  
-9.696015063  
-2.578675957  
4.223101707  
9.561656471  
12.81746979  
14.03769907  
13.85423201  
13.20642458  
12.96066078  
13.55711531  
14.80955254  
15.93594488  
15.82104927  
13.43116222  
8.243919038  
0.5428006671  
-8.536866665  
-17.24565257  
-23.68327128  
-26.35030989  
-24.61481008  
-18.93958106  
-10.78732945  
-2.221984437  
4.676918592  
8.40682948  
8.456073968  
5.408289754  
0.7054030949  
-3.852240985  
-6.704072422  
-7.02900143  
-4.98270858  
-1.596435883  
1.624993652  
3.266330392  
2.531444688  
-0.4450420095  
-4.614877868  
-8.360819979  
-10.05468799  
-8.639477489  
-4.034607325  
2.779436124  
10.03390374  
15.71785695  
18.2191664  
16.8474574  
12.0630288  
5.332738338  
-1.341581304  
-6.066478467  
-7.658026813  
-6.000551494  
-2.044041757  
2.556688829  
6.036775705  
7.146270445  
5.590781748  
2.135513706  
-1.665636767  
-4.026423989  
-3.582320768  
0.08095694889  
6.208448043  
13.0490888  
18.37396446  
20.17750807  
17.33729616  
10.01874988  
-0.3087269026  
-11.2546976  
-20.17454364  
-24.91708129  
-24.42700866  
-19.02451911  
-10.28657167  
-0.5767437724  
7.626202339  
12.3976174  
12.84242424  
9.253695828  
2.933156009  
-4.247141797  
-10.39362422  
-14.08428596  
-14.67340673  
-12.34556229  
-7.937882096  
-2.615160765  
2.486273274  
6.538807226  
9.161360808  
10.40342117  
10.6131825  
10.25592936  
9.749939692  
9.365373949  
9.199130082  
9.208752712  
9.272457406  
9.243330471  
8.980069279  
8.35553292  
7.257834923  
5.601121774  
3.353883659  
0.5773792876  
-2.546104291  
-5.718474625  
-8.578090702  
-10.79306375  
-12.16849997  
-12.72738609  
-12.727092  
-12.59208282  
-12.77353077  
-13.57664259  
-15.0150021  
-16.74954962  
-18.14615213  
-18.44693917  
-17.00982353  
-13.54198876  
-8.248615442  
-1.840147727  
4.615509756  
9.959363509  
13.24948844  
14.01767955  
12.39487657  
9.065493893  
5.064134062  
1.477497059  
-0.8565948037  
-1.561688137  
-0.7851516203  
0.9021494605  
2.73007778  
4.000728958  
4.319045234  
3.710986584  
2.596931893  
1.635203369  
1.491097961  
2.607121198  
5.04570142  
8.449059752  
12.12263148  
15.21114176  
16.91221423  
16.66703144  
14.28098493  
9.9524868  
4.215927167  
-2.174398317  
-8.383573567  
-13.62649005  
-17.26922435  
-18.89517592  
-18.33974914  
-15.7005071  
-11.32671283  
-5.786550325  
0.1929289666  
5.816080451  
10.33403067  
13.16893727  
14.02168839  
12.93509259  
10.29127328  
6.737220363  
3.05153288  
-0.01758952276  
-1.904356638  
-2.331142599  
-1.345009222  
0.7184661844  
3.328198136  
5.878696783  
7.807634503  
8.685243207  
8.264184724  
6.492277545  
3.499608721  
-0.4267448274  
-4.872351334  
-9.329746275  
-13.24396222  
-16.07650198  
-17.38809915  
-16.92919441  
-14.71601589  
-11.06502678  
-6.563676667  
-1.970922394  
1.937534523  
4.543553336  
5.533199476  
4.971149442  
3.276332154  
1.100674001  
-0.856969896  
-2.047877293  
-2.22225725  
-1.483962837  
-0.2341316353  
0.9781253319  
1.649933285  
1.500886449  
0.5739526017  
-0.7720439063  
-1.976380653  
-2.460267328  
-1.821512163  
0.02235999866  
2.788074644  
5.891953501  
8.605713106  
10.25414608  
10.39448887  
8.925275574  
6.096259586  
2.422619456  
-1.46453341  
-4.982514586  
-7.727031612  
-9.533634847  
-10.46112674  
-10.71289698  
-10.52995296  
-10.0946445  
-9.476198908  
-8.631479565  
-7.454499463  
-5.852022627  
-3.815653172  
-1.464351071  
0.9571816569  
3.123418649  
4.701991613  
5.434710104  
5.203167259  
4.062584529  
2.237147434  
0.07993868915  
-1.991952538  
-3.573015826  
-4.341277083  
-4.114559608  
-2.882203413  
-0.8070394879  
1.803876726  
4.556764216  
7.048627031  
8.95110831  
10.08282998  
10.45152791  
10.2514373  
9.810901021  
9.498420487  
9.608945788  
10.26147359  
11.34028867  
12.50325761  
13.26302709  
13.12499365  
11.74612737  
9.067966124  
5.379492672  
1.282473328  
-2.441372003  
-5.032010757  
-5.96852786  
-5.139724397  
-2.913357709  
-0.07492967952  
2.357534863  
3.39991825  
2.380550238  
-0.8462591968  
-5.8154916  
-11.52715737  
-16.67166101  
-19.95243245  
-20.42453408  
-17.76001491  
-12.36665156  
-5.322922693  
1.86067877  
7.597886975  
10.611944  
10.25163254  
6.655634259  
0.7208086717  
-6.1195386  
-12.25150235  
-16.27896091  
-17.36103377  
-15.40098778  
-11.03860293  
-5.451265523  
-0.02104504515  
4.038291841  
5.9900484  
5.734238443  
3.777094635  
1.025549676  
-1.526199806  
-3.118982228  
-3.458616046  
-2.781843482  
-1.738617234  
-1.13054593  
-1.59297678  
-3.328630987  
-5.986450084  
-8.733627442  
-10.50569146  
-10.35888725  
-7.811051666  
-3.055361605  
3.032285764  
9.107274548  
13.73453444  
15.81762683  
14.94355063  
11.53008175  
6.721763633  
2.05962979  
-0.9772149159  
-1.416974168  
0.9121682405  
5.334855811  
10.54225065  
14.99887938  
17.41321536  
17.12290495  
14.27435113  
9.74436131  
4.836046626  
0.8540252111  
-1.29908755  
-1.373928181  
0.2027593634  
2.53043311  
4.582403041  
5.571647826  
5.205409383  
3.742485275  
1.840101381  
0.2539156242  
-0.492219318  
-0.3397576953  
0.258986207  
0.5049228798  
-0.4305445584  
-3.050388222  
-7.27215109  
-12.36667082  
-17.13031198  
-20.24327179  
-20.6982807  
-18.15516309  
-13.09703882  
-6.728199245  
-0.6392201792  
3.656872776  
5.169784237  
3.716519897  
-0.04366644025  
-4.830809991  
-9.145987156  
-11.72081271  
-11.8713966  
-9.65049335  
-5.762425659  
-1.284776084  
2.698441161  
5.425422261  
6.642832757  
6.602169612  
5.888233193  
5.15831615  
4.895267863  
5.262747288  
6.104596699  
7.071337133  
7.80822042  
8.11939842  
8.038075322  
7.775907594  
7.578464104  
7.555314263  
7.566446382  
7.2253494  
6.031357544  
3.588264443  
-0.1749632884  
-4.874728894  
-9.700490009  
-13.60926276  
-15.63287445  
-15.19618064  
-12.33206088  
-7.708803609  
-2.447997164  
2.21468305  
5.314781684  
6.458129304  
5.926964986  
4.551364839  
3.386493694  
3.306731658  
4.660865881  
7.114994554  
9.746545959  
11.3647662  
10.95095447  
8.064926263  
3.070118515  
-2.91197101  
-8.316007714  
-11.62007928  
-11.84713162  
-8.91146835  
-3.688416899  
2.225000963  
6.98803601  
9.082172367  
7.783172624  
3.386309338  
-2.888292953  
-9.279466835  
-14.03358085  
-15.94147047  
-14.69316414  
-10.94169184  
-6.062988374  
-1.697245353  
0.7751186501  
0.6534021789  
-1.897370697  
-5.943840289  
-10.12070383  
-13.08611254  
-13.94279539  
-12.48997396  
-9.233102519  
-5.161699278  
-1.381393893  
1.269404515  
2.489134591  
2.583599904  
2.322017586  
2.635215781  
4.26263717  
7.467607082  
11.91375623  
16.73988338  
20.80580517  
23.02887545  
22.70592329  
19.72458907  
14.6057926  
8.3720012  
2.286155061  
-2.460638411  
-5.026842112  
-5.094934603  
-2.907742616  
0.8290601836  
5.14141064  
9.022895915  
11.65484516  
12.56459349  
11.6953693  
9.382510523  
6.24879716  
3.044755885  
0.467284506  
-1.007247023  
-1.241053328  
-0.4766031076  
0.7132647991  
1.563748529  
1.32070009  
-0.5369791941  
-4.112095303  
-8.997022106  
-14.31335008  
-18.89012149  
-21.54838368  
-21.42441931  
-18.2441184  
-12.46498749  
-5.231816678  
1.859079029  
7.137211065  
9.282307392  
7.681378619  
2.616526107  
-4.775341719  
-12.76762464  
-19.46761309  
-23.28654555  
-23.33025097  
-19.60646862  
-12.99654597  
-5.005156137  
2.637775489  
8.411031076  
11.35535611  
11.25814138  
8.633367912  
4.519348039  
0.1646162868  
-3.303626146  
-5.139188129  
-5.105058253  
-3.453993595  
-0.7879572451  
2.147653685  
4.670130541  
6.312043381  
6.891380502  
6.498843921  
5.424746608  
4.058889348  
2.794773962  
1.958240608  
1.766390638  
2.311634796  
3.561361369  
5.366267428  
7.47628581  
9.568198636  
11.28943658  
12.31745546  
12.42552973  
11.53799052  
9.755624962  
7.337351599  
4.637215493  
2.011485202  
-0.2764033643  
-2.121140703  
-3.586464036  
-4.85442578  
-6.127895744  
-7.519689737  
-8.9698851  
-10.22609785  
-10.90135778  
-10.59682962  
-9.051547369  
-6.267771104  
-2.564658316  
1.466074965  
5.096603835  
7.653612843  
8.704071396  
8.175552095  
6.369747098  
3.862257729  
1.320234145  
-0.7017405429  
-1.918114844  
-2.366912511  
-2.342999718  
-2.233825905  
-2.318090312  
-2.60428374  
-2.77580283  
-2.274308888  
-0.504143134  
2.905627782  
7.872135976  
13.75076472  
19.40313029  
23.44099738  
24.58720002  
22.05090872  
15.80161158  
6.649985897  
-3.901736887  
-14.0081154  
-21.93381706  
-26.48316358  
-27.28145214  
-24.82631003  
-20.29624644  
-15.17698609  
-10.82092578  
-8.074001306  
-7.08098557  
-7.322264338  
-7.861043038  
-7.71349062  
-6.216762468  
-3.273204336  
0.6082357713  
4.484265427  
7.303213013  
8.274092175  
7.154274199  
4.358471712  
0.850775066  
-2.147241177  
-3.538995615  
-2.703157198  
0.3005948218  
4.735827055  
9.401684115  
12.98561309  
14.44557998  
13.30409783  
9.767061847  
4.637699681  
-0.93912596  
-5.816054578  
-9.15802945  
-10.63874813  
-10.46772006  
-9.253623774  
-7.760937014  
-6.64629961  
-6.260328044  
-6.571894525  
-7.226648448  
-7.706211754  
-7.524198054  
-6.389377206  
-4.284809977  
-1.446360638  
1.738920534  
4.867800239  
7.635873854  
9.89290013  
11.62628278  
12.89035454  
13.71968594  
14.06861479  
13.80567862  
12.76681792  
10.84560631  
8.082102285  
4.71122799  
1.146560373  
-2.099991133  
-4.537729019  
-5.81615096  
-5.804184915  
-4.605670508  
-2.510741508  
0.09472215284  
2.826635886  
5.374178011  
7.526941083  
9.160675281  
10.20248482  
10.60342484  
10.33926275  
9.442073334  
8.044691054  
6.406569886  
4.891066009  
3.881626783  
3.652236364  
4.234248287  
5.335364942  
6.3584918  
6.538465847  
5.1715074  
1.87168413  
-3.233586404  
-9.44899297  
-15.63880713  
-20.51816344  
-23.02958629  
-22.68725653  
-19.76984808  
-15.28310039  
-10.6849502  
-7.446432634  
-6.582940306  
-8.310070018  
-11.94601089  
-16.10633908  
-19.14065029  
-19.67591481  
-17.08885293  
-11.74546224  
-4.917981993  
1.604762565  
6.093104914  
7.450335573  
5.590958494  
1.489912541  
-3.122983386  
-6.329446034  
-6.664994244  
-3.621640736  
2.162076901  
9.094602634  
15.150407  
18.54486739  
18.3391481  
14.76891276  
9.180930366  
3.592855336  
0.01943819089  
-0.2103166296  
3.085545204  
8.860762915  
15.17189595  
19.81497025  
21.05724175  
18.21984432  
11.91531232  
3.858469772  
-3.688756544  
-8.655732224  
-9.840476737  
-7.301924007  
-2.337451  
2.946766219  
6.331210459  
6.216615413  
2.157323438  
-4.976627283  
-13.25763359  
-20.29220411  
-23.95453544  
-23.02975001  
-17.56924328  
-8.857160199  
0.9881062329  
9.64156979  
15.22862959  
16.81365345  
14.58607799  
9.710980507  
3.91513769  
-1.046844185  
-3.879041714  
-4.047215584  
-1.831966432  
1.852132034  
5.788114393  
8.823090262  
10.16125293  
9.515053183  
7.100094855  
3.507437866  
-0.485691348  
-4.104207529  
-6.719017352  
-7.930633471  
-7.599970401  
-5.844286762  
-3.012487372  
0.357374887  
3.605910425  
6.053653522  
7.132767208  
6.527350192  
4.28349521  
0.845291168  
-3.01384881  
-6.365238749  
-8.367730012  
-8.511895896  
-6.7874446  
-3.711780636  
-0.1981377677  
2.706166119  
4.134705876  
3.670833839  
1.481564541  
-1.730780628  
-4.946830802  
-7.148701285  
-7.63479203  
-6.227733955  
-3.309167696  
0.3252832223  
3.73562725  
6.134922953  
7.11099361  
6.699885793  
5.294835506  
3.436140068  
1.570668389  
-0.121051279  
-1.76081807  
-3.658066002  
-6.092433363  
-9.085540227  
-12.26306683  
-14.87782453  
-16.00510612  
-14.85451088  
-11.09283471  
-5.059447633  
2.214618988  
9.209654146  
14.29293227  
16.15733855  
14.18865088  
8.647649147  
0.6116907093  
-8.303287031  
-16.35163886  
-22.07239615  
-24.59022329  
-23.7287401  
-19.92852735  
-14.02501962  
-6.979830669  
0.3401579109  
7.274959694  
13.36673021  
18.27995579  
21.71577133  
23.38419562  
23.06311606  
20.72414839  
16.66412162  
11.56569233  
6.429602021  
2.368650302  
0.3117016966  
0.7115587039  
3.363659014  
7.41514831  
11.58309067  
14.52715559  
15.26256835  
13.47669552  
9.637808908  
4.850634879  
0.4988094091  
-2.210799343  
-2.649586356  
-0.9768413842  
1.916908039  
4.71687872  
6.138562023  
5.374626782  
2.379826497  
-2.105955264  
-6.806691451  
-10.3471805  
-11.72841218  
-10.67735725  
-7.749606055  
-4.147581844  
-1.314511352  
-0.4410941135  
-2.051849344  
-5.811421018  
-10.61692372  
-14.94678267  
-17.35160372  
-16.92679787  
-13.61448662  
-8.239649348  
-2.272133256  
2.607030563  
4.998234336  
4.18500942  
0.3296840792  
-5.584452316  
-12.03411665  
-17.36758919  
-20.22511125  
-19.85588152  
-16.26019671  
-10.14070477  
-2.69819084  
4.659878954  
10.62162474  
14.22033425  
14.99278952  
13.03347322  
8.950727411  
3.740884543  
-1.399460589  
-5.299383557  
-7.047528218  
-6.194565997  
-2.878417429  
2.169995263  
7.76371838  
12.52860825  
15.25188021  
15.22327238  
12.46809259  
7.78870381  
2.579632437  
-1.551143983  
-3.256074492  
-1.877478658  
2.306089931  
8.107933483  
13.74543448  
17.35503087  
17.55803375  
13.90120266  
7.028419006  
-1.478788903  
-9.5492296  
-15.22228798  
-17.21315907  
-15.26608656  
-10.1874495  
-3.555393388  
2.791891901  
7.316881925  
9.209084963  
8.545222562  
6.146693078  
3.203273861  
0.8100555962  
-0.4117709732  
-0.4781351333  
0.05740910227  
0.4121772289  
-0.03995411667  
-1.464386383  
-3.467675011  
-5.247694854  
-5.935312289  
-4.992272687  
-2.502980411  
0.7666821236  
3.584313202  
4.675304377  
3.207289146  
-0.8460789022  
-6.607343716  
-12.51716813  
-16.81412045  
-18.11295054  
-15.87940119  
-10.62914407  
-3.771813554  
2.853861353  
7.59596218  
9.54051373  
8.800584357  
6.4363635  
4.030115115  
3.065259576  
4.333083793  
7.585867994  
11.57144679  
14.44965367  
14.45324031  
10.5634507  
2.958316354  
-6.935017117  
-16.81746614  
-24.20858907  
-27.22246958  
-25.16676717  
-18.75941136  
-9.886707213  
-0.9829543952  
5.758166877  
9.072393452  
8.980783235  
6.695350247  
4.113430753  
3.082402558  
4.69555866  
8.868096842  
14.34350913  
19.12983626  
21.21445683  
19.30822613  
13.358093  
4.646164361  
-4.565535739  
-11.73016106  
-14.82109953  
-12.98030345  
-6.796758992  
1.873263394  
10.48034953  
16.55853739  
18.45121635  
15.75767262  
9.370960115  
1.116193176  
-6.872063405  
-12.81702295  
-15.79357482  
-15.90204804  
-14.09122418  
-11.71966714  
-10.02616464  
-9.69835388  
-10.68062355  
-12.26877775  
-13.43502927  
-13.24971915  
-11.24115974  
-7.568024985  
-2.954105384  
1.576016186  
5.052918683  
6.876596791  
6.979982021  
5.794943819  
4.049295558  
2.483209503  
1.596297173  
1.516488101  
2.028270179  
2.733335123  
3.266238276  
3.470367589  
3.460648827  
3.549440857  
4.070622125  
5.180178918  
6.72308891  
8.230968764  
9.062979938  
8.643972986  
6.711563554  
3.474594953  
-0.3864589992  
-3.89088415  
-6.051655222  
-6.195486207  
-4.198850491  
-0.5553890345  
3.754176784  
7.551410771  
9.816251516  
9.994320342  
8.156131905  
4.958683299  
1.425202727  
-1.382079083  
-2.688901586  
-2.232321184  
-0.3147728622  
2.319277084  
4.735105752  
6.101016564  
5.929099165  
