0.1647069048  
5.048524744  
10.37193149  
14.75330867  
17.03910436  
16.62426212  
13.61168433  
8.765007926  
3.271829693  
-1.608174476  
-4.902115214  
-6.181717641  
-5.645655416  
-4.00782539  
-2.23336942  
-1.210053824  
-1.459976461  
-2.980672132  
-5.261611936  
-7.465966868  
-8.716240092  
-8.391726482  
-6.344460831  
-2.96760017  
0.9033167584  
4.225001633  
6.046075825  
5.783666307  
3.397931717  
-0.5831792094  
-5.193314213  
-9.273385353  
-11.76606673  
-11.98171711  
-9.769486292  
-5.554197432  
-0.2347433199  
5.027143799  
9.074897382  
11.0190809  
10.43514741  
7.455572895  
2.739122047  
-2.673686272  
-7.586666375  
-10.90709605  
-11.88296582  
-10.26775027  
-6.376735262  
-1.02139598  
4.665387836  
9.475901608  
12.39115533  
12.80134399  
10.63193022  
6.345980359  
0.823450914  
-4.85123678  
-9.638963333  
-12.76988319  
-13.88683755  
-13.07673386  
-10.79009743  
-7.679694328  
-4.409816919  
-1.492372104  
0.8065198004  
2.470834432  
3.660599156  
4.594257197  
5.433283871  
6.210030427  
6.82129688  
7.084968665  
6.834234829  
6.011185057  
4.723095541  
3.239336933  
1.928791965  
1.158991706  
1.191118983  
2.105450151  
3.780039857  
5.926343  
8.166326068  
10.12338677  
11.49801842  
12.10845537  
11.89198752  
10.87786651  
9.151523771  
6.829020155  
4.051351267  
0.994851376  
-2.117046939  
-5.018706407  
-7.435400102  
-9.142374666  
-10.0321993  
-10.16296344  
-9.76109433  
-9.165926885  
-8.724698283  
-8.668539263  
-9.013129217  
-9.525588985  
-9.780345902  
-9.296640369  
-7.718816181  
-4.979671605  
-1.385667978  
2.416479544  
5.5947553  
7.368845833  
7.25732895  
5.252935295  
1.861458719  
-2.01891484  
-5.34896037  
-7.255949139  
-7.299844781  
-5.609592176  
-2.840276265  
0.040258196  
2.069396983  
2.609213444  
1.56066793  
-0.6017748554  
-2.990759788  
-4.611874274  
-4.714113675  
-3.066582566  
-0.06498421268  
3.373351063  
6.096713828  
7.097046342  
5.854622991  
2.533582678  
-2.039932509  
-6.614355175  
-9.890216581  
-10.91758333  
-9.385131126  
-5.707778445  
-0.8858798721  
3.816018459  
7.264377977  
8.796603816  
8.397033627  
6.656775944  
4.53821364  
3.029552213  
2.809307266  
4.033628278  
6.314061535  
8.885840392  
10.9006808  
11.73633967  
11.21193857  
9.633790471  
7.658571148  
6.026567901  
5.264570488  
5.468921245  
6.250770461  
6.867432048  
6.496674621  
4.558212681  
0.967325051  
-3.773461992  
-8.684381146  
-12.59076118  
-14.48811929  
-13.87006913  
-10.9090673  
-6.427162485  
-1.662560371  
2.09534573  
3.886874968  
3.358674217  
0.8504723706  
-2.731481112  
-6.209300083  
-8.499357564  
-8.93271358  
-7.432556428  
-4.501116934  
-1.031295999  
1.986732895  
3.764880364  
3.928437687  
2.581092117  
0.2177083286  
-2.4706571  
-4.82384768  
-6.393464319  
-7.023833662  
-6.821008339  
-6.039665548  
-4.945011117  
-3.709895537  
-2.386525132  
-0.9567919233  
0.5703030416  
2.067072904  
3.253064283  
3.746571462  
3.193016274  
1.426048733  
-1.402768027  
-4.785273027  
-7.940165761  
-10.00661234  
-10.29374028  
-8.506126319  
-4.866729158  
-0.08815304176  
4.808496366  
8.776656855  
11.04253843  
11.32362027  
9.896144515  
7.488536301  
5.034661679  
3.367364491  
2.952838977  
3.753115772  
5.261172385  
6.695424296  
7.28676473  
6.56028163  
4.515551812  
1.643731108  
-1.225320511  
-3.195201381  
-3.603522104  
-2.250185507  
0.5232486622  
3.930182238  
6.980332521  
8.786906915  
8.83965408  
7.155933773  
4.262823926  
1.018951681  
-1.663442201  
-3.104891164  
-3.061856203  
-1.784594083  
0.0834468809  
1.726400867  
2.421528934  
1.763222126  
-0.2232676479  
-3.107898218  
-6.20453866  
-8.786748343  
-10.29741626  
-10.48679673  
-9.44243759  
-7.513652225  
-5.168281687  
-2.838672942  
-0.8114844727  
0.8058856957  
2.041444553  
2.966526414  
3.601669141  
3.864592245  
3.585006142  
2.5818744  
0.7715396855  
-1.739897496  
-4.623148463  
-7.373971196  
-9.43530553  
-10.35656393  
-9.936547125  
-8.298546502  
-5.86706132  
-3.248146341  
-1.048686301  
0.3080085943  
0.7098712734  
0.3840967881  
-0.1850645923  
-0.422876733  
0.1388636958  
1.698669978  
4.109334425  
6.913672306  
9.480136727  
11.1939496  
11.64204143  
10.73309754  
8.716217562  
6.09534109  
3.470211346  
1.357297107  
0.04839974642  
0.8837007632  
2.584356448  
3.873476901  
4.611277081  
4.741618204  
4.321236403  
3.526042423  
2.627201036  
1.937424222  
1.736850241  
2.195841523  
3.316128083  
4.910049314  
6.629637489  
8.044238544  
8.750542434  
8.486789612  
7.217904233  
5.163070681  
2.751641349  
0.5140699874  
-1.064583014  
-1.686613124  
-1.33490442  
-0.2851479555  
0.9718018215  
1.878018301  
1.983538149  
1.09343211  
-0.6619935122  
-2.860177886  
-4.915974902  
-6.269137484  
-6.569747396  
-5.799780312  
-4.288047127  
-2.609960155  
-1.402317512  
-1.153125247  
-2.037002185  
-3.853366896  
-6.091123327  
-8.100785605  
-9.317339339  
-9.457888398  
-8.624560074  
-7.273829142  
-6.058524341  
-5.593002179  
-6.220232832  
-7.861342327  
-10.00261323  
-11.82986993  
-12.47090945  
-11.26977356  
-8.004857682  
-2.980334575  
3.038641504  
9.026074568  
13.96677875  
17.11470979  
18.16064602  
17.26475879  
14.95554212  
11.93975418  
8.893087863  
6.300905118  
4.393404494  
3.180792937  
2.556106105  
2.410664141  
2.707615783  
3.481870939  
4.769930673  
6.506663396  
8.443824261  
10.13963676  
11.04146358  
10.64479743  
8.676563167  
5.233784067  
0.8176094096  
-3.763837441  
-7.603987084  
-9.955262682  
-10.45052947  
-9.210875109  
-6.797966596  
-4.02213017  
-1.668781269  
-0.2369803667  
0.2172045184  
0.0743141028  
-0.01959447969  
0.5688301753  
2.173362608  
4.638403278  
7.301936047  
9.168887601  
9.226129691  
6.798387217  
1.82547125  
-5.037317814  
-12.53838824  
-19.14028283  
-23.42992441  
-24.50363518  
-22.20885676  
-17.17000763  
-10.59436639  
-3.922741882  
1.56401722  
5.062321544  
6.396425106  
5.969462749  
4.54758262  
2.960920099  
1.82570106  
1.376399777  
1.452739857  
1.630213114  
1.434394764  
0.554941087  
-1.018254152  
-2.981013544  
-4.820532986  
-5.995660252  
-6.122734769  
-5.100321305  
-3.132133118  
-0.6464557117  
1.85260823  
3.944873689  
5.40787783  
6.24877455  
6.650860667  
6.862735688  
7.076927163  
7.344965122  
7.558410391  
7.498329774  
6.929529309  
5.700925222  
3.813979165  
1.436370784  
-1.139518345  
-3.57311877  
-5.556417356  
-6.870882989  
-7.406340067  
-7.145712598  
-6.133790114  
-4.452331542  
-2.216361571  
0.4086113315  
3.184344625  
5.796450235  
7.889441263  
9.144020225  
9.378740468  
8.640417801  
7.242080309  
5.718631555  
4.696426267  
4.705298109  
5.988239936  
8.373929045  
11.26469356  
13.7596138  
14.88899588  
13.89696156  
10.48746758  
4.954436408  
-1.851484915  
-8.718021261  
-14.37624142  
-17.82802833  
-18.60043363  
-16.85308989  
-13.30983542  
-9.039246271  
-5.153351369  
-2.515668462  
-1.542004465  
-2.144446172  
-3.821973226  
-5.856364391  
-7.543829072  
-8.389036178  
-8.208352634  
-7.124159433  
-5.46938121  
-3.64757094  
-2.001672993  
-0.7329708179  
0.1126101056  
0.6008335688  
0.8372856425  
0.901981765  
0.8162232467  
0.5495718078  
0.05633565215  
-0.680578658  
-1.620821757  
-2.665275224  
-3.679996904  
-4.530960993  
-5.110883526  
-5.345265802  
-5.177489953  
-4.546191195  
-3.374991997  
-1.591130164  
0.8243835894  
3.770649537  
6.975128352  
9.989498435  
12.25458426  
13.23125457  
12.5657621  
10.23676334  
6.627023118  
2.480163519  
-1.262379987  
-3.707344082  
-4.268150423  
-2.8532727  
0.08268029148  
3.651892199  
6.784303474  
8.543120016  
8.406238557  
6.422102688  
3.187091235  
-0.3504282431  
-3.196312759  
-4.6261515  
-4.405007125  
-2.838376462  
-0.6388866804  
1.343128047  
2.429741218  
2.356495755  
1.358915442  
0.07365528135  
-0.7105308359  
-0.3626604465  
1.331972891  
4.059847571  
7.057903736  
9.359326733  
10.12280498  
8.930379101  
5.948126807  
1.890602169  
-2.201994566  
-5.299274536  
-6.714110886  
-6.319284996  
-4.572612921  
-2.342234308  
-0.5932485095  
-0.04523972273  
-0.9203592062  
-2.870024751  
-5.105990564  
-6.690134128  
-6.881898072  
-5.421803888  
-2.651209175  
0.5755758697  
3.159605503  
4.117327583  
2.912472266  
-0.3505939058  
-4.936055078  
-9.685402459  
-13.35789467  
-14.99371874  
-14.18641733  
-11.18342021  
-6.790805222  
-2.12057842  
1.734566849  
3.997245741  
4.386890356  
3.143772859  
0.9046743528  
-1.51636001  
-3.366067941  
-4.136827468  
-3.653001226  
-2.051149125  
0.3189728466  
3.025535418  
5.670101529  
7.955752989  
9.700577573  
10.81157152  
11.24586696  
10.98441482  
10.03071042  
8.430478872  
6.2957463  
3.813524773  
1.226816191  
-1.210550781  
-3.289901121  
-4.892191564  
-6.001918116  
-6.683743861  
-7.031455545  
-7.111723777  
-6.928608453  
-6.426838124  
-5.534997404  
-4.231252261  
-2.601579103  
-0.8602027489  
0.6852533362  
1.719397376  
2.02848818  
1.592945208  
0.623605619  
-0.4801340478  
-1.244317152  
-1.272446297  
-0.3838202238  
1.312796637  
3.441273933  
5.47412931  
6.90623309  
7.426953424  
7.028935442  
6.011763897  
4.87494112  
4.134604081  
4.127575263  
4.873563975  
6.048398354  
7.083169951  
7.359562544  
6.436043351  
4.225934295  
1.062532772  
-2.376335182  
-5.263819134  
-6.87720999  
-6.825237297  
-5.173358419  
-2.424707936  
0.6373175467  
3.192274691  
4.630868448  
4.726649761  
3.676961255  
2.00414857  
0.3555044765  
-0.7264516261  
-0.9840732813  
-0.51565153  
0.2821291563  
0.8745444268  
0.7914641165  
-0.2007858688  
-2.017575978  
-4.289496079  
-6.49479691  
-8.140102401  
-8.923772614  
-8.825297756  
-8.092860311  
-7.138667204  
-6.384010742  
-6.111729133  
-6.377982482  
-7.010935729  
-7.690910667  
-8.077234151  
-7.932089719  
-7.196030585  
-5.990882184  
-4.55488727  
-3.140675931  
-1.919289045  
-0.9286598617  
-0.0851213802  
0.750028255  
1.679675997  
2.69627067  
3.657288883  
4.324071117  
4.4511374  
3.891797139  
2.67779109  
1.039416007  
-0.6453405543  
-1.957002212  
-2.558854639  
-2.294417987  
-1.222865215  
0.4195936593  
2.316181952  
4.185544323  
5.871430347  
7.370712626  
8.78900899  
10.24279522  
11.74991869  
13.15765396  
14.14535524  
14.31100883  
13.31766888  
11.04917178  
7.715276045  
3.858918517  
0.2493633205  
-2.315564322  
-3.241090776  
-2.327605894  
0.1420043552  
3.454539234  
6.649279779  
8.780415677  
9.181216753  
7.649981885  
4.501194658  
0.4668962026  
-3.520501528  
-6.596756041  
-8.204230126  
-8.230239485  
-7.008415429  
-5.189493816  
-3.527614015  
-2.651510701  
-2.890612263  
-4.204662654  
-6.230301039  
-8.420926232  
-10.22898891  
-11.27076365  
-11.42397014  
-10.8338134  
-9.833879718  
-8.814490475  
-8.084852887  
-7.773174955  
-7.793227008  
-7.882620544  
-7.695620882  
-6.918219279  
-5.36960996  
-3.061700952  
-0.2032082823  
2.848204112  
5.668600605  
7.861283943  
9.137835763  
9.369891958  
8.604427505  
7.044423247  
5.003447817  
2.845903147  
0.9247218085  
-0.4732725051  
-1.16691825  
-1.100441308  
-0.3415224709  
0.9409395678  
2.514791459  
4.130510714  
5.565396357  
6.656474238  
7.315346184  
7.523199627  
7.30999336  
6.726791065  
5.822107565  
4.631315666  
3.182848232  
1.51792116  
-0.2855168012  
-2.096744705  
-3.734323056  
-4.990329648  
-5.672575462  
-5.653125449  
-4.90782777  
-3.533216607  
-1.733896507  
0.2170463752  
2.033229721  
3.469517148  
4.360477517  
4.6336795  
4.298128684  
3.416999934  
2.078749043  
0.3797101005  
-1.575267474  
-3.656968782  
-5.692099517  
-7.454918998  
-8.682746941  
-9.119252469  
-8.5777205  
-7.006382039  
-4.533236315  
-1.471085307  
1.725756585  
4.546903878  
6.533322735  
7.378408814  
6.994893529  
5.529156872  
3.319701081  
0.8126191635  
-1.541452323  
-3.380751268  
-4.493193675  
-4.833372136  
-4.498519719  
-3.677593619  
-2.592779044  
-1.450674388  
-0.4128374671  
0.4140372824  
0.9753956189  
1.26296246  
1.312288432  
1.203874429  
1.061901792  
1.041944882  
1.301761024  
1.956739682  
3.030732588  
4.41965675  
5.885815159  
7.093834036  
7.68600636  
7.380171394  
6.062169939  
3.84251782  
1.054834945  
-1.809736209  
-4.217766174  
-5.72706665  
-6.099562041  
-5.359485264  
-3.779046441  
-1.796309178  
0.1087903086  
1.541558381  
2.284171482  
2.326109577  
1.828975414  
1.043325589  
0.2103936508  
-0.5153474764  
-1.096707826  
-1.590364647  
-2.083576186  
-2.620299052  
-3.149851033  
-3.522136348  
-3.534930612  
-3.017489727  
-1.919165624  
-0.3672491996  
1.332527252  
2.760038122  
3.493552225  
3.23714025  
1.921557878  
-0.2555393535  
-2.865513879  
-5.352167239  
-7.17276957  
-7.935461734  
-7.493888112  
-5.974278568  
-3.731567999  
-1.251985624  
0.9668089151  
2.524422181  
3.189858574  
2.926460474  
1.874370203  
0.30557096  
-1.431045582  
-2.962208002  
-3.936408024  
-4.067001667  
-3.177210034  
-1.247242415  
1.545371207  
4.809394859  
7.967079054  
10.33728433  
11.27094614  
10.31475793  
7.361793416  
2.741200018  
-2.791873187  
-8.180949305  
-12.28933109  
-14.16750523  
-13.29686319  
-9.739666526  
-4.14707659  
2.384752811  
8.576735371  
13.27774624  
15.73912629  
15.77693087  
13.77849246  
10.55541863  
7.089997396  
4.25199116  
2.568949772  
2.113834085  
2.535703621  
3.214699372  
3.485979645  
2.859650296  
1.169747303  
-1.388044156  
-4.332797678  
-7.056037634  
-9.005264328  
-9.834699686  
-9.480531091  
-8.14597673  
-6.211637691  
-4.108466736  
-2.197902675  
-0.6953455382  
0.3464256525  
0.9998111638  
1.394353142  
1.648183826  
1.82382211  
1.919578125  
1.891946369  
1.692724822  
1.301462151  
0.7392383532  
0.06084747965  
-0.6666098402  
-1.38459574  
-2.05094009  
-2.630249779  
-3.073434524  
-3.301023822  
-3.205960035  
-2.684259906  
-1.688609644  
-0.2862713248  
1.305373141  
2.729760069  
3.559265213  
3.410444504  
2.075613229  
-0.3724923708  
-3.544503714  
-6.791160456  
-9.34926979  
-10.54279329  
-9.982751725  
-7.704125047  
-4.192113338  
-0.2810395016  
3.052729256  
4.948977249  
4.90032556  
2.898931565  
-0.5500625334  
-4.553000308  
-8.054775648  
-10.10432892  
-10.08533818  
-7.85200683  
-3.739979829  
1.54032466  
7.088579208  
12.02077513  
15.6414759  
17.54487303  
17.63447199  
16.07700276  
13.22208458  
9.520782306  
5.464896438  
1.551041623  
-1.742673549  
-3.986571442  
-4.850260369  
-4.173964513  
-2.041949725  
1.172905577  
4.824882205  
8.089095207  
10.12593264  
10.28186989  
8.272716999  
4.291909011  
-0.9976980593  
-6.598375983  
-11.41023452  
-14.50176127  
-15.34285674  
-13.93294461  
-10.78610165  
-6.777336205  
-2.895658034  
0.02264144082  
1.502310952  
1.520570745  
0.4609759667  
-1.047560034  
-2.348902635  
-2.962210493  
-2.705256314  
-1.704889615  
-0.3010013185  
1.11335461  
2.252821181  
3.041161736  
3.616871201  
4.243254409  
5.159601759  
6.433102422  
7.872482207  
9.043372542  
9.389097053  
8.421560234  
5.918894566  
2.059526619  
-2.560405048  
-7.043117675  
-10.4120754  
-11.87856746  
-11.07182037  
-8.160898353  
-3.828126235  
0.9013709957  
4.925589169  
7.349748571  
7.706400903  
6.050073068  
2.904102874  
-0.9174446812  
-4.553267025  
-7.327311416  
-8.90155113  
-9.309428348  
-8.870561684  
-8.025427114  
-7.152320333  
-6.430813996  
-5.796313041  
-4.996545708  
-3.724528202  
-1.776289442  
0.8260817894  
3.792514301  
6.621492752  
8.737699238  
9.664878653  
9.175444997  
7.365927941  
4.632349945  
1.553386936  
-1.279763488  
-3.430201717  
-4.723831139  
-5.26483824  
-5.355620753  
-5.351361353  
-5.502019272  
-5.838694245  
-6.145968521  
-6.031922865  
-5.073301086  
-2.986362517  
0.2362867939  
4.272555606  
8.52389614  
12.26163094  
14.82219421  
15.7897319  
15.1078667  
13.08507894  
10.2928424  
7.39055151  
4.934820692  
3.234757054  
2.298112763  
1.881432118  
1.621396497  
1.196921422  
0.461744013  
-0.5011022365  
-1.422502145  
-1.97138594  
-1.912224697  
-1.234313206  
-0.1994361879  
0.7172502396  
0.9796045363  
0.1868693401  
-1.755112776  
-4.552955735  
-7.57261463  
-10.00906306  
-11.13027611  
-10.51788205  
-8.222912987  
-4.779041701  
-1.06066319  
1.975266828  
3.583716787  
3.466680786  
1.868892598  
-0.502400046  
-2.712654045  
-3.91653053  
-3.651736075  
-2.010007043  
0.3775055182  
2.543102993  
3.51289844  
2.658243218  
-0.05008446683  
-3.976199438  
-7.974693755  
-10.72838695  
-11.16725191  
-8.836275684  
-4.09054707  
1.953634886  
7.707790834  
11.56020139  
12.35165033  
9.732527093  
4.289331533  
-2.602430487  
-9.158463195  
-13.68683376  
-15.06060977  
-13.02142731  
-8.225872953  
-2.025637462  
3.946357701  
8.25426068  
10.05603448  
9.302106261  
6.684310953  
3.362769489  
0.5664695545  
-0.8009460568  
-0.4257976807  
1.358518578  
3.730132425  
5.691383745  
6.42652675  
5.584926248  
3.398902724  
0.6026007525  
-1.815652775  
-2.941785689  
-2.236174044  
0.2905103944  
4.078146762  
8.188142118  
11.58369731  
13.42653418  
13.2970287  
11.27479286  
7.865592149  
3.811027581  
-0.1474415254  
-3.46967316  
-5.921659933  
-7.560927925  
-8.623175253  
-9.364115021  
-9.922162008  
-10.25466145  
-10.16854433  
-9.428101975  
-7.892377455  
-5.623324364  
-2.917509637  
-0.2438155545  
1.893679445  
3.11868837  
3.310892462  
2.649610867  
1.55316425  
0.53226381  
0.008108929071  
0.1605588631  
0.8628125508  
1.729143539  
2.261831673  
2.046574704  
0.9260818834  
-0.9134312012  
-2.979280737  
-4.626266901  
-5.278449078  
-4.642733481  
-2.837213645  
-0.3830684537  
1.945993808  
3.373575927  
3.389754535  
1.948735029  
-0.4765465059  
-3.009919135  
-4.629383187  
-4.490048837  
-2.211412335  
1.964723181  
7.201304307  
12.27659797  
15.9187575  
17.16472482  
15.63461218  
11.63772529  
6.078071451  
0.1890733822  
-4.820295823  
-8.099280221  
-9.368201084  
-8.949038452  
-7.610539106  
-6.282893577  
-5.736748329  
-6.330085208  
-7.902209798  
-9.844822748  
-11.32244031  
-11.56682804  
-10.14772307  
-7.131804268  
-3.079563082  
1.117029249  
4.502126351  
6.342510896  
6.342544265  
4.722282279  
2.13867333  
-0.5202423995  
-2.399497976  
-2.916156752  
-1.901926082  
0.3869689641  
3.384408092  
6.406091995  
8.84986818  
10.33957989  
10.77269513  
10.26937768  
9.056517981  
7.341587879  
5.230944997  
2.725855816  
-0.204386681  
-3.506752108  
-6.941207821  
-10.0442608  
-12.19109779  
-12.75115283  
-11.2939123  
-7.776371039  
-2.641328443  
3.221236022  
8.65553794  
12.52235833  
14.00365334  
12.83716142  
9.404837309  
4.640453709  
-0.2234082471  
-3.998276866  
-5.871831259  
-5.629158573  
-3.695589734  
-0.9874350504  
1.383908779  
2.463634367  
1.752553064  
-0.6384928053  
-4.025892867  
-7.369550337  
-9.600028254  
-9.954476878  
-8.217184297  
-4.791113366  
-0.579579867  
3.284081132  
5.774948778  
6.279689765  
4.773727453  
1.82161011  
-1.595829165  
-4.372285643  
-5.596307135  
-4.807082889  
-2.11439488  
1.845856521  
6.100208401  
9.609848307  
11.54612381  
11.49360913  
9.531074931  
6.178589757  
2.23661329  
-1.430495628  
-4.105251409  
-5.369693676  
-5.169499331  
-3.785874915  
-1.734813531  
0.3726603817  
1.972834768  
2.664312571  
2.277397197  
0.891761472  
-1.194130434  
-3.53245419  
-5.621601728  
-7.012984242  
-7.411780441  
-6.752307866  
-5.228954863  
-3.268367276  
-1.439353714  
-0.3126846118  
-0.2998994692  
-1.51281788  
-3.687818945  
-6.207903179  
-8.2316494  
-8.907084078  
-7.619264979  
-4.202799171  
0.947696641  
6.913500957  
12.43919825  
16.23218516  
17.29818549  
15.22027367  
10.29928657  
3.509134565  
-3.728069431  
-9.890054326  
-13.73183245  
-14.58881337  
-12.52254888  
-8.271236751  
-3.023578139  
1.915222046  
5.46755918  
7.040726431  
6.630171785  
4.750310864  
2.226363706  
-0.08002504002  
-1.524097018  
-1.836056641  
-1.145201593  
0.1235935601  
1.434997564  
2.341988042  
2.632147799  
2.378513604  
1.887545699  
1.571570415  
1.795707658  
2.753010766  
4.406561385  
6.51037713  
8.692745644  
10.56600856  
11.82230278  
12.28561252  
11.91128222  
10.74597196  
8.875427967  
6.388752738  
3.37662921  
-0.03804969198  
-3.656761639  
-7.178237639  
-10.21311151  
-12.34988384  
-13.25955005  
-12.80658162  
-11.12507059  
-8.625290408  
-5.916554012  
-3.660337886  
-2.393467978  
-2.374924278  
-3.506145049  
-5.353638662  
-7.270942882  
-8.584982237  
-8.790456723  
-7.692704602  
-5.455606774  
-2.541590448  
0.4348084927  
2.891334237  
4.441177417  
4.984836637  
4.70570783  
3.977064676  
3.216831725  
2.741860807  
2.670659072  
2.904247136  
3.186314733  
3.216333262  
2.772231998  
1.798175968  
0.4275688746  
-1.064102818  
-2.356605854  
-3.195422702  
-3.475003064  
-3.265873961  
-2.777974597  
-2.275836877  
-1.978091125  
-1.978316862  
-2.215357748  
-2.502486112  
-2.603240505  
-2.325237663  
-1.59742867  
-0.5030139666  
0.7434695331  
1.866326652  
2.621245299  
2.877973562  
2.66509013  
2.162299278  
1.64366948  
1.391227216  
1.607135878  
2.351763321  
3.525319177  
4.896208061  
6.165006866  
7.043486849  
7.32597267  
6.935178522  
5.934006722  
4.504926302  
2.906303627  
1.418483446  
0.2916013869  
-0.296234845  
-0.2659065366  
0.3521494389  
1.423693735  
2.732060391  
4.013451972  
5.002331875  
5.47993698  
5.315944142  
4.492407839  
3.101702083  
1.316741134  
-0.6595256274  
-2.650165469  
-4.546723873  
-6.321663477  
-8.003731811  
-9.623071072  
-11.14617593  
-12.42837299  
-13.20934463  
-13.16464638  
-12.00634669  
-9.605310112  
-6.093837334  
-1.906527721  
2.268478677  
5.629434281  
7.462922924  
7.353758663  
5.338730207  
1.949989732  
-1.877860562  
-5.023668381  
-6.46702393  
-5.570177899  
-2.274488172  
2.848218819  
8.70986505  
13.96017076  
17.31519366  
17.87389083  
15.33977024  
10.09177296  
3.090231583  
-4.352013194  
-10.86978315  
-15.33937513  
-17.09646596  
-16.0344234  
-12.57398393  
-7.527644653  
-1.903724914  
3.298881924  
7.262191324  
9.460892307  
9.707353722  
8.137647709  
5.153769321  
1.337963927  
-2.647915417  
-6.167901773  
-8.712125066  
-9.979020717  
-9.924070976  
-8.760308938  
-6.902841883  
-4.862807315  
-3.1121969  
-1.954233354  
-1.438197949  
-1.349245928  
-1.283212052  
-0.7894806999  
0.459896158  
2.529913172  
5.161896386  
7.820648275  
9.843207157  
10.64754083  
9.935356852  
7.819815829  
4.829180952  
1.775754799  
-0.475906365  
-1.271738804  
-0.3777868824  
1.934081145  
4.957531062  
7.76294345  
9.484671922  
9.593646138  
8.066873514  
5.397053934  
2.436579115  
0.1240774296  
-0.8194650742  
-0.1272218612  
1.920859356  
4.579642938  
6.868679031  
7.876919059  
7.045414074  
4.33945535  
0.2581831171  
-4.31754428  
-8.387289364  
-11.11852615  
-12.07039588  
-11.28876986  
-9.251654195  
-6.692219183  
-4.363416915  
-2.821828524  
-2.295905771  
-2.671052355  
-3.583217815  
-4.578138941  
-5.276226699  
-5.487630214  
-5.245005215  
-4.753238971  
-4.284248475  
-4.060902655  
-4.172890138  
-4.551007025  
-5.002222914  
-5.28580221  
-5.198269097  
-4.63614202  
-3.61783783  
-2.264045562  
-0.7514517538  
0.7380465475  
2.053540105  
3.088534603  
3.776341594  
4.080866534  
3.996606293  
3.563595397  
2.890714325  
2.170451095  
1.665836304  
1.658393902  
2.362507759  
3.83009238  
5.881761467  
8.09998465  
9.90379203  
10.69747725  
10.05619735  
7.890883246  
4.532287732  
0.6930692624  
-2.697023994  
-4.745177095  
-4.866910444  
-2.989556388  
0.3832360493  
4.277955899  
7.508021239  
9.010873201  
8.165741946  
4.993600684  
0.1735045075  
-5.135390156  
-9.616727634  
-12.16943251  
-12.21769672  
-9.864861523  
-5.845550029  
-1.292807399  
2.606070414  
4.957904024  
5.40967586  
4.219714561  
2.137441092  
0.1351607355  
-0.919827465  
-0.5485313565  
1.18818054  
3.713200645  
6.119691821  
7.458414042  
7.035052313  
4.627300686  
0.5592175467  
-4.384062873  
-9.170277219  
-12.79567741  
-14.54165139  
-14.14235215  
-11.82362064  
-8.212520856  
-4.152555905  
-0.4819775871  
2.163438735  
3.47502408  
3.499960607  
2.578687182  
1.218414848  
-0.05724854916  
-0.8421260793  
-0.9339085216  
-0.358107165  
0.6686960161  
1.820545318  
2.764380641  
3.25618973  
3.207742936  
2.708548835  
1.998457697  
1.397958889  
1.21379288  
1.644443521  
2.711677714  
4.239175391  
5.887856985  
7.242009673  
7.924676999  
7.709901994  
6.597169832  
4.821948131  
2.7939236  
0.9767757325  
-0.2567206971  
-0.7496525141  
-0.6242287208  
-0.258215027  
-0.1755870949  
-0.8801178314  
-2.680681017  
-5.562669415  
-9.148164358  
-12.7618754  
-15.58786653  
-16.87420997  
-16.1278482  
-13.24509775  
-8.543119069  
-2.687665338  
3.457421604  
9.013152653  
13.25037676  
15.6982129  
16.17998801  
14.78562741  
11.80708734  
7.668119932  
2.870839157  
-2.035784816  
-6.477846977  
-9.89032111  
-11.7803908  
-11.82180326  
-9.960121429  
-6.491058644  
-2.069808677  
2.377272532  
5.838266902  
7.462629289  
6.804180805  
3.9839709  
-0.2890232174  
-4.863990908  
-8.435353133  
-9.897719903  
-8.667709503  
-4.874083547  
0.6481503909  
6.567166033  
11.41272685  
13.98159628  
13.67082919  
10.63967161  
5.751852779  
0.3166759843  
-4.29157585  
-7.020287694  
-7.415805603  
-5.712215388  
-2.712538224  
0.4921868953  
2.872308656  
3.766846531  
3.056543102  
1.157421884  
-1.151699754  
-3.002932915  
-3.721784596  
-3.029444245  
-1.107616407  
1.483589004  
3.997159752  
5.731462895  
6.228490799  
5.381822558  
3.432768177  
0.8708898558  
-1.717385595  
-3.799153473  
-5.001568423  
-5.154814524  
-4.277729096  
-2.530627305  
-0.1646102652  
2.512506429  
5.150590686  
7.365267712  
8.760469131  
8.980942398  
7.794155532  
5.181087365  
1.401211571  
-3.004093966  
-7.290644767  
-10.66712815  
-12.49175298  
-12.45317863  
-10.67573835  
-7.706677002  
-4.377716701  
-1.573951621  
0.02402757217  
0.1454819628  
-0.9848353867  
-2.712995405  
-4.159324386  
-4.499753694  
-3.239178585  
-0.3907969093  
3.497206573  
7.479934285  
10.4804128  
11.6027098  
10.4003529  
7.020075905  
2.178417712  
-3.021627441  
-7.380161684  
-9.913010042  
-10.10024136  
-8.004775504  
-4.234567532  
0.2336333794  
4.314328547  
7.083703699  
7.990148773  
6.956396295  
4.357731829  
0.8940486204  
-2.601556082  
-5.364357245  
-6.860791427  
-6.879491742  
-5.539169857  
-3.222807232  
-0.4628093527  
2.191164368  
4.290866276  
5.570957733  
5.980284318  
5.661566709  
4.888770579  
3.979633822  
3.205423014  
2.720288086  
2.527999779  
2.494858598  
2.405520436  
2.046224064  
1.290676564  
0.1611308304  
-1.157379721  
-2.358592505  
-3.103819099  
-3.132894319  
-2.362186804  
-0.9354002329  
0.7946451621  
2.353940019  
3.282345594  
3.275427761  
2.287195893  
0.5573686296  
-1.450701312  
-3.186597692  
-4.183422737  
-4.208418855  
-3.343392622  
-1.965493988  
-0.6305060475  
0.1070488137  
-0.1194671298  
-1.356047731  
-3.294006817  
-5.348673578  
-6.828658636  
-7.143924662  
-5.987898588  
-3.436654167  
0.0655178593  
3.82874182  
7.109072573  
9.308850049  
10.12491955  
9.602519657  
8.084326424  
6.077867922  
4.089112117  
2.477506696  
1.376544571  
0.6986001871  
0.2129190407  
-0.3384415892  
-1.131906572  
-2.19946184  
-3.429835793  
-4.62669475  
-5.595354925  
-6.220318231  
-6.501645336  
-6.536373563  
-6.454482085  
-6.338161816  
-6.160970887  
-5.776507871  
-4.967097108  
-3.538726324  
-1.428190236  
1.219787004  
4.040363955  
6.515154161  
8.103848863  
8.402572811  
7.278161303  
4.931878701  
1.866642452  
-1.237955879  
-3.708397076  
-5.063430459  
-5.146485329  
-4.162527129  
-2.60672103  
-1.105741792  
-0.2200018208  
-0.2674177824  
-1.222978236  
-2.725122548  
-4.187151842  
-4.979771644  
-4.629273675  
-2.971160194  
-0.2126234466  
3.115280956  
6.3020749  
8.656616504  
9.702111355  
9.310556827  
7.737674978  
5.54811171  
3.45232164  
2.101659782  
1.900033485  
2.885780972  
4.717672622  
6.769736998  
8.309076167  
8.707332475  
7.626521394  
5.126366113  
1.661369017  
-2.03386139  
-5.141278991  
-6.984679118  
-7.220886727  
-5.94211526  
-3.6582595  
-1.160898052  
0.6957138788  
1.236871606  
0.1646467025  
-2.347223204  
-5.690502452  
-8.984496964  
-11.3196278  
-12.01472239  
-10.81462254  
-7.970185403  
-4.175675535  
-0.3792492054  
2.480777219  
3.738946358  
3.189521778  
1.143166286  
-1.663113683  
-4.27694957  
-5.801810895  
-5.650763028  
-3.710848774  
-0.3729164329  
3.579042952  
7.184666178  
9.566666635  
10.15954717  
8.845923033  
5.967630043  
2.215708046  
-1.56314809  
-4.585386334  
-6.313894393  
-6.560109176  
-5.486006598  
-3.516716681  
-1.197923665  
0.956598866  
2.58530104  
3.539727355  
3.879283495  
3.812536595  
3.610251976  
3.518571392  
3.695039416  
4.179372487  
4.898870707  
5.69952993  
6.38983825  
6.785055705  
6.743545527  
6.191030687  
5.131843237  
3.647389182  
1.882214954  
0.0182690485  
-1.76037368  
-3.307108225  
-4.548010619  
-5.502020692  
-6.276770164  
-7.036124302  
-7.943910253  
-9.097415189  
-10.470447  
-11.8863928  
-13.03539446  
-13.53764703  
-13.04044812  
-11.32437027  
-8.388272921  
-4.486186176  
-0.1009199386  
4.143610022  
7.612008326  
9.797402625  
10.43678126  
9.572931408  
7.548215668  
4.932710749  
2.404909205  
0.612879893  
0.04574284337  
0.9400430636  
3.235732151  
6.585470385  
10.41179934  
14.00084132  
16.61837402  
17.63312964  
16.63140983  
13.50633721  
8.50476715  
2.217212589  
-4.497248974  
-10.64756228  
-15.2902209  
-17.71856547  
-17.61943375  
-15.15558246  
-10.94528354  
-5.934044873  
-1.182139096  
2.38298459  
4.186139546  
4.135683632  
2.627654298  
0.4179777649  
-1.604332923  
-2.680121327  
-2.40382762  
-0.8422822256  
1.487471133  
3.776021202  
5.169260727  
5.032602201  
3.153005992  
-0.181697924  
-4.250163881  
-8.091727507  
-10.77014653  
-11.62963431  
-10.46941629  
-7.588409159  
-3.690854665  
0.3157425945  
3.569008928  
5.474491779  
5.84182957  
4.901581639  
3.20594131  
1.449431462  
0.2655560949  
0.05766417547  
0.9075411471  
2.579394582  
4.608478691  
6.441279522  
7.583782929  
7.71747758  
6.757005812  
4.842970318  
2.282033323  
-0.541253628  
-3.253130318  
-5.557179279  
-7.266901971  
-8.304547928  
-8.67620777  
-8.437859244  
-7.666302321  
-6.443857944  
-4.858516414  
-3.014657378  
-1.04530419  
