7.963323718  
4.660161847  
0.386109558  
-3.788976394  
-6.76197512  
-7.750750657  
-6.55934501  
-3.662526318  
-0.07640424764  
2.947505838  
4.308396164  
3.398859508  
0.294557682  
-4.268578824  
-9.11962611  
-13.00535389  
-14.95610037  
-14.55006874  
-11.99838503  
-8.034385601  
-3.654615934  
0.1957049213  
2.888051714  
4.245591407  
4.516054671  
4.207635539  
3.857703667  
3.821589226  
4.154702671  
4.62252482  
4.824704587  
4.379232113  
3.094384488  
1.064949572  
-1.339695363  
-3.587136904  
-5.14935394  
-5.664956367  
-5.040960033  
-3.464038972  
-1.325281484  
0.9077668667  
2.823112897  
4.156166934  
4.817556625  
4.860187492  
4.411461339  
3.606210238  
2.549511843  
1.320112683  
0.003409944881  
-1.272388068  
-2.325312716  
-2.950101475  
-2.985155404  
-2.39042063  
-1.300008199  
-0.01832624322  
1.051649557  
1.531890107  
1.204437965  
0.1075708151  
-1.448684625  
-2.963003398  
-3.899659443  
-3.871729563  
-2.786509437  
-0.8978287686  
1.259823207  
3.039244704  
3.896579034  
3.581296648  
2.23171322  
0.3383407604  
-1.416925461  
-2.393286172  
-2.215388067  
-0.9100518964  
1.095260493  
3.115237601  
4.443787163  
4.603819219  
3.521953206  
1.564914814  
-0.5780360764  
-2.128435206  
-2.48826137  
-1.452538605  
0.709706288  
3.335747868  
5.584555441  
6.714244366  
6.326902277  
4.49751812  
1.743914515  
-1.150270461  
-3.397031342  
-4.459037564  
-4.211003868  
-2.954179394  
-1.282889881  
0.1461455405  
0.8576849364  
0.7277615032  
0.01964597025  
-0.7255910955  
-0.9037317027  
-0.09008070122  
1.776607662  
4.334917579  
6.888780853  
8.614514542  
8.818456008  
7.16051445  
3.771577039  
-0.7710014988  
-5.598700069  
-9.785632255  
-12.58662773  
-13.60894223  
-12.87311502  
-10.75700032  
-7.853805123  
-4.797626641  
-2.112506415  
-0.1242854639  
1.053010073  
1.471859993  
1.279560511  
0.6541993718  
-0.2301478169  
-1.206951811  
-2.104877234  
-2.742280221  
-2.945949631  
-2.596178326  
-1.682445118  
-0.3423911588  
1.142363742  
2.405888204  
3.102804333  
3.026360906  
2.196194137  
0.8773475132  
-0.4865424568  
-1.412153546  
-1.544595833  
-0.7960256842  
0.5991440751  
2.14089854  
3.222350048  
3.342758534  
2.303485579  
0.3158008261  
-2.024854922  
-3.900146076  
-4.520809303  
-3.390594933  
-0.4949274318  
3.652177173  
8.125203206  
11.83735699  
13.84881024  
13.63741111  
11.24726317  
7.269307691  
2.661833983  
-1.530305468  
-4.467930095  
-5.730418513  
-5.387242437  
-3.914566018  
-1.994558779  
-0.2717395652  
0.8492517932  
1.299135675  
1.308110483  
1.261450965  
1.506895056  
2.188779045  
3.171173616  
4.077653277  
4.431569469  
3.84384911  
2.178133641  
-0.3683720911  
-3.299537054  
-5.960388826  
-7.735421375  
-8.237920478  
-7.42697061  
-5.614594594  
-3.363556901  
-1.313024853  
0.00824275667  
0.3206674896  
-0.3558827579  
-1.747885879  
-3.443955478  
-5.032821123  
-6.212631593  
-6.836968018  
-6.891094024  
-6.420976484  
-5.455920914  
-3.966345039  
-1.881184462  
0.8386438922  
4.101912231  
7.611158208  
10.85367796  
13.18224971  
13.97503336  
12.83088009  
9.736136581  
5.140042754  
-0.1001688215  
-4.903685055  
-8.236290916  
-9.391038338  
-8.195151838  
-5.07667677  
-0.964218313  
2.957104605  
5.566205065  
6.111361453  
4.411985019  
0.8987423639  
-3.518095083  
-7.711398668  
-10.65236399  
-11.68574231  
-10.68705318  
-8.061122135  
-4.589742645  
-1.180761241  
1.402108365  
2.747343871  
2.882920408  
2.223671797  
1.403143554  
1.048371302  
1.570685753  
3.037040578  
5.158320107  
7.392970483  
9.128289008  
9.87891785  
9.438881009  
7.940369206  
5.803302562  
3.594554609  
1.84386848  
0.876017467  
0.7126408509  
1.074323951  
1.48146138  
1.421256727  
0.5273678056  
-1.285259244  
-3.774026641  
-6.426940302  
-8.609117071  
-9.753357234  
-9.536334415  
-7.985485885  
-5.48221048  
-2.658370537  
-0.2158435658  
1.277069158  
1.55072349  
0.7100367744  
-0.8026873144  
-2.347369833  
-3.285892202  
-3.180591633  
-1.930015275  
0.2005614438  
2.663787679  
4.803855832  
6.064562851  
6.165825128  
5.19202802  
3.563053396  
1.896113575  
0.8016121914  
0.6781553473  
1.573088219  
3.154960743  
4.809096447  
5.828230104  
5.639273012  
3.994964745  
1.069355668  
-2.574180199  
-6.133960106  
-8.794338615  
-9.955014354  
-9.395893278  
-7.328887171  
3.031804849  
0.6539828869  
-1.688983437  
-3.147575568  
-3.124754938  
-1.510079899  
1.24595328  
4.250035182  
6.443564362  
6.95075966  
5.381891926  
1.988443545  
-2.385845647  
-6.547258404  
-9.312930114  
-9.875632274  
-8.055568586  
-4.358299494  
0.1795743712  
4.307122957  
6.936773854  
7.463312093  
5.925293786  
2.962238353  
-0.4128325909  
-3.14754618  
-4.481431658  
-4.169289094  
-2.530056014  
-0.3130823656  
1.567259881  
2.337570506  
1.611978494  
-0.496788868  
-3.430316917  
-6.375300185  
-8.522997952  
-9.309898154  
-8.563987769  
-6.516995636  
-3.690155841  
-0.7025830972  
1.926336806  
3.912711882  
5.241151822  
6.093674291  
6.711053642  
7.2459572  
7.667477427  
7.755089791  
7.184967635  
5.676082492  
3.140081576  
-0.2237277435  
-3.928637636  
-7.30314079  
-9.666957052  
-10.52519897  
-9.717697059  
-7.474179683  
-4.35615008  
-1.102655762  
1.572469354  
3.169932259  
3.524705062  
2.823658673  
1.521605709  
0.1875927101  
-0.6673011295  
-0.7274741419  
0.06219496429  
1.515417281  
3.291220413  
5.011978586  
6.370437282  
7.192581559  
7.442947703  
7.181659579  
6.49948516  
5.462721038  
4.092357774  
2.385032314  
0.3639028614  
-1.866768765  
-4.092877937  
-6.008269994  
-7.28156186  
-7.65396449  
-7.035033441  
-5.559663224  
-3.579786347  
-1.584912016  
-0.07037472996  
0.6079914405  
0.3461571748  
-0.6678312829  
-2.003325425  
-3.115601279  
-3.516322939  
-2.933407105  
-1.40879066  
0.6996210304  
2.816228935  
4.318879146  
4.731508916  
3.878587048  
1.951868958  
-0.5338433415  
-2.885312159  
-4.433864168  
-4.735949714  
-3.710172641  
-1.66817788  
0.7713665426  
2.861214647  
3.943816753  
3.644747726  
1.983960949  
-0.6276828609  
-3.504935126  
-5.88249363  
-7.129379083  
-6.920702875  
-5.317999978  
-2.737485482  
0.1808438865  
2.761545137  
4.482392728  
5.108405474  
4.734936212  
3.732190228  
2.613370783  
1.87029166  
1.827632558  
2.558303143  
3.881089579  
5.435206108  
6.802873752  
7.638157329  
7.761200912  
7.191045797  
6.111855374  
4.789537577  
3.470959574  
2.301639132  
1.289328502  
0.3235483354  
-0.7588091281  
-2.087447207  
-3.684241217  
-5.427629925  
-7.068972989  
-8.29589714  
-8.821536686  
-8.470190581  
-7.231568881  
-5.266896636  
-2.866446281  
-0.3739768012  
1.896421837  
3.724583899  
5.011172567  
5.76281834  
6.045908639  
5.929863772  
5.443254438  
4.560118614  
3.221483308  
1.383316282  
-0.9284372546  
-3.5784508  
-6.316115363  
-8.809593571  
-10.71245478  
-11.74403329  
-11.75943119  
-10.78786947  
-9.027740088  
-6.799949932  
-4.473365931  
-2.383635811  
-0.7671288599  
0.2743601471  
0.7727726069  
0.8620443845  
0.7284058942  
0.5582177109  
0.496402299  
0.6226150513  
0.945816738  
1.4130972  
1.927008756  
2.366835665  
2.611737669  
2.565521835  
2.182492738  
1.491320947  
0.6104304769  
-0.2536501297  
-0.8322823519  
-0.8467933465  
-0.07963608639  
1.551467593  
3.938452654  
6.768313199  
9.56225951  
11.76744834  
12.88349933  
12.59263628  
10.85699956  
7.952382251  
4.423319847  
0.9662566128  
-1.731350403  
-3.15434413  
-3.081933393  
-1.635915172  
0.7567883272  
3.475086065  
5.855938465  
7.345848676  
7.612764222  
6.593959539  
4.475897171  
1.62177014  
-1.525272264  
-4.533336853  
-7.045807149  
-8.810718822  
-9.682163537  
-9.608950562  
-8.625864485  
-6.855224434  
-4.515050187  
-1.920735254  
0.5355921539  
2.437699576  
3.426455737  
3.291202087  
2.042492584  
-0.06304108091  
-2.563813898  
-4.898296213  
-6.549368937  
-7.186874531  
-6.763249325  
-5.528647996  
-3.9560261  
-2.595933212  
-1.905030794  
-2.103036437  
-3.105231047  
-4.553768199  
-5.938343606  
-6.766454737  
-6.726118008  
-5.785946889  
-4.198682032  
-2.407557814  
-0.8887391223  
0.0144339193  
0.2067001776  
-0.1350798691  
-0.6372363565  
-0.8761615219  
-0.5428916227  
0.4352863144  
1.861633525  
3.338449042  
4.413138726  
4.748469744  
4.253762287  
3.127001786  
1.790098327  
0.7390651137  
0.3634162014  
0.802119804  
1.891709835  
3.229127867  
4.329131411  
4.819282881  
4.598648193  
3.896345947  
3.200783416  
3.077789165  
3.939238026  
5.846770397  
8.428455788  
10.95040511  
12.53189607  
12.43978011  
10.36455765  
6.579754108  
1.919658014  
-2.431366188  
-5.281262526  
-5.800100421  
-3.798426629  
0.1800868099  
4.989188639  
9.200212225  
11.5163634  
11.15344341  
8.068151962  
2.962515309  
-2.936201426  
-8.249479937  
-11.85657984  
-13.21003033  
-12.46099373  
-10.36061583  
-7.976183268  
-6.31961557  
-6.011649298  
-7.090094103  
-9.020469985  
-10.8995772  
-11.77946929  
-11.00180443  
-8.43195424  
-4.517980648  
-0.1586083241  
3.573396832  
5.760744751  
5.918491604  
4.133244108  
1.026642735  
-2.438224389  
-5.2408998  
-6.587706585  
-6.111634972  
-3.935990432  
-0.5958479434  
3.144699058  
6.51385526  
8.922367026  
10.07190275  
9.963645748  
8.823726276  
6.986272815  
4.78163521  
2.46628659  
0.2083566002  
-1.881822748  
-3.703720143  
-5.132274112  
-6.018410652  
-6.227130577  
-5.697016376  
-4.49347464  
-2.828504987  
-1.031633521  
0.5246060688  
1.5232051  
1.793393583  
1.362762279  
0.4522539074  
-0.585751087  
-1.367490138  
-1.585422573  
-1.091496483  
0.06681726521  
1.664822348  
3.363844714  
4.798132111  
5.660284746  
5.764496707  
5.076573982  
3.710582289  
1.899923012  
-0.04637188695  
-1.792923547  
-3.027373243  
-3.507440463  
-3.103392523  
-1.831014624  
0.1333748687  
2.465745551  
4.741527911  
6.515213244  
7.418765123  
7.254970139  
6.057483637  
4.094470076  
1.80724336  
-0.3044736323  
-1.819878387  
-2.515275009  
-2.423807743  
-1.813944427  
-1.0900494  
-0.6455878724  
-0.7181232003  
-1.297784517  
-2.125089779  
-2.784109316  
-2.862835742  
-2.126041417  
-0.6372506727  
1.220050797  
2.839368261  
3.582511137  
3.005765451  
1.043948931  
-1.916069391  
-5.1079961  
-7.59295361  
-8.542101449  
-7.507201072  
-4.589732063  
-0.4476889426  
3.870782162  
7.221873933  
8.700456833  
7.910331566  
5.084162034  
1.01311656  
-3.193630916  
-6.444919755  
-7.993542837  
-7.649570628  
-5.814654296  
-3.328664407  
-1.180347469  
-0.1769870176  
-0.6802914619  
-2.492916598  
-4.93020272  
-7.051157864  
-7.971513524  
-7.156355115  
-4.598133339  
-0.8245431022  
3.263444542  
6.668737356  
8.600452206  
8.705823777  
7.161443413  
4.600270251  
1.903286186  
-0.07431313883  
-0.7555659129  
0.002759516781  
1.892780385  
4.272320862  
6.371270923  
7.519103695  
7.324787594  
5.761390047  
3.141469944  
0.003818012774  
-3.044114474  
-5.477028779  
-6.955309036  
-7.36257626  
-6.78266426  
-5.439032916  
-3.625273065  
-1.649229562  
0.2004936641  
1.670909825  
2.557263992  
2.723950238  
2.13643124  
0.8943240147  
-0.7532984116  
-2.42962345  
-3.69808005  
-4.168287807  
-3.613444616  
-2.061288899  
0.1776744951  
2.565270086  
4.468831928  
5.33962952  
4.884300184  
3.173621899  
0.6482509369  
-1.988677119  
-3.966142818  
-4.671204513  
-3.837185102  
-1.633531928  
1.374446032  
4.387547682  
6.609075467  
7.483565035  
6.863549405  
5.051617855  
2.703731211  
0.6234420863  
-0.4888313816  
-0.2531624588  
1.27351785  
3.61752615  
6.037202912  
7.752368813  
8.18184333  
7.115333032  
4.768136341  
1.705198997  
-1.337828493  
-3.677540252  
-4.879318572  
-4.868239139  
-3.924784242  
-2.573459271  
-1.405745822  
-0.8971705014  
-1.276329103  
-2.48307058  
-4.221515756  
-6.081997438  
-7.684989858  
-8.796183213  
-9.375414112  
-9.547918057  
-9.514745153  
-9.440404741  
-9.362577503  
-9.159339105  
-8.587332566  
-7.377819796  
-5.355944374  
-2.53923535  
0.8222706283  
4.282443152  
7.304146166  
9.4015539  
10.27511322  
9.896186373  
8.514147253  
6.583326307  
4.632406942  
3.116614699  
2.297504343  
2.185561883  
2.560202637  
3.057481382  
3.295371651  
2.996429026  
2.070576154  
0.6352547778  
-1.029132779  
-2.570369789  
-3.670866637  
-4.135580513  
-3.935986395  
-3.200348487  
-2.158249408  
-1.061077521  
-0.10591813  
0.6131797368  
1.113550468  
1.493083792  
1.874182694  
2.343653982  
2.909489433  
3.488525176  
3.927974457  
4.052761273  
3.722698371  
2.881403382  
1.582216165  
-0.01586763688  
-1.680230263  
-3.154882992  
-4.214935045  
-4.711427512  
-4.596468875  
-3.92458158  
-2.832510628  
-1.504515566  
-0.1326806144  
1.118443901  
2.135819892  
2.867054919  
3.315016977  
3.521540594  
3.545973401  
3.444945116  
3.258858702  
3.008321747  
2.700524623  
2.342288578  
1.953870998  
1.57688201  
1.271046875  
1.098306826  
1.097721763  
1.259393908  
1.508194878  
1.707080034  
1.68469111  
1.283807867  
0.4186458422  
-0.8772776149  
-2.43172852  
-3.955861403  
-5.109139962  
-5.593805768  
-5.25306379  
-4.141347933  
-2.539121645  
-0.8987472217  
0.2712838508  
0.5552186565  
-0.2311240706  
-1.956882828  
-4.181002771  
-6.253690432  
-7.492943534  
-7.388613032  
-5.773367227  
-2.905070756  
0.5717978649  
3.782786125  
5.858671761  
6.183192471  
4.579887802  
1.379844893  
-2.653914732  
-6.526988872  
-9.282427742  
-10.25959449  
-9.267119021  
-6.619831153  
-3.031050155  
0.6043284319  
3.467893684  
5.037997759  
5.207669563  
4.269955614  
2.783591463  
1.369493441  
0.5081928074  
0.4042689876  
0.9577235913  
1.843832495  
2.665500054  
3.118636396  
3.109175173  
2.780432514  
2.443751311  
2.441419875  
2.995770761  
4.10302991  
5.513671274  
6.808636857  
7.544845062  
7.416979428  
6.375408117  
4.65499449  
2.70152935  
1.019762816  
-0.003471450643  
-0.2371067524  
0.1468059567  
0.7362391714  
1.033243341  
0.6459139583  
-0.5501974206  
-2.341031522  
-4.222976503  
-5.56009026  
-5.799399946  
-4.672212388  
-2.311873613  
0.7551667709  
3.746533735  
5.848229189  
6.4556218  
5.354689096  
2.786306118  
-0.6257128737  
-4.058439201  
-6.726203475  
-8.095532617  
-8.014304327  
-6.720995332  
-4.739558692  
-2.701266215  
-1.154853683  
-0.4248015723  
-0.5564139659  
-1.354011102  
-2.486834645  
-3.617339064  
-4.504246179  
-5.047862968  
-5.270543032  
-5.251002779  
-5.047526361  
-4.646386529  
-3.958478118  
-2.865052904  
-1.291736321  
0.7226364621  
2.99454606  
5.219338481  
7.045487843  
8.174627408  
8.451350119  
7.909498719  
6.757485527  
5.307749531  
3.876325732  
2.689339384  
1.830048648  
1.243897252  
0.7961486128  
0.3560881493  
-0.1285862621  
-0.5994011418  
-0.9116372282  
-0.9069725836  
-0.5043783978  
0.2302205825  
1.069180193  
1.677077812  
1.720375561  
0.9962384343  
-0.4672310726  
-2.380881343  
-4.253646052  
-5.529154571  
-5.759258206  
-4.758035147  
-2.68299956  
-0.01224148815  
2.580196764  
4.414440579  
5.001651987  
4.185767587  
2.185792151  
-0.4734660525  
-3.118194117  
-5.118402088  
-6.055429708  
-5.813732421  
-4.573881566  
-2.717778449  
-0.6856356166  
1.162222289  
2.631576385  
3.703750319  
4.473754747  
5.049523245  
5.458244709  
5.601567467  
5.281021151  
4.286299119  
2.512779983  
0.06074474142  
-2.727485238  
-5.315885778  
-7.101957229  
-7.587309077  
-6.5383431  
-4.083776997  
-0.7136261122  
2.82571861  
5.713400995  
7.262221583  
7.09406195  
5.233880044  
2.097908462  
-1.617480974  
-5.112447585  
-7.676107921  
-8.844327513  
-8.485922547  
-6.802630956  
-4.251921272  
-1.419858716  
1.120268104  
2.929824141  
3.783343293  
3.693286809  
2.88348856  
1.722962848  
0.6366522174  
0.01078799502  
0.1094596389  
1.016643372  
2.614641039  
4.604964918  
6.570618105  
8.069770383  
8.741695789  
8.399443591  
7.083278371  
5.056197664  
2.737493576  
0.5886611445  
-1.017518459  
-1.905307406  
-2.145915603  
-2.029151855  
-1.961466576  
-2.320272784  
-3.311615475  
-4.880530996  
-6.708770086  
-8.306384545  
-9.171272287  
-8.964999416  
-7.643882168  
-5.495950853  
-3.064357023  
-0.9766838372  
0.2657927394  
0.4669338053  
-0.1827668591  
-1.157581174  
-1.771824009  
-1.425909178  
0.1585592996  
2.798136097  
5.857934916  
8.421473511  
9.574408926  
8.714962746  
5.789189375  
1.368039756  
-3.469663782  
-7.422918143  
-9.341979479  
-8.577202503  
-5.194632649  
0.011911726  
5.721178073  
10.44100143  
12.91685455  
12.47252217  
9.184453149  
3.842740376  
-2.283524697  
-7.801357833  
-11.56191623  
-12.93588556  
-11.92476681  
-9.09058653  
-5.342108307  
-1.654899178  
1.185607463  
2.746634647  
2.983375208  
2.159389915  
0.6997481595  
-0.9607384134  
-2.48148519  
-3.647244912  
-4.3354148  
-4.455048555  
-3.901986818  
-2.563083661  
-0.3758466618  
2.58047938  
6.007531428  
9.371878304  
11.97974118  
13.13827302  
12.36282937  
9.564600619  
5.149409835  
-0.01977340742  
-4.803347814  
-8.068134541  
-8.995170779  
-7.320268993  
-3.430395207  
1.720305937  
6.856932079  
10.72452059  
12.4246669  
11.64966733  
8.746325993  
4.592996116  
0.3297784242  
-2.974898883  
-4.621079008  
-4.451466122  
-2.857215481  
-0.6223894807  
1.337249001  
2.25635695  
1.736823837  
-0.161422966  
-2.973463968  
-5.998305309  
-8.521891447  
-10.02059169  
-10.28421554  
-9.428882721  
-7.808459427  
-5.865611621  
-3.979301246  
-2.360815171  
-1.028216324  
0.1416499445  
1.312370415  
2.582575128  
3.918375561  
5.148653624  
6.022541553  
6.304195972  
5.866201296  
4.744354191  
3.132271912  
1.317923403  
-0.4132864846  
-1.871269044  
-3.013855851  
-3.93876031  
-4.817899318  
-5.799866749  
-6.919592221  
-8.052780987  
-8.936659052  
-9.253707305  
-8.750245638  
-7.346511336  
-5.195102737  
-2.661190788  
-0.2250728802  
1.663756294  
2.732290732  
2.977802895  
2.673417319  
2.278383505  
2.279112475  
3.012670331  
4.533223375  
6.569848166  
8.594943962  
9.985187413  
10.22460939  
9.082948273  
6.708406853  
3.60084494  
0.4706870504  
-1.972524588  
-3.233422245  
-3.175415705  
-2.048068734  
-0.3876410912  
1.175938055  
2.139983135  
2.301868788  
1.823183535  
1.161366717  
0.8906163102  
1.472994759  
3.059662473  
5.394178173  
7.856756499  
9.641177271  
10.01034319  
8.547890421  
5.321795651  
0.9025340181  
-3.775343518  
-7.66862873  
-9.919886244  
-10.09971385  
-8.322044278  
-5.198245996  
-1.64705249  
1.377602491  
3.154662152  
3.378129719  
2.2021332  
0.1439127732  
-2.114491146  
-3.954699872  
-5.004307977  
-5.21731428  
-4.835142849  
-4.252684734  
-3.844850086  
-3.818938395  
-4.144430351  
-4.580444468  
-4.784297596  
-4.455813605  
-3.461282325  
-1.891561054  
-0.03566707264  
1.716198622  
3.000552989  
3.59035685  
3.447370603  
2.702644804  
1.579986057  
0.2994588456  
-0.995762849  
-2.258005639  
-3.493436121  
-4.682729051  
-5.70590724  
-6.31486872  
-6.179441961  
-5.001977362  
-2.663303582  
0.6573649807  
4.445032952  
7.926602171  
10.25649268  
10.76142425  
9.167579863  
5.730483003  
1.213577287  
-3.291808142  
-6.659486883  
-8.048215902  
-7.148410793  
-4.275369487  
-0.2757727677  
3.726022483  
6.663159328  
7.837107572  
7.106348478  
4.895471082  
2.026726839  
-0.5656491677  
-2.140735442  
-2.37447415  
-1.430769259  
0.1364964878  
1.608713144  
2.3709088  
2.127257413  
0.9899268177  
-0.5847797621  
-1.983396688  
-2.672201924  
-2.39481723  
-1.258145821  
0.3227890605  
1.797329245  
2.701592316  
2.845178718  
2.390245063  
1.791449668  
1.617527902  
2.31991613  
4.034609857  
6.492572866  
9.075420906  
11.00082832  
11.57505558  
10.42531921  
7.631153742  
3.709186088  
-0.543097226  
-4.290231462  
-6.905026677  
-8.135833755  
-8.142253138  
-7.394240237  
-6.477240251  
-5.876921365  
-5.820378871  
-6.226368539  
-6.774742262  
-7.061120018  
-6.773149508  
-5.820044581  
-4.36825604  
-2.774263279  
-1.445496753  
-0.6870212268  
-0.594879395  
-1.03633467  
-1.721217945  
-2.331733107  
-2.655076246  
-2.663008265  
-2.505282455  
-2.420240908  
-2.601378227  
-3.078682995  
-3.669620448  
-4.027528081  
-3.77526066  
-2.674723461  
-0.763725006  
1.601009064  
3.823263262  
5.251582411  
5.408067891  
4.179155766  
1.89367181  
-0.7499165311  
-2.891976166  
-3.790126587  
-3.072720934  
-0.8765107523  
2.18511585  
5.218773658  
7.349300995  
8.018171673  
7.177609411  
5.309872178  
3.261094221  
1.944105644  
2.011730445  
3.614381962  
6.328089129  
9.281004534  
11.43780486  
11.94637192  
10.42904557  
7.11934636  
2.797894927  
-1.450298802  
-4.574673752  
-5.880521436  
-5.227590514  
-3.044738801  
-0.1633612627  
2.466754382  
4.07868514  
4.305674155  
3.247843464  
1.377749057  
-0.6690168803  
-2.334664166  
-3.322791119  
-3.663254108  
-3.645158047  
-3.655207436  
-3.992388938  
-4.734921135  
-5.710794784  
-6.579637809  
-6.988286006  
-6.733283546  
-5.861511435  
-4.665718864  
-3.574696509  
-2.980920891  
-3.074925335  
-3.7546235  
-4.649647071  
-5.256028791  
-5.132615514  
-4.08453786  
-2.261466859  
-0.1287362725  
1.683182473  
2.598975976  
2.30875638  
0.8902411767  
-1.204172368  
-3.293250766  
-4.69444097  
-4.951344641  
-3.979167762  
-2.076403699  
0.1993074179  
2.242753522  
3.619490835  
4.208485755  
4.216215383  
4.059175188  
4.163156386  
4.76058758  
5.769245762  
6.804973865  
7.329107664  
6.877547379  
5.283294766  
2.802119108  
0.08342293176  
-2.015440735  
-2.7138412  
-1.593419759  
1.219450416  
5.046245431  
8.836299673  
11.48068068  
12.15746796  
10.59232378  
7.145222074  
2.693037119  
-1.65252195  
-4.895609565  
-6.456852452  
-6.323895566  
-5.005628345  
-3.313132151  
-2.050466045  
-1.727986519  
-2.399679541  
-3.678506284  
-4.917643101  
-5.484940644  
-5.024861672  
-3.608458872  
-1.714905089  
-0.05165396604  
0.7190038518  
0.2437728611  
-1.367761467  
-3.559529728  
-5.513402291  
-6.437221391  
-5.853080391  
-3.781062371  
-0.7502675728  
2.369388347  
4.657036147  
5.451107127  
4.571397428  
2.375719475  
-0.3673106471  
-2.743037508  
-3.998974654  
-3.788713134  
-2.268444017  
-0.0168805648  
2.187595407  
3.648936288  
3.992352738  
3.276295391  
1.941827041  
0.6236032234  
-0.1036442954  
0.05248806802  
0.992671196  
2.26804013  
3.255892877  
3.401772321  
2.437157184  
0.4920868161  
-1.938587287  
-4.1624682  
-5.52897832  
-5.653787688  
-4.547743396  
-2.605463211  
-0.4601271549  
1.2408098  
2.056779144  
1.892935117  
1.009052168  
-0.1007281194  
-0.9093981537  
-1.063247228  
-0.5160025725  
0.4577509328  
1.373180905  
1.727231086  
1.199820927  
-0.210785055  
-2.168736644  
-4.105014025  
-5.407974906  
-5.631564182  
-4.646954639  
-2.684308624  
-0.25122764  
2.041582576  
3.684618835  
4.431724814  
4.364500115  
3.839354275  
3.33953981  
3.287568452  
3.885900331  
5.041979684  
6.402255031  
7.480726693  
7.834542441  
7.223838397  
5.700158298  
3.594061998  
1.408117696  
-0.3462839996  
-1.312063377  
-1.395267565  
-0.7856482278  
0.1142927592  
0.8249944644  
0.9438594864  
0.2682391302  
-1.148907579  
-3.02312749  
-4.929195  
-6.426177126  
-7.177641917  
-7.033664321  
-6.056571969  
-4.490687208  
-2.691641938  
-1.038699093  
0.1467286552  
0.6598862339  
0.4413186721  
-0.4240121659  
-1.731758119  
-3.200405891  
-4.523996052  
-5.428782164  
-5.726251572  
-5.353123246  
-4.388151026  
-3.037659192  
-1.588021343  
-0.3325671445  
0.5097557274  
0.8605416181  
0.810230732  
0.5950014534  
0.5239641303  
0.8755999695  
1.794917747  
3.226002962  
4.905864954  
6.426890143  
7.352526608  
7.351789732  
6.309706949  
4.376716994  
1.938699059  
-0.4849784136  
-2.384164172  
-3.396504641  
-3.398471898  
-2.521688804  
-1.092837238  
0.4789518551  
1.826649355  
2.719310903  
3.096408789  
3.036912233  
2.682357935  
2.149774843  
1.472839652  
0.5967067198  
-0.5709913229  
-2.07492206  
-3.830541076  
-5.585576881  
-6.949153973  
-7.487914627  
-6.861700851  
-4.953351539  
-1.945112919  
1.690500661  
5.289709984  
8.16004713  
9.757751864  
9.825067947  
8.445122355  
5.999161198  
3.042924506  
0.1448148056  
-2.2608744  
-3.96037256  
-4.964521932  
-5.438491448  
-5.590703184  
-5.566792134  
-5.389194743  
-4.962972447  
-4.141431921  
-2.821586836  
-1.028061208  
1.05090921  
3.092861231  
4.727541822  
5.649896052  
5.718300921  
5.001973307  
3.760066501  
2.360105233  
1.165201604  
0.4300488643  
0.2409678538  
0.5175559987  
1.069783044  
1.683899241  
2.201222742  
2.55905005  
2.780316097  
2.92102028  
3.002755707  
2.964368558  
2.658944598  
1.903034191  
0.5617044265  
-1.364625077  
-3.690228607  
-6.058538497  
-8.025407272  
-9.18869165  
-9.321523132  
-8.461299962  
-6.918789416  
-5.197895673  
-3.847784685  
-3.293643093  
-3.701444472  
-4.921962318  
-6.533101032  
-7.966740388  
-8.678101777  
-8.302291083  
-6.748717075  
-4.206982344  
-1.06911206  
2.198807036  
5.18759556  
7.633820182  
9.441302605  
10.6380296  
11.29634615  
11.45716708  
11.09445716  
10.13684925  
8.536630613  
6.353567234  
3.811662721  
1.295072743  
-0.7274943644  
-1.831222445  
-1.773881344  
-0.5934949176  
1.375505858  
3.580905576  
5.405446514  
6.345013459  
6.152348569  
4.896891764  
2.920281443  
0.7044429626  
-1.299063583  
-2.815337137  
-3.814134806  
-4.475210759  
-5.066261017  
-5.783470533  
-6.621160169  
-7.328344408  
-7.478276011  
-6.633448298  
-4.548975981  
-1.336894949  
2.478435782  
6.049381728  
8.424084366  
8.832841769  
6.95004566  
3.041238232  
-2.062223223  
-7.164178168  
-11.02585217  
-12.71306245  
-11.86133452  
-8.775855871  
-4.334705607  
0.2740149768  
3.898460546  
5.745029524  
5.578689253  
3.745703844  
1.021304564  
-1.659507893  
-3.495639928  
-4.043041855  
-3.301649278  
-1.649847325  
0.3374069225  
2.113722665  
3.346935441  
4.00232775  
4.301458604  
4.581422919  
5.115078847  
5.964965087  
6.928801299  
7.59857619  
7.511969949  
6.339857645  
4.039595118  
0.9151023602  
-2.442410524  
-5.317320825  
-7.083781187  
-7.400594139  
-6.322122183  
-4.288337381  
-1.996757303  
-0.1970778639  
0.527010294  
-0.07777204947  
-1.871103201  
-4.37115043  
-6.900287178  
-8.776127758  
-9.489828661  
-8.822607906  
-6.874461151  
-4.007465591  
-0.7303948895  
2.435699868  
5.072142344  
6.931031571  
7.949075775  
8.215442037  
7.913000255  
7.254552451  
6.430814735  
5.578504563  
4.768933927  
4.012671759  
3.275024772  
2.498371979  
1.628917185  
0.6451381509  
-0.417230014  
-1.451586381  
-2.287088632  
-2.721107766  
-2.575457896  
-1.764271  
-0.352716975  
1.417053856  
3.150655009  
4.380727234  
4.685927573  
3.8179641  
1.796609565  
-1.0628292  
-4.207338885  
-6.980822483  
-8.800597552  
-9.323591541  
-8.548916355  
-6.820401445  
-4.723006551  
-2.901570265  
-1.857333819  
-1.78749901  
-2.521398751  
-3.576836073  
-4.320917924  
-4.184604376  
-2.861063591  
-0.4217959057  
2.689273882  
5.783527588  
8.136376798  
9.208886181  
8.809601924  
7.143909767  
4.736083776  
2.252099542  
0.2845523574  
-0.8268881169  
-1.07930672  
-0.7684457887  
-0.3455771232  
-0.2232212695  
-0.6016075325  
-1.380418871  
-2.189893148  
-2.532448624  
-1.985419696  
-0.3916850114  
2.033422108  
4.723680532  
6.91330424  
7.873921189  
7.161440996  
4.789951177  
1.27044564  
-2.505878133  
-5.510236513  
-6.873962812  
-6.151001224  
-3.46398034  
0.512681125  
4.729757257  
8.048928368  
9.553413402  
8.793178868  
5.895407215  
1.512197908  
-3.373825637  
-7.724634948  
-10.72038468  
-11.95374171  
-11.49468331  
-9.816348504  
-7.6139183  
-5.577722825  
-4.191004378  
-3.610269775  
-3.657166377  
-3.915278618  
-3.894035875  
-3.204462067  
-1.69175938  
0.5133276701  
3.035350652  
5.369533595  
7.032705572  
7.702484291  
7.303803637  
6.019931839  
4.228906308  
2.388254715  
0.9048095133  
0.02873873927  
-0.1984553299  
0.07023429491  
0.5595453839  
0.9770904639  
1.117379599  
0.9320788411  
0.5449743688  
0.207357198  
0.2079145757  
0.7652624726  
1.937043799  
3.575145728  
5.34339983  
6.795745922  
7.49449258  
7.135572095  
5.644172805  
3.211380438  
0.2586594011  
-2.662519923  
-5.009488933  
-6.387389231  
-6.649182485  
-5.928019345  
-4.592514893  
-3.137735136  
-2.043399227  
-1.640336493  
-2.023503759  
-3.035754608  
-4.325196663  
-5.457020456  
-6.044817101  
-5.861546244  
-4.89777246  
-3.352170753  
-1.560781404  
0.1097081497  
1.369280539  
2.078767681  
2.269730348  
2.107812399  
1.816430951  
1.590179603  
1.529520982  
1.619341281  
1.75737791  
1.819902311  
1.738149604  
1.554453592  
1.43364663  
1.620802372  
2.355565137  
3.769738907  
5.802765583  
8.166440934  
10.37653029  
11.84900848  
12.03866058  
10.58409792  
7.419667629  
2.822793507  
-2.618010855  
-8.108459856  
-12.80248957  
-15.96863841  
-17.13077777  
-16.15291053  
-13.25261112  
-8.944816437  
-3.933031496  
1.025333772  
5.250116357  
8.240976454  
9.735350324  
9.716969233  
8.38076114  
6.067660399  
3.186794102  
0.1422085228  
-2.722570443  
-5.154902729  
-6.998165059  
-8.177630757  
-8.67720533  
-8.517916862  
-7.746560638  
-6.437534707  
-4.704381669  
-2.711997621  
-0.6781071636  
1.145272174  
2.512986383  
3.243799224  
3.277648251  
2.712536441  
1.802412987  
0.9068748043  
0.3985167744  
0.5499151044  
1.433695284  
2.871053338  
4.453966444  
5.645696516  
5.938729733  
5.026874668  
2.937337496  
0.07428006476  
-2.851892005  
-5.001223665  
-5.64315351  
-4.389080959  
-1.34475957  
2.872829455  
7.27138879  
10.74230888  
12.37185489  
11.71225988  
8.927054386  
4.75966127  
0.3271109164  
-3.203950145  
-4.962418716  
-4.63214417  
-2.542450618  
0.4420149998  
3.200442586  
4.717276857  
4.410623951  
2.320747395  
-0.9047209436  
-4.226743927  
-6.563650038  
-7.15904948  
-5.846592526  
-3.120891996  
0.01349697547  
2.369942286  
2.979350447  
1.430014965  
-1.96712531  
-6.247673383  
-10.08121992  
-12.18867871  
-11.75672143  
-8.714805392  
-3.782704721  
1.730674963  
6.316393058  
8.72086977  
8.324150713  
5.322156969  
0.6569238877  
-4.280562931  
-8.078255153  
-9.724939429  
-8.894027533  
-6.004419665  
-2.047251438  
1.757016866  
4.354201519  
5.174949381  
4.276782808  
2.272345371  
0.07900829857  
-1.416861326  
-1.662995379  
-0.6098583926  
1.306581014  
3.353023983  
4.783962068  
5.118245179  
4.307970119  
2.741770736  
1.085405738  
0.02129629146  
-0.01550460404  
0.9929832545  
2.635423578  
4.222011098  
5.044425803  
4.650422092  
