-3.687309955  
-2.610920824  
-1.678335955  
-0.9721118846  
-0.4091891598  
0.2371792203  
1.247980918  
2.831848859  
5.009141493  
7.554284874  
10.02536954  
11.87901731  
12.63648692  
12.04559845  
10.18102472  
7.444211461  
4.457871351  
1.886604044  
0.241921802  
-0.263551479  
0.2359505724  
1.324047595  
2.455254911  
3.141257485  
3.104400988  
2.345387035  
1.104530596  
-0.264154446  
-1.454025871  
-2.336907323  
-3.010696562  
-3.742492388  
-4.827789793  
-6.421206408  
-8.408940377  
-10.38122425  
-11.72783454  
-11.83336845  
-10.30844503  
-7.173628516  
-2.923205357  
1.566443408  
5.266219613  
7.294026518  
7.188665838  
5.065128115  
1.594198274  
-2.193950124  
-5.223600031  
-6.70541946  
-6.378848983  
-4.585047988  
-2.145431381  
-0.08467452513  
0.7116977041  
-0.2064821446  
-2.699908868  
-6.076558366  
-9.305162378  
-11.33428082  
-11.41317843  
-9.313240892  
-5.384051372  
-0.4340510287  
4.517817803  
8.534617551  
11.00493731  
11.76715228  
11.0886741  
9.52379576  
7.710706075  
6.180851335  
5.239673578  
4.944288169  
5.164960598  
5.688286323  
6.311153996  
6.887624835  
7.318815672  
7.505840908  
7.304698214  
6.521321046  
4.965005726  
2.547593371  
-0.6123877502  
-4.133638889  
-7.406473795  
-9.728521953  
-10.51126873  
-9.492002382  
-6.872184396  
-3.31900074  
0.1909073526  
2.651274561  
3.346602686  
2.106626408  
-0.5990064047  
-3.772426895  
-6.184725474  
-6.772344214  
-5.006473868  
-1.110114911  
3.958702641  
8.765334929  
11.82630301  
12.07506169  
9.216764773  
3.854303127  
-2.661115856  
-8.613587967  
-12.42317395  
-13.10784851  
-10.562894  
-5.572482618  
0.4456972659  
5.877130435  
9.386932642  
10.28593861  
8.676768176  
5.345444446  
1.448251469  
-1.89190007  
-3.941184466  
-4.547575315  
-4.116596561  
-3.393073198  
-3.1376751  
-3.819302205  
-5.433357527  
-7.506627971  
-9.280624337  
-10.00142014  
-9.20773056  
-6.912187955  
-3.611330076  
-0.1224832256  
2.692331763  
4.215942198  
4.276311486  
3.188068848  
1.623208305  
0.3593851854  
-0.003168944879  
0.744466405  
2.349923676  
4.196421654  
5.530457403  
5.73891446  
4.577879648  
2.27342133  
-0.5401846691  
-3.023053841  
-4.403592338  
-4.231153195  
-2.52376358  
0.2360122385  
3.25257898  
5.663511164  
6.798872983  
6.371241412  
4.540270673  
1.838904884  
-1.006701361  
-3.299848354  
-4.56601418  
-4.658618183  
-3.753670509  
-2.247135297  
-0.598939114  
0.8195599779  
1.825092384  
2.44237747  
2.847495014  
3.263393472  
3.849607968  
4.626058358  
5.455337926  
6.085852352  
6.237516704  
5.699221069  
4.406167834  
2.474263749  
0.1838241247  
-2.07982203  
-3.910390332  
-4.967101197  
-5.044102971  
-4.110396922  
-2.315929421  
0.03392543495  
2.529127708  
4.72263861  
6.205548152  
6.679050948  
6.011602653  
4.269323292  
1.710241497  
-1.261096965  
-4.173190662  
-6.585816956  
-8.184002707  
-8.842954871  
-8.644985794  
-7.841949989  
-6.772791753  
-5.760059873  
-5.016822061  
-4.592954052  
-4.377641786  
-4.156579213  
-3.703996358  
-2.877604171  
-1.683267028  
-0.2863637816  
1.034847681  
1.978490703  
2.320613593  
1.994405013  
1.120043735  
-0.02483323379  
-1.083927515  
-1.724015155  
-1.726649059  
-1.041824189  
0.2101142091  
1.783895173  
3.382554009  
4.732133015  
5.634952824  
5.990126213  
5.784470334  
5.068152526  
3.932801833  
2.504212695  
0.9501687554  
-0.508259729  
-1.600166829  
-2.038357945  
-1.586374079  
-0.1453127568  
2.167978634  
4.985430184  
7.721575437  
9.6833914  
10.23668676  
8.986153443  
5.914664268  
1.433369897  
-3.682683634  
-8.464776148  
-11.98415205  
-13.58439621  
-13.04530448  
-10.62983703  
-7.00045895  
-3.03074348  
0.4303594142  
2.771174121  
3.745901938  
3.487018135  
2.407281571  
1.031770512  
-0.1801923853  
-0.9646546101  
-1.296671086  
-1.342865401  
-1.349987478  
-1.517072795  
-1.901111782  
-2.390234159  
-2.750893876  
-2.727128111  
-2.15097113  
-1.020345941  
0.4854478256  
2.057938436  
3.35884769  
4.128880482  
4.265792344  
3.844504465  
3.074873051  
2.216444265  
1.485116379  
0.9880136381  
0.7101869995  
0.5548820788  
0.4171386873  
0.2568965123  
0.1381369981  
0.214639273  
0.665281447  
1.603501094  
2.998046951  
4.640087982  
6.175711102  
7.198440588  
7.372995597  
6.547945887  
4.816682538  
2.502905639  
-4.642765005  
-9.385619998  
-12.20361673  
-12.76909079  
-11.30189204  
-8.472226301  
-5.195799256  
-2.381267891  
-0.6988796605  
-0.4289413032  
-1.423677536  
-3.183876863  
-5.021558877  
-6.259596118  
-6.413355513  
-5.30830703  
-3.10774351  
-0.2500205903  
2.681732578  
5.118706644  
6.650818042  
7.119688063  
6.639179685  
5.54252716  
4.274274002  
3.258700965  
2.781069448  
2.9131143  
3.501348618  
4.219451387  
4.668861064  
4.499101436  
3.514559818  
1.738525123  
-0.5828325759  
-3.037422206  
-5.149554345  
-6.499826249  
-6.830366135  
-6.107516634  
-4.526073905  
-2.455303628  
-0.3427686731  
1.396987825  
2.478681159  
2.802549564  
2.457917265  
1.67656873  
0.752337905  
-0.04811850732  
-0.5575016404  
-0.743629998  
-0.7012695074  
-0.6057639461  
-0.6449778645  
-0.9513310185  
-1.554232105  
-2.365999365  
-3.203766991  
-3.839507926  
-4.062890301  
-3.739232155  
-2.84755517  
-1.490080718  
0.127453415  
1.738148475  
3.067960525  
3.889179359  
4.062862569  
3.563393678  
2.482405556  
1.012996964  
-0.5822147532  
-2.013944755  
-3.013701173  
-3.37887116  
-3.008252746  
-1.921366532  
-0.2567510952  
1.752210507  
3.820816297  
5.66792121  
7.070420106  
7.904400022  
8.162279034  
7.940799838  
7.402495086  
6.720861508  
6.024816859  
5.358977967  
4.672369706  
3.840110313  
2.712702544  
1.178733635  
-0.7781261639  
-3.046293815  
-5.389729343  
-7.489577725  
-9.01469421  
-9.702903885  
-9.431049002  
-8.254301508  
-6.403159797  
-4.23781254  
-2.170855194  
-0.5775993271  
0.283840368  
0.3234768908  
-0.3699674181  
-1.559691813  
-2.92335248  
-4.130889189  
-4.918238518  
-5.139760941  
-4.788401414  
-3.981071271  
-2.915310043  
-1.809834039  
-0.8448582823  
-0.1174006614  
0.3774297898  
0.7349713317  
1.102888999  
1.626916237  
2.395453981  
3.399015618  
4.517215574  
5.539251508  
6.214806231  
6.323228202  
5.742445833  
4.497071663  
2.769258376  
0.865014455  
-0.8586455181  
-2.087971604  
-2.64195628  
-2.529392682  
-1.952930926  
-1.253677083  
-0.8077289053  
-0.9021578046  
-1.627304911  
-2.821006335  
-4.087851849  
-4.895571184  
-4.726938601  
-3.246305848  
-0.4314360758  
3.372639024  
7.50131591  
11.11473037  
13.40468652  
13.80936507  
12.17522496  
8.817446384  
4.457230331  
0.04876339138  
-3.459336968  
-5.36343092  
-5.379073839  
-3.701860815  
-0.9389553967  
2.067714632  
4.474752182  
5.65986786  
5.371232886  
3.764138252  
1.3199456  
-1.322703316  
-3.56939935  
-5.041722994  
-5.668593268  
-5.673662772  
-5.468663669  
-5.491674864  
-6.045111358  
-7.186058651  
-8.702747975  
-10.18203909  
-11.14326442  
-11.19326042  
-10.15218287  
-8.110828742  
-5.403659396  
-2.509275405  
0.08721994405  
2.02501595  
3.151145005  
3.533894671  
3.407253493  
3.070041141  
2.776726768  
2.657253592  
2.690894766  
2.739087685  
2.621428999  
2.204819071  
1.472589139  
0.5489127018  
-0.3293897997  
-0.8828180075  
-0.8758946443  
-0.190647983  
1.137258337  
2.930089128  
4.920815587  
6.827118444  
8.420828344  
9.57078616  
10.24837372  
10.49937628  
10.39774848  
10.00208286  
9.332374344  
8.374688959  
7.108900346  
5.544615463  
3.74699523  
1.838588696  
-0.02617669702  
-1.704993389  
-3.11228199  
-4.244960449  
-5.176398669  
-6.018259199  
-6.863659004  
-7.734333462  
-8.555138324  
-9.170124628  
-9.398607614  
-9.112667706  
-8.306318932  
-7.125971746  
-5.843468025  
-4.773239758  
-4.157581617  
-4.059856463  
-4.308236645  
-4.519574413  
-4.207492348  
-2.948555071  
-0.5560403846  
2.798531847  
6.565284467  
9.917765078  
11.9585503  
11.97439072  
9.665403921  
5.27458211  
-0.4301077352  
-6.325751892  
-11.21418007  
-14.13283691  
-14.60563509  
-12.75811133  
-9.261264873  
-5.120571807  
-1.374695683  
1.203379732  
2.31103762  
2.1650506  
1.383524654  
0.7431156406  
0.8938539846  
2.126873121  
4.271963143  
6.758063529  
8.815036084  
9.747458792  
9.186659922  
7.234128012  
4.445617058  
1.658783462  
-0.2796812655  
-0.7967135497  
0.2101168849  
2.329407052  
4.764261181  
6.592846631  
7.077155877  
5.918516832  
3.374220004  
0.1938450767  
-2.607969026  
-4.072155166  
-3.608104613  
-1.198910077  
2.567633198  
6.654398942  
9.8705692  
11.21799197  
10.18353923  
6.890247456  
2.064017889  
-3.17118012  
-7.605921935  
-10.27245163  
-10.69243482  
-8.97911398  
-5.773365906  
-2.04224314  
1.194158436  
3.126692567  
3.341050045  
1.880414526  
-0.8156815334  
-4.063945947  
-7.128007864  
-9.391454309  
-10.47189615  
-10.25894064  
-8.883885399  
-6.646300828  
-3.928302314  
-1.121451566  
1.421534309  
3.411584174  
4.634609886  
4.960593319  
4.356235375  
2.898566217  
0.7803193243  
-1.703490151  
-4.193353008  
-6.323774547  
-7.789474376  
-8.401001318  
-8.113115964  
-7.017659544  
-5.304645497  
-3.206294576  
-0.9442026843  
1.302647515  
3.400920873  
5.241826237  
6.711684645  
7.674236786  
7.980175911  
7.507270487  
6.21953187  
4.222132139  
1.785650121  
-0.6792913599  
-2.699544867  
-3.852078056  
-3.879247008  
-2.769038255  
-0.7708101137  
1.6636122  
3.999179912  
5.762094805  
6.664642003  
6.67107282  
5.984398528  
4.960557901  
3.981027288  
3.328670518  
3.10938749  
3.244529773  
3.532319863  
3.750560716  
3.757467002  
3.548603763  
3.245659058  
3.020713347  
2.987372156  
3.106519748  
3.152597402  
2.765503002  
1.58039598  
-0.6056031417  
-3.6914318  
-7.21570582  
-10.42273237  
-12.44727668  
-12.57085295  
-10.47113703  
-6.379537131  
-1.084285309  
4.237773825  
8.322434491  
10.16785487  
9.326863687  
6.04830553  
1.21726763  
-3.894219882  
-7.994157059  
-10.14425491  
-10.02493129  
-8.008878411  
-5.020191098  
-2.224086779  
-0.646378424  
-0.8443721519  
-2.734088663  
-5.627923518  
-8.468498642  
-10.18086034  
-10.02718506  
-7.848181882  
-4.113279107  
0.2350655881  
4.089989011  
6.539129588  
7.155498336  
6.125451198  
4.173159881  
2.308169673  
1.480355034  
2.256033084  
4.620951181  
7.973397514  
11.30822646  
13.53098423  
13.80040274  
11.79045143  
7.791066492  
2.619993372  
-2.62143155  
-6.867740452  
-9.382848335  
-9.93918382  
-8.834278057  
-6.750370303  
-4.511573484  
-2.821856252  
-2.067217256  
-2.238648481  
-2.989129614  
-3.793302597  
-4.147532434  
-3.740129419  
-2.537731305  
-0.7670921775  
1.190770345  
2.948144236  
4.243245257  
5.011273179  
5.373266559  
5.55380208  
5.76436577  
6.10004416  
6.48995441  
6.71985096  
6.517322449  
5.666319488  
4.106913442  
1.981916066  
-0.3883268356  
-2.595278732  
-4.264753821  
-5.169720044  
-5.29399646  
-4.824915055  
-4.078122207  
-3.381357595  
-2.958093139  
-2.851555988  
-2.915224702  
-2.872723991  
-2.426093185  
-1.37505482  
0.2936539508  
2.377475373  
4.500116582  
6.211498443  
7.114058915  
6.975945891  
5.796533334  
3.805369259  
1.396505268  
-0.980407021  
-2.938982692  
-4.250380206  
-4.887527527  
-5.009721688  
-4.895576882  
-4.84619059  
-5.087135566  
-5.69618956  
-6.575125144  
-7.471338779  
-8.042313184  
-7.946018016  
-6.93515999  
-4.933181167  
-2.0743324  
1.302184201  
4.704822303  
7.580359362  
9.425747577  
9.898536499  
8.901537349  
6.620541464  
3.502270281  
0.1723780491  
-2.692213521  
-4.509528938  
-4.922864838  
-3.881888115  
-1.651652561  
1.25545512  
4.208979445  
6.6172055  
8.068807982  
8.419919306  
7.802442097  
6.552911438  
5.085499579  
3.750480858  
2.724238226  
1.966775953  
1.260511458  
0.3166144853  
-1.088368512  
-2.994450888  
-5.202728072  
-7.306360392  
-8.80270299  
-9.252679312  
-8.435441701  
-6.445198379  
-3.69410642  
-0.8148660095  
1.510278724  
2.742394512  
2.640209477  
1.326935381  
-0.7518354611  
-2.965546082  
-4.687096634  
-5.471967046  
-5.171848759  
-3.949408931  
-2.194492653  
-0.3751309666  
1.122413351  
2.108594525  
2.622524298  
2.874168244  
3.123168724  
3.544043305  
4.132269283  
4.690359591  
4.902519826  
4.472013016  
3.26943965  
1.432628351  
-0.6267209569  
-2.322639801  
-3.075083136  
-2.513372615  
-0.6325062866  
2.156910131  
5.111755536  
7.355469588  
8.135798267  
7.061156203  
4.23844411  
0.26402566  
-3.934801325  
-7.362532025  
-9.242712494  
-9.240807715  
-7.55309109  
-4.833873722  
-1.984437631  
0.1293556208  
0.9417119056  
0.351322644  
-1.264017502  
-3.183842259  
-4.585801595  
-4.812000278  
-3.576004085  
-1.046884644  
2.212193856  
5.426213445  
7.849062924  
8.984259081  
8.716800072  
7.318927145  
5.334926145  
3.388952281  
1.982459049  
1.34762823  
1.401035217  
1.806280786  
2.117522292  
1.95051224  
1.12137087  
-0.2924983515  
-1.986172379  
-3.539461059  
-4.565515932  
-4.843244155  
-4.388966373  
-3.445327426  
-2.394539209  
-1.628206318  
-1.419003848  
-1.836624331  
-2.733402295  
-3.800488342  
-4.672109502  
-5.041126033  
-4.748073805  
-3.817579441  
-2.435574545  
-0.8808109695  
0.5622035217  
1.678620765  
2.36460498  
2.626911385  
2.548895853  
2.242143147  
1.805352358  
1.305795785  
0.7866524211  
0.2911018919  
-0.1137151168  
-0.3297217544  
-0.2469754122  
0.214548228  
1.055570098  
2.162090003  
3.303348015  
4.172237298  
4.462102552  
3.959218295  
2.621761948  
0.6172236253  
-1.698786701  
-3.86159224  
-5.4148874  
-6.033555843  
-5.615254801  
-4.31209903  
-2.490946423  
-0.6320957693  
0.8050354069  
1.510426102  
1.408612714  
0.67558664  
-0.3174215994  
-1.116768329  
-1.322952779  
-0.711503594  
0.69624334  
2.632181977  
4.649978384  
6.243454651  
6.981831374  
6.625122343  
5.189351489  
2.945547477  
0.3543869059  
-2.045163208  
-3.763975369  
-4.475659087  
-4.087681976  
-2.755757932  
-0.8409710218  
1.177450154  
2.811634635  
3.671287597  
3.543959356  
2.434117931  
0.5558643948  
-1.715836767  
-3.922697343  
-5.612350485  
-6.421799588  
-6.140497129  
-4.743704445  
-2.392772703  
0.5951784448  
3.801318497  
6.773073485  
9.095045364  
10.45220377  
10.67612791  
9.767567978  
7.891808569  
5.347226576  
2.511698863  
-0.224460921  
-2.527233408  
-4.176156977  
-5.098270228  
-5.370910807  
-5.191943736  
-4.823486599  
-4.522049624  
-4.472106283  
-4.740162701  
-5.261681768  
-5.864846185  
-6.324966625  
-6.434413047  
-6.067931527  
-5.223965935  
-4.029245233  
-2.704697744  
-1.50260923  
-0.6340391164  
-0.208924818  
-0.2076218724  
-0.4928310178  
-0.8578964014  
-1.095583933  
-1.064564727  
-0.7315255393  
-0.1749197367  
0.4505221622  
0.9758374144  
1.284195749  
1.35752708  
1.285821232  
1.234545167  
1.380606908  
1.839174079  
2.607962095  
3.550662577  
4.428308075  
4.970783762  
4.966217971  
4.338582236  
3.186445727  
1.767824687  
0.4335752254  
-0.4711207067  
-0.7066643629  
-0.2090506429  
0.8918854789  
2.31100837  
3.690072076  
4.696829067  
5.110024904  
4.865420421  
4.052175443  
2.86601494  
1.539429562  
0.2748927994  
-0.7968056121  
-1.62283403  
-2.203745996  
-2.554586046  
-2.672828303  
-2.529800179  
-2.090505295  
-1.352879894  
-0.386981782  
0.6476533088  
1.521075641  
1.988638649  
1.867540319  
1.10720024  
-0.1750607225  
-1.711639921  
-3.156050027  
-4.188212059  
-4.619104867  
-4.457141228  
-3.909284466  
-3.311369891  
-3.007325381  
-3.216817477  
-3.937983176  
-4.922672416  
-5.738559864  
-5.902877739  
-5.046572713  
-3.054737694  
-0.1342275064  
3.218319804  
6.342643628  
8.598199973  
9.547748353  
9.082950981  
7.451867458  
5.179946897  
2.910622087  
1.217317114  
0.446824517  
0.6419154786  
1.563202685  
2.796393362  
3.903116835  
4.561034253  
4.645934077  
4.232091236  
3.51829742  
2.714268904  
1.935613763  
1.15037356  
0.1986833854  
-1.122600437  
-2.944992482  
-5.230993553  
-7.736753156  
-10.05515866  
-11.7290156  
-12.39611576  
-11.91377254  
-10.41560204  
-8.276508003  
-5.994986721  
-4.032683202  
-2.668160277  
-1.918129917  
-1.555818202  
-1.220720559  
-0.579554651  
0.522196126  
1.97746481  
3.438927634  
4.441903194  
4.587360796  
3.718230179  
2.020408384  
0.00336354104  
-1.643285661  
-2.275609265  
-1.529003334  
0.5231100624  
3.34766456  
6.085843305  
7.808465052  
7.815418509  
5.882479268  
2.371475324  
-1.83909858  
-5.589032746  
-7.769072604  
-7.650196131  
-5.107376575  
-0.6673965258  
4.635210656  
9.55028687  
12.96288498  
14.19642738  
13.17862666  
10.42511551  
6.853291746  
3.490571813  
1.170804995  
0.311479352  
0.8339537545  
2.240561667  
3.812386701  
4.856081688  
4.917988363  
3.900731543  
2.054213603  
-0.1438929262  
-2.1681987  
-3.620693376  
-4.343052796  
-4.434748229  
-4.180615768  
-3.92230426  
-3.924389834  
-4.283262198  
-4.90746649  
-5.57014875  
-6.008228411  
-6.027937536  
-5.577166525  
-4.760180598  
-3.793291183  
-2.922029342  
-2.333314882  
-2.095693186  
-2.148051324  
-2.337543659  
-2.488733149  
-2.475010043  
-2.264181464  
-1.921676428  
-1.572369925  
-1.338546629  
-1.280624385  
-1.36565658  
-1.477090586  
-1.462496961  
-1.200478535  
-0.6598207227  
0.07374774461  
0.8159077577  
1.342837644  
1.47085217  
1.127857575  
0.3898490512  
-0.5324701737  
-1.354333662  
-1.805341783  
-1.716070638  
-1.073531503  
-0.0266992298  
1.159618645  
2.186728923  
2.812160967  
2.918169453  
2.537088435  
1.827463659  
1.011976393  
0.3009299202  
-0.1709778257  
-0.3729296484  
-0.363254278  
-0.23992675  
-0.07754046429  
0.1228654469  
0.4494239726  
1.051477676  
2.075481192  
3.586441065  
5.503787366  
7.577758425  
9.420617004  
10.58950741  
10.70060702  
9.542481515  
7.154610446  
3.845305508  
0.1397054789  
-3.331787601  
-5.977058532  
-7.380662929  
-7.400555595  
-6.197552593  
-4.18978575  
-1.944349359  
-0.03476778519  
1.098532784  
1.249112184  
0.4820830678  
-0.8990328762  
-2.444793592  
-3.685127296  
-4.253249605  
-3.975828055  
-2.907408977  
-1.303145409  
0.4592319914  
1.984018908  
2.95867225  
3.224274165  
2.798644888  
1.850131197  
0.6346264948  
-0.5817851683  
-1.589832515  
-2.274618314  
-2.616141259  
-2.658561964  
-2.464660167  
-2.076173522  
-1.497159891  
-0.707413409  
0.3000392632  
1.474336013  
2.676835819  
3.683909113  
4.229262303  
4.077416011  
3.106306692  
1.370132874  
-0.8832837782  
-3.253487531  
-5.280665941  
-6.566551032  
-6.886524193  
-6.256276663  
-4.928771505  
-3.318620417  
-1.874898732  
-0.9414970734  
-0.6500999364  
-0.8819274715  
-1.312894475  
-1.529453382  
-1.178256719  
-0.1000626922  
1.598024701  
3.558789372  
5.277504562  
6.259833411  
6.184483025  
5.017039977  
3.036034317  
0.7603012128  
-1.201350753  
-2.331563552  
-2.359880297  
-1.343202858  
0.3536436422  
2.170215918  
3.519210874  
3.958243255  
3.311855231  
1.708680928  
-0.4728739573  
-2.727728099  
-4.57280297  
-5.673076994  
-5.908027331  
-5.364459869  
-4.26779069  
-2.88371757  
-1.429286523  
-0.02472384166  
1.301243067  
2.562183281  
3.747737861  
4.773257227  
5.470716573  
5.628816488  
5.069256524  
3.73026408  
1.723568033  
-0.6607695758  
-3.008964441  
-4.883289678  
-5.935888895  
-5.999761391  
-5.127480822  
-3.566076055  
-1.678287453  
0.1620041186  
1.665162632  
2.682615353  
3.211617255  
3.354256767  
3.253188569  
3.032775558  
2.768727192  
2.494364451  
2.233874354  
2.039825765  
2.009581278  
2.264592877  
2.894361604  
3.885859687  
5.071145115  
6.124787323  
6.62749392  
6.187460609  
4.585587162  
1.894622254  
-1.47672263  
-4.844232587  
-7.409645074  
-8.48363498  
-7.704710462  
-5.182188207  
-1.509296329  
2.369919178  
5.410004368  
6.760229675  
6.018384797  
3.361411182  
-0.4929393728  
-4.488155296  
-7.537720499  
-8.848429075  
-8.158973851  
-5.818732228  
-2.679974362  
0.1656847526  
1.727039822  
1.425342801  
-0.7175404152  
-4.073468016  
-7.587822085  
-10.09135324  
-10.65092589  
-8.854840065  
-4.948867065  
0.2158581376  
5.406378698  
9.337114828  
11.01063572  
9.975874105  
6.436500291  
1.186613005  
-4.600799972  
-9.669287884  
-12.97706638  
-13.92252874  
-12.44716871  
-9.002132478  
-4.40038288  
0.3978187344  
4.50800702  
7.300836074  
8.502902065  
8.20744715  
6.805211255  
4.86129419  
2.971010031  
1.626768204  
1.121185436  
1.501636555  
2.580728045  
3.997091733  
5.312362228  
6.12377735  
6.168268853  
5.394303889  
3.982902741  
2.30937569  
0.8509885382  
0.06021346572  
0.2343623085  
1.416736196  
3.359188754  
5.561858999  
7.385523689  
8.211292136  
7.60717746  
5.456603182  
2.012030729  
-2.143932534  
-6.222746223  
-9.408798623  
-11.04719587  
-10.7925139  
-8.681876044  
-5.11685463  
-0.7635004499  
3.59930239  
7.241910571  
9.616466667  
10.43241179  
9.66639382  
7.516972599  
4.327754866  
0.5065231774  
-3.537584336  
-7.428642296  
-10.83345738  
-13.45896341  
-15.05343478  
-15.42286381  
-14.46424099  
-12.20661467  
-8.843304692  
-4.737559101  
-0.3898027736  
3.63413295  
6.801708603  
8.71729739  
9.204904423  
8.347788653  
6.473039183  
4.082821891  
1.747328354  
-0.01626963954  
-0.8515424571  
-0.6337324733  
0.510531614  
2.237299237  
4.064173464  
5.476245629  
6.036880278  
5.481323833  
3.775399004  
1.128588882  
-2.040698219  
-5.181374859  
-7.713827042  
-9.143177649  
-9.160696738  
-7.713640752  
-5.028702268  
-1.58221934  
1.979817361  
4.958786648  
6.736213461  
6.89662295  
5.315588912  
2.194046158  
-1.969845828  
-6.467570758  
-10.51017008  
-13.37647428  
-14.55067327  
-13.82190659  
-11.32542428  
-7.516062237  
-3.077891584  
1.213340768  
4.6483059  
6.730788548  
7.281739833  
6.476634576  
4.80479473  
2.955746326  
1.654574511  
1.481867734  
2.72052352  
5.268827626  
8.646096161  
12.09596349  
14.76754011  
15.93249959  
15.18314297  
12.55729878  
8.551684694  
4.013455925  
-0.06737285256  
-2.812746364  
-3.690521051  
-2.661730521  
-0.1968570598  
2.847681634  
5.461785991  
6.759377791  
6.223252605  
3.846782463  
0.1309503485  
-4.062658706  
-7.759849826  
-10.14959113  
-10.80611658  
-9.792478619  
-7.617011769  
-5.05931271  
-2.922045753  
-1.786876453  
-1.850025885  
-2.886522968  
-4.350508569  
-5.575509768  
-6.007287419  
-5.392644533  
-3.863152892  
-1.887934518  
-0.1126881269  
0.8609184872  
0.6824030985  
-0.621892444  
-2.64579926  
-4.724146142  
-6.138844566  
-6.344754666  
-5.144246399  
-2.756273742  
0.2406890346  
3.073355418  
4.995285283  
5.499089816  
4.457903929  
2.158043032  
-0.7820167445  
-3.578608518  
-5.485835252  
-5.978510026  
-4.869346451  
-2.336683928  
1.135127897  
4.878735206  
8.194176915  
10.49001715  
11.38734707  
10.77233465  
8.79641379  
5.832643857  
2.40121519  
-0.9225179584  
-3.605212002  
-5.246248357  
-5.649667177  
-4.864122914  
-3.1788705  
-1.069262085  
0.9046454289  
2.229526517  
2.57132614  
1.873640395  
0.3902231869  
-1.365888907  
-2.751790122  
-3.173660222  
-2.267966796  
-0.03190475323  
3.13962729  
6.528799857  
9.267554635  
10.56436608  
9.922679901  
7.288311607  
3.081550184  
-1.897777836  
-6.667377714  
-10.30709253  
-12.18289503  
-12.0888346  
-10.27037731  
-7.327646469  
-4.031445535  
-1.108381033  
0.9430474116  
1.956430734  
2.099093662  
1.78021428  
1.500251878  
1.689944999  
2.584928565  
4.166600227  
6.177287273  
8.196172175  
9.748037739  
10.41329985  
9.914102067  
8.163237405  
5.275221775  
1.547091181  
-2.581203399  
-6.579822615  
-9.892952781  
-12.01339707  
-12.56536003  
-11.38632512  
-8.590880237  
-4.594597962  
-0.07849046324  
4.113989081  
7.137032519  
8.329262499  
7.382162137  
4.442253714  
0.1109357262  
-4.669318344  
-8.822375452  
-11.39116424  
-11.77099064  
-9.860656662  
-6.08893347  
-1.307606383  
3.420788699  
7.0831301  
8.953915628  
8.749544513  
6.662401636  
3.273861034  
-0.6208386535  
-4.220547352  
-6.899490894  
-8.316141642  
-8.430510255  
-7.440417122  
-5.670610131  
-3.458216676  
-1.07212777  
1.314193028  
3.59976794  
5.705305901  
7.525267447  
8.909092282  
9.682966427  
9.70455542  
8.927557378  
7.447100205  
5.502954048  
3.43317813  
1.590039581  
0.2454266073  
-0.4813814705  
-0.6474681526  
-0.4520953269  
-0.1559589782  
0.01752081906  
-0.03694515987  
-0.273556822  
-0.5234714779  
-0.5746873705  
-0.2749184535  
0.3811746792  
1.215249615  
1.897311557  
2.04101543  
1.333770669  
-0.3407982715  
-2.830563466  
-5.720889151  
-8.422803963  
-10.32093042  
-10.93902049  
-10.07437102  
-7.860930783  
-4.742048632  
-1.360539862  
1.602245091  
3.592772241  
4.311716014  
3.768521824  
2.25443105  
0.247633533  
-1.718115074  
-3.183160037  
-3.856434664  
-3.655262037  
-2.68866775  
-1.198218253  
0.5204563986  
2.191409461  
3.609726646  
4.663113597  
5.326436245  
5.638585796  
5.672892697  
5.509962124  
5.217451941  
4.8374093  
4.379942948  
3.822602685  
3.116469852  
2.200960072  
1.028133405  
-0.4064367116  
-2.033994256  
-3.69558756  
-5.149092416  
-6.10664873  
-6.299521466  
-5.556476655  
-3.873356147  
-1.449439081  
1.327548835  
3.952026338  
5.913458951  
6.822690204  
6.515072677  
5.097373417  
2.920553362  
0.482869326  
-1.709547535  
-3.282247013  
-4.087788708  
-4.225358136  
-3.977475363  
-3.684602014  
-3.600850374  
-3.782439943  
-4.05159879  
-4.053935016  
-3.394968772  
-1.811842061  
0.6798907323  
3.720869457  
6.656902493  
8.698589364  
9.149754464  
7.636031621  
4.259156002  
-0.3790023747  
-5.300765669  
-9.397318584  
-11.7262869  
-11.77484691  
-9.607889621  
-5.853372948  
-1.525443145  
2.264364425  
4.622520313  
5.121126276  
3.903558218  
1.617318863  
-0.8035570248  
-2.437949912  
-2.665590486  
-1.354636587  
1.107735987  
3.948636744  
6.262257551  
7.300979626  
6.712835375  
4.651611423  
1.727048506  
-1.186855856  
-3.223385891  
-3.78879745  
-2.740166309  
-0.4225464171  
2.44254439  
4.979291227  
6.419640187  
6.324769334  
4.700991961  
1.979960108  
-1.124410346  
-3.833256768  
-5.525574308  
-5.900224784  
-5.03349379  
-3.322916049  
-1.343103311  
0.33631676  
1.313152689  
1.449042019  
0.8774116359  
-0.07037961754  
-0.9900328271  
-1.537341965  
-1.528330088  
-0.9799974994  
-0.08612782278  
0.8571696693  
1.548295155  
1.768349362  
1.436408511  
0.6205565729  
-0.4922742842  
-1.653598984  
-2.618739766  
-3.202651131  
-3.314543075  
-2.967356746  
-2.264683968  
-1.371593432  
-0.4769326568  
0.24608528  
0.6753231748  
0.7661174319  
0.5637742611  
0.1977628925  
-0.1446514761  
-0.2634875839  
-0.002218442613  
0.69811599  
1.76303892  
2.98142945  
4.042401408  
4.608446231  
4.408894666  
3.328676755  
1.46517082  
-0.8678417696  
-3.196251453  
-4.991361548  
-5.799098966  
-5.357647192  
-3.669993124  
-1.009822632  
2.141803534  
5.211378346  
7.666943475  
9.1337642  
9.461079133  
8.725314514  
7.175197488  
5.141266737  
2.941191133  
0.8101531795  
-1.126179034  
-2.835413661  
-4.33375328  
-5.63646453  
-6.72597723  
-7.550208394  
-8.049030559  
-8.193614338  
-8.01685424  
-7.616345141  
-7.123027003  
-6.644461435  
-6.205052435  
-5.710682536  
-4.959349399  
-3.703524574  
-1.749708751  
0.9367520729  
4.160881509  
7.494066671  
10.35015608  
12.12837412  
12.38485433  
10.98032258  
8.153820711  
4.491583253  
0.7914907781  
-2.143293285  
-3.72327013  
-3.738644942  
-2.42018974  
-0.3729538717  
1.600801312  
2.738802334  
2.545971573  
0.9436166202  
-1.704468295  
-4.696937709  
-7.199251611  
-8.486036604  
-8.149277696  
-6.211496405  
-3.112792786  
0.4208781516  
3.585620923  
5.719872857  
6.472194447  
5.870308756  
4.277097966  
2.253885461  
0.3781492762  
-0.9263859857  
-1.496780517  
-1.447100678  
-1.095659418  
-0.8324038533  
-0.972158947  
-1.640880234  
-2.728851255  
-3.922082713  
-4.79860526  
-4.957572407  
-4.141384019  
-2.315781733  
0.3124326281  
3.341194342  
6.265903254  
8.59147531  
9.93416332  
10.08998967  
9.058525605  
7.023525314  
4.302092483  
1.278805476  
-1.659304544  
-4.175706312  
-6.020050386  
-7.046611929  
-7.218290762  
-6.599351985  
-5.338887411  
-3.645866392  
-1.756704802  
0.1019601481  
1.749915435  
3.081790786  
4.079206623  
4.801161032  
5.352444411  
5.836537977  
6.305515731  
6.722480935  
6.95062547  
6.776756908  
5.967495522  
4.345849321  
1.867703911  
-1.325209857  
-4.895661159  
-8.354362102  
-11.15226829  
-12.80298045  
-13.00582168  
-11.73653706  
-9.277928457  
-6.176171081  
-3.127319733  
-0.8175642351  
0.2448643836  
-0.1368752122  
-1.786349139  
-4.183809447  
-6.585173521  
-8.203371114  
-8.40756313  
-6.889004122  
-3.74932496  
0.5137514952  
5.121340442  
9.200069745  
11.99188339  
13.03184021  
12.24765112  
9.956461609  
6.763192207  
3.391885891  
0.4993267884  
-1.47690165  
-2.396118122  
-2.402205443  
-1.833211267  
-1.087739234  
-0.4938802009  
-0.2220410488  
-0.2653278931  
-0.4863010763  
-0.7056552464  
-0.7946599137  
-0.7337639355  
-0.6142297997  
-0.5828411712  
-0.7529587702  
-1.120063511  
-1.520319522  
-1.656163287  
-1.187995689  
0.135280258  
2.352340038  
5.220258765  
8.233343238  
10.73502667  
12.09553284  
11.90262186  
10.10381665  
7.050042389  
3.419803643  
0.04093464044  
-2.339042166  
-3.264263185  
-2.697612885  
-1.022987142  
1.078511728  
2.839301621  
3.635871284  
3.165926058  
1.517011178  
-0.89205304  
-3.473153135  
-5.676153296  
-7.169079612  
-7.929403569  
-8.21650495  
-8.437678904  
-8.958019724  
-9.924957385  
-11.17376961  
-12.25241224  
-12.56190382  
-11.56689179  
-9.004534976  
-5.017753162  
-0.1627245686  
4.717890143  
8.71902698  
11.12395612  
11.60085099  
10.28152832  
7.697549523  
4.596366849  
1.700148614  
-0.5113243274  
-1.921307234  
-2.761588518  
-3.471145277  
-4.48044291  
-6.000002446  
-7.890924494  
-9.66722462  
-10.63432528  
-10.1205392  
-7.724886098  
-3.496703096  
2.01689245  
7.877260278  
12.98589319  
16.37206916  
17.44874957  
16.15900898  
12.97051374  
8.723752954  
4.385255868  
0.7848106168  
-1.582896213  
-2.636450313  
-2.651692577  
-2.102141223  
-1.458690282  
-1.021047355  
-0.8377849061  
-0.7372217306  
-0.4501164045  
0.2281002582  
1.301762635  
2.522145233  
3.442986041  
3.570005494  
2.554320185  
0.3608819989  
-2.652213197  
-5.780568897  
-8.142723278  
-8.926959638  
-7.64293634  
-4.300085162  
0.5461261175  
5.900870883  
10.5652269  
13.43719208  
13.79553523  
11.48780105  
6.970856001  
1.193859405  
