-6.126503249  
-6.435428374  
-5.692150439  
-4.013065057  
-1.73628518  
0.6579355687  
2.66605721  
3.886694178  
4.118605282  
3.405600957  
2.018074696  
0.3781550668  
-1.049939252  
-1.875041306  
-1.870700049  
-1.022213621  
0.4797167802  
2.293932042  
4.016472472  
5.278585403  
5.831987228  
5.602618441  
4.702257409  
3.397055401  
2.041454742  
0.9931214587  
0.5283793663  
0.7772149087  
1.692686397  
3.061778048  
4.555322076  
5.805363813  
6.491488132  
6.415124731  
5.543608149  
4.013213  
2.091082646  
0.106766553  
-1.627927041  
-2.889227799  
-3.583713856  
-3.753082641  
-3.54302602  
-3.148231705  
-2.751845167  
-2.478058327  
-2.370845031  
-2.402422159  
-2.504768972  
-2.610288409  
-2.685550683  
-2.745717579  
-2.845102834  
-3.048550843  
-3.395408426  
-3.87044245  
-4.393375258  
-4.831728598  
-5.03335502  
-4.868188175  
-4.265921692  
-3.238336381  
-1.880703892  
-0.353841384  
1.145846046  
2.4186403  
3.28802267  
3.617829982  
3.321396656  
2.367345046  
0.786485031  
-1.319047749  
-3.768155874  
-6.302305277  
-8.604268644  
-10.33826063  
-11.20802437  
-11.0210743  
-9.741467229  
-7.513053498  
-4.64157104  
-1.535370677  
1.382199757  
3.765568291  
5.418404021  
6.322813348  
6.618186488  
6.537873518  
6.325718136  
6.161153332  
6.118018051  
6.169735494  
6.235950163  
6.249727063  
6.215865157  
6.233366048  
6.468318209  
7.082962532  
8.145472919  
9.555849356  
11.0216011  
12.10219199  
12.31798579  
11.29526184  
8.902711197  
5.332667156  
1.094181634  
-3.088833619  
-6.451033675  
-8.382854995  
-8.593718025  
-7.191408907  
-4.652073522  
-1.688223326  
0.9467155662  
2.659398781  
3.163936356  
2.53373751  
1.146034735  
-0.4595107325  
-1.760998474  
-2.416192156  
-2.357238477  
-1.79272469  
-1.121891273  
-0.7931136871  
-1.154353379  
-2.342647675  
-4.244272065  
-6.532642567  
-8.766126805  
-10.5109102  
-11.44973882  
-11.44627672  
-10.55250066  
-8.966399816  
-6.96195317  
-4.8185781  
-2.772004993  
-0.9961011445  
0.3889807669  
1.297083097  
1.661943332  
1.44027632  
0.6327836829  
-0.6871128792  
-2.353391027  
-4.111763185  
-5.655199609  
-6.685240721  
-6.982420818  
-6.463477553  
-5.205739232  
-3.429139722  
-1.440379152  
0.4435535881  
1.968740564  
2.992789709  
3.496350046  
3.559407651  
3.316399757  
2.910452554  
2.46482482  
2.079964307  
1.851564333  
1.894086932  
2.350297096  
3.372383376  
5.072794903  
7.458223525  
10.37186146  
13.47191109  
16.26602111  
18.20379127  
18.80839548  
17.81128475  
15.24765659  
11.47788729  
7.120779908  
2.910962644  
-0.4822277622  
-2.623068475  
-3.415381679  
-3.114092207  
-2.238581618  
-1.413866051  
-1.18731894  
-1.875301375  
-3.483509479  
-5.720731365  
-8.096201339  
-10.06566356  
-11.17862637  
-11.18293102  
-10.06053845  
-7.993660174  
-5.28379426  
-2.259755586  
0.7901624495  
3.640936069  
6.109210965  
8.008472089  
9.113221004  
9.161473724  
7.908788873  
5.223568885  
1.191568659  
-3.813826079  
-9.134411435  
-13.92165353  
-17.31148469  
-18.63811075  
-17.62640809  
-14.50164907  
-9.974413177  
-5.092775388  
-0.9933079787  
1.385534819  
1.54958857  
-0.4150190765  
-3.856457907  
-7.720973686  
-10.82245408  
-12.14475953  
-11.09524123  
-7.642830496  
-2.30762994  
3.98897265  
10.16668941  
15.25108689  
18.58867845  
19.95870301  
19.56079316  
17.89404868  
15.57254823  
13.13637738  
10.91330008  
8.966222155  
7.133042973  
5.137301588  
2.728444152  
-0.1951195571  
-3.518359488  
-6.916202763  
-9.929657046  
-12.08634294  
-13.02866054  
-12.61251628  
-10.94982813  
-8.385024464  
-5.414152682  
-2.569786214  
-0.3022783214  
1.113469118  
1.625065682  
1.395718813  
0.7490459052  
0.08184306303  
-0.2331742457  
0.06736146103  
1.081524968  
2.724911393  
4.752877527  
6.81495446  
8.528597092  
9.556862857  
9.67500725  
8.814002193  
7.073770018  
4.704671706  
2.061453125  
-0.4613237728  
-2.50020393  
-3.786939539  
-4.193992006  
-3.753163806  
-2.644252827  
-1.156344775  
0.370302115  
1.61010274  
2.312535984  
2.345238493  
1.7116533  
0.5405235941  
-0.9494117544  
-2.500891307  
-3.873794741  
-4.892378645  
-5.473808916  
-5.632385589  
-5.460048557  
-5.089592564  
-4.651380496  
-4.235797895  
-3.8718227  
-3.527355625  
-3.130511915  
-2.604723812  
-1.906176956  
-1.051058834  
-11.88553923  
-13.9072486  
-14.25395008  
-12.99171825  
-10.52345483  
-7.463878898  
-4.455798648  
-1.98883306  
-0.2808431449  
0.7398921392  
1.349472531  
1.874481272  
2.52813378  
3.298672359  
3.933192908  
4.025378227  
3.177394055  
1.178170506  
-1.867477775  
-5.509124372  
-9.037209479  
-11.66289543  
-12.73616867  
-11.93330019  
-9.354287934  
-5.500051934  
-1.137870638  
2.90161454  
5.932926514  
7.568750752  
7.777895019  
6.841464186  
5.232928312  
3.468329492  
1.975969297  
1.020533063  
0.6919524361  
0.9443505629  
1.65489001  
2.671287069  
3.829551636  
4.943455534  
5.785138924  
6.083753425  
5.562452057  
4.015535846  
1.405036661  
-2.060846558  
-5.907591923  
-9.458154892  
-11.97852306  
-12.87125576  
-11.85985889  
-9.101723212  
-5.184208541  
-0.9931824224  
2.515087587  
4.57365287  
4.816986035  
3.378116391  
0.838380107  
-1.955644773  
-4.150187006  
-5.134943959  
-4.706788075  
-3.096648028  
-0.856122242  
1.352222426  
2.985211651  
3.789305784  
3.853246169  
3.529038085  
3.255249978  
3.352116303  
3.868088825  
4.538592088  
4.876263491  
4.36288839  
2.674081125  
-0.1471019615  
-3.636213041  
-7.001345176  
-9.341549923  
-9.921583434  
-8.412731118  
-5.018210163  
-0.4384739269  
4.315817214  
8.205173893  
10.44831291  
10.72516386  
9.235071245  
6.597921645  
3.637224792  
1.120935687  
-0.454300957  
-0.9689757488  
-0.6511244137  
0.06657614024  
0.7432179173  
1.104961869  
1.136727074  
1.061689365  
1.222595863  
1.914714688  
3.23659428  
5.016429666  
6.842536477  
8.187508416  
8.58131748  
7.771450786  
5.813501709  
3.061430967  
0.06246815107  
-2.605284912  
-4.496266154  
-5.407960544  
-5.406020716  
-4.763316792  
-3.842373011  
-2.968259912  
-2.338160165  
-1.995781637  
-1.8713341  
-1.861787164  
-1.911674257  
-2.056980426  
-2.412301095  
-3.107021587  
-4.199266025  
-5.607457144  
-7.093945353  
-8.315082755  
-8.925152981  
-8.698400198  
-7.623141567  
-5.92942437  
-4.034352559  
-2.419121533  
-1.477738011  
-1.389483855  
-2.060460011  
-3.156039275  
-4.214114688  
-4.800088187  
-4.649420803  
-3.747795941  
-2.321364109  
-0.7419452713  
0.6170958562  
1.520719238  
1.955843697  
2.12738496  
2.367613847  
2.991906509  
4.15445513  
5.758609446  
7.457928128  
8.752039471  
9.14755065  
8.330392393  
6.29067124  
3.356155116  
0.1205801454  
-2.712204904  
-4.519898777  
-4.929804252  
-3.912602838  
-1.77611787  
0.9346142834  
3.596127564  
5.673860218  
6.849139685  
7.073730363  
6.54498659  
5.619020969  
4.695101006  
4.107377372  
4.051164501  
4.555052599  
5.494317243  
6.630839656  
7.663004764  
8.274319158  
8.177557986  
7.157169804  
5.112858642  
2.101654972  
-1.632452582  
-5.658129434  
-9.400950482  
-12.23759287  
-13.62811242  
-13.25681702  
-11.14085192  
-7.66714953  
-3.534247666  
0.3974992682  
3.313972105  
4.657778808  
4.279103353  
2.478295717  
-0.07796495719  
-2.546874662  
-4.152145428  
-4.407433924  
-3.253363579  
-1.067063388  
1.457410408  
3.519428015  
4.447196924  
3.886541863  
1.888496134  
-1.124783132  
-4.497183708  
-7.52920923  
-9.659420952  
-10.58298368  
-10.27952252  
-8.955861714  
-6.937387292  
-4.555207704  
-2.070815837  
0.3409080269  
2.556977245  
4.449105255  
5.84225099  
6.518799046  
6.276360073  
5.020540382  
2.854022037  
0.1183946609  
-2.641457479  
-4.793190878  
-5.784512715  
-5.310341447  
-3.421834164  
-0.5346991165  
2.673970699  
5.453301777  
7.193430594  
7.598649241  
6.76204026  
5.116760001  
3.280360165  
1.844857397  
1.183599289  
1.339952628  
2.034153764  
2.783302315  
3.090059287  
2.631818956  
1.382615885  
-0.3755785985  
-2.155674587  
-3.444935859  
-3.895959205  
-3.459601876  
-2.410700641  
-1.255425537  
-0.5514213356  
-0.703326267  
-1.805924608  
-3.591467585  
-5.502096214  
-6.865221932  
-7.11409669  
-5.979907157  
-3.590911838  
-0.4451330643  
2.734806654  
5.217556383  
6.479898492  
6.355987834  
5.0738018  
3.171140672  
1.322109154  
0.1319971887  
-0.03462890021  
0.8579012072  
2.532779887  
4.508230862  
6.255138134  
7.351795365  
7.588853316  
6.998192467  
5.806504239  
4.338219911  
2.905352079  
1.72086872  
0.859065171  
0.2673662337  
-0.1838777523  
-0.6374078485  
-1.195074934  
-1.889795991  
-2.686853865  
-3.506544433  
-4.254329242  
-4.845435875  
-5.2172428  
-5.330551302  
-5.166573897  
-4.72713201  
-4.04159202  
-3.177518949  
-2.246688233  
-1.397122535  
-0.7862331745  
-0.5386237646  
-0.7009749087  
-1.211474645  
-1.899474682  
-2.522158963  
-2.831701301  
-2.653509826  
-1.94925519  
-0.840487641  
0.4195572318  
1.520884109  
2.195970498  
2.310265813  
1.911543548  
1.218096569  
0.5461474912  
0.1984608708  
0.3510952066  
0.9780064241  
1.842111619  
2.559883591  
2.721644793  
2.030000002  
0.4113179434  
-1.937424446  
-4.583897725  
-6.96898782  
-8.556388436  
-8.977829396  
-8.130393528  
-6.198015134  
-3.59338974  
-0.840984908  
1.561396159  
3.261153107  
4.117357391  
4.201830804  
3.742675087  
3.034698026  
2.348114058  
1.862774329  
1.642838852  
1.651283009  
1.790970911  
1.953109651  
2.055935401  
2.064273321  
1.990203489  
1.88199023  
1.8102934  
1.857416478  
2.109300027  
2.645133017  
3.518574294  
4.728984026  
6.188881485  
7.701286068  
8.96349309  
9.609200031  
9.289068842  
7.774111418  
5.052833253  
1.387479249  
-2.698705451  
-6.513360251  
-9.351355351  
-10.67713817  
-10.28078947  
-8.357157253  
-5.476288047  
-2.444396912  
-0.08868114325  
0.9745303718  
0.5197950954  
-1.215744134  
-3.594979874  
-5.763842626  
-6.903496994  
-6.47795831  
-4.402900101  
-1.08372923  
2.690473599  
5.967452414  
7.902702119  
8.001660541  
6.2626748  
3.179686064  
-0.3949493521  
-3.486762943  
-5.266017816  
-5.26956646  
-3.517074018  
-0.4927371499  
2.997689136  
6.050577169  
7.904603196  
8.131859961  
6.731127795  
4.103566891  
0.9236971042  
-2.054344955  
-4.200499671  
-5.168175191  
-4.969543583  
-3.950768572  
-2.677718185  
-1.76521595  
-1.696264548  
-2.679189275  
-4.580333465  
-6.950691926  
-9.140996776  
-10.4770234  
-10.45045652  
-8.874760159  
-5.962167349  
-2.296181592  
1.299735  
3.96866135  
5.050755541  
4.276338634  
1.865806487  
-1.49773919  
-4.824127793  
-7.065369041  
-7.395257866  
-5.443750881  
-1.419030656  
3.921449107  
9.448770069  
13.94483505  
16.41390947  
16.33812286  
13.80629847  
9.480742103  
4.412857255  
-0.2386403422  
-3.506091523  
-4.844298274  
-4.233487638  
-2.132233012  
0.6962529914  
3.424886478  
5.394724173  
6.270386421  
6.079739848  
5.138035015  
3.893299351  
2.75204236  
1.945514779  
1.477683168  
1.164466467  
0.7409354605  
-0.009141947871  
-1.151948214  
-2.567293442  
-3.988006416  
-5.096953506  
-5.642786953  
-5.530102449  
-4.850826122  
-3.846897618  
-2.820401402  
-2.026562987  
-1.59032205  
-1.477011663  
-1.526065732  
-1.532228522  
-1.340713568  
-0.9179687245  
-0.3697807919  
0.1004922016  
0.277115792  
0.02682868459  
-0.6346632031  
-1.531993336  
-2.381453737  
-2.886598417  
-2.843051998  
-2.21333091  
-1.143345658  
0.08599671234  
1.15414007  
1.807512935  
1.937472767  
1.600857733  
0.9767951228  
0.2786393523  
-0.3419934544  
-0.8582724384  
-1.369928223  
-2.039806745  
-2.988567584  
-4.190427162  
-5.416739842  
-6.259681803  
-6.239968463  
-4.970072675  
-2.319714465  
1.476821994  
5.817926268  
9.851051477  
12.68358955  
13.6297641  
12.41898434  
9.298474807  
4.992832283  
0.52589753  
-3.047251184  
-4.922141014  
-4.759426834  
-2.770732964  
0.3473921971  
3.609981822  
6.012291664  
6.793774202  
5.625527721  
2.675067713  
-1.460565645  
-5.925285304  
-9.824318039  
-12.43291582  
-13.34216208  
-12.51396128  
-10.24491605  
-7.061890132  
-3.584889095  
-0.3933707378  
2.076841053  
3.592440127  
4.136300435  
3.883086041  
3.146956748  
2.311045453  
1.747392881  
1.736669489  
2.399787977  
3.656224401  
5.223864794  
6.669485114  
7.507289998  
7.327781811  
5.925447079  
3.387394562  
0.1101010734  
-3.271336429  
-6.031669733  
-7.546020723  
-7.469148064  
-5.848051058  
-3.128282986  
-0.04440050261  
2.579326449  
4.062126798  
4.064441862  
2.688636182  
0.4491606924  
-1.881683638  
-3.507349893  
-3.849477223  
-2.725026492  
-0.403890995  
2.470267947  
5.070866223  
6.631736204  
6.668903183  
5.115231728  
2.331212101  
-1.00578089  
-4.094869481  
-6.226385951  
-6.954785177  
-6.184575872  
-4.154702974  
-1.338986868  
1.696699902  
4.432721646  
6.491231627  
7.671774686  
7.933365699  
7.346750884  
6.045508606  
4.196990987  
1.998151497  
-0.3151503444  
-2.466115281  
-4.161061898  
-5.145659122  
-5.281397687  
-4.615012474  
-3.408223193  
-2.103543559  
-1.222211159  
-1.215718119  
-2.313599759  
-4.418280409  
-7.088592585  
-9.628571618  
-11.26491148  
-11.36601255  
-9.638308467  
-6.23853988  
-1.763250365  
2.887043432  
6.733619486  
8.972060875  
9.179632407  
7.419026635  
4.21079282  
0.3854096001  
-3.139769063  
-5.593976921  
-6.532696495  
-5.918493588  
-4.089074643  
-1.631185368  
0.7968132646  
2.641200697  
3.581946573  
3.586903427  
2.887032229  
1.889418086  
1.057698794  
0.7921187806  
1.335473608  
2.720601356  
4.763977972  
7.101624877  
9.258603486  
10.74086531  
11.13642439  
10.21042906  
7.976251035  
4.724134348  
0.9928042379  
-2.520759009  
-5.103025541  
-6.190158109  
-5.518970464  
-3.219671404  
0.1827949424  
3.870050878  
6.916633659  
8.516772069  
8.190918046  
5.912886352  
2.118641716  
-2.40858242  
-6.74498401  
-10.06465293  
-11.83967313  
-11.94425224  
-10.6363679  
-8.43031834  
-5.908457576  
-3.538656471  
-1.558854543  
0.03639464568  
1.411134972  
2.74540568  
4.096603233  
5.324463854  
6.114188994  
6.093023632  
4.99687197  
2.820136048  
-0.1164360716  
-3.217867551  
-5.781027512  
-7.223741924  
-7.296936836  
-6.198644428  
-4.537761155  
-3.146047921  
-2.79196998  
-3.889968488  
-6.308105135  
-9.350507388  
-11.93578319  
-12.92618922  
-11.5074068  
-7.494829035  
-1.459275133  
5.381015604  
11.48078667  
15.40864933  
16.27351783  
14.00137225  
9.371107504  
3.792829354  
-1.10647096  
-3.963120532  
-4.074221032  
-1.589598521  
2.559548468  
6.96961002  
10.21092739  
11.26939274  
9.84548955  
6.420893129  
2.078854416  
-1.857163088  
-4.246302929  
-4.478924883  
-2.643874882  
0.5307857091  
3.934725925  
6.439349331  
7.248452378  
6.125446561  
3.432475831  
-0.01948745847  
-3.249870155  
-5.419820803  
-6.074717088  
-5.246337041  
-3.393968047  
-1.217463362  
0.5857864347  
1.536015172  
1.491236472  
0.6430772857  
-0.5966889847  
-1.76859947  
-2.531733459  
-2.767367388  
-2.591203536  
-2.280100318  
-2.148656849  
-2.424783535  
-3.168480168  
-4.257687248  
-5.438279733  
-6.412598689  
-6.930155485  
-6.848445348  
-6.147704265  
-4.903845175  
-3.239966799  
-1.282576583  
0.8575715557  
3.074867184  
5.239749632  
7.17298921  
8.645282242  
9.413348174  
9.286512712  
8.201585886  
6.275596232  
3.809970331  
1.235237991  
-0.9930466755  
-2.517007956  
-3.177891016  
-3.060720357  
-2.464329256  
-1.803787391  
-1.47574195  
-1.730501866  
-2.593023305  
-3.85860394  
-5.163655597  
-6.106628028  
-6.37766913  
-5.853878902  
-4.630209255  
-2.979190891  
-1.257307915  
0.2070902132  
1.205524793  
1.692149546  
1.768755126  
1.624718577  
1.459766748  
1.420546389  
1.572741992  
1.913098323  
2.407690378  
3.031861757  
3.787851279  
4.688168035  
5.71098157  
6.750263609  
7.590617017  
7.930417045  
7.458783761  
5.968163915  
3.464685568  
0.2314890244  
-3.189713985  
-6.108281607  
-7.862636876  
-8.015794375  
-6.504998731  
-3.690857125  
-0.2802633418  
2.862181238  
4.961169376  
5.560052457  
4.658150632  
2.708253283  
0.4706709472  
-1.23273646  
-1.786918675  
-0.9873812887  
0.8882613239  
3.166219881  
4.993716929  
5.617690995  
4.634364342  
2.128084067  
-1.346135288  
-4.930661419  
-7.728996788  
-9.079398232  
-8.750292151  
-6.996201175  
-4.459463575  
-1.953731955  
-0.2028137309  
0.3791637127  
-0.2032334116  
-1.559124424  
-3.06774038  
-4.101255404  
-4.236942525  
-3.388732428  
-1.81870199  
-0.031400447  
1.406798873  
2.058082456  
1.748725326  
0.6078054146  
-0.9968535244  
-2.595654155  
-3.774086707  
-4.293538003  
-4.137403425  
-3.4740205  
-2.559304901  
-1.622778518  
-0.783750604  
-0.02914609801  
0.7424384152  
1.633840573  
2.660854332  
3.704289832  
4.528180203  
4.86213721  
4.518051118  
3.49424575  
2.02108881  
0.5214366978  
-0.5095329957  
-0.6686774102  
0.2032467392  
1.939476395  
4.071605465  
5.96161905  
7.004610959  
6.837356452  
5.481397639  
3.366895621  
1.22068753  
-0.1532571912  
-0.1354121227  
1.488620315  
4.421885419  
7.904210258  
10.90699446  
12.42042279  
11.74858886  
8.723801629  
3.774629028  
-2.173891746  
-7.939240019  
-12.38965407  
-14.73232506  
-14.70026541  
-12.58882346  
-9.138860043  
-5.308577101  
-2.006298895  
0.1366377668  
0.8913073873  
0.4285364899  
-0.7972997102  
-2.229994223  
-3.394907619  
-4.02580395  
-4.100971587  
-3.787801177  
-3.326367138  
-2.901386336  
-2.552757585  
-2.158208123  
-1.49369572  
-0.3480791612  
1.351925783  
3.455369081  
5.576079757  
7.168773742  
7.67437848  
6.692272615  
4.125843659  
0.2535700859  
-4.301285294  
-8.699371539  
-12.07995168  
-13.76904235  
-13.44369654  
-11.20725517  
-7.555418435  
-3.243788186  
0.9054209595  
4.203813748  
6.250510632  
7.000168564  
6.731944743  
5.934180451  
5.142436316  
4.779493912  
5.042471845  
5.865887862  
6.965801041  
7.946248885  
8.432124171  
8.187192924  
7.183003948  
5.601303276  
3.773565012  
2.079951886  
0.8406012619  
0.2321781928  
0.2524052354  
0.7388629602  
1.431130244  
2.05290104  
2.386692998  
2.318994503  
1.845758181  
1.042670642  
0.01634366729  
-1.142227023  
-2.383592437  
-3.696446714  
-5.078759382  
-6.497999799  
-7.859962324  
-9.002866106  
-9.723975243  
-9.833137975  
-9.216411737  
-7.887280721  
-6.005419013  
-3.85279974  
-1.771109417  
-0.07779234512  
1.013867261  
1.445629587  
1.320052275  
0.8595156605  
0.3321749121  
-0.03069208589  
-0.09901824648  
0.1303381589  
0.5533159223  
1.014775684  
1.379548893  
1.592010183  
1.702197801  
1.848721706  
2.204353189  
2.903863976  
3.980322622  
5.333593423  
6.743686574  
7.926066029  
8.611232229  
8.622291608  
7.924653535  
6.631441391  
4.963350326  
3.177197563  
1.487900524  
0.01042953662  
-1.259123994  
-2.418218619  
-3.598770975  
-4.896502836  
-6.314768252  
-7.743498062  
-8.981323913  
-9.793679902  
-9.98711898  
-9.474524361  
-8.309229548  
-6.676891054  
-4.848296559  
-3.109163797  
-1.689776736  
-0.7160919666  
-0.1952274734  
-0.03576205007  
-0.09139888151  
-0.2098353467  
-0.2691372004  
-0.1911582719  
0.06763173504  
0.5375233068  
1.253679121  
2.257377317  
3.575075391  
5.181405352  
6.962038898  
8.696426371  
10.07640121  
10.76512929  
10.48581408  
9.115938876  
6.756198428  
3.74667094  
0.6161226205  
-2.029894257  
-3.656416209  
-3.94242373  
-2.878154389  
-0.7846703589  
1.755228142  
4.040278285  
5.431438159  
5.520631762  
4.239893226  
1.878744398  
-0.9968544434  
-3.70268806  
-5.627887457  
-6.405911586  
-6.016097439  
-4.785940796  
-3.292350629  
-2.188767351  
-2.006648028  
-2.987870932  
-4.996898109  
-7.539960855  
-9.888962346  
-11.27838031  
-11.1221979  
-9.190966728  
-5.698396288  
-1.270387466  
3.199193372  
6.770584962  
8.700484658  
8.639904396  
6.733046712  
3.587919901  
0.1234182  
-2.669005985  
-3.986818686  
-3.431164285  
-1.116195885  
2.358179716  
6.064601691  
8.996052324  
10.33638463  
9.679640441  
7.137547806  
3.305060749  
-0.9066862675  
-4.523341246  
-6.774973463  
-7.302576451  
-6.244823451  
-4.180549841  
-1.943978274  
-0.3666486055  
-0.02149928564  
-1.044379813  
-3.08599254  
-5.409599185  
-7.107279657  
-7.372901942  
-5.752931811  
-2.302152564  
2.401840935  
7.391383894  
11.55310777  
13.91701633  
13.91121454  
11.51337125  
7.259099051  
2.10691614  
-2.802030545  
-6.424308569  
-8.061124827  
-7.509950379  
-5.086653744  
-1.519194714  
2.253076499  
5.318387816  
7.007697036  
7.034340796  
5.529515811  
2.97330857  
0.04717932425  
-2.548876589  
-4.266287305  
-4.82432098  
-4.249185515  
-2.833290704  
-1.032030199  
0.6706047156  
1.891266114  
2.439006514  
2.34892833  
1.85274819  
1.297342087  
1.034701743  
1.313026546  
2.197389953  
3.540380205  
5.010149507  
6.168750905  
6.580970957  
5.926221917  
4.085306648  
1.180311708  
-2.442238834  
-6.280477887  
-9.781122051  
-12.45252206  
-13.95984545  
-14.18104505  
-13.21327506  
-11.33242742  
-8.919870494  
-6.377084236  
-4.049494304  
-2.175469376  
-0.8677207589  
-0.1247762791  
0.1368934011  
0.04271973968  
-0.2766621268  
-0.7112143582  
-1.18413049  
-1.652929614  
-2.102632145  
-2.534231256  
-2.950477093  
-3.340007315  
-3.661405609  
-3.830649161  
-3.717598592  
-3.157839011  
-1.983853961  
-0.07378322645  
2.591749966  
5.881277639  
9.492212546  
12.97454781  
15.80391771  
17.493917  
17.72207954  
16.43392695  
13.88966405  
10.63026118  
7.361432786  
4.779662844  
3.385401524  
3.337723352  
4.397333268  
5.981745586  
7.323846952  
7.692554096  
6.612658186  
4.017704619  
0.2872873943  
-3.846345777  
-7.49784007  
-9.876682637  
-10.50988729  
-9.372643276  
-6.888083459  
-3.797681544  
-0.9436092108  
0.9690907431  
1.557973988  
0.8422635471  
-0.8031987049  
-2.797545995  
-4.5534389  
-5.659819568  
-5.990357481  
-5.708003582  
-5.172576876  
-4.790471622  
-4.862603244  
-5.483404381  
-6.521920777  
-7.684648089  
-8.630219357  
-9.089273237  
-8.944270207  
-8.242642056  
-7.144541797  
-5.832926563  
-4.428018336  
-2.945220179  
-1.316283124  
0.5344291373  
2.592078167  
4.677933184  
6.440450701  
7.427765581  
7.226605983  
5.623649878  
2.731028977  
-0.9758194354  
-4.733322946  
-7.665594085  
-9.012700587  
-8.342054226  
-5.675552838  
-1.490277337  
3.409364358  
8.108382178  
11.81863026  
14.06307864  
14.75260125  
14.13872092  
12.66833766  
10.79895565  
8.843661298  
6.900592972  
4.887398394  
2.659841658  
0.1607477925  
-2.466842222  
-4.85529307  
-6.495723116  
-6.905510337  
-5.821234039  
-3.343902621  
0.02429700941  
3.476818139  
6.111662251  
7.189800678  
6.359968296  
3.774487416  
0.05504504198  
-3.883571067  
-7.096582706  
-8.875232975  
-8.931518165  
-7.445712829  
-4.96779584  
-2.213049481  
0.1736823331  
1.803222273  
2.616536034  
2.830702999  
2.786411181  
2.762733789  
2.835618041  
2.838332991  
2.441849516  
1.325432137  
-0.6295665224  
-3.202640255  
-5.816899742  
-7.663385738  
-7.937276256  
-6.112889834  
-2.165040219  
3.343698104  
9.349847916  
14.53451786  
17.65999655  
17.89878578  
15.05693507  
9.625510971  
2.646852903  
-4.561280238  
-10.73930017  
-14.97904459  
-16.89647341  
-16.64547204  
-14.78586691  
-12.0622359  
-9.171967942  
-6.595409065  
-4.531704956  
-2.942954493  
-1.671342045  
-0.5724105881  
0.3912963946  
1.130164396  
1.482021422  
1.311056029  
0.6035724343  
-0.4846500282  
-1.653942942  
-2.553266938  
-2.905309467  
-2.614717492  
-1.814205296  
-0.8254788775  
-0.04386377104  
0.2145181631  
-0.1523861546  
-0.967644428  
-1.809684672  
-2.14085294  
-1.491107833  
0.3637768825  
3.291398401  
6.801089449  
10.15835221  
12.58404441  
13.47833905  
12.59999177  
10.14434374  
6.694774567  
3.061495416  
0.05639242963  
-1.728322473  
-2.072134183  
-1.165886804  
0.4688377174  
2.15214978  
3.255217221  
3.383089513  
2.478466383  
0.8201324707  
-1.077410414  
-2.627842826  
-3.348577726  
-2.996214314  
-1.625484963  
0.4395640452  
2.707081817  
4.656692187  
5.873880152  
6.142332587  
5.473044013  
4.069651081  
2.248162816  
0.3405062478  
-1.387568808  
-2.782055216  
-3.801995831  
-4.484190303  
-4.890367953  
-5.059912222  
-4.987094759  
-4.631172464  
-3.954530349  
-2.972747953  
-1.794777275  
-0.6335706015  
0.2233911923  
0.480470077  
-0.07953931635  
-1.5145204  
-3.674997674  
-6.208566207  
-8.621932334  
-10.38815439  
-11.07195548  
-10.43842762  
-8.513566273  
-5.577990302  
-2.094906951  
1.406638889  
4.458068236  
6.748863288  
8.166652216  
8.770426928  
8.710717857  
8.129724802  
7.082310097  
5.512132186  
3.297121977  
0.3514450211  
-3.253514168  
-7.199755132  
-10.91072838  
-13.64020166  
-14.6510853  
-13.43845497  
-9.927841388  
-4.577829064  
1.661793822  
7.543674968  
11.82729767  
13.61309621  
12.60792906  
9.236237039  
4.552347402  
-0.0324831372  
-3.13723142  
-3.8028055  
-1.772502986  
2.425198998  
7.620490602  
12.33393721  
15.19967234  
15.35508385  
12.68158777  
7.826302956  
2.00143614  
-3.37431371  
-7.081193619  
-8.42797144  
-7.409985014  
-4.656221692  
-1.192931967  
1.892809939  
3.779059708  
4.123360208  
3.106102257  
1.302552818  
-0.5606114742  
-1.873652435  
-2.344011399  
-2.064614014  
-1.436130828  
-0.981208121  
-1.124955834  
-2.024527888  
-3.509102312  
-5.148899068  
-6.423625302  
-6.924708453  
-6.514303172  
-5.381107512  
-3.971979952  
-2.824529594  
-2.362683271  
-2.731218687  
-3.731466623  
-4.883806174  
-5.596558163  
-5.381686502  
-4.039914632  
-1.747464541  
0.9892005807  
3.497771107  
5.168220358  
5.66564186  
5.05257843  
3.775739718  
2.518078566  
1.963662351  
2.553499525  
4.315181179  
6.825959457  
9.325658326  
10.94678966  
10.99049773  
9.161353692  
5.685977959  
1.27617074  
-3.055016693  
-6.271330318  
-7.60458374  
-6.775150136  
-4.079203868  
-0.319184691  
3.401856224  
5.964956948  
6.522826024  
4.716474602  
0.7685648409  
-4.565570715  
-10.17277093  
-14.83748289  
-17.51662206  
-17.57185234  
-14.90986173  
-10.00303697  
-3.788851513  
2.528988313  
7.73528801  
10.86053837  
11.38615398  
9.353034002  
5.347816476  
0.3670098555  
-4.413178382  
-7.909877413  
-9.384945343  
-8.612124372  
-5.915814686  
-2.068781797  
1.926271301  
5.113590657  
6.843360539  
6.939195682  
5.725059742  
3.902889761  
2.31705224  
1.677076297  
2.324543262  
4.118028198  
6.474146567  
8.553880652  
9.536529678  
8.89417655  
6.577675155  
3.051855678  
-0.8345560239  
-4.105514377  
-5.960169218  
-6.024548582  
-4.470617993  
-1.962766527  
0.5529820431  
2.150975605  
2.223304518  
0.6777616902  
-2.026776719  
-5.018953501  
-7.283679017  
-7.976420304  
-6.685053376  
-3.559171786  
0.730497862  
5.186418743  
8.769366035  
10.68587849  
10.59269084  
8.662220075  
5.498438545  
1.938333376  
-1.19394101  
-3.304224062  
-4.156227872  
-3.88242385  
-2.888525603  
-1.693405521  
-0.7608469573  
-0.374791355  
-0.5891194251  
-1.255324197  
-2.10659208  
-2.862707971  
-3.319970589  
-3.401889277  
-3.163865376  
-2.761002428  
-2.397324934  
-2.274748755  
-2.553335088  
-3.325078269  
-4.59685572  
-6.277192329  
-8.166211407  
-9.955237746  
-11.24749491  
-11.61002725  
-10.65829283  
-8.16111879  
-4.14003915  
1.070078176  
6.828484706  
12.27786424  
16.50576315  
18.74409259  
18.55627073  
15.9594581  
11.44357836  
5.876182669  
0.314215461  
-4.229307658  
-7.002785067  
-7.661970069  
-6.310399787  
-3.431492777  
0.2600709262  
3.999830588  
7.136034096  
9.233552611  
10.10304284  
9.76482332  
8.37595693  
6.155256738  
3.333619301  
0.1401281476  
-3.18455442  
-6.36909521  
-9.1104408  
-11.10505172  
-12.10991352  
-12.01390005  
-10.89046523  
-9.004921684  
-6.763619239  
-4.613266427  
-2.918586019  
-1.857579176  
-1.371089569  
-1.187104377  
-0.915758406  
-0.1866005983  
1.215682792  
3.261737694  
5.664356727  
7.946997437  
9.572764854  
10.09338753  
9.272421148  
7.147011185  
4.014035023  
0.351353681  
-3.29569082  
-6.425035322  
-8.655014676  
-9.753937809  
-9.628403428  
-8.291642414  
-5.837178097  
-2.434852626  
1.650460516  
6.034438119  
10.21017683  
13.59052946  
15.60414981  
15.83003754  
14.13321784  
10.75333761  
6.304147529  
1.665438497  
-2.21674326  
-4.572304488  
-5.021835076  
-3.69509721  
-1.208872049  
1.498806128  
3.435622465  
3.846140538  
2.438711668  
-0.5236683737  
-4.29985928  
-7.893824974  
-10.3572724  
-11.0782053  
-9.965286011  
-7.470196047  
-4.441228539  
-1.854766959  
-0.5097216649  
-0.7811785468  
-2.509751572  
-5.059255106  
-7.521694218  
-9.002534487  
-8.895656584  
-7.063134076  
-3.867523765  
-0.05231627388  
3.486295173  
5.961514366  
6.910532655  
6.299857194  
4.497629658  
2.132096156  
-0.1107851522  
-1.683474  
-2.308053274  
-2.010630665  
-1.061403166  
0.1471085288  
1.235465535  
1.940507462  
2.158529622  
1.926158384  
1.359661392  
0.585771575  
-0.3049601631  
-1.265624378  
-2.264456058  
-3.240600387  
-4.071569195  
-4.574470927  
-4.547741324  
-3.841181753  
-2.427563999  
-0.445152084  
1.810936052  
3.95225836  
5.598362751  
6.483199734  
6.530087071  
5.868460255  
4.785618477  
3.629866321  
2.699042915  
2.153823368  
1.986150643  
2.052740189  
2.159275973  
2.161700291  
2.044087032  
1.940903923  
2.092082227  
2.744983155  
4.038421427  
5.912669942  
8.08214112  
10.08643241  
11.40801363  
11.62065393  
10.52051807  
8.196237844  
5.013760881  
1.519838384  
-1.705261303  
-4.199077401  
-5.72539084  
-6.308602561  
-6.188533621  
-5.716708077  
-5.233096019  
-4.965819857  
-4.984566136  
-5.216713078  
-5.51138848  
-5.720412116  
-5.76156971  
-5.640161173  
-5.424338164  
-5.190458819  
-4.967908719  
-4.713087161  
-4.329253584  
-3.727716355  
-2.905100766  
-2.000042965  
-1.296130982  
-1.156194567  
-1.900074583  
-3.663660182  
-6.29115761  
-9.30819786  
-12.00060733  
-13.58877495  
-13.45232683  
-11.33702814  
-7.47440222  
-2.566780875  
2.369516123  
6.265136687  
8.289532174  
8.086956988  
5.883710704  
2.431200695  
-1.200911366  
-3.921295575  
-4.915667458  
-3.860045065  
-0.9882872137  
3.000637017  
7.161229692  
10.57478865  
12.59350788  
12.98564065  
11.94734917  
9.991152349  
7.758535187  
5.823763091  
4.551365822  
4.04477077  
4.187870729  
4.748501199  
5.49426642  
6.272807693  
7.028479546  
7.756971949  
8.426758036  
8.910602586  
8.966294567  
8.284954546  
6.596042196  
3.791957717  
0.02269569527  
-4.282410533  
-8.484905395  
