-2.247798872  
-0.2627371696  
1.723145319  
3.496377552  
4.790467179  
5.350489633  
5.026662933  
3.855957573  
2.090426195  
0.1491780463  
-1.499038261  
-2.485765063  
-2.670939039  
-2.198098105  
-1.449328045  
-0.9092706766  
-0.9830145755  
-1.83353837  
-3.301444205  
-4.942665992  
-6.17760464  
-6.502938955  
-5.690671792  
-3.899107866  
-1.648318435  
0.3403090867  
1.391069428  
1.123580363  
-0.3849339412  
-2.588751103  
-4.628141576  
-5.605761344  
-4.89656074  
-2.386752868  
1.443338134  
5.62856463  
8.993345492  
10.50820989  
9.616154416  
6.4234183  
1.691240338  
-3.371806007  
-7.453785752  
-9.513582955  
-9.070434983  
-6.32219613  
-2.061033991  
2.580888958  
6.471475468  
8.797253924  
9.265136076  
8.133736083  
6.077196231  
3.936775876  
2.446785973  
2.022826225  
2.673070704  
4.048346945  
5.600272369  
6.784056502  
7.233961217  
6.855640048  
5.813546935  
4.429953841  
3.041525388  
1.870212921  
0.9549712815  
0.1648168862  
-0.7178242114  
-1.879827744  
-3.373195853  
-5.063897311  
-6.652716785  
-7.760339024  
-8.046518872  
-7.322470113  
-5.619864507  
-3.196058713  
-0.4772286697  
2.039702499  
3.895097524  
4.754765107  
4.459431667  
3.032268812  
0.6546477004  
-2.373202858  
-5.671862315  
-8.816309528  
-11.3668439  
-12.90677593  
-13.0952347  
-11.73485001  
-8.84189694  
-4.695947189  
0.1569667694  
4.966150608  
8.904298848  
11.24099452  
11.52150203  
9.701268374  
6.192089218  
1.79608488  
-2.466132398  
-5.59552061  
-6.862543177  
-5.996265752  
-3.260634518  
0.606844733  
4.58132137  
7.613937705  
8.902150129  
8.094238486  
5.372984875  
1.396976092  
-2.882508582  
-6.476935817  
-8.616997663  
-8.940086034  
-7.559707448  
-5.002229721  
-2.034062733  
0.5672288158  
2.23037231  
2.734427752  
2.241075871  
1.210749279  
0.2328999265  
-0.1747329311  
0.2650146316  
1.503258835  
3.187825105  
4.785065099  
5.760642439  
5.760790897  
4.735482622  
2.963178899  
0.9680046889  
-0.6454610391  
-1.387743141  
-1.047634359  
0.2305697544  
1.982740891  
3.564700121  
4.353451573  
3.946482875  
2.294883911  
-0.2738225612  
-3.152373296  
-5.640424897  
-7.161623935  
-7.440452205  
-6.580182153  
-5.01511105  
-3.351727395  
-2.151270556  
-1.727177748  
-2.027855088  
-2.648150266  
-2.970181775  
-2.38982512  
-0.5539207475  
2.473682664  
6.178561819  
9.714100337  
12.14099514  
12.71543553  
11.13435714  
7.656585602  
3.056394616  
-1.581430699  
-5.164790211  
-6.903284303  
-6.527648653  
-4.35215333  
-1.162265165  
2.034858021  
4.31650483  
5.110401754  
4.338997393  
2.402038463  
0.01100952984  
-2.063315025  
-3.243027614  
-3.31177862  
-2.448694503  
-1.124454006  
0.09600328817  
0.7691033179  
0.7281860308  
0.1250891171  
-0.6532341511  
-1.158017412  
-1.07443026  
-0.3647266244  
0.6964060943  
1.60961605  
1.8315806  
0.9837255137  
-0.9873317635  
-3.757851278  
-6.705938551  
-9.097564808  
-10.31757265  
-10.06704857  
-8.459355924  
-5.981790868  
-3.336005808  
-1.211772601  
-0.07106448222  
-0.01480429064  
-0.7751042821  
-1.831797417  
-2.609160514  
-2.681976273  
-1.91863834  
-0.5128645724  
1.103777567  
2.433857015  
3.10633086  
3.018690888  
2.377576566  
1.623547795  
1.267427439  
1.697230948  
3.024977351  
5.028291414  
7.20816881  
8.943407303  
9.688832829  
9.149814013  
7.374736346  
4.736220986  
1.810346004  
-0.8025644102  
-2.65398147  
-3.562147062  
-3.631774794  
-3.178695024  
-2.592422145  
-2.189197751  
-2.107976798  
-2.28307887  
-2.497315147  
-2.48963343  
-2.072610299  
-1.213834636  
-0.05121464675  
1.161118349  
2.15259657  
2.740874695  
2.89945341  
2.761538879  
2.558659861  
2.518308227  
2.761114486  
3.23875704  
3.738723334  
3.956730789  
3.611802357  
2.56214869  
0.8787144482  
-1.152192227  
-3.100417394  
-4.514370674  
-5.052797067  
-4.581360911  
-3.202468893  
-1.210910066  
1.005646787  
3.083484078  
4.774704913  
5.983418862  
6.73822149  
7.118471909  
7.170043085  
6.850117521  
6.028671762  
4.550527671  
2.335587342  
-0.5239407561  
-3.714053498  
-6.728008907  
-8.977551578  
-9.958870381  
-9.422132811  
-7.486118943  
-4.652464491  
-1.703524008  
0.4947630514  
1.231412571  
0.1600312666  
-2.585241821  
-6.406088649  
-10.38803707  
-13.53980624  
-15.05583642  
-14.52684376  
-12.03915743  
-8.137175476  
-3.663794745  
5.909621983  
5.324709365  
5.629328388  
6.874557544  
8.642155133  
10.19122028  
10.72438571  
9.678406144  
6.937047164  
2.893175172  
-1.659589406  
-5.766192811  
-8.597071157  
-9.68557913  
-9.039030537  
-7.092667028  
-4.531156815  
-2.046589942  
-0.1205570232  
1.095454623  
1.76628974  
2.241193517  
2.861883695  
3.788872088  
4.915058546  
5.900574613  
6.31576509  
5.837045615  
4.418902381  
2.372123604  
0.3111180631  
-1.019913198  
-0.987854863  
0.7015107111  
3.86738586  
7.859633111  
11.71056291  
14.38983769  
15.086341  
13.43273976  
9.60729547  
4.286336288  
-1.533756794  
-6.788901421  
-10.60008651  
-12.45861121  
-12.30172184  
-10.47219731  
-7.588728395  
-4.374533158  
-1.494748171  
0.5594816387  
1.524065042  
1.357668776  
0.1999169279  
-1.684833269  
-3.961265845  
-6.268400923  
-8.259507534  
-9.642690295  
-10.22405789  
-9.947083382  
-8.914341548  
-7.376539966  
-5.680815466  
-4.184117897  
-3.152917548  
-2.680620193  
-2.653603629  
-2.783827238  
-2.704226969  
-2.099523548  
-0.8291675438  
1.002512032  
3.058969749  
4.869353673  
5.983263319  
6.130757624  
5.329965315  
3.899027352  
2.360532014  
1.264668872  
0.9887847261  
1.584164792  
2.729463363  
3.816862636  
4.1520147  
3.20709296  
0.8428563663  
-2.580484923  
-6.252014079  
-9.116674743  
-10.18490508  
-8.852691451  
-5.129779247  
0.3031326272  
6.237574271  
11.24882733  
14.09009712  
14.05466717  
11.19719826  
6.344481892  
0.8870572182  
-3.592374906  
-5.749619502  
-4.847055334  
-0.9558657614  
5.062555803  
11.78745432  
17.61361417  
21.16383036  
21.62560899  
18.92476973  
13.69778525  
7.082586122  
0.3962017628  
-5.205536541  
-8.992942348  
-10.78669787  
-10.92026693  
-10.06631258  
-8.988930167  
-8.299258462  
-8.284591864  
-8.854490907  
-9.610504377  
-10.01000755  
-9.56947157  
-8.044231122  
-5.531700002  
-2.468946944  
0.4736123248  
2.571697715  
3.249442894  
2.248584972  
-0.282098949  
-3.802407824  
-7.499168923  
-10.47852684  
-11.9837832  
-11.58348007  
-9.281295499  
-5.518802792  
-1.068973342  
3.153572934  
6.317770397  
7.87906299  
7.70732403  
6.10604043  
3.717393074  
1.338493863  
-0.3016049372  
-0.7431423664  
0.08071248694  
1.832675783  
3.876471609  
5.469208337  
5.986731103  
5.117378768  
2.967618455  
0.04742164503  
-2.862713661  
-4.927104495  
-5.492452112  
-4.280210936  
-1.478398396  
2.294578735  
6.145551997  
9.139455984  
10.54546577  
10.02880184  
7.735882614  
4.250456172  
0.4340110367  
-2.804606464  
-4.746940491  
-5.04590049  
-3.802793576  
-1.522655798  
1.036372578  
3.075916857  
3.973319765  
3.442949519  
1.601806957  
-1.074346549  
-3.888370652  
-6.112495089  
-7.179802727  
-6.826073723  
-5.147133946  
-2.560798233  
0.3117660101  
2.810066606  
4.398731555  
4.790011996  
3.995900442  
2.301983272  
0.1764519908  
-1.856268632  
-3.341092698  
-3.984808685  
-3.696079198  
-2.570503566  
-0.8344859784  
1.228171314  
3.341497102  
5.27607658  
6.855686769  
7.939892396  
8.400216136  
8.109374241  
6.956588886  
4.889418055  
1.968551773  
-1.587771003  
-5.394524523  
-8.941996541  
-11.68894253  
-13.18729363  
-13.20395847  
-11.80017409  
-9.33710363  
-6.396361023  
-3.630356268  
-1.58169636  
-0.5246171236  
-0.3793794751  
-0.7315950938  
-0.9577686288  
-0.4248333617  
1.29402104  
4.253750744  
8.076682138  
12.0215183  
15.16796073  
16.66648454  
15.98095366  
13.0516337  
8.328644096  
2.664264749  
-2.905070337  
-7.423019534  
-10.24644054  
-11.18070991  
-10.48195146  
-8.732702092  
-6.636266209  
-4.798177363  
-3.56369029  
-2.958301818  
-2.741848669  
-2.54813498  
-2.054608329  
-1.11909034  
0.1646569913  
1.509527559  
2.556189085  
3.024316503  
2.834557238  
2.152726745  
1.336486981  
0.8011672242  
0.852412861  
1.547697817  
2.641048163  
3.63765684  
3.946881357  
3.086583155  
0.8711893829  
-2.481855327  
-6.368118449  
-9.93639959  
-12.314141  
-12.85041511  
-11.30188413  
-7.904458984  
-3.309069884  
1.597441552  
5.930074722  
9.02916615  
10.60388349  
10.75785334  
9.898161856  
8.565908166  
7.249155103  
6.240637945  
5.583092696  
5.112204146  
4.572537871  
3.757576353  
2.618842597  
1.302969626  
0.1036383195  
-0.6526011524  
-0.74290751  
-0.1548093041  
0.8790477872  
1.934723561  
2.524663145  
2.258101788  
0.9807085666  
-1.15407962  
-3.707645468  
-6.067901994  
-7.616718783  
-7.902378999  
-6.765655866  
-4.383739923  
-1.222466963  
2.084922825  
4.893892344  
6.694024206  
7.205909421  
6.410264968  
4.512328757  
1.862907794  
-1.133740804  
-4.097706546  
-6.720691803  
-8.781363769  
-10.13934288  
-10.72332514  
-10.52555243  
-9.605933811  
-8.099218319  
-6.212923369  
-4.204989702  
-2.338508278  
-0.8224637094  
0.2425441709  
0.891740495  
1.281035398  
1.627775372  
2.123095556  
2.845178167  
3.706729481  
4.461529422  
4.775767732  
4.346208165  
3.027471875  
0.9226980112  
-1.600172404  
-3.981727848  
-5.619026258  
-6.045308561  
-5.083560169  
-2.919978339  
-0.06657655402  
2.78230785  
4.958394879  
6.02692601  
5.923965116  
4.97444211  
3.779911821  
3.008891359  
3.157508915  
4.361306274  
6.325242601  
8.401266816  
9.793520718  
9.826508466  
8.187232119  
5.057464693  
1.086388029  
-2.793524949  
-5.651040919  
-6.848479615  
-6.243476386  
-4.229686027  
-1.5989224  
0.731888421  
2.037701523  
2.037065307  
0.9885982177  
-0.406496628  
-1.267987764  
-0.8788408789  
1.012878712  
4.042823319  
7.293226713  
9.561705856  
9.756123786  
7.287724602  
2.328246968  
-4.164520064  
-10.6756612  
-15.55603326  
-17.51204396  
-16.00824167  
-11.45151919  
-5.092136158  
1.333878252  
6.113271564  
8.057661689  
6.842496222  
3.077468577  
-1.911276289  
-6.514711402  
-9.349296217  
-9.676987769  
-7.604651377  
-4.00469452  
-0.1907532627  
2.538064274  
3.330094407  
2.04806975  
-0.7143384392  
-3.8647613  
-6.207682181  
-6.864272547  
-5.57207501  
-2.763954121  
0.5966942652  
3.363347016  
4.613189788  
3.971443979  
1.741628725  
-1.201370233  
-3.71608607  
-4.789880393  
-3.88768013  
-1.134515615  
2.72889389  
6.599239891  
9.382488645  
10.35508412  
9.390816217  
6.978306137  
4.027805803  
1.539215812  
0.2500937635  
0.3874460881  
1.608673953  
3.14953185  
4.124128072  
3.869147122  
2.209983181  
-0.4455018832  
-3.219436342  
-5.045218158  
-5.022683943  
-2.728106239  
1.62336134  
7.214462379  
12.84679676  
17.27156644  
19.52341967  
19.15513136  
16.30896576  
11.61733386  
5.980527279  
0.3040846123  
-4.717775176  
-8.712201564  
-11.61503076  
-13.56424357  
-14.75786539  
-15.33884762  
-15.34910043  
-14.75965297  
-13.54939443  
-11.78468619  
-9.654344921  
-7.437188962  
-5.412467053  
-3.75256829  
-2.449480419  
-1.315913637  
-0.07188903148  
1.509896361  
3.45644725  
5.509670187  
7.151860513  
7.749705946  
6.778332461  
4.050246539  
-0.1373008901  
-5.00265398  
-9.446982911  
-12.34949097  
-12.90287776  
-10.88001939  
-6.738487259  
-1.518295204  
3.444914386  
6.906933878  
8.081875563  
6.871867427  
3.884872647  
0.234082785  
-2.816741566  
-4.24760129  
-3.589693157  
-1.04922546  
2.587496005  
6.230569841  
8.848634051  
9.795256055  
8.993895215  
6.926353743  
4.437300803  
2.428550902  
1.550909447  
1.997661988  
3.46478453  
5.28323612  
6.669725025  
7.004176155  
6.037408699  
3.961338406  
1.324964329  
-1.166244892  
-2.891498844  
-3.510327498  
-3.047756011  
-1.846828058  
-0.4148958634  
0.7734532313  
1.442022001  
1.588196466  
1.445458931  
1.354044758  
1.59426465  
2.249009066  
3.148866562  
3.920513383  
4.119652298  
3.398126434  
1.642767961  
-0.9653400451  
-3.992791267  
-6.881461838  
-9.116010879  
-10.37221324  
-10.59582312  
-9.987949624  
-8.907159443  
-7.727590854  
-6.706349363  
-5.90735867  
-5.206230896  
-4.369825735  
-3.17705846  
-1.533530122  
0.4635468637  
2.53411976  
4.294180794  
5.376034618  
5.547172784  
4.786877218  
3.29573185  
1.43732678  
-0.365794249  
-1.745966253  
-2.477716191  
-2.514220302  
-1.967950569  
-1.049537295  
0.009015100653  
1.019119458  
1.869363862  
2.523446748  
2.991580342  
3.293269755  
3.429760745  
3.377443735  
3.102792048  
2.589530038  
1.863809512  
1.00466008  
0.1337891124  
-0.6124352347  
-1.118782833  
-1.322137721  
-1.227491565  
-0.904836762  
-0.4696349339  
-0.05429324454  
0.2207970738  
0.2703278238  
0.05856880925  
-0.3941798524  
-1.011889961  
-1.669875401  
-2.210607493  
-2.470914595  
-2.32042844  
-1.705716997  
-0.6879441693  
0.5420093916  
1.685091839  
2.397466879  
2.386394009  
1.514210699  
-0.1237252496  
-2.179912761  
-4.113305207  
-5.320586474  
-5.3085744  
-3.85668532  
-1.114265292  
2.407400188  
5.957398709  
8.752685848  
10.20963941  
10.12481546  
8.741242107  
6.671045748  
4.69263707  
3.485170635  
3.388644439  
4.274231284  
5.575793366  
6.479943454  
6.216277458  
4.351157886  
0.981978292  
-3.241718656  
-7.287538813  
-10.05213879  
-10.71680496  
-9.028889637  
-5.412263638  
-0.8647528149  
3.328961643  
5.978367998  
6.339336798  
4.324100659  
0.5034341422  
-4.094482963  
-8.316302643  
-11.23266673  
-12.38844374  
-11.87687968  
-10.22523278  
-8.146586958  
-6.25777509  
-4.870517028  
-3.930102879  
-3.115801941  
-2.052967747  
-0.5427317289  
1.291493599  
3.008062651  
4.008052843  
3.793973237  
2.222971388  
-0.3537258674  
-3.135554754  
-5.104069589  
-5.370493766  
-3.518022897  
0.1903035706  
4.827232163  
9.053675775  
11.53617241  
11.39402439  
8.522461949  
3.673871686  
-1.742241435  
-6.08439451  
-7.994587016  
-6.835049485  
-2.900609712  
2.665447264  
8.225398999  
12.15436854  
13.33424604  
11.4745501  
7.161729157  
1.631835513  
-3.64582683  
-7.426606979  
-9.035861304  
-8.494758285  
-6.402400471  
-3.637610945  
-1.004390661  
1.042450148  
2.493693163  
3.680386477  
5.023603747  
6.752443518  
8.71448975  
10.36473858  
10.94649919  
9.799029854  
6.672075593  
1.918527076  
-3.52250348  
-8.363657286  
-11.35639685  
-11.69606874  
-9.301675146  
-4.867310557  
0.3390481391  
4.864758923  
7.518446624  
7.721328909  
5.646806108  
2.107014775  
-1.765021475  
-4.917869619  
-6.72258621  
-7.133027209  
-6.617062575  
-5.897104218  
-5.609032741  
-6.016969616  
-6.896660211  
-7.632581335  
-7.489011878  
-5.945780542  
-2.962261786  
0.9410824293  
4.824777283  
7.650004554  
8.658577468  
7.667925579  
5.163281604  
2.142680061  
-0.2367529847  
-1.085343057  
-0.1222292857  
2.200134101  
4.843220801  
6.556654344  
6.348494955  
3.880522905  
-0.3606008075  
-5.187918336  
-9.100302624  
-10.79962924  
-9.65744831  
-5.96299311  
-0.8586343592  
4.021729636  
7.090409242  
7.335192739  
4.656918832  
-0.1015101929  
-5.443601622  
-9.723112561  
-11.68664003  
-10.86692139  
-7.694113078  
-3.294295456  
0.9440540698  
3.873999166  
4.981345716  
4.524983673  
3.382672872  
2.667347854  
3.262421966  
5.452200261  
8.785903846  
12.2254505  
14.52092327  
14.67322519  
12.31143489  
7.844853244  
2.333715416  
-2.872886685  
-6.59760924  
-8.224085631  
-7.872954325  
-6.303454721  
-4.582581028  
-3.650704673  
-3.950841175  
-5.263676997  
-6.811654299  
-7.592000426  
-6.809887197  
-4.242155115  
-0.3856472958  
3.6762525  
6.648543177  
7.506786446  
5.906651967  
2.361758533  
-1.888208721  
-5.284578605  
-6.494320578  
-4.899012756  
-0.8487125072  
4.419389252  
9.17982197  
11.80325717  
11.32501578  
7.797125066  
2.295709403  
-3.425699271  
-7.522426897  
-8.684815038  
-6.588607718  
-2.01297353  
3.416422033  
7.772926248  
9.477380162  
7.829129905  
3.240322763  
-2.903275603  
-8.704031613  
-12.37723976  
-12.82720206  
-9.983800764  
-4.794229218  
1.116154804  
5.989128081  
8.495449362  
8.125990286  
5.29094229  
1.1108588  
-3.011054607  
-5.876212621  
-6.86710908  
-6.091505746  
-4.261578681  
-2.370690164  
-1.298328034  
-1.491055715  
-2.830432016  
-4.723625181  
-6.368073808  
-7.079380578  
-6.553580955  
-4.965866321  
-2.874459049  
-0.9743457437  
0.1976428969  
0.4884269844  
0.1957280571  
-0.05016338446  
0.4551513553  
2.190723856  
5.185297323  
8.955091322  
12.63233506  
15.24198659  
16.02927973  
14.72164094  
11.63185385  
7.566045026  
3.56906267  
0.596345662  
-0.7749308203  
-0.4993040876  
0.9649689319  
2.846752926  
4.341275352  
4.876320297  
4.273802927  
2.757503947  
0.8156414715  
-1.020990226  
-2.396972603  
-3.263986892  
-3.879831977  
-4.679982267  
-6.0746672  
-8.251037648  
-11.05636613  
-14.00681155  
-16.41955815  
-17.62156068  
-17.16188138  
-14.95535817  
-11.31147794  
-6.843666165  
-2.294692844  
1.660473819  
4.570582456  
6.278976853  
6.899054446  
6.717608301  
6.071047479  
5.242102404  
4.40918674  
3.654711167  
3.013456228  
2.527701947  
2.277189539  
2.367346759  
2.881165536  
3.818810068  
5.05638428  
6.348217407  
7.378737325  
7.848421966  
7.562678741  
6.489824284  
4.765728101  
2.643907575  
0.4118428295  
-1.69208968  
-3.527340938  
-5.047119102  
-6.246629718  
-7.09098312  
-7.461320759  
-7.152469774  
-5.934734024  
-3.664082896  
-0.400208577  
3.518653847  
7.485897298  
10.7361333  
12.53243052  
12.37754599  
10.1805478  
6.318808933  
1.566217548  
-3.098486482  
-6.748701444  
-8.754198303  
-8.936750395  
-7.589370519  
-5.355943955  
-3.013658439  
-1.231671777  
-0.3850203208  
-0.4810905774  
-1.215087861  
-2.125606592  
-2.787676535  
-2.970608682  
-2.704563654  
-2.23639537  
-1.898264958  
-1.945420255  
-2.430502273  
-3.166593656  
-3.795823418  
-3.93824095  
-3.362706761  
-2.110522651  
-0.5180820885  
0.8785058173  
1.529091413  
1.081640917  
-0.4568725397  
-2.674416678  
-4.848302438  
-6.156929997  
-5.943378425  
-3.944291162  
-0.4058725155  
3.956008298  
8.144189033  
11.16101338  
12.29507882  
11.32525187  
8.579937705  
4.835723892  
1.089722546  
-1.722294764  
-2.976260964  
-2.507040967  
-0.616428994  
2.049506975  
4.706620743  
6.654552423  
7.448739867  
6.979720518  
5.450162987  
3.27240693  
0.9296953716  
-1.152092165  
-2.687732323  
-3.558039295  
-3.786160854  
-3.487690504  
-2.819910183  
-1.947395277  
-1.02772453  
-0.2090630114  
0.3738089193  
0.6149100163  
0.4639540055  
-0.04611952874  
-0.7879112011  
-1.559029141  
-2.135677461  
-2.348468846  
-2.155427931  
-1.682399757  
-1.208139027  
-1.088842553  
-1.639261114  
-3.006385593  
-5.079659276  
-7.47429678  
-9.603095831  
-10.82329988  
-10.61852013  
-8.760672615  
-5.399559065  
-1.047852392  
3.53889896  
7.554338592  
10.34903437  
11.59143829  
11.33373237  
9.963933876  
8.061364847  
6.202933435  
4.782540681  
3.900780148  
3.358659108  
2.755067537  
1.654257675  
-0.2325920958  
-2.911722615  
-6.062022573  
-9.097106284  
-11.31668919  
-12.1021737  
-11.09827696  
-8.327263189  
-4.203062538  
0.557898275  
5.102847944  
8.639084067  
10.60789649  
10.79243338  
9.336877926  
6.679683656  
3.426354587  
0.2004811937  
-2.486897225  
-4.319662778  
-5.198004322  
-5.204739545  
-4.537018597  
-3.430127733  
-2.097518472  
-0.7012774508  
0.6459369053  
1.858240618  
2.850584281  
3.526340445  
3.788140664  
3.570582275  
2.882557519  
1.840212255  
0.6717876578  
-0.3168223517  
-0.813953436  
-0.5953643539  
0.3881740635  
1.959007113  
3.719907351  
5.128838214  
5.62934701  
4.805764672  
2.520775354  
-1.007051414  
-5.21502318  
-9.303420166  
-12.41670969  
-13.85446229  
-13.25576087  
-10.70487568  
-6.725461547  
-2.160549618  
2.032377887  
5.0174258  
6.284060201  
5.763909754  
3.830312875  
1.183351218  
-1.345054541  
-3.010384583  
-3.339054592  
-2.22947229  
0.05032503551  
2.958942531  
5.837176733  
8.075246372  
9.246674383  
9.179103495  
7.95470595  
5.853794015  
3.268458863  
0.6150459777  
-1.733610951  
-3.488683105  
-4.463270811  
-4.57905855  
-3.871369247  
-2.494709865  
-0.7216258602  
1.077560697  
2.484359362  
3.11118007  
2.695872663  
1.185518673  
-1.220809829  
-4.093006998  
-6.859121479  
-8.944138561  
-9.919812653  
-9.618697609  
-8.173252956  
-5.963383337  
-3.486555026  
-1.192503102  
0.6604665602  
2.0753754  
3.284612366  
4.624118802  
6.35730323  
8.514232517  
10.81097402  
12.68935755  
13.47602251  
12.61553873  
9.900917461  
5.618528801  
0.5468228734  
-4.206596004  
-7.491399812  
-8.442573072  
-6.749307974  
-2.777915647  
2.495339834  
7.727102901  
11.55615391  
12.95640715  
11.49059826  
7.393897915  
1.471046821  
-5.151431267  
-11.33400383  
-16.196797  
-19.27835117  
-20.54668003  
-20.28117039  
-18.88590782  
-16.71261644  
-13.95911142  
-10.67345906  
-6.848569353  
-2.555010874  
1.95516419  
6.228080087  
9.690650429  
11.81189605  
12.28376079  
11.14969125  
8.824858967  
5.990455893  
3.391642421  
1.607056555  
0.8717643144  
1.019680501  
1.569984048  
1.92990152  
1.642355191  
0.5876429579  
-0.9381264445  
-2.303130902  
-2.757058299  
-1.713468577  
1.001464839  
5.02475961  
9.507929805  
13.33556023  
15.4454619  
15.14863013  
12.34548487  
7.568109613  
1.835065774  
-3.63382518  
-7.751306752  
-9.841080719  
-9.779091898  
-7.964485867  
-5.144201411  
-2.160678655  
0.288866547  
1.806225161  
2.321907857  
2.012103298  
1.15397649  
-0.01246279153  
-1.35881841  
-2.855306079  
-4.487972228  
-6.156135678  
-7.610028282  
-8.471899017  
-8.346944826  
-6.988326027  
-4.450362221  
-1.159375392  
2.143976624  
4.591205227  
5.450957558  
4.385848453  
1.60779904  
-2.133917826  
-5.743958044  
-8.101256417  
-8.40967579  
-6.463527225  
-2.735087964  
1.752792526  
5.735122873  
8.098396916  
8.232441757  
6.224390691  
2.829045079  
-0.7767635844  
-3.37653316  
-4.108029057  
-2.739418154  
0.26273299  
3.894882775  
6.952502477  
8.428422301  
7.841736605  
5.389803015  
1.875634495  
-1.562320432  
-3.826446256  
-4.217604363  
-2.657999664  
0.2903677426  
3.613276075  
6.172847065  
7.06870249  
5.916480927  
2.959003925  
-1.018267817  
-4.933232485  
-7.73180929  
-8.688989271  
-7.597798533  
-4.798212471  
-1.050198176  
2.698552231  
5.573368894  
6.985011908  
6.740602992  
5.036794554  
2.355692037  
-0.691229166  
-3.519236697  
-5.685310227  
-6.9423055  
-7.235682498  
-6.662376549  
-5.416415619  
-3.740496909  
-1.891483735  
-0.1170707854  
1.364455267  
2.387658512  
2.865933691  
2.811891076  
2.340383178  
1.645604064  
0.9526631995  
0.4551806247  
0.2585996384  
0.3497254816  
0.6052640709  
0.8382958521  
0.8669557447  
0.5801977648  
-0.02422232086  
-0.84415233  
-1.717555743  
-2.488346804  
-3.065142502  
-3.446620972  
-3.700631967  
-3.904258763  
-4.070680841  
-4.097855654  
-3.769065329  
-2.816692402  
-1.034663619  
1.598475051  
4.835185222  
8.1557328  
10.86422071  
12.26750936  
11.88784886  
9.64150397  
5.919015489  
1.52924406  
-2.488883931  
-5.139273656  
-5.747626333  
-4.161315407  
-0.805971358  
3.42274282  
7.402813591  
10.09305757  
10.81198068  
9.405717016  
6.258161388  
2.14657419  
-2.006075285  
-5.400483114  
-7.567861107  
-8.454794679  
-8.369783001  
-7.821632388  
-7.313639609  
-7.167687316  
-7.43660604  
-7.927776483  
-8.319457256  
-8.318689934  
-7.796856191  
-6.850369251  
-5.76415247  
-4.893341334  
-4.509786693  
-4.673282796  
-5.17856274  
-5.601218532  
-5.429741885  
-4.239408852  
-1.848281184  
1.598507295  
5.645582337  
9.640256194  
12.90476547  
14.91267297  
15.41528525  
14.48302423  
12.45636936  
9.830407848  
7.115744942  
4.721119987  
2.889543054  
1.696625569  
1.096345809  
0.9845036612  
1.248843776  
1.786451171  
2.48792324  
3.205672016  
3.732632872  
3.814033107  
3.200016521  
1.727033938  
-0.6004700796  
-3.562381421  
-6.735345269  
-9.571884154  
-11.52857215  
-12.20619045  
-11.45770603  
-9.428421133  
-6.514385278  
-3.252333375  
-0.177412812  
2.304883251  
3.992524799  
4.887187763  
5.128931775  
4.897158956  
4.320858243  
3.435500029  
2.203458409  
0.5873644932  
-1.358061378  
-3.420615462  
-5.229219854  
-6.33051646  
-6.326298951  
-5.027240056  
-2.565954143  
0.5796726173  
3.674675352  
5.910979102  
6.636103269  
5.555672226  
2.841965712  
-0.892592561  
-4.756107149  
-7.827365292  
-9.420040944  
-9.278569325  
-7.643274465  
-5.162964725  
-2.681902102  
-0.968384449  
-0.4711560751  
-1.180959036  
-2.640647492  
-4.099424981  
-4.76068999  
-4.043590467  
-1.775052042  
1.747392046  
5.839479315  
9.631389919  
12.32051894  
13.39596618  
12.76674799  
10.75880412  
7.98910871  
5.163571778  
2.867184479  
1.413252111  
0.7952836549  
0.7487506766  
0.8930555624  
0.8990292232  
0.6216917688  
0.1531299274  
-0.2200162031  
-0.1363086614  
0.687941315  
2.327977936  
4.587783442  
7.027292345  
9.071180864  
10.16394702  
9.92165953  
8.233406069  
5.283224992  
1.490040453  
-2.610801149  
-6.503707419  
-9.803477569  
-12.30912398  
-13.99133475  
-14.92797443  
-15.2191842  
-14.91893373  
-14.01132164  
-12.44087685  
-10.18379995  
-7.329240265  
-4.133053299  
-1.013823149  
1.519991133  
2.998040512  
3.135334901  
1.951154634  
-0.1845499846  
-2.603000821  
-4.483923758  
-5.065484185  
-3.86164529  
-0.8246219124  
3.598764382  
8.540999722  
12.90652821  
15.63749796  
15.98428569  
13.70852704  
9.162528725  
3.22135516  
-2.916594801  
-8.009186207  
-11.05755806  
-11.52671372  
-9.445256523  
-5.364070677  
-0.1925813621  
5.036369322  
9.4057447  
12.29398704  
13.45384104  
12.98196654  
11.20450711  
8.527039496  
5.303463271  
1.76625145  
-1.965494416  
-5.814038699  
-9.645154213  
-13.19235836  
-16.04295856  
-17.70248891  
-17.72374516  
-15.86000583  
-12.18865402  
-7.156461902  
-1.52062944  
3.807226953  
7.974280926  
10.39585906  
10.8980297  
9.748874203  
7.567480794  
5.137288307  
3.180295014  
2.160632928  
2.176101095  
2.967622024  
4.038596782  
4.841182601  
4.966172001  
4.27400054  
2.925893317  
1.308891147  
-0.1152643695  
-0.982181645  
-1.156318287  
-0.7758012558  
-0.1951736656  
0.1532014365  
-0.07034759549  
-0.9713764798  
-2.360360293  
-3.796241923  
-4.722587434  
-4.652410534  
-3.340299079  
-0.8836369791  
2.282453294  
5.497328607  
8.059990918  
9.42935754  
9.376977607  
8.045016934  
5.892752375  
3.549984669  
1.62426329  
0.5218523015  
0.336034804  
0.8337376427  
1.540224923  
1.892053286  
1.409786011  
-0.1608275083  
-2.777552139  
-6.11523863  
-9.653569677  
-12.80834264  
-15.06704633  
-16.09335788  
-15.77901232  
-14.23911987  
-11.76295675  
-8.741224349  
-5.591737015  
-2.69937397  
-0.3769612627  
1.154869994  
1.775476999  
1.466459882  
0.3116971769  
-1.505882721  
-3.714910664  
-5.977592283  
-7.92444748  
-9.198707229  
-9.503777584  
-8.645658602  
-6.563447278  
-3.344054536  
0.7795147178  
5.445061202  
10.19191924  
14.50526269  
17.87428942  
19.86292983  
20.18713604  
18.78615317  
15.86951984  
11.91972913  
7.635893041  
3.816620142  
1.198039064  
0.2806450367  
1.189534336  
3.61159186  
6.837954452  
9.913405774  
11.86316788  
11.94154605  
9.835074353  
5.760561875  
0.4251436721  
-5.145961811  
-9.869221609  
-12.87810139  
-13.73596425  
-12.52632295  
-9.797016088  
-6.379074508  
-3.138841377  
-0.7407757781  
0.5076456472  
0.6865203034  
0.1693271867  
-0.5552322491  
-1.078397032  
-1.214032753  
-1.04099275  
-0.8352741881  
-0.9227025043  
-1.511904728  
-2.574076133  
-3.81851138  
-4.776975822  
-4.96901178  
-4.088781789  
-2.143940233  
0.5079043551  
3.244257209  
5.360215326  
6.288629702  
5.783107257  
4.000075755  
1.450084702  
-1.166632255  
-3.185103675  
-4.184709433  
-4.11144096  
-3.272743167  
-2.208964907  
-1.488608562  
-1.50095694  
-2.319960577  
-3.687166111  
-5.118490864  
-6.094807858  
-6.265931906  
-5.592438423  
-4.371818849  
-3.13704891  
-2.461910193  
-2.741828834  
-4.029290407  
-5.984949889  
-7.965850083  
-9.224247024  
-9.151425366  
-7.484346635  
-4.404716656  
-0.496204775  
3.426635913  
6.561258638  
8.351965713  
8.640982978  
7.68970224  
6.068660831  
4.45855619  
3.432514404  
3.292634659  
4.011440726  
5.289776843  
6.701450792  
7.865913116  
8.583642713  
8.88610012  
8.986213634  
9.153535785  
9.566292624  
10.20060347  
10.80256938  
10.95725369  
10.23204467  
8.343404859  
5.286333117  
1.37811884  
-2.802379158  
-6.562306813  
-9.28173788  
-10.57922627  
-10.40338628  
-9.023743859  
-6.928431454  
-4.666670062  
-2.690125206  
-1.244144543  
-0.3393062093  
0.1958862045  
0.6083854209  
1.103704495  
1.762060352  
2.514977289  
3.184985767  
3.567115531  
3.516542236  
3.006930368  
2.137823508  
1.090786008  
0.05455911187  
-0.8489269809  
-1.607271063  
-2.311993492  
-3.107528309  
-4.115972432  
-5.368434719  
-6.771161863  
-8.120846631  
-9.164371416  
-9.680959144  
-9.556263725  
-8.821236007  
-7.642214397  
-6.267206717  
-4.949324393  
-3.87578929  
-3.127157252  
-2.678181797  
-2.434679772  
-2.286859161  
-2.15437674  
-2.003891423  
-1.833794158  
-1.636800606  
-1.362634167  
-0.9046093697  
-0.1243195505  
1.088398553  
2.741070449  
4.68159683  
6.589239104  
8.029913067  
8.569002076  
7.911541329  
6.024568032  
3.196528983  
0.004953928156  
-2.808353929  
-4.524721432  
-4.646022405  
-3.043049168  
-0.008190731501  
3.806306206  
7.548845593  
10.38250711  
11.69188571  
11.22582142  
9.140001244  
5.934366547  
2.310642969  
-1.004351253  
-3.419529828  
-4.585698779  
-4.429807434  
-3.123565457  
-1.009773919  
1.484329373  
3.923058  
5.916508791  
7.155097105  
7.433992513  
6.676152021  
4.954722214  
2.50559611  
-0.2851209794  
-2.931430712  
-4.936655  
-5.905861812  
-5.651023257  
-4.25284548  
-2.051311319  
0.4420461159  
2.689895797  
4.28882208  
5.088537375  
5.225034952  
5.048932905  
4.967343741  
5.251616799  
5.881561638  
6.490604597  
6.445731113  
5.049971303  
1.808799275  
-3.328039854  
-9.838822312  
-16.67555158  
-22.4886981  
-25.9764838  
-26.25811768  
-23.1547045  
-17.28370507  
-9.926955495  
-2.702357131  
2.867872982  
5.764439401  
5.731148581  
3.310062016  
-0.3561730255  
-3.88990667  
-6.095424486  
-6.296894434  
-4.495662304  
-1.306137573  
2.297509133  
5.331271142  
7.127258343  
7.528096802  
6.890973726  
