-0.2445152887  
-2.755953116  
-5.872408702  
-9.210241537  
-12.27164273  
-14.53960387  
-15.59430815  
-15.21927969  
-13.4653568  
-10.65044143  
-7.290766029  
-3.979258536  
-1.242780288  
0.5829420894  
1.426142104  
1.479705759  
1.130431605  
0.8379576063  
0.9985965901  
1.832863574  
3.327601995  
5.246796922  
7.204701152  
8.776957032  
9.615519871  
9.53391298  
8.540344491  
6.813379677  
4.633003353  
2.292747906  
0.02274454073  
-2.052498567  
-3.911191831  
-5.592337725  
-7.134469731  
-8.521117689  
-9.655888581  
-10.37867314  
-10.51883838  
-9.96672643  
-8.736718789  
-6.996280356  
-5.04591159  
-3.251246419  
-1.945437481  
-1.331471832  
-1.416250628  
-1.999820894  
-2.72660197  
-3.185890333  
-3.03273658  
-2.092672549  
-0.4176540624  
1.72514386  
3.929776837  
5.771074001  
6.931669839  
7.298171048  
6.997180999  
6.359833457  
5.82491793  
5.808702512  
6.579154365  
8.170360285  
10.36070141  
12.71968489  
14.70910256  
15.81004573  
15.64212855  
14.04585331  
11.11116961  
7.150794872  
2.630764984  
-1.920759044  
-6.003806649  
-9.218307088  
-11.3077228  
-12.17384238  
-11.86811295  
-10.56708442  
-8.538584547  
-6.102495768  
-3.588132736  
-1.290142159  
0.5728639372  
1.889697132  
2.6690832  
3.025886196  
3.139324184  
3.189901762  
3.290607841  
3.433347517  
3.470912004  
3.146772681  
2.171196207  
0.3263453983  
-2.429506718  
-5.893214109  
-9.611804536  
-12.95363278  
-15.24558853  
-15.94453576  
-14.79673867  
-11.93730387  
-7.894399047  
-3.487517209  
0.3611648782  
2.856873389  
3.543115349  
2.434267981  
0.02921722315  
-2.803659838  
-5.044764836  
-5.790091352  
-4.496767161  
-1.141304562  
3.753504406  
9.232693442  
14.13644427  
17.38260253  
18.23172553  
16.46665401  
12.4415996  
6.990070975  
1.217926766  
-3.763262164  
-7.093396043  
-8.347362581  
-7.602122428  
-5.376467373  
-2.466173209  
0.2770515802  
2.162386512  
2.816998584  
2.247179248  
0.7951215304  
-0.9886712264  
-2.516334498  
-3.327350077  
-3.203139013  
-2.204921648  
-0.6316532401  
1.082773986  
2.498689227  
3.287701878  
3.3064971  
2.611895453  
1.420369724  
0.03106330376  
-1.260260245  
-2.229939467  
-2.760690324  
-2.838027852  
-2.518698925  
-1.889236094  
-1.033453885  
-0.02120989236  
1.080235432  
2.181891919  
3.152019211  
3.814460222  
3.975012965  
3.472803757  
2.241933314  
0.3614971218  
-1.927314167  
-4.249654122  
-6.169350269  
-7.288419916  
-7.346428765  
-6.290223836  
-4.292077599  
-1.709414479  
1.002919468  
3.402171382  
5.156937613  
6.108097196  
6.276509743  
5.820488104  
4.962228561  
3.911502804  
2.813594126  
1.737320786  
0.7022822483  
-0.2716250181  
-1.118646995  
-1.710395365  
-1.881053094  
-1.489755219  
-0.4978844762  
0.9708532994  
2.617762961  
4.019640637  
4.735948014  
4.443668658  
3.056435792  
0.7843596572  
-1.89356272  
-4.345625732  
-5.963353954  
-6.345584539  
-5.431895632  
-3.538681348  
-1.279594287  
0.6114681667  
1.503998585  
1.0724998  
-0.5890358632  
-2.979961453  
-5.334480955  
-6.852259166  
-6.948892101  
-5.448409148  
-2.65584307  
0.7162623011  
3.748706795  
5.585298866  
5.690626949  
4.017830788  
1.034887116  
-2.399481986  
-5.274083996  
-6.707658814  
-6.193058369  
-3.733567972  
0.1650841851  
4.640279097  
8.709259596  
11.52633235  
12.58748902  
11.82875103  
9.59865704  
6.522891269  
3.308783105  
0.5506954255  
-1.408545272  
-2.52678688  
-3.018573471  
-3.242309113  
-3.560658918  
-4.219418505  
-5.279202577  
-6.614078066  
-7.969023138  
-9.051044022  
-9.621559914  
-9.561478681  
-8.892616963  
-7.754971095  
-6.353129726  
-4.892986614  
-3.529711296  
-2.3412391  
-1.331043878  
-0.4537767454  
0.3492086787  
1.118813381  
1.862238864  
2.555902559  
3.163644764  
3.661287176  
4.056791551  
4.397392678  
4.759855076  
5.226169897  
5.85207381  
6.638861827  
7.518499617  
8.358921868  
8.990700606  
9.250038785  
9.027440641  
8.308391851  
7.192711655  
5.883596604  
4.644758118  
3.733264166  
3.323946367  
3.446270387  
3.954113024  
4.542321384  
4.81214536  
4.37344657  
2.959082127  
0.5200109936  
-2.728445991  
-6.327878271  
-9.666378564  
-12.11754836  
-13.19397906  
-12.67374736  
-10.66359496  
-7.57912197  
-4.045446426  
-0.7448554803  
1.746352862  
3.086485458  
3.227834961  
2.393404139  
0.9827469934  
-0.2743471593  
-6.60820892  
-11.28893084  
-13.4066771  
-12.72652729  
-9.68286352  
-5.182492598  
-0.2966255416  
4.049535915  
7.291180819  
9.286645976  
10.23119493  
10.47626248  
10.33602624  
9.958030306  
9.300941683  
8.215357118  
6.581073505  
4.433264938  
2.017165267  
-0.2572004394  
-1.945703028  
-2.734727057  
-2.572199325  
-1.708650177  
-0.6259749188  
0.1246244616  
0.1176637116  
-0.7913169471  
-2.40987309  
-4.275776301  
-5.824833676  
-6.598621557  
-6.41524173  
-5.438548568  
-4.118222283  
-3.020818284  
-2.612999963  
-3.077149463  
-4.228972066  
-5.570352287  
-6.461353121  
-6.351237253  
-4.985683289  
-2.514589283  
0.5402786011  
3.448622901  
5.509702412  
6.281842326  
5.722648175  
4.190930673  
2.310423016  
0.744561352  
-0.03700360127  
0.08294304772  
0.8413300037  
1.706532657  
2.088584683  
1.571650683  
0.08489873111  
-2.049879036  
-4.211622378  
-5.682120297  
-5.886605434  
-4.589593994  
-1.979031231  
1.388517442  
4.760687554  
7.419079389  
8.887136698  
9.047376539  
8.133017739  
6.603979896  
4.957120035  
3.541660528  
2.445969079  
1.493798122  
0.3474305131  
-1.323475733  
-3.67137293  
-6.562179497  
-9.569228257  
-12.0738438  
-13.43964499  
-13.20297276  
-11.21776953  
-7.710007075  
-3.227641944  
1.494071194  
5.707230613  
8.812902227  
10.46645143  
10.60622993  
9.411782248  
7.21869198  
4.425134696  
1.419569252  
-1.456804724  
-3.917367884  
-5.724467116  
-6.690770132  
-6.699401034  
-5.740377825  
-3.94716976  
-1.61073175  
0.84741446  
2.947645763  
4.256643338  
4.495071009  
3.614274765  
1.814846362  
-0.5024162944  
-2.840327531  
-4.732418001  
-5.853864344  
-6.082692671  
-5.495532716  
-4.305521314  
-2.77004231  
-1.105376894  
0.5595829259  
2.175772425  
3.720933275  
5.129449907  
6.242071953  
6.806146657  
6.537297235  
5.227594823  
2.862925572  
-0.2974704787  
-3.718778942  
-6.681813956  
-8.451894357  
-8.480193686  
-6.57621792  
-2.993471441  
1.606144383  
6.307233045  
10.17514066  
12.50251507  
12.99450358  
11.83537684  
9.614514632  
7.13259172  
5.146213262  
4.129030681  
4.123352999  
4.729260661  
5.236562347  
4.861281264  
3.016080165  
-0.467316589  
-5.232448815  
-10.44460823  
-14.98116868  
-17.71612048  
-17.82221668  
-15.00858802  
-9.628932896  
-2.629776688  
4.649678855  
10.77658618  
14.54849206  
15.26362449  
12.8734791  
7.98381093  
1.707117943  
-4.595515002  
-9.620883128  
-12.40722303  
-12.53141741  
-10.17827378  
-6.070755989  
-1.281799474  
3.025527239  
5.86793996  
6.659717781  
5.32964728  
2.312831026  
-1.577320478  
-5.36329966  
-8.150219244  
-9.344032426  
-8.787847337  
-6.783570829  
-3.99523727  
-1.260442211  
0.6401127333  
1.19399048  
0.2935700062  
-1.738303935  
-4.239888723  
-6.394189932  
-7.45445375  
-6.94997359  
-4.815961534  
-1.412245239  
2.573728328  
6.311973655  
9.05119442  
10.31437225  
10.01467863  
8.460554236  
6.250597461  
4.090286177  
2.584634489  
2.067282527  
2.515216135  
3.572871587  
4.676954298  
5.243454418  
4.860005216  
3.425041861  
1.191055315  
-1.302184609  
-3.385544339  
-4.463035469  
-4.198404851  
-2.629120544  
-0.1720695799  
2.48301624  
4.563008508  
5.429395377  
4.761481971  
2.651126487  
-0.4189648829  
-3.707277395  
-6.417425983  
-7.914654603  
-7.89241206  
-6.441901483  
-4.006905303  
-1.240420693  
1.191564834  
2.799191965  
3.394720344  
3.120121237  
2.372276727  
1.653290317  
1.395732907  
1.818776549  
2.859638147  
4.199685854  
5.374064525  
5.927655071  
5.566668622  
4.258033643  
2.246562448  
-0.01356244521  
-1.989804238  
-3.223488595  
-3.457338561  
-2.702267155  
-1.227594932  
0.5177316319  
2.026069624  
2.858089279  
2.742115903  
1.624220933  
-0.3361055526  
-2.814681358  
-5.396765808  
-7.656311742  
-9.225182904  
-9.84512511  
-9.401726726  
-7.942211676  
-5.677128372  
-2.962259361  
-0.2550772363  
1.957487856  
3.255133554  
3.387902972  
2.361267742  
0.4726785346  
-1.72352006  
-3.528709211  
-4.272340251  
-3.503479269  
-1.147589008  
2.423130546  
6.438038762  
9.894759565  
11.80793595  
11.47541978  
8.686834947  
3.811467722  
-2.265292883  
-8.34459986  
-13.20241787  
-15.88428765  
-15.92527499  
-13.43639745  
-9.038942592  
-3.673162859  
1.656673244  
6.123775116  
9.239471622  
10.89585626  
11.29346572  
10.79323585  
9.752547207  
8.40391241  
6.81346908  
4.923813027  
2.653702894  
0.007597441565  
-2.853016279  
-5.607286441  
-7.84430556  
-9.17864126  
-9.369082124  
-8.396893091  
-6.475633438  
-3.990287906  
-1.389159257  
0.9323305103  
2.716410163  
3.87152139  
4.443198584  
4.548165825  
4.305106924  
3.793342229  
3.055159858  
2.135401959  
1.132886177  
0.2306370184  
-0.3203294516  
-0.2686239925  
0.5385032288  
2.063511858  
4.037107408  
5.995766192  
7.399024645  
7.795334716  
6.981881849  
5.098992398  
2.61741531  
0.211905008  
-1.444654039  
-1.900738077  
-1.083601885  
0.663970483  
2.686871314  
4.231423623  
4.69955742  
3.855780557  
1.912293949  
-0.5418892264  
-2.747721981  
-4.049334696  
-4.13793437  
-3.177582913  
-1.7630173  
-0.7177600533  
-0.7980519731  
-2.40399787  
-5.400592294  
-9.116517118  
-12.52889018  
-14.57820108  
-14.51134185  
-12.13868664  
-7.917897977  
-2.834180077  
1.885988544  
5.135411982  
6.245099288  
5.161026747  
2.426998285  
-1.013047623  
-4.121370495  
-6.077147656  
-6.491593703  
-5.465670837  
-3.48578194  
-1.208561966  
0.7798573583  
2.142878765  
2.853346516  
3.125820628  
3.261784343  
3.47919891  
3.799334823  
4.036734068  
3.893650684  
3.116449906  
1.645414404  
-0.3085163377  
-2.297336319  
-3.772387686  
-4.273544319  
-3.597782421  
-1.879396632  
0.4529808218  
2.829500818  
4.745187906  
5.938803622  
6.472504733  
6.677345063  
6.982235545  
7.692039122  
8.804824976  
9.94843912  
10.47449318  
9.68805077  
7.135985914  
2.847231309  
-2.572951549  
-8.046348232  
-12.30596793  
-14.27724947  
-13.43184395  
-9.990934826  
-4.900174986  
0.427415139  
4.525454611  
6.314620344  
5.426679286  
2.305529118  
-1.948365223  
-5.938510184  
-8.418053604  
-8.673124623  
-6.718917935  
-3.248525578  
0.6406609134  
3.842912865  
5.622578175  
5.844239962  
4.978285138  
3.885767286  
3.464176826  
4.283807915  
6.34644573  
9.053824438  
11.39877659  
12.31362443  
11.05538933  
7.494679365  
2.208370001  
-3.656862948  
-8.706074999  
-11.69807029  
-11.89943572  
-9.281717562  
-4.507825656  
1.276477359  
6.769279154  
10.84947954  
12.82269121  
12.51465207  
10.20742806  
6.465992094  
1.932644087  
-2.834745368  
-7.434097439  
-11.59727772  
-15.11223415  
-17.74679267  
-19.22566012  
-19.28301762  
-17.77395379  
-14.7952426  
-10.75436175  
-6.339901913  
-2.382690649  
0.359327086  
1.42492067  
0.8035844797  
-1.040704771  
-3.29469258  
-5.037650986  
-5.525434633  
-4.424915412  
-1.920920352  
1.341148015  
4.459401337  
6.560072735  
7.070091127  
5.890192743  
3.415511015  
0.4019179681  
-2.273142135  
-3.874193544  
-4.010674916  
-2.719032492  
-0.407423059  
2.307072576  
4.805523504  
6.646303095  
7.660617663  
7.943412873  
7.757780737  
7.399987195  
7.081274351  
6.869748122  
6.707174418  
6.483508638  
6.129025411  
5.678734194  
5.277715968  
5.122748989  
5.364362239  
6.011970761  
6.886092212  
7.644532024  
7.880759303  
7.263467682  
5.667905865  
3.249452568  
0.428498571  
-2.213648789  
-4.0965712  
-4.808157483  
-4.223100283  
-2.534647166  
-0.1916596088  
2.235068956  
4.210586943  
5.365605252  
5.559480103  
4.863830457  
3.483633231  
1.653955835  
-0.4437852193  
-2.713798437  
-5.117777519  
-7.604902948  
-10.03701288  
-12.14951111  
-13.5752742  
-13.93369576  
-12.95935859  
-10.62554557  
-7.214252202  
-3.298745376  
0.3674643744  
3.029876076  
4.130403843  
3.463974349  
1.24540547  
-1.93648333  
-5.267200636  
-7.91681946  
-9.253953899  
-9.005202635  
-7.318568509  
-4.717060339  
-1.958548155  
0.1586995626  
0.9944824016  
0.2218527136  
-2.093872511  
-5.504881579  
-9.271851943  
-12.51321309  
-14.3813327  
-14.2328517  
-11.76382222  
-7.087029953  
-0.73726782  
6.399851344  
13.2286697  
18.63462001  
21.69455734  
21.8667049  
19.11880641  
13.96095262  
7.366959233  
0.592738766  
-5.074230323  
-8.580456332  
-9.325839276  
-7.284157541  
-2.995019548  
2.570501749  
8.23629563  
12.88266222  
15.67859443  
16.23119616  
14.62313505  
11.34006808  
7.117933172  
2.757303205  
-1.04596604  
-3.816404628  
-5.344119897  
-5.664669888  
-4.994836595  
-3.651719749  
-1.978639295  
-0.2909529712  
1.156712845  
2.18813709  
2.715808722  
2.747385947  
2.385320495  
1.812189045  
1.255186246  
0.9300104098  
0.9746289259  
1.392331122  
2.026481656  
2.583453649  
2.706179917  
2.082906979  
0.5603782467  
-1.775696954  
-4.584035411  
-7.328445194  
-9.405054751  
-10.30263175  
-9.749379684  
-7.80103596  
-4.841319108  
-1.492002826  
1.542452426  
3.650847556  
4.461225156  
3.916772274  
2.264158729  
-0.03591648394  
-2.443740046  
-4.478155818  
-5.817742518  
-6.342757209  
-6.116850653  
-5.32686999  
-4.209280315  
-2.990071076  
-1.853461713  
-0.938962609  
-0.3533412154  
-0.1791382538  
-0.4664173516  
-1.206488612  
-2.299831666  
-3.538707808  
-4.6234809  
-5.220333221  
-5.050560346  
-3.985432853  
-2.112493694  
0.2561586748  
2.646049665  
4.541404666  
5.53125192  
5.434361304  
4.360395106  
2.683534331  
0.9333434766  
-0.3639812732  
-0.8429258081  
-0.402686455  
0.7766163048  
2.310295936  
3.75093202  
4.745805708  
5.154622652  
5.086436006  
4.843272941  
4.791391627  
5.206876439  
6.151634928  
7.42511691  
8.610302103  
9.199220171  
8.755355389  
7.057790736  
4.179003684  
0.4720148383  
-3.525711439  
-7.236212868  
-10.18315591  
-12.08656141  
-12.88496712  
-12.68823452  
-11.68965623  
-10.07871968  
-7.991453134  
-5.515751373  
-2.742687886  
0.1674713622  
2.944665019  
5.225195708  
6.63240216  
6.900244974  
5.994901819  
4.182282468  
2.002685292  
0.1442498639  
-0.7556696437  
-0.3215187319  
1.408872905  
3.951052325  
6.483219202  
8.075959569  
7.97818779  
5.871685809  
2.010998094  
-2.802545452  
-7.413789859  
-10.62243509  
-11.51854564  
-9.745550552  
-5.611877038  
-0.01731643975  
5.78430999  
10.51636394  
13.20831614  
13.42953668  
11.36621621  
7.727838252  
3.519643374  
-0.2462526856  
-2.815800405  
-3.862255826  
-3.521344179  
-2.295752804  
-0.8691306764  
0.1088458537  
0.2035559746  
-0.7033082957  
-2.410446414  
-4.480748395  
-6.379504425  
-7.624728853  
-7.910515984  
-7.176759517  
-5.615072145  
-3.616019389  
-1.67379414  
-0.2700930135  
0.2396800683  
-0.2837057776  
-1.715615808  
-3.674861798  
-5.590853474  
-6.824077076  
-6.820078203  
-5.264561219  
-2.200007413  
1.933622608  
6.357561997  
10.11159423  
12.2807242  
12.2368456  
9.829084336  
5.463073678  
0.03551824482  
-5.270179644  
-9.279606476  
-11.13566468  
-10.53160514  
-7.797856123  
-3.811848691  
0.2482734301  
3.237510911  
4.368495012  
3.430360174  
0.8363324176  
-2.514120703  
-5.515992619  
-7.1957329  
-7.000798522  
-4.953472074  
-1.623843589  
2.065871863  
5.140548674  
6.877993972  
7.024125711  
5.850894363  
4.04207292  
2.447761271  
1.790059438  
2.41687487  
4.183525178  
6.499313414  
8.522266993  
9.437713731  
8.730251571  
6.362044754  
2.801349887  
-1.106611256  
-4.384856481  
-6.209118532  
-6.144532854  
-4.264593002  
-1.120412768  
2.42535405  
5.445714022  
7.20194338  
7.328450159  
5.901118523  
3.377833575  
0.4382193798  
-2.222983395  
-4.085362674  
-4.922157816  
-4.821879621  
-4.116011207  
-3.243772378  
-2.600427058  
-2.415695328  
-2.695339775  
-3.237057521  
-3.709131106  
-3.763383007  
-3.147171447  
-1.783028304  
0.2032799732  
2.509768855  
4.72924225  
6.443521455  
7.317050228  
7.169091384  
6.010908772  
4.043076835  
1.616230759  
-0.835471279  
-2.875252272  
-4.144856675  
-4.432246342  
-3.714148666  
-2.165271015  
-0.1307871239  
1.935007911  
3.554361566  
4.320474065  
3.981671774  
2.496591794  
0.04665155411  
-2.999025235  
-6.159896144  
-8.944638365  
-10.95242171  
-11.9500598  
-11.90600304  
-10.9733231  
-9.427712443  
-7.5791887  
-5.683792042  
-3.881744535  
-2.180689476  
-0.4888553511  
1.312815746  
3.283761094  
5.352528543  
7.288482261  
8.731857282  
9.279655744  
8.606317125  
6.584603543  
3.368229777  
-0.5944869833  
-4.628822065  
-7.973188091  
-9.957387752  
-10.17283946  
-8.586779519  
-5.565260465  
-1.79371874  
1.887592355  
4.691144679  
6.076948992  
5.881098293  
4.342498054  
2.020915093  
-0.3692729451  
-2.160905675  
-2.912843752  
-2.51473367  
-1.189740683  
0.6013710645  
2.321472102  
3.531108651  
4.02037249  
3.858693725  
3.350077987  
2.912315324  
2.922949989  
3.584648933  
4.85467079  
6.460625854  
7.99496658  
9.054088751  
9.373361637  
8.91170147  
7.857549937  
6.555907184  
5.383523346  
4.61711367  
4.341322473  
4.428393138  
4.595662695  
4.519039091  
3.960556895  
2.863144436  
1.377541031  
-0.1891181144  
-1.485035299  
-2.245584882  
-2.396971956  
-2.092821528  
-1.668193958  
-1.524992426  
-1.987565739  
-3.178931417  
-4.961912184  
-6.967701942  
-8.704489824  
-9.711005706  
-9.704169734  
-8.671620533  
-6.87849555  
-4.786668006  
-2.913915625  
-1.679957298  
-1.289464431  
-1.688205136  
-2.602752172  
-3.645662256  
-4.447024058  
-4.766568876  
-4.550203193  
-3.916667148  
-3.085796779  
-2.280177677  
-1.639534052  
-1.179812111  
-0.8098140424  
-0.3949415749  
0.160794677  
0.8501252465  
1.543377809  
2.024431536  
2.06890074  
1.534123346  
0.4247115482  
-1.094144845  
-2.743831888  
-4.224554884  
-5.318957287  
-5.967252747  
-6.283026973  
-6.500090625  
-6.866633715  
-7.524097291  
-8.416409532  
-9.267174743  
-9.640151077  
-9.069497402  
-7.220683848  
-4.029738167  
0.2273083243  
4.962594861  
9.399718043  
12.75980627  
14.45791776  
14.25384282  
12.3151037  
9.17625394  
5.608635989  
2.439073974  
0.3673407289  
-0.1718876551  
0.9261069542  
3.449933304  
6.948579284  
10.84124883  
14.52910701  
17.48530825  
19.31278291  
19.77188513  
18.78739492  
16.44472185  
12.97998829  
8.761559747  
4.256303708  
-0.02500069521  
-3.601890561  
-6.106998782  
-7.358161333  
-7.398174273  
-6.48620772  
-5.037621347  
-3.524684361  
-2.36391588  
-1.82126148  
-1.96175666  
-2.65662311  
-3.642630291  
-4.612199097  
-5.30402193  
-5.565857541  
-5.372916973  
-4.802219347  
-3.979305768  
-3.022458495  
-2.008112381  
-0.9702464147  
0.06946398399  
1.058305784  
1.880451217  
2.35693193  
2.285319433  
1.509211915  
-0.007234033671  
-2.130511905  
-4.559332711  
-6.884521898  
-8.693741419  
-9.689205539  
-9.778739138  
-9.106813107  
-8.011266327  
-6.916848018  
-6.199635131  
-6.067998566  
-6.501657678  
-7.270880904  
-8.029850601  
-8.451292104  
-8.353481039  
-7.772187515  
-6.948725252  
-6.235342599  
-5.950010063  
-6.232996073  
-6.959965834  
-7.74863116  
-8.064184337  
-7.393221696  
-5.429481461  
-2.206832145  
1.870436788  
6.117484868  
9.756263349  
12.1436356  
12.96738905  
12.34516661  
10.79110055  
9.057380889  
7.898910031  
7.835195589  
8.985655766  
11.03169651  
13.31847105  
15.06439646  
15.61181897  
14.6390254  
12.26637724  
9.023437905  
5.68837854  
3.05128696  
1.676313718  
1.73673641  
2.972679852  
4.781699313  
6.410793162  
7.187703309  
6.719381988  
4.998249316  
2.387879323  
-0.5017270673  
-3.005537978  
-4.599471639  
-5.040943445  
-4.414657772  
-3.076315947  
-1.519228087  
-0.211463783  
0.5427073404  
0.6746035896  
0.3378981146  
-0.1792425416  
-0.5824865043  
-0.6943735551  
-0.5300551382  
-0.3007356275  
-0.3442198594  
-1.005772631  
-2.508253292  
-4.853761653  
-7.789152245  
-10.84833877  
-13.46128572  
-15.09986656  
-15.41998528  
-14.36013054  
-12.16845518  
-9.349686943  
-6.544606472  
-4.372436652  
-3.27609329  
-3.409472945  
-4.595367254  
-6.364991624  
-8.070033409  
-9.040341069  
-8.74932098  
-6.947055482  
-3.728925406  
0.4771638534  
5.002325196  
9.085436165  
12.04373096  
13.42458437  
13.10243485  
11.29829101  
8.518324382  
5.427919753  
2.69337991  
0.8308886032  
0.09965730797  
0.4641288803  
1.63156468  
3.151837028  
4.550302235  
5.457075559  
5.698286778  
5.326459147  
4.584501928  
3.816125891  
3.349821997  
3.389968865  
3.945827951  
4.818079366  
5.646493237  
6.005803864  
5.524177893  
3.99304308  
1.439631187  
-1.856850605  
-5.410269487  
-8.624074497  
-10.91732979  
-11.85183369  
-11.2318612  
-9.154294981  
-5.997710405  
-2.35199284  
1.097523701  
3.707864516  
5.00983287  
4.805510088  
3.210645997  
0.6315834338  
-2.320269848  
-4.959949279  
-6.679386436  
-7.084291397  
-6.086402155  
-3.92862853  
-1.134774255  
1.607348527  
3.604657472  
4.32358378  
3.522212935  
1.317435539  
-1.830663566  
-5.215390398  
-8.039469378  
-9.59405144  
-9.418117435  
-7.400198906  
-3.798563687  
0.8236707786  
5.730694524  
10.17910585  
13.57402533  
15.57792125  
16.14740393  
15.49338331  
13.98082115  
12.00040104  
9.851224761  
7.669123065  
5.420791083  
2.96358707  
0.1503128328  
-3.056389194  
-6.499793819  
-9.807305785  
-12.44568966  
-13.84473697  
-13.5586122  
-11.41965693  
-7.637171415  
-2.805383496  
2.192261541  
6.366848515  
8.8538814  
9.131157918  
7.165349183  
3.443494782  
-1.125840593  
-5.422467939  
-8.385321294  
-9.275235302  
-7.860596954  
-4.475394176  
0.06747445058  
4.685870848  
8.305519559  
10.13017928  
9.832217344  
7.613274468  
4.121301899  
0.2508238576  
-3.113925534  
-5.338099485  
-6.189426982  
-5.864105074  
-4.882814482  
-3.893377656  
-3.444084862  
-3.799382858  
-4.855163675  
-6.178739632  
-7.159089575  
-7.218150249  
-6.014834005  
-3.57609113  
-0.3125036246  
3.087386385  
5.851602196  
7.34773715  
7.265297966  
5.701424921  
3.124507723  
0.2286002381  
-2.274723244  
-3.86176753  
-4.336350408  
-3.862689842  
-2.885121601  
-1.964052787  
-1.583141762  
-1.990118384  
-3.120982896  
-4.628984952  
-6.005467941  
-6.750462602  
-6.536202622  
-5.310957267  
-3.311583061  
-0.9839484391  
1.159815541  
2.698913518  
3.425220723  
3.391399664  
2.874454419  
2.271708329  
1.967382488  
2.215393112  
3.075453943  
4.418885003  
5.995240925  
7.530059134  
8.814995186  
9.757186913  
10.37246963  
10.73018849  
10.87712765  
10.7768389  
10.29507236  
9.2436394  
7.470729668  
4.96440819  
1.926142363  
-1.222624742  
-3.916748606  
-5.593117697  
-5.86485857  
-4.667483549  
-2.323318624  
0.5074750429  
2.986124798  
4.324649796  
4.018964633  
2.012764671  
-1.263662737  
-4.999170921  
-8.226702422  
-10.10305374  
-10.15885438  
-8.440171304  
-5.494673796  
-2.20308099  
0.4941494313  
1.890116849  
1.731403882  
0.2926664591  
-1.720987679  
-3.415338213  
-4.016158692  
-3.145804388  
-0.9746802381  
1.806957732  
4.194463843  
5.191112914  
4.146569911  
1.00194024  
-3.642205039  
-8.66458575  
-12.73368159  
-14.69927115  
-13.9460277  
-10.59865969  
-5.511365015  
-0.03946267475  
4.34221722  
6.462093787  
5.790300928  
2.592427029  
-2.146179572  
-7.001383191  
-10.51156552  
-11.58032538  
-9.764417725  
-5.368574125  
0.6709595539  
7.068976088  
12.54817976  
16.16226364  
17.4949122  
16.68882007  
14.31434044  
11.13588694  
7.860140019  
4.947184789  
2.536515644  
0.4961648223  
-1.439330864  
-3.503312732  
-5.768226463  
-8.09838295  
-10.19467352  
-11.70634209  
-12.36125691  
-12.06238031  
-10.91438222  
-9.173680642  
-7.145693557  
-5.07312535  
-3.061165954  
-1.06924999  
1.028930706  
3.343827046  
5.871161677  
8.439889244  
10.7329132  
12.37723715  
13.07127733  
12.69999498  
11.39043384  
9.481254961  
7.412456843  
5.573486651  
4.166788087  
3.141501817  
2.228164356  
1.067853074  
-0.6083751635  
-2.817213805  
-5.244977248  
-7.294554281  
-8.255085189  
-7.545939741  
-4.954438786  
-0.7812646703  
4.167978058  
8.758493987  
11.82679062  
12.51831575  
10.55658015  
6.354367004  
0.9243231142  
-4.391380704  
-8.294501391  
-9.89517918  
-8.956266501  
-5.943169141  
-1.86548103  
2.038207738  
4.672584899  
5.399153442  
4.196296217  
1.622064816  
-1.40048999  
-3.900032185  
-5.170798644  
-4.983841096  
-3.633180962  
-1.810288502  
-0.3558679938  
0.02483258708  
-1.010258452  
-3.339294045  
-6.427704448  
-9.50575222  
-11.80779132  
-12.79329234  
-12.28161797  
-10.46608494  
-7.814917239  
-4.902887465  
-2.23555789  
-0.1236957566  
1.358169972  
2.327972806  
2.995857915  
3.552625223  
4.09040226  
4.58153321  
4.916168513  
4.975694128  
4.706834278  
4.163578505  
3.499482362  
2.914228774  
2.577107575  
2.558915617  
2.799803217  
3.125777267  
3.307377892  
3.138093887  
2.503426162  
1.416509262  
0.01015580188  
-1.507896842  
-2.916514386  
-4.035423428  
-4.754022467  
-5.029626634  
-4.864118071  
-4.276959865  
-3.292329816  
-1.949147569  
-0.3288147452  
1.416624617  
3.057743011  
4.318039927  
4.941796625  
4.781688294  
3.874661031  
2.472187328  
1.002544575  
-0.03477362516  
-0.2165921146  
0.6597468436  
2.485482959  
4.839600308  
7.0869416  
8.550872028  
8.708978565  
7.349739078  
4.638711832  
1.071824706  
-2.668970372  
-5.909327575  
-8.160663771  
-9.224561363  
-9.192732955  
-8.350531325  
-7.027491209  
-5.45746626  
-3.705667601  
-1.69204638  
0.7000029187  
3.478066708  
6.426202371  
9.082015483  
10.83283114  
11.11091779  
9.623412671  
6.529120008  
2.482764923  
-1.492482935  
-4.28376229  
-5.039481909  
-3.47757195  
-0.03830968169  
4.188194329  
7.758276127  
9.315970471  
8.044091103  
3.975700439  
-1.947834365  
-8.109577303  
-12.68403748  
-14.20131201  
-12.03187987  
-6.632258299  
0.5382170544  
7.417131608  
11.94101019  
12.66729505  
9.222585682  
2.43423458  
-5.900337324  
-13.53893052  
-18.45389725  
-19.42271095  
-16.36899338  
-10.3524913  
-3.217345949  
2.985404762  
6.617048717  
6.919685094  
4.194470472  
-0.3539747542  
-5.043778198  
-8.26641327  
-8.982458692  
-7.009232396  
-3.021280979  
1.71893035  
5.796828227  
8.097060825  
8.123891886  
6.096854973  
2.808593068  
-0.6881531109  
-3.444919989  
-4.905543699  
-5.026140784  
-4.201104555  
-3.039778293  
-2.088944017  
-1.609638821  
-1.490140772  
-1.321611851  
-0.6001899177  
1.027686953  
3.574368063  
6.649984684  
9.556910883  
11.50682762  
11.88207215  
10.4470604  
7.434305787  
3.475611493  
-0.595133251  
-3.995984685  
-6.218073758  
-7.13902584  
-6.995564871  
-6.234863826  
-5.30784985  
-4.48662231  
-3.775404368  
-2.945845909  
-1.677600002  
0.2564753129  
2.838922125  
5.755314572  
8.46722225  
10.38691245  
11.08840376  
10.47245027  
8.817485004  
6.690327673  
4.743737226  
3.473151521  
3.024365905  
3.129093191  
3.200743628  
2.563697627  
0.7373855052  
-2.328711232  
-6.161137749  
-9.855227503  
-12.33498791  
-12.69917733  
-10.5375998  
-6.106217469  
-0.293883979  
5.617270434  
10.32483274  
12.89201717  
13.01889768  
11.10813709  
8.102940662  
5.152223899  
3.216960781  
2.752065255  
3.57210081  
4.945571305  
5.883113033  
5.517187485  
3.438622614  
-0.1301806398  
-4.38880288  
-8.223336348  
-10.59165132  
-10.89565482  
-9.209448419  
-6.280618685  
-3.29934806  
-1.509999621  
-1.794718086  
-4.36948458  
-8.695893675  
-13.63967131  
-17.82420913  
-20.06226056  
-19.72381681  
-16.92085563  
-12.45224353  
-7.532595685  
-3.399876276  
-0.9340238812  
-0.410914808  
-1.466293166  
-3.270962414  
-4.847280729  
-5.412145667  
-4.627923415  
-2.680120321  
-0.1646830187  
2.164575625  
3.690598754  
4.160972516  
3.768516332  
3.060079721  
2.712410226  
3.261423336  
4.88637025  
7.328305891  
9.971734669  
12.05817773  
12.95251787  
12.3646161  
10.44601155  
7.727945375  
4.925194135  
2.679111029  
1.335167808  
0.8373247867  
0.7785668093  
0.5895883249  
-0.203581703  
-1.748675692  
-3.750984188  
-5.520619124  
-6.174977281  
-4.933246591  
-1.40615962  
4.216729964  
11.14799421  
18.16340544  
23.89781065  
27.18860379  
27.3665451  
24.41251546  
18.94199793  
12.03142653  
4.944890035  
-1.157646976  
-5.453282287  
-7.579664197  
-7.636300425  
-6.086634891  
-3.605735097  
-0.9218486301  
1.312697761  
2.606417873  
2.673426647  
1.451285992  
-0.8970854629  
-3.996668714  
-7.298665659  
-10.15696356  
-11.94770193  
-12.21882504  
-10.83594571  
-8.077383934  
-4.63362094  
-1.487442974  
0.3135779329  
-0.05810007372  
-2.946319509  
-8.05256464  
-14.44404348  
-20.7447755  
-25.47033485  
-27.41892513  
-26.00762229  
-21.45237617  
-14.73263234  
-7.343728461  
-0.903846809  
3.273448651  
4.519069381  
2.964823352  
-0.5242338365  
-4.615671038  
-7.89086098  
-9.228445188  
-8.082416273  
-4.584452053  
0.5435655399  
6.224668707  
11.32860885  
14.94887914  
16.58215546  
16.17620237  
14.05673591  
10.77840313  
6.959691773  
3.15382971  
-0.2165982756  
-2.863313923  
-4.599494695  
-5.304202147  
-4.910304944  
-3.423340803  
-0.9583079035  
2.23172805  
5.76097431  
9.162704676  
11.9795624  
13.86581939  
14.6665183  
14.44421847  
13.44217215  
11.99635123  
10.42816721  
8.956977799  
7.663383971  
6.513725434  
5.431086448  
4.378951453  
3.417997397  
2.707534611  
2.44646405  
2.77542456  
3.680849848  
4.94490635  
6.170286099  
6.880676547  
6.667030537  
5.32864235  
2.955484224  
-0.08336312283  
-3.247243947  
-5.993383436  
-7.94918215  
-9.024363246  
-9.420010441  
-9.528746508  
-9.761660738  
-10.36698771  
-11.3116158  
-12.27535494  
-12.76658402  
-12.3209799  
-10.71020148  
-8.078674805  
-4.948582225  
-2.079340198  
-0.2222275027  
0.1466266597  
-0.9824512675  
-3.113460927  
-5.383395603  
-6.841588097  
-6.77930673  
-4.995637159  
-1.9017314  
1.582565994  
4.314993756  
5.310066073  
4.084731788  
0.8503635639  
-3.520688557  
-7.750787489  
-10.5556852  
-11.05588183  
-9.063013  
-5.14302637  
-0.4319265631  
3.736928953  
6.270515969  
6.672338187  
5.197089603  
2.751161696  
0.5719845214  
-0.2062370239  
1.045624361  
4.217290135  
8.471122889  
12.49708545  
14.92667663  
14.77028869  
11.73666522  
6.334055268  
