0.4624866361  
-1.324765554  
-2.300750522  
-2.021656024  
-0.4476887083  
2.009949995  
4.593318851  
6.422671516  
6.770931257  
5.299106466  
2.175441647  
-1.96227791  
-6.191554761  
-9.579966547  
-11.46327809  
-11.63846868  
-10.40984443  
-8.473087518  
-6.673964321  
-5.718988312  
-5.931663292  
-7.134530244  
-8.697968774  
-9.743935683  
-9.442729982  
-7.309521012  
-3.404818187  
1.629461638  
6.717007782  
10.63925242  
12.38837632  
11.47552348  
8.099085771  
3.117848721  
-2.168593662  
-6.37187734  
-8.39822609  
-7.751315404  
-4.665588073  
-0.03083500754  
4.869257506  
8.726485341  
10.57580269  
10.05319062  
7.470154624  
3.687903536  
-0.1645832625  
-3.037785174  
-4.265863082  
-3.736117568  
-1.877416805  
0.5198371757  
2.585937305  
3.659393562  
3.484721738  
2.258970841  
0.5188527736  
-1.084507083  
-2.038167253  
-2.154578265  
-1.625537572  
-0.9243351156  
-0.5935165814  
-0.9989356323  
-2.145262853  
-3.628321483  
-4.751401839  
-4.772807045  
-3.201020944  
-0.03103695403  
4.170680281  
8.377153612  
11.3861791  
12.19600405  
10.35094251  
6.139171486  
0.5678243685  
-4.889816225  
-8.706099574  
-9.747005536  
-7.618309194  
-2.800974066  
3.468572973  
9.538680859  
13.80040234  
15.12550478  
13.15598821  
8.365958714  
1.889353074  
-4.821332163  
-10.39278262  
-13.86396156  
-14.86412076  
-13.60306855  
-10.70447668  
-6.959982066  
-3.097416739  
0.3625861683  
3.131530046  
5.080335945  
6.127347551  
6.155906325  
5.010447034  
2.579001002  
-1.074754645  
-5.596418971  
-10.31064338  
-14.3149362  
-16.68810843  
-16.75425146  
-14.31234168  
-9.74345294  
-3.943632281  
1.91046645  
6.69522427  
9.664963607  
10.65700082  
10.10287159  
8.837516085  
7.769864781  
7.530224641  
8.22193009  
9.371566252  
10.10305551  
9.480407868  
6.899852227  
2.38867302  
-3.305193188  
-8.879174004  
-12.85517735  
-14.05185967  
-11.99177843  
-7.100912931  
-0.6236835249  
5.729032366  
10.29061789  
11.94383469  
10.45485711  
6.525681247  
1.547141182  
-2.865539902  
-5.40047014  
-5.465358812  
-3.356089389  
-0.1253978196  
2.799521865  
4.118247198  
3.107162435  
-0.1315051659  
-4.701132272  
-9.206318642  
-12.20828575  
-12.68512681  
-10.34520682  
-5.696423709  
0.1405365922  
5.800724622  
10.09384087  
12.33268046  
12.46964109  
11.01235409  
8.768160146  
6.523694482  
4.781068219  
3.642275501  
2.871396403  
2.093897083  
1.040452452  
-0.2717750266  
-1.499893885  
-2.09902283  
-1.562999134  
0.3135803374  
3.260961977  
6.527746684  
9.062099917  
9.830087352  
8.16623885  
4.033670395  
-1.903057972  
-8.427809523  
-14.10540654  
-17.69351161  
-18.50181221  
-16.58248495  
-12.69140068  
-8.035305634  
-3.890175435  
-1.216635286  
-0.3960047272  
-1.167065137  
-2.774552175  
-4.26976006  
-4.855453248  
-4.15715222  
-2.332817476  
0.008560050618  
2.042952974  
3.034593531  
2.600316959  
0.8464841519  
-1.663098866  
-4.091291064  
-5.596932119  
-5.597747607  
-3.942391126  
-0.9419349756  
2.740136631  
6.294843643  
8.999654905  
10.40231286  
10.40592715  
9.241627865  
7.352287147  
5.235827999  
3.302517392  
1.787650229  
0.7362529505  
0.04988234151  
-0.4329534516  
-0.8567906881  
-1.296178641  
-1.740941341  
-2.115009073  
-2.313729883  
-2.242473095  
-1.844711783  
-1.116066042  
-0.1075504111  
1.076973651  
2.287123303  
3.339279537  
4.042660622  
4.241669484  
3.869776208  
2.999620872  
1.866801462  
0.8457648519  
0.3683002033  
0.7955370199  
2.276679652  
4.642283848  
7.37930752  
9.715988137  
10.81079368  
10.00166085  
7.042783356  
2.248753272  
-3.514675188  
-9.010595454  
-12.94487103  
-14.329058  
-12.78340414  
-8.68096133  
-3.077373692  
2.56429912  
6.778758141  
8.513959178  
7.429648943  
3.984940859  
-0.7142078985  
-5.260858876  
-8.377643223  
-9.295983174  
-7.964937491  
-5.026495799  
-1.571000273  
1.242019451  
2.56918367  
2.1467283  
0.3472746921  
-1.983669727  
-3.850063414  
-4.472021468  
-3.568936389  
-1.461734063  
1.039526633  
2.92201789  
3.330204221  
1.874779634  
-1.215779866  
-5.152538456  
-8.832189928  
-11.18801242  
-11.52753498  
-9.74530116  
-6.343098965  
-2.256059408  
1.452399278  
3.92220239  
4.745340275  
4.054414295  
2.430624811  
0.6723571729  
-0.4898256635  
-0.6326401182  
0.2440076747  
1.755756392  
3.303200319  
4.304227299  
-11.1977741  
-9.776939856  
-6.45771944  
-1.623668976  
3.813684945  
8.66392876  
11.81728003  
12.59668118  
10.98317187  
7.634853099  
3.688008869  
0.4021162954  
-1.23600237  
-0.8189244127  
1.364558317  
4.440009458  
7.246736483  
8.724834798  
8.260786551  
5.878425199  
2.216090724  
-1.696337859  
-4.780043942  
-6.251516931  
-5.853904204  
-3.903618481  
-1.146157304  
1.519566273  
3.346673115  
3.968839034  
3.477827697  
2.333390585  
1.14981651  
0.4456650046  
0.452162435  
1.049244147  
1.846971204  
2.373833116  
2.293317017  
1.560725863  
0.4568228857  
-0.5164902538  
-0.8388716308  
-0.1940042176  
1.376148544  
3.448731968  
5.343501988  
6.351517206  
5.987219627  
4.171113972  
1.273847233  
-1.997850738  
-4.835119563  
-6.59810215  
-7.026872722  
-6.31574619  
-5.023848946  
-3.854503143  
-3.38437794  
-3.84234648  
-5.020495325  
-6.351555949  
-7.1257966  
-6.768220706  
-5.073286751  
-2.308270218  
0.8567327285  
3.57091947  
5.099122765  
5.085348332  
3.685807146  
1.519148726  
-0.5529693059  
-1.739579943  
-1.616508257  
-0.296228198  
1.594839091  
3.130469448  
3.420232658  
1.950804809  
-1.188822503  
-5.2832866  
-9.185464172  
-11.67178883  
-11.84311756  
-9.436986234  
-4.943466707  
0.5196903261  
5.537630273  
8.830949021  
9.651633042  
8.014473562  
4.688784543  
0.9525389834  
-1.812607688  
-2.556554808  
-0.8889930354  
2.800964427  
7.468000203  
11.73418019  
14.30912098  
14.37595947  
11.82724713  
7.28486674  
1.906398458  
-2.955564842  
-6.134360506  
-6.958104924  
-5.402696006  
-2.056807555  
2.076374908  
5.871377412  
8.377299527  
9.038206379  
7.786602664  
5.00094029  
1.356554485  
-2.376023792  
-5.525768686  
-7.661051919  
-8.649488984  
-8.637364013  
-7.96780089  
-7.06702835  
-6.328713455  
-6.020247318  
-6.226003764  
-6.83417653  
-7.567057281  
-8.049196586  
-7.902570613  
-6.851928563  
-4.818240975  
-1.975569119  
1.24999341  
4.249919806  
6.364834546  
7.051856683  
6.045732467  
3.466139652  
-0.167739284  
-4.031799203  
-7.186160209  
-8.813926069  
-8.444973156  
-6.098794494  
-2.299586267  
2.048204016  
5.894584305  
8.325520576  
8.811540448  
7.351297025  
4.467719066  
1.057536439  
-1.861800813  
-3.433798073  
-3.191932334  
-1.172002573  
2.119845713  
5.867755448  
9.182707949  
11.34294495  
11.96968111  
11.09347192  
9.102331752  
6.598364628  
4.21381602  
2.443836758  
1.541233729  
1.493766955  
2.076679889  
2.951290948  
3.771427159  
4.26440437  
4.26869531  
3.729307715  
2.667033228  
1.143601888  
-0.7591680632  
-2.939561054  
-5.261748813  
-7.542189731  
-9.552612472  
-11.04840892  
-11.81925558  
-11.74708703  
-10.85040145  
-9.295963744  
-7.369071167  
-5.407774583  
-3.719644001  
-2.506685025  
-1.822133294  
-1.572570489  
-1.563857588  
-1.575004639  
-1.435325442  
-1.080009103  
-0.567307055  
-0.05376105105  
0.2624913747  
0.2108889363  
-0.2917444392  
-1.207830321  
-2.379719618  
-3.561532233  
-4.471349966  
-4.849688599  
-4.511581719  
-3.383877244  
-1.524054271  
0.8800565126  
3.529317096  
6.050828004  
8.053206376  
9.195795256  
9.262609613  
8.22564311  
6.278282731  
3.821385131  
1.39366802  
-0.4466621925  
-1.264639629  
-0.8778438116  
0.5690153848  
2.615640851  
4.592804976  
5.804000217  
5.735069444  
4.2297773  
1.572716632  
-1.555787657  
-4.251108753  
-5.639944854  
-5.147794417  
-2.696347892  
1.235081063  
5.711726112  
9.587362932  
11.82311405  
11.78771192  
9.44781971  
5.387802542  
0.6490585132  
-3.565839986  
-6.236800563  
-6.814726429  
-5.368339067  
-2.546084306  
0.6332510964  
3.095362999  
4.033353189  
3.140711171  
0.685993886  
-2.588879579  
-5.710195541  
-7.775503059  
-8.223775881  
-6.991833517  
-4.514395442  
-1.574666456  
0.9425034155  
2.31592582  
2.19182604  
0.6691909508  
-1.751121541  
-4.329721512  
-6.309471928  
-7.126434635  
-6.552449153  
-4.735902481  
-2.13918323  
0.5999174778  
2.838403654  
4.082991285  
4.093665504  
2.918298353  
0.8602994908  
-1.603930197  
-3.933727749  
-5.635016305  
-6.353940564  
-5.940230871  
-4.472760075  
-2.244238419  
0.2939905969  
2.620828492  
4.254918933  
4.864470055  
4.352182382  
2.890738184  
0.8926962332  
-1.085656154  
-2.48769146  
-2.911118611  
-2.229761414  
-0.6429319475  
1.368818873  
3.175563438  
4.183376928  
4.019480914  
2.659809812  
0.4562732924  
-1.949582325  
-3.804546495  
-4.461805757  
-3.573542631  
-1.199262482  
2.203107395  
5.89984671  
9.078993743  
11.06173958  
11.46459496  
10.26783785  
7.778199544  
4.508418249  
1.021271664  
-2.207484971  
-4.865803644  
-6.807198375  
-7.993823114  
-8.41885219  
-8.051523263  
-6.83495007  
-4.740326702  
-1.852661232  
1.555867398  
5.009582964  
7.895812923  
9.607861322  
9.724640796  
8.165723485  
5.260807299  
1.696307297  
-1.657897531  
-3.99540086  
-4.817411706  
-4.09225117  
-2.271505569  
-0.1494962616  
1.394555114  
1.690364697  
0.5091319285  
-1.845691716  
-4.624842517  
-6.873545521  
-7.74949931  
-6.81395902  
-4.197594817  
-0.5825368388  
2.997727636  
5.478147872  
6.098537145  
4.647076092  
1.531308227  
-2.346296054  
-5.867002489  
-8.037474068  
-8.283885522  
-6.605752654  
-3.544930841  
0.0127904938  
3.13153496  
5.114106011  
5.691229056  
5.054852139  
3.734835575  
2.372079388  
1.474284444  
1.242131933  
1.524282335  
1.910546049  
1.921937037  
1.222340337  
-0.2291722113  
-2.142316895  
-3.988474758  
-5.187017281  
-5.315428692  
-4.265361069  
-2.287308283  
0.092190516  
2.250132503  
3.677740715  
4.145843612  
3.765897883  
2.926227455  
2.128972264  
1.789228049  
2.071285899  
2.822606173  
3.62988858  
3.976522488  
3.443320963  
1.878400645  
-0.526964049  
-3.285700309  
-5.770128166  
-7.420580499  
-7.933569927  
-7.362712002  
-6.09636948  
-4.719614787  
-3.808562241  
-3.728514182  
-4.505328621  
-5.81324856  
-7.081726629  
-7.683169066  
-7.137143446  
-5.263398361  
-2.236103458  
1.472679497  
5.23456011  
8.439157744  
10.64248439  
11.6453838  
11.48731853  
10.37282665  
8.570557596  
6.329770151  
3.845649584  
1.279023723  
-1.190884961  
-3.318697135  
-4.787410702  
-5.264289756  
-4.508469969  
-2.493071307  
0.5097416658  
3.926865067  
6.986144539  
8.905843332  
9.120212677  
7.469661506  
4.287825792  
0.3461452649  
-3.339132764  
-5.786712948  
-6.334313638  
-4.838786553  
-1.727029508  
2.122248158  
5.632875842  
7.845185589  
8.193651611  
6.663353942  
3.778676738  
0.4305115342  
-2.401580207  
-3.944142441  
-3.850681059  
-2.283648784  
0.1616618509  
2.660323598  
4.418911766  
4.910743436  
4.014201446  
2.017721451  
-0.500807498  
-2.873537277  
-4.552951139  
-5.266739481  
-5.073905642  
-4.313723034  
-3.473688742  
-3.025657694  
-3.284117401  
-4.327507267  
-5.998404613  
-7.971335852  
-9.856953277  
-11.30468151  
-12.07311078  
-12.05426727  
-11.25689545  
-9.76774656  
-7.713859307  
-5.24246514  
-2.522329183  
0.2430385463  
2.807634435  
4.896933126  
6.250313188  
6.684535247  
6.158461072  
4.813578541  
2.969435306  
1.06634422  
-0.4343454263  
-1.16616498  
-0.9554049384  
0.1302089117  
1.799256877  
3.617904839  
5.131854355  
5.993109611  
6.053844983  
5.399741938  
4.313817795  
3.183049833  
2.377202562  
2.137097574  
2.505607804  
3.320961713  
4.272578722  
5.000932469  
5.210491947  
4.76171292  
3.715220199  
2.315807441  
0.921469411  
-0.1017905818  
-0.489429734  
-0.161230979  
0.7459429389  
1.905519178  
2.882920999  
3.251556957  
2.71368659  
1.1947064  
-1.11500028  
-3.784394019  
-6.229988859  
-7.849454526  
-8.169551459  
-6.971851628  
-4.363075579  
-0.7690397368  
3.150316355  
6.646957426  
9.057031367  
9.955920161  
9.255508574  
7.217162197  
4.376251023  
1.398297461  
-1.093798304  
-2.673626406  
-3.203880019  
-2.843475977  
-1.970574252  
-1.048046861  
-0.4749151719  
-0.4703788172  
-1.025297234  
-1.933009935  
-2.884750651  
-3.593584206  
-3.901923663  
-3.834449104  
-3.578339228  
-3.399343047  
-3.525823063  
-4.045254745  
-4.85388849  
-5.681443608  
-6.185213262  
-6.081401348  
-5.265743265  
-3.876498018  
-2.271332553  
-0.9193542123  
-0.2407666255  
-0.4479344327  
-1.44518415  
-2.828122157  
-3.991388087  
-4.316909185  
-3.385314005  
-1.141532138  
2.04345351  
5.441965133  
8.156384693  
9.371383472  
8.597086052  
5.829020864  
1.57463452  
-3.264013644  
-7.618404788  
-10.52662905  
-11.37292288  
-10.02710449  
-6.848959526  
-2.563911888  
1.946325836  
5.872325275  
8.6584405  
10.09092988  
10.27922365  
9.551256659  
8.30820709  
6.891423784  
5.503310495  
4.199910257  
2.944915252  
1.693176439  
0.4635546348  
-0.6313798195  
-1.411782838  
-1.702084607  
-1.417533182  
-0.6284035149  
0.4282558154  
1.40049241  
1.924299721  
1.744870357  
0.8148156112  
-0.6665729769  
-2.290752209  
-3.54694165  
-3.968587369  
-3.275463167  
-1.46785429  
1.156654964  
4.070081873  
6.645943464  
8.318635884  
8.725529771  
7.793237838  
5.746730738  
3.042335725  
0.2465496833  
-2.104261914  
-3.625695422  
-4.159231379  
-3.784208217  
-2.77125585  
-1.495346277  
-0.3345802751  
0.4188654366  
0.6158409154  
0.2660572216  
-0.4854495433  
-1.410502756  
-2.263033048  
-2.841305102  
-3.033921736  
-2.841601913  
-2.372198403  
-1.81178446  
-1.378610548  
-1.269529126  
-1.609647905  
-2.415558147  
-3.580481179  
-4.885851386  
-6.038890224  
-6.730224518  
-6.700749835  
-5.803995847  
-4.050040055  
-1.620065312  
1.153670976  
3.840520093  
5.987760285  
7.206184801  
7.248202829  
6.06264437  
3.814633543  
0.8651990625  
-2.287232145  
-5.094236814  
-7.058687725  
-7.831524482  
-7.285154618  
-5.547454622  
-2.986537555  
-0.1452867156  
2.364986534  
3.992548445  
4.36857908  
3.397563211  
1.290899159  
-1.468934201  
-4.230630728  
-6.322662682  
-7.21453083  
-6.650790681  
-4.721965075  
-1.850536841  
1.308552959  
4.030601943  
5.706483986  
6.002163466  
4.949081457  
2.93953926  
0.6266450455  
-1.245682868  
-2.037570687  
-1.380929742  
0.7244825211  
3.911272718  
7.538988611  
10.85569739  
13.1820886  
14.06946688  
13.3924996  
11.35724149  
8.428789539  
5.203569639  
2.263458489  
0.04963506894  
-1.215337179  
-1.544834562  
-1.149486376  
-0.3602892486  
0.4624616726  
1.011691053  
1.091470367  
0.6433902082  
-0.257511561  
-1.430898837  
-2.635204329  
-3.619694174  
-4.17748307  
-4.192704933  
-3.674186131  
-2.767577913  
-1.739037003  
-0.9278670029  
-0.6728547091  
-1.225809457  
-2.672880085  
-4.88667624  
-7.52751803  
-10.10067257  
-12.06076136  
-12.93932664  
-12.46209311  
-10.62258786  
-7.689390583  
-4.142943086  
-0.5586444773  
2.530451866  
4.75173779  
5.958608842  
6.227273627  
5.791119118  
4.939153346  
3.915913058  
2.857912422  
1.786829093  
0.6574477895  
-0.5630701683  
-1.820782865  
-2.94067212  
-3.65282698  
-3.675825052  
-2.829977554  
-1.137958592  
1.129769676  
3.491195569  
5.36952673  
6.259712599  
5.892660083  
4.340725237  
2.023100138  
-0.3996019331  
-2.215624425  
-2.881031749  
-2.197905268  
-0.3916197788  
1.943244858  
4.017506289  
5.092110114  
4.717844207  
2.893597239  
0.09008530866  
-2.87308657  
-5.063253515  
-5.713507363  
-4.460004937  
-1.464745118  
2.614627055  
6.800262456  
10.06302642  
11.60565313  
11.07756728  
8.660718787  
5.00513856  
1.037483724  
-2.298278524  
-4.292189976  
-4.642123899  
-3.506894353  
-1.432533862  
0.8185927169  
2.48170108  
2.985956463  
2.08381024  
-0.1124001259  
-3.184697578  
-6.529570807  
-9.506412012  
-11.5763754  
-12.40325856  
-11.90223351  
-10.23599635  
-7.767450754  
-4.982167294  
-2.394282411  
-0.4485689117  
0.5685763931  
0.5951686724  
-0.1784706804  
-1.333120685  
-2.301166298  
-2.496933982  
-1.4734981  
0.9314807694  
4.504102375  
8.653161963  
12.51574761  
15.15592962  
15.81220009  
14.12776713  
10.29389447  
5.054138701  
-0.4464901068  
-4.938293026  
-7.359806873  
-7.154533118  
-4.44305989  
-0.01357221576  
4.875451835  
8.831065325  
10.70771568  
9.925827312  
6.633429587  
1.661767577  
-3.713934571  
-8.139272616  
-10.56422261  
-10.53301081  
-8.296414323  
-4.716320066  
-0.9949239232  
1.687212843  
2.514672459  
1.261140346  
-1.668278244  
-5.381645629  
-8.780550691  
-10.88641628  
-11.1134642  
-9.410538088  
-6.238154309  
-2.399455228  
1.213176753  
3.872839532  
5.197472561  
5.207103878  
4.254680297  
2.866476056  
1.553327995  
0.656997555  
0.2774859932  
0.2950339747  
0.4668265452  
0.5546400044  
0.4331675497  
0.1407238245  
-0.1416733553  
-0.1692453281  
0.2634490089  
1.235727609  
2.661847611  
4.311705583  
5.88011151  
7.076510464  
7.701649436  
7.685435308  
7.077107079  
5.998224545  
4.58262512  
2.930749212  
1.097428013  
-0.8838934552  
-2.954471249  
-4.986142144  
-6.765031178  
-8.017703455  
-8.476854727  
-7.966249051  
-6.474397069  
-4.18781958  
-1.467584961  
1.227400336  
3.447579089  
4.856233842  
5.296230261  
4.800236187  
3.545572472  
1.77499249  
-0.2832815517  
-2.464266523  
-4.665876059  
-6.803623269  
-8.745351719  
-10.26232545  
-11.02953166  
-10.69006639  
-8.971978644  
-5.820945172  
-1.498389251  
3.400984629  
8.035969238  
11.49963153  
13.04956335  
12.32076236  
9.452966403  
5.085616178  
0.2123984472  
-4.069130537  
-6.842827357  
-7.61073525  
-6.410796436  
-3.780408101  
-0.577853974  
2.282714021  
4.101057678  
4.583654257  
3.90349078  
2.613677012  
1.447581183  
1.072247745  
1.873460792  
3.837122557  
6.558118297  
9.36633693  
11.52394208  
12.42954474  
11.76839307  
9.57034623  
6.169957254  
2.093830212  
-2.080752468  
-5.850309701  
-8.861067099  
-10.9273314  
-12.00517954  
-12.14720706  
-11.46380565  
-10.10518722  
-8.262028753  
-6.169528776  
-4.095840564  
-2.303538294  
-0.9882095658  
-0.2144955401  
0.1212953275  
0.2767158091  
0.5883598815  
1.352133756  
2.696010254  
4.49284368  
6.353492141  
7.71624879  
8.014776676  
6.875292153  
4.277006924  
0.615184921  
-3.365751906  
-6.759553622  
-8.754059633  
-8.876472779  
-7.147067673  
-4.086492572  
-0.5680375663  
2.442410965  
4.177381457  
4.296043555  
2.975100388  
0.8326040669  
-1.289528513  
-2.61108875  
-2.671422212  
-1.47370053  
0.5307829976  
2.609478556  
4.006158046  
4.198560757  
3.067455481  
0.9213622462  
-1.62658468  
-3.880752962  
-5.301290159  
-5.67225606  
-5.141520966  
-4.123199938  
-3.105111394  
-2.438960927  
-2.196442003  
-2.148419423  
-1.876167372  
-0.9716181332  
0.7528071241  
3.130614335  
5.643248468  
7.56682864  
8.217179225  
7.206579933  
4.616650345  
1.018042671  
-2.679143818  
-5.499334821  
-6.708110209  
-6.045006867  
-3.799379411  
-0.7004033343  
2.341801353  
4.552982484  
5.556431193  
5.484879266  
4.901147671  
4.555362907  
5.067139713  
6.650654973  
8.98777666  
11.30287315  
12.62039652  
12.1186638  
9.4548736  
4.941888531  
-0.4942242788  
-5.57174548  
-9.046053627  
-10.10810308  
-8.653634534  
-5.329328239  
-1.336330834  
1.946675773  
3.397662266  
2.500124993  
-0.5066998363  
-4.722327184  
-8.888048603  
-11.79378809  
-12.65222325  
-11.31909212  
-8.294567014  
-4.517189619  
-1.031437955  
1.35090817  
2.280053851  
1.917309  
0.8011289174  
-0.40701107  
-1.193935875  
-1.379531302  
-1.148930501  
-0.9273159589  
-1.153712863  
-2.048731657  
-3.472808565  
-4.93598345  
-5.761298758  
-5.343632946  
-3.406942488  
-0.1601585215  
3.713464684  
7.239213043  
9.448965051  
9.694276886  
7.866755352  
4.448457601  
0.373152916  
-3.256118763  
-5.499274446  
-5.851946538  
-4.372084956  
-1.625546255  
1.522252187  
4.191145202  
5.748880942  
5.967076501  
5.028721388  
3.400312761  
1.6282684  
0.1409699082  
-0.8718724971  
-1.466559446  
-1.850464908  
-2.235370553  
-2.707044045  
-3.16809213  
-3.377471384  
-3.067665175  
-2.086691397  
-0.5007466872  
1.391345384  
3.144411763  
4.324118759  
4.673775064  
4.222168565  
3.284290024  
2.34766033  
1.882809201  
2.148857973  
3.071253913  
4.244485872  
5.066821985  
4.963203648  
3.616162637  
1.117291946  
-2.022570219  
-5.016254234  
-7.051557929  
-7.564398278  
-6.435963947  
-4.040717261  
-1.124233351  
1.448845958  
2.988664264  
3.211160809  
2.323170062  
0.930595035  
-0.1970441683  
-0.419825413  
0.529112287  
2.439508513  
4.697920824  
6.51243478  
7.204737844  
6.460475412  
4.443806686  
1.73237844  
-0.9034773697  
-2.79406404  
-3.62384154  
-3.545923893  
-3.109481074  
-3.022874326  
-3.839816587  
-5.689402288  
-8.15976054  
-10.39210625  
-11.36504005  
-10.27601483  
-6.884716756  
-1.688654616  
4.145795981  
9.090670428  
11.71126041  
11.12205218  
7.290755856  
1.083752878  
-5.969303514  
-12.12031925  
-15.9148045  
-16.60577363  
-14.33696471  
-10.0406108  
-5.091035739  
-0.8363641597  
1.830813208  
2.720396546  
2.332258116  
1.599241741  
1.485881238  
2.59182894  
4.904549473  
7.790303143  
10.22593319  
11.18707083  
10.05198529  
6.873888573  
2.420298395  
-2.040371998  
-5.136182164  
-5.839454286  
-3.8130156  
0.4630830743  
5.828008898  
10.79476738  
14.00549086  
14.63803698  
12.63349846  
8.676472196  
3.943393518  
-0.28991132  
-3.047419853  
-3.92851222  
-3.176744015  
-1.531806862  
0.07216128111  
0.8503038851  
0.4330622933  
-1.032103026  
-2.968777855  
-4.60808088  
-5.282907153  
-4.673811548  
-2.922337132  
-0.577803705  
1.597057941  
2.888376904  
2.868074821  
1.525428515  
-0.7465003772  
-3.297379479  
-5.441983941  
-6.678693688  
-6.830557287  
-6.066729426  
-4.8061899  
-3.546285158  
-2.681855696  
-2.379298838  
-2.545865538  
-2.897593626  
-3.093396205  
-2.880682522  
-2.196657953  
-1.188585437  
-0.1479078016  
0.6144162568  
0.9026438231  
0.7288763003  
0.3270320524  
0.07981773154  
0.3815946427  
1.483122225  
3.371822257  
5.730860212  
7.996004961  
9.498485963  
9.654988063  
8.150394922  
5.059302506  
0.8683374546  
-3.612169234  
-7.428776707  
-9.714576168  
-9.910655415  
-7.922756623  
-4.170875543  
0.4852913716  
4.932483635  
8.061311926  
9.035531369  
7.507918119  
3.726996206  
-1.497348868  
-6.968155727  
-11.37919785  
-13.6314982  
-13.11005089  
-9.848231522  
-4.533081667  
1.655350385  
7.33323508  
11.25716122  
12.6323831  
11.30193883  
7.765263595  
3.022466527  
-1.709818205  
-5.328367101  
-7.12386804  
-6.933191121  
-5.124884057  
-2.431344227  
0.3120212384  
2.433236097  
3.610323492  
3.922300663  
3.75655646  
3.613847249  
3.886219304  
4.690368534  
5.81689106  
6.81257544  
7.163611069  
6.510065911  
4.809687516  
2.386900361  
-0.1557290469  
-2.135619794  
-3.02857725  
-2.661250255  
-1.285612086  
0.4957460154  
1.931551336  
2.382415238  
1.54851084  
-0.4176831432  
-2.956437642  
-5.290992556  
-6.698186252  
-6.764690244  
-5.5373179  
-3.511950963  
-1.462068384  
-0.1651257753  
-0.1224452561  
-1.372351377  
-3.465043524  
-5.611530437  
-6.957637334  
-6.888992345  
-5.260412561  
-2.46771446  
0.6662935853  
3.155842215  
4.178145357  
3.351155943  
0.868750505  
-2.552716747  
-5.898630762  
-8.175715995  
-8.720366296  
-7.394438795  
-4.60703373  
-1.160618112  
2.021227166  
4.189353431  
4.988753426  
4.533313092  
3.319110749  
2.016002658  
1.217150189  
1.236439354  
2.021812282  
3.207624666  
4.27795239  
4.774275546  
4.468357166  
3.438171269  
2.023866137  
0.6868682295  
-0.1692050007  
-0.3450946916  
0.09555452764  
0.8749062484  
1.63347073  
2.090219173  
2.16380318  
2.00442031  
1.922057083  
2.238841989  
3.125100513  
4.487483332  
5.959625245  
7.007341222  
7.115765774  
5.99182594  
3.705595224  
0.7125813465  
-2.25986027  
-4.429751509  
-5.210000133  
-4.40432085  
-2.279642792  
0.513311825  
3.147001955  
4.882203328  
5.300699934  
4.425421189  
2.686981869  
0.7493911651  
-0.7425131237  
-1.403395931  
-1.249105079  
-0.6880057376  
-0.36370511  
-0.9041883572  
-2.666563231  
-5.56963972  
-9.077016283  
-12.34144313  
-14.46503334  
-14.78889191  
-13.11446994  
-9.780991588  
-5.571521323  
-1.477711334  
1.599661055  
3.116289278  
3.030428448  
1.784618195  
0.1333393194  
-1.12254711  
-1.404600426  
-0.5406631947  
1.193476513  
3.18276795  
4.69009637  
5.106057701  
4.147941097  
1.945296114  
-1.010033562  
-4.025593609  
-6.422606904  
-7.730129786  
-7.798124702  
-6.799846688  
-5.133217549  
-3.263873889  
-1.568508382  
-0.2314493645  
0.7760902062  
1.636781761  
2.578918439  
3.7649536  
5.219461673  
6.820354488  
8.350905498  
9.586575878  
10.37872457  
10.7008503  
10.64022892  
10.34095278  
9.92478641  
9.425247745  
8.765008144  
7.788834423  
6.341257005  
4.358666772  
1.937689414  
-0.6514613087  
-3.018418799  
-4.759588475  
-5.58402321  
-5.414296741  
-4.424756227  
-2.999886806  
-1.622782716  
-0.7284994786  
-0.5703022423  
-1.14375044  
-2.194897032  
-3.310791031  
-4.062699182  
-4.154408499  
-3.525924601  
-2.377556667  
-1.10593157  
-0.1726925162  
0.05092349107  
-0.5873773219  
-1.961459719  
-3.695764086  
-5.273643017  
-6.19065807  
-6.104845881  
-4.937988765  
-2.898406299  
-0.4209034118  
1.955130796  
3.73093785  
4.573729209  
4.387922973  
3.316773745  
1.680804438  
-0.1227131789  
-1.726344932  
-2.874684104  
-3.463245498  
-3.530854651  
-3.216814471  
-2.702571054  
-2.158199046  
-1.707862076  
-1.41852621  
-1.307088977  
-1.355844851  
-1.526317529  
-1.765984267  
-2.008646394  
-2.174030602  
-2.173390487  
-1.924872309  
-1.376802233  
-0.5314241789  
0.5411294926  
1.707139013  
2.794451332  
3.633098899  
4.099210762  
4.147358349  
3.819483976  
3.2264692  
2.508416568  
1.78812686  
1.135450384  
0.5566561948  
0.0135372128  
-0.5350120227  
-1.086210192  
-1.56251993  
-1.81353103  
-1.655893218  
-0.9416173447  
0.3677971769  
2.149683671  
4.114929821  
5.859190793  
6.961674115  
7.104648637  
6.176657361  
4.324208656  
1.93074085  
-0.4759967495  
-2.363615499  
-3.340649664  
-3.26323047  
-2.26902539  
-0.7272804499  
0.8792984776  
2.102799066  
2.660488258  
2.505540414  
1.816520158  
0.9120054269  
0.1223248243  
-0.3347582812  
-0.4293975974  
-0.3188407833  
-0.2709644047  
-0.54092979  
-1.247899858  
-2.300379282  
-3.402391287  
-4.143931537  
-4.147655902  
-3.22103741  
-1.457781922  
0.7531714816  
2.822321819  
4.133143308  
4.240359559  
3.026883018  
0.7637311616  
-1.952637034  
-4.371040655  
-5.812994806  
-5.884721932  
-4.604471765  
-2.401970381  
0.01211690991  
1.866347509  
2.56827199  
1.887121855  
0.02139443484  
-2.468871996  
-4.841044068  
-6.400146668  
-6.705246413  
-5.68679634  
-3.6415234  
-1.113461197  
1.292540018  
3.098003836  
4.075421446  
4.272616435  
3.937342755  
3.379032595  
2.826263775  
2.337492373  
1.799699942  
1.013496322  
-0.1723248937  
-1.735173574  
-3.419197059  
-4.775212764  
-5.295117152  
-4.59755909  
-2.597661885  
0.4061552078  
3.769873634  
6.665233675  
8.31916934  
8.255011378  
6.453844453  
3.377887114  
-0.1575899937  
-3.226228697  
-5.069342608  
-5.320292928  
-4.100530109  
-1.95604439  
0.3429227108  
2.069400188  
2.782252648  
2.460575582  
1.48504228  
0.4752079527  
0.04274907017  
0.5503277139  
1.9638484  
3.852531  
5.538186372  
6.341141465  
5.834436291  
4.013523781  
1.317435048  
-1.510250621  
-3.674882429  
-4.610614172  
-4.186863467  
-2.765060184  
-1.080546855  
0.01429000009  
-0.1405116255  
-1.757654978  
-4.493834977  
-7.530636512  
-9.824605853  
-10.44767425  
-8.906282338  
-5.332002152  
-0.4768300585  
4.490403751  
8.325126385  
10.07896013  
9.385442362  
6.569894229  
2.550015535  
-1.440091348  
-4.215176012  
-4.980411408  
-3.547092236  
-0.3626087048  
3.645664639  
7.356321501  
9.777378676  
10.30963025  
8.877812014  
5.903231394  
2.141632191  
-1.551797928  
-4.453591971  
-6.133247198  
-6.508830275  
-5.798787906  
-4.403565119  
-2.766483251  
-1.260205815  
-0.1266316464  
0.5267387721  
0.692089879  
0.4162365014  
-0.230379184  
-1.159959832  
-2.254935623  
-3.354692143  
-4.260883111  
-4.771680233  
-4.739868696  
-4.134653852  
-3.079991308  
-1.846535997  
-0.7896109511  
-0.2460274474  
-0.4205932132  
-1.30098628  
-2.633789441  
-3.975909461  
-4.810717972  
-4.695593176  
-3.39553358  
-0.960678909  
2.277023082  
5.786744106  
8.974726215  
11.33053783  
12.53953443  
12.53069448  
11.45216809  
9.590968542  
7.270430173  
4.762825817  
2.244955959  
-0.19472165  
-2.509797351  
-4.637583693  
-6.459080276  
-7.798342795  
-8.464681246  
-8.322077999  
-7.357528105  
-5.718421697  
-3.699644591  
-1.679574028  
-0.02367917868  
1.012555588  
1.348130261  
1.086042103  
0.4646272151  
-0.2318109888  
-0.771143263  
-1.045415149  
-1.091493907  
-1.053986892  
-1.105245641  
-1.353049586  
-1.771465914  
-2.182352055  
-2.297213647  
-1.807638062  
-0.4951141902  
1.676434359  
4.517105005  
7.632623608  
10.50651088  
12.61945273  
13.57154092  
13.1732458  
11.48167471  
8.775625484  
5.480583782  
2.067535688  
-1.046148508  
-3.56973843  
-5.372475305  
-6.476190748  
-7.016645408  
-7.188875134  
-7.1920304  
-7.185413242  
-7.261684194  
-7.43797544  
-7.662364033  
-7.831887294  
-7.818279459  
-7.497653707  
-6.779957293  
-5.633196608  
-4.097018565  
-2.28146529  
-0.3497207346  
1.511799606  
3.128345374  
4.366762611  
5.15172099  
5.464266606  
5.325552184  
4.774881131  
3.853874332  
2.606172505  
1.094816693  
-0.5701848212  
-2.209331106  
-3.573564267  
-4.378486343  
-4.372313529  
-3.42173246  
-1.587734673  
0.8400066441  
3.373420053  
5.425401809  
6.458784653  
6.144656588  
4.480160285  
1.822667008  
-1.180289547  
-3.75371391  
-5.207359804  
-5.134587936  
-3.534841104  
-0.8177659205  
2.316599028  
5.086848896  
6.863409122  
7.351036445  
6.661148604  
5.250387995  
3.74673738  
2.722995529  
2.496017413  
3.02163509  
3.922155637  
4.636687135  
4.640606546  
3.65495018  
1.768797157  
-0.5722274908  
-2.710724112  
-4.006621232  
-4.069896067  
-2.912789342  
-0.9643330317  
1.06190101  
2.403378196  
2.506058374  
1.212816679  
-1.184991702  
-4.052579196  
-6.637026988  
-8.332496797  
-8.889251927  
-8.489414949  
-7.659837488  
-7.051891906  
-7.168074858  
-8.137284778  
-9.626192306  
-10.92690146  
