-0.391925627  
-2.216216585  
-3.835573132  
-5.20281092  
-6.26282242  
-6.921507688  
-7.045676626  
-6.498090622  
-5.195933383  
-3.169828994  
-0.5982968645  
2.199858277  
4.818066612  
6.846238674  
7.961993012  
8.001330948  
6.988142023  
5.115716805  
2.689208177  
0.04981063984  
-2.494580028  
-4.712452259  
-6.457353517  
-7.647623156  
-8.233051061  
-8.167837561  
-7.404734231  
-5.914840044  
-3.725529219  
-0.959947009  
2.140943761  
5.227934763  
7.888484454  
9.718647004  
10.40431408  
9.790528045  
7.920842574  
5.037302054  
1.54218604  
-2.06820456  
-5.282450318  
-7.650241936  
-8.844244115  
-8.701157759  
-7.240009634  
-4.658099214  
-1.305707743  
2.359336956  
5.83477655  
8.648948778  
10.43715418  
11.00442527  
10.35879695  
8.703286096  
6.384361264  
3.807386611  
1.341060289  
-0.7612877778  
-2.398957719  
-3.607611017  
-4.495747886  
-5.158216502  
-5.601660511  
-5.715109196  
-5.303946897  
-4.18155901  
-2.288139224  
0.2099122958  
2.886573928  
5.117135037  
6.230220945  
5.712564774  
3.402676843  
-0.3961594153  
-4.934244156  
-9.176815762  
-12.07241453  
-12.85229056  
-11.26722667  
-7.681058628  
-2.981564351  
1.672791913  
5.196432697  
6.903021021  
6.707820601  
5.13629235  
3.131499997  
1.720378876  
1.648607865  
3.10790205  
5.651581785  
8.332538594  
10.02214622  
9.805073003  
7.315638875  
2.897673585  
-2.472520945  
-7.480389248  
-10.88941019  
-11.93998506  
-10.59451093  
-7.542540779  
-3.961321745  
-1.111543571  
0.09357836246  
-0.6032679903  
-2.725852918  
-5.246203893  
-6.963634234  
-6.948309419  
-4.891957158  
-1.238931528  
2.95302838  
6.377478932  
7.943036373  
7.17183489  
4.387928909  
0.6227022642  
-2.736325262  
-4.434384072  
-3.804846037  
-1.027078845  
2.911508277  
6.545212353  
8.443767813  
7.733749874  
4.443073165  
-0.4596519774  
-5.356199741  
-8.511002311  
-8.668733653  
-5.51334139  
0.1736788311  
6.719674778  
12.07353398  
14.46152315  
12.97170061  
7.872539414  
0.5570120226  
-6.874050897  
-12.25684345  
-14.03048865  
-11.71062586  
-6.02161172  
1.349099496  
8.288083146  
12.90607415  
14.09135573  
11.79502223  
6.970280364  
1.203733461  
-3.824936299  
-6.869401567  
-7.45905055  
-5.958501873  
-3.346510474  
-0.8111630754  
0.6855854194  
0.7209629877  
-0.4978400473  
-2.279846242  
-3.762544169  
-4.263971505  
-3.541444958  
-1.865569412  
0.1085733273  
1.614593629  
2.082128983  
1.359422565  
-0.2316977815  
-2.025270453  
-3.271466515  
-3.425497409  
-2.354194696  
-0.3825168718  
1.835634309  
3.570730952  
4.296753932  
3.888684008  
2.662655593  
1.243280244  
0.3087313955  
0.3110637535  
1.279555394  
2.784589958  
4.080183819  
4.376465815  
3.14422052  
0.340011125  
-3.532525522  
-7.551710622  
-10.65600969  
-11.97736054  
-11.11627942  
-8.266432102  
-4.149266265  
0.2148157044  
3.817695965  
5.951422264  
6.380321395  
5.349909843  
3.444432164  
1.356408988  
-0.3430281688  
-1.352903424  
-1.667826729  
-1.488667356  
-1.070989381  
-0.5840988977  
-0.04293214719  
0.6609057849  
1.648848537  
2.922605962  
4.278112738  
5.317483387  
5.568908119  
4.676096881  
2.583339268  
-0.3648230985  
-3.464534956  
-5.838543627  
-6.714456947  
-5.701333618  
-2.962054782  
0.7913429738  
4.492906552  
7.053777147  
7.721515479  
6.343586578  
3.437867968  
0.03631151752  
-2.654046547  
-3.662782877  
-2.600974121  
0.1818641629  
3.688830703  
6.590969611  
7.665556163  
6.211808993  
2.303364109  
-3.209841818  
-8.953968398  
-13.45596735  
-15.60038167  
-14.96738583  
-11.94172378  
-7.55992692  
-3.151360316  
0.1028491467  
1.543563468  
1.216382716  
-0.1927893933  
-1.640074915  
-2.120544361  
-1.03945344  
1.570822461  
5.060899859  
8.394528152  
10.51578826  
10.72427796  
8.928296524  
5.689607486  
2.045712095  
-0.8286343479  
-2.005520633  
-1.105059467  
1.584820811  
5.206119086  
8.60956618  
10.71961188  
10.86558623  
8.97420761  
5.567561039  
1.575683374  
-1.968008025  
-4.246268742  
-4.89117731  
-4.062943173  
-2.35962613  
-0.5974064404  
0.4609116348  
0.3409804052  
-1.014396518  
-3.254108395  
-5.751048725  
-7.807122532  
-8.862810538  
-8.648641283  
-7.239985899  
-5.009685999  
-2.503657186  
-0.2836323909  
1.215393624  
1.776651222  
1.425412337  
0.3896788015  
-0.9818715461  
-2.317161525  
-3.307482481  
-3.765897081  
10.24217718  
9.743018841  
8.277629204  
6.098660254  
3.607883189  
1.269998097  
-0.4879940678  
-1.369536889  
-1.272898071  
-0.3129936381  
1.204141955  
2.84871807  
4.16175389  
4.756306272  
4.40332797  
3.083395883  
0.9929134727  
-1.496744177  
-3.918480078  
-5.810006429  
-6.813897843  
-6.755366494  
-5.680783681  
-3.848350809  
-1.672720492  
0.3647239655  
1.820721747  
2.387511905  
1.961500494  
0.6678587347  
-1.165147279  
-3.077600553  
-4.580698002  
-5.269091869  
-4.918150157  
-3.543654609  
-1.40869597  
1.026463909  
3.202984818  
4.590199121  
4.812218931  
3.744179176  
1.553185396  
-1.329173423  
-4.299728142  
-6.722348217  
-8.079684228  
-8.100006339  
-6.82551068  
-4.602019269  
-1.990095367  
0.3813215074  
1.980962446  
2.516295628  
2.010209036  
0.7905490984  
-0.606408142  
-1.59306354  
-1.704763165  
-0.7418514444  
1.161758226  
3.564462242  
5.83156877  
7.307428252  
7.497203277  
6.207399209  
3.606060484  
0.1863167446  
-3.355648564  
-6.293586058  
-8.047318569  
-8.31512116  
-7.129626093  
-4.827232102  
-1.945269537  
0.9202459422  
3.255595613  
4.732761119  
5.253134185  
4.928523025  
4.013920426  
2.817817129  
1.617709793  
0.6022608131  
-0.1502075482  
-0.6595333777  
-1.009661924  
-1.307918361  
-1.650544687  
-2.101448494  
-2.684473958  
-3.384816789  
-4.154169111  
-4.916106996  
-5.571809422  
-6.008834009  
-6.115974053  
-5.804668125  
-5.033228008  
-3.826406113  
-2.281721456  
-0.5565789163  
1.163827252  
2.710492976  
3.973470689  
4.928933661  
5.639539301  
6.225347924  
6.812812599  
7.477795713  
8.202194259  
8.860690226  
9.245212467  
9.122495263  
8.308851327  
6.739710379  
4.51196351  
1.884715778  
-0.7638898373  
-3.013327243  
-4.490970746  
-4.953024071  
-4.336675442  
-2.772792706  
-0.5591713223  
1.896469614  
4.14936837  
5.791601074  
6.51532691  
6.158322105  
4.728728699  
2.407825304  
-0.470033443  
-3.461128225  
-6.078800026  
-7.877336413  
-8.541459619  
-7.963150676  
-6.284492909  
-3.888290736  
-1.328622177  
0.7905555107  
1.963581994  
1.920356736  
0.7123682716  
-1.282926107  
-3.448862468  
-5.090382037  
-5.627763866  
-4.768672632  
-2.606529847  
0.3877481944  
3.482986335  
5.883398845  
6.94716064  
6.363955862  
4.238796717  
1.057278852  
-2.456582859  
-5.546108088  
-7.628623571  
-8.441339332  
-8.085126661  
-6.957870569  
-5.603783236  
-4.530165735  
-4.050733163  
-4.202847039  
-4.759455496  
-5.324737898  
-5.476146405  
-4.903325907  
-3.499591009  
-1.381357553  
1.162571737  
3.766532853  
6.090528704  
7.894361358  
9.063045956  
9.584467638  
9.499013792  
8.850092697  
7.660746887  
5.947112569  
3.760689755  
1.236154788  
-1.383502575  
-3.76517016  
-5.55029116  
-6.448751456  
-6.329709682  
-5.273978223  
-3.563565183  
-1.605518451  
0.1882718065  
1.525706231  
2.31956746  
2.700996732  
2.95371283  
3.389974964  
4.211645065  
5.407414677  
6.726680417  
7.744961708  
8.003517846  
7.178426508  
5.221517262  
2.422180563  
-0.6364123315  
-3.219119716  
-4.638672578  
-4.453839765  
-2.605744307  
0.5490653141  
4.318423672  
7.843170526  
10.30512202  
11.11630891  
10.04073665  
7.223158541  
3.128012516  
-1.584224652  
-6.203276773  
-10.09948086  
-12.81273925  
-14.09236895  
-13.89589884  
-12.36292784  
-9.779245501  
-6.539008768  
-3.103967122  
0.0460570292  
2.475268111  
3.862402001  
4.065459413  
3.160156447  
1.433258563  
-0.6770591755  
-2.684612248  
-4.176128139  
-4.913709264  
-4.88538545  
-4.285503502  
-3.430165989  
-2.636229812  
-2.106616687  
-1.863768877  
-1.756353121  
-1.537192628  
-0.9829098333  
-0.008274240927  
1.271756134  
2.560879278  
3.47912237  
3.705780152  
3.113652291  
1.840440566  
0.2640550382  
-1.115971587  
-1.851874679  
-1.712528881  
-0.7753439607  
0.5953946299  
1.883019791  
2.62097007  
2.588348824  
1.920364929  
1.081922562  
0.7013545058  
1.315205092  
3.114312674  
5.790212194  
8.553352308  
10.33818641  
10.14322069  
7.399992184  
2.244267461  
-4.414944906  
-11.072563  
-16.01494217  
-17.8090834  
-15.74439059  
-10.08492395  
-2.044351813  
6.519265843  
13.60335823  
17.60734413  
17.76180359  
14.31285424  
8.411210413  
1.747704879  
-3.945852978  
-7.374352166  
-7.993413995  
-6.076689243  
-2.536292015  
1.42532841  
4.705885818  
6.607257176  
6.964944107  
6.082818002  
4.522425045  
2.842517611  
1.392473487  
0.2322707805  
-0.8046527982  
-1.948348646  
-3.310764188  
-4.771567175  
-5.986332615  
-6.518477939  
-6.041846848  
-4.527472454  
-2.329262618  
-0.1199392782  
1.313402865  
1.347136434  
-0.2290908748  
-3.088936537  
-6.429622339  
-9.208065346  
-10.479548  
-9.723943831  
-7.043259764  
-3.155174161  
0.8231259711  
3.732599522  
4.751708658  
3.667381593  
0.9430805651  
-2.441037014  
-5.321702549  
-6.744897531  
-6.281312883  
-4.156198916  
-1.150252706  
1.691282015  
3.436849349  
3.599633655  
2.304552443  
0.233435536  
-1.630240198  
-2.364420095  
-1.448925124  
1.038412347  
4.43972643  
7.74265937  
9.933402655  
10.35259862  
8.929103458  
6.210316492  
3.179352587  
0.9233297088  
0.2674640341  
1.499268707  
4.273759392  
7.726725756  
10.75227778  
12.3476168  
11.91026476  
9.395267865  
5.29238494  
0.4459556894  
-4.209680743  
-7.905466232  
-10.20365897  
-11.03541996  
-10.62118526  
-9.325677797  
-7.515271348  
-5.472788409  
-3.390646674  
-1.423716332  
0.2447764609  
1.375346873  
1.712635967  
1.087709216  
-0.4603783987  
-2.605553053  
-4.752014991  
-6.167570977  
-6.204874843  
-4.539818747  
-1.337343635  
2.730017855  
6.639173783  
9.314605026  
9.97683392  
8.422625237  
5.131783239  
1.148510911  
-2.238722074  
-3.921859628  
-3.362265513  
-0.8074504462  
2.749302993  
5.867100216  
7.125475606  
5.612342719  
1.268542207  
-5.0323484  
-11.70584868  
-16.91774491  
-19.14159687  
-17.63510387  
-12.68170441  
-5.518696617  
2.025929934  
8.072200622  
11.23167771  
10.98648931  
7.791001789  
2.875198518  
-2.175180962  
-5.918418146  
-7.474418168  
-6.733163593  
-4.302192071  
-1.229642604  
1.389328359  
2.78376676  
2.734206521  
1.591606638  
0.09877212264  
-0.9086272169  
-0.8091441458  
0.5954118336  
3.032694404  
5.876696138  
8.373954792  
9.891130858  
10.09705852  
9.02436804  
7.004701955  
4.517885373  
2.022012541  
-0.1700538432  
-1.929141583  
-3.264143177  
-4.228789965  
-4.834524398  
-5.015674818  
-4.665219396  
-3.723452928  
-2.27370686  
-0.5913944391  
0.890881216  
1.704570119  
1.515991173  
0.2826658376  
-1.671881753  
-3.707638134  
-5.040961981  
-4.992200849  
-3.226642232  
0.0976256804  
4.334435869  
8.516138134  
11.63479213  
12.94838721  
12.21014054  
9.742079858  
6.325537691  
2.943306993  
0.4593761173  
-0.6559348567  
-0.4629763132  
0.4930778146  
1.392811613  
1.443083087  
0.1625385875  
-2.446337704  
-5.896095487  
-9.381116282  
-12.05072094  
-13.29100286  
-12.91679085  
-11.20907805  
-8.789528595  
-6.381832642  
-4.549111955  
-3.503295677  
-3.054448909  
-2.715980676  
-1.924387871  
-0.2904375293  
2.212759799  
5.196460664  
7.960729281  
9.722589362  
9.888812508  
8.277307243  
5.207860671  
1.427640784  
-2.106437904  
-4.517486803  
-5.275054549  
-4.350904606  
-2.214399507  
0.3286947716  
2.398871263  
3.320107639  
2.822528377  
1.108352117  
-1.234558597  
-3.437651299  
-4.804771194  
-4.930945478  
-3.819569222  
-1.866299226  
0.2783009639  
1.918385323  
2.52660592  
1.897411753  
0.1983299683  
-2.088638942  
-4.310502584  
-5.824627585  
-6.165180469  
-5.152032296  
-2.920339386  
0.127246586  
3.424562387  
6.370727764  
8.452320469  
9.335120761  
8.912829419  
7.31092342  
4.851673148  
1.990511216  
-0.7644450426  
-2.937635399  
-4.163940316  
-4.247551182  
-3.191837522  
-1.194191251  
1.39395263  
4.134090652  
6.580376436  
8.354634238  
9.201050253  
9.011466723  
7.821387158  
5.785140329  
3.143054989  
0.1920372508  
-2.735472786  
-5.287739047  
-7.115066699  
-7.906665574  
-7.44701205  
-5.683957275  
-2.788736115  
0.8188074081  
4.503340884  
7.515124076  
9.146835652  
8.911571524  
6.69279064  
2.816842438  
-1.984504228  
-6.724053144  
-10.38981783  
-12.19659761  
-11.78802511  
-9.329240901  
-5.460806983  
-1.125212501  
2.684075708  
5.177770461  
5.95637929  
5.075611143  
2.979572291  
0.3314620832  
-2.198025726  
-4.114937081  
-5.203532185  
-5.521952727  
-5.307459181  
-4.837356248  
-4.303893341  
-3.75138345  
-3.095801197  
-2.21237032  
-1.048555093  
0.290782541  
1.528397591  
2.283779884  
2.20549462  
1.118025444  
-0.8752596682  
-3.378455523  
-5.79307011  
-7.487456165  
-7.990553655  
-7.142848814  
-5.149842983  
-2.516262682  
0.1189476208  
2.191081988  
3.389481024  
3.745934686  
3.6009996  
3.460961144  
3.79748264  
4.862589903  
6.586271109  
8.593998891  
10.33803974  
11.29485409  
11.15672982  
9.947467114  
8.019348053  
5.931532555  
4.253093142  
3.361325083  
3.307942361  
3.801407201  
4.31205285  
4.2626712  
3.23703463  
1.132973185  
-1.792866145  
-5.002408674  
-7.846227056  
-9.765116654  
-10.45300039  
-9.927521891  
-8.489998349  
-6.597034555  
-4.696800347  
-3.092653876  
-1.88230187  
-0.9883726283  
-0.2588793592  
0.4116862503  
0.9970156577  
1.32981904  
1.176220117  
0.3643144456  
-1.088356315  
-2.907705109  
-4.595499369  
-5.562796865  
-5.32502287  
-3.690820134  
-0.8725150179  
2.531085822  
5.685916902  
7.766149718  
8.212598884  
6.9188201  
4.278482385  
1.072600128  
-1.770733353  
-3.467135266  
-3.621513438  
-2.346435814  
-0.2134592881  
1.946476892  
3.326451726  
3.415673781  
2.169421634  
0.02104488557  
-2.266089109  
-3.855141678  
-4.11386476  
-2.821789472  
-0.2399753259  
2.975744842  
5.984687807  
8.021549014  
8.620614887  
7.73354826  
5.709115722  
3.150580174  
0.7058400279  
-1.136080913  
-2.17616361  
-2.527440564  
-2.530874934  
-2.603566717  
-3.077267408  
-4.083119887  
-5.517360407  
-7.091459778  
-8.440795402  
-9.248659339  
-9.342030882  
-8.730750246  
-7.584942182  
-6.167580242  
-4.751795749  
-3.55233611  
-2.689400582  
-2.186860322  
-1.993202817  
-2.007848417  
-2.099417173  
-2.112953763  
-1.874074493  
-1.203416805  
0.04875193049  
1.94932293  
4.426186549  
7.234481975  
9.969975123  
12.14144108  
13.29234032  
13.13967173  
11.68403735  
9.246853785  
6.409882721  
3.863806919  
2.205972972  
1.750059464  
2.413209476  
3.725492726  
4.968387421  
5.405151907  
4.531766549  
2.26544484  
-0.9962378675  
-4.472538544  
-7.228850701  
-8.468609929  
-7.794708125  
-5.354096282  
-1.815164661  
1.819117375  
4.505869001  
5.472842368  
4.447323343  
1.732088528  
-1.893562015  
-5.413909574  
-7.880312595  
-8.682699151  
-7.707192251  
-5.337450231  
-2.308550776  
0.5319441925  
2.475681386  
3.140027344  
2.538624583  
1.026747431  
-0.8470510862  
-2.52514833  
-3.598748367  
-3.894415305  
-3.474439453  
-2.567558358  
-1.467463308  
-0.4404859521  
0.3283348322  
0.7433969127  
0.7746135904  
0.4267994152  
-0.2743419149  
-1.270266556  
-2.440868876  
-3.582140485  
-4.415591803  
-4.64321954  
-4.040655618  
-2.559303473  
-0.395851889  
2.008648923  
4.057109026  
5.157801138  
4.913873904  
3.278517128  
0.6169508522  
-2.357694651  
-4.767142722  
-5.820305818  
-5.058365701  
-2.512605644  
1.280796381  
5.420372097  
8.894402096  
10.87337223  
10.94781412  
9.235882894  
6.326997679  
3.081349203  
0.3522446215  
-1.277090267  
-1.65670955  
-1.082365951  
-0.1577169451  
0.4426657005  
0.2261854196  
-0.9358045648  
-2.757802437  
-4.636525996  
-5.858632332  
-5.847755636  
-4.367197164  
-1.611565221  
1.840699924  
5.195264416  
7.673103918  
8.729846506  
8.19582012  
6.298731635  
3.570625469  
0.6770629243  
-1.77271009  
-3.376061826  
-4.008460596  
-3.806723686  
-3.083719067  
-2.212561292  
-1.520949186  
-1.22441926  
-1.407395884  
-2.041834778  
-3.022472318  
-4.198205513  
-5.389240667  
-6.393113486  
-6.992660421  
-6.980079323  
-6.202826695  
-4.62289939  
-2.367895999  
0.2527912595  
2.786544201  
4.733130988  
5.67727115  
5.41965021  
4.061385652  
2.006657145  
-0.1278979077  
-1.677814597  
-2.123406387  
-1.251400458  
0.7670215032  
3.41002704  
5.944135092  
7.628258952  
7.921622603  
6.633366862  
3.97066313  
0.4748250289  
-3.130305768  
-6.127962645  
-7.978565636  
-8.424273196  
-7.507409473  
-5.511756863  
-2.858700722  
0.001183898341  
2.667824572  
4.828169555  
6.256659406  
6.801527318  
6.381082424  
5.003112019  
2.802028396  
0.07126979286  
-2.73862166  
-5.078021836  
-6.413323277  
-6.373766401  
-4.883967945  
-2.230719524  
0.9728562556  
3.931121842  
5.884818846  
6.340873992  
5.237384424  
2.982478648  
0.3434345178  
-1.788181514  
-2.685228445  
-2.034200987  
-0.05900680043  
2.529046574  
4.747300351  
5.65962722  
4.694780274  
1.859417458  
-2.228886425  
-6.506024328  
-9.775736657  
-11.07593386  
-9.979818497  
-6.734169364  
-2.189089347  
2.458942397  
6.028252351  
7.701619951  
7.253415085  
5.084649754  
2.060140785  
-0.7933402647  
-2.625015702  
-3.022317439  
-2.113997343  
-0.4862932842  
1.052290734  
1.772376927  
1.286454007  
-0.3154785763  
-2.500118025  
-4.478773883  
-5.481266547  
-5.020861365  
-3.061086884  
-0.03082993965  
3.313409162  
6.128325104  
7.745521036  
7.868388627  
6.643509049  
4.589930825  
2.416960604  
0.7954664745  
0.1584598628  
0.5916606177  
1.840618566  
3.420609167  
4.783272036  
5.479997464  
5.270022936  
4.146219721  
2.283572564  
-0.05782272165  
-2.630991697  
-5.262845976  
-7.858561269  
-10.356513  
-12.66194157  
-14.59621654  
-15.89163757  
-16.24237189  
-15.39796423  
-13.26654009  
-9.987774246  
-5.943722437  
-1.696087692  
2.136282731  
5.024573146  
6.657402407  
7.009608913  
6.332215752  
5.068493334  
3.723976227  
2.731343078  
2.350231732  
2.628293947  
3.428185021  
4.503708309  
5.594002885  
6.502122373  
7.133619537  
7.487794395  
7.612606526  
7.547212531  
7.27922707  
6.736470756  
5.818083577  
4.453351606  
2.664330168  
0.6050283614  
-1.4431334  
-3.125190705  
-4.103689238  
-4.16040007  
-3.276025698  
-1.659598045  
0.2866651941  
2.061964691  
3.197152093  
3.384450092  
2.568670093  
0.971471832  
-0.9614699308  
-2.678427029  
-3.673425987  
-3.629657143  
-2.51324865  
-0.5891411332  
1.647589676  
3.607245364  
4.770205087  
4.833464149  
3.795648802  
1.954157277  
-0.186388563  
-2.068340764  
-3.251852185  
-3.549610471  
-3.082116356  
-2.233576619  
-1.519362818  
-1.40497602  
-2.134217283  
-3.624326851  
-5.467200966  
-7.043171964  
-7.717146624  
-7.057643333  
-5.007813574  
-1.948474731  
1.375516197  
4.051575157  
5.263868551  
4.546274384  
1.943538709  
-1.974333303  
-6.255198607  
-9.826580919  
-11.7986167  
-11.7155481  
-9.677644817  
-6.295467152  
-2.491457046  
0.7872964458  
2.852757254  
3.465497472  
2.871113677  
1.675890532  
0.6078925994  
0.247856951  
0.823570401  
2.138595902  
3.658845889  
4.724878946  
4.813124395  
3.7513127  
1.808669477  
-0.3750148031  
-2.000427917  
-2.388483351  
-1.23125235  
1.27567524  
4.469811281  
7.419995131  
9.222732215  
9.298068829  
7.584949098  
4.568979462  
1.131731709  
-1.728926002  
-3.214489973  
-2.972632407  
-1.194240707  
1.468834826  
4.134068659  
5.985835619  
6.538505767  
5.777535545  
4.134903946  
2.313309185  
1.025112276  
0.7393944803  
1.524665901  
3.038488424  
4.662129503  
5.727390891  
5.752170047  
4.601105019  
2.517464802  
0.0204148195  
-2.28949541  
-3.942194743  
-4.74920207  
-4.840996249  
-4.581496854  
-4.396686012  
-4.585843274  
-5.189179781  
-5.963296983  
-6.474530895  
-6.275350767  
-5.097275673  
-2.986872367  
-0.3316250067  
2.237691489  
4.03674807  
4.544885159  
3.575164946  
1.339317063  
-1.613501142  
-4.561765956  
-6.823611785  
-7.945566161  
-7.809221447  
-6.62833451  
-4.847709363  
-2.987199574  
-1.488252998  
-0.612449193  
-0.4163512999  
-0.7952915314  
-1.563601721  
-2.529612918  
-3.533424271  
-4.438553331  
-5.094529528  
-5.30436809  
-4.830650417  
-3.456143037  
-1.086518157  
2.143850165  
5.814479268  
9.252147184  
11.66810036  
12.37210152  
11.00081261  
7.68188096  
3.066660521  
-1.797361801  
-5.730502761  
-7.747815848  
-7.34804657  
-4.669165414  
-0.4543322642  
4.167183622  
8.017563658  
10.21846663  
10.43585935  
8.941441085  
6.472446952  
3.94086871  
2.095795679  
1.259217118  
1.229985745  
1.390732827  
0.9792067311  
-0.5754023491  
-3.376734386  
-6.953269034  
-10.36724304  
-12.51224489  
-12.50140723  
-10.01094144  
-5.453517841  
0.0895471287  
5.1670139  
8.396726068  
8.902816687  
6.605075014  
2.260345811  
-2.763337161  
-6.910344732  
-8.922591341  
-8.228443847  
-5.108683461  
-0.5862334826  
3.922362022  
7.077366358  
8.052549599  
6.795240839  
4.026730189  
0.9867912166  
-0.9898022653  
-0.9231887958  
1.482738077  
5.737203825  
10.7136807  
15.00037087  
17.33230425  
16.96519116  
13.87554927  
8.732655388  
2.664025517  
-3.098838472  
-7.574445228  
-10.27328945  
-11.26057573  
-11.03653434  
-10.29190981  
-9.633420605  
-9.376409728  
-9.470891314  
-9.575348855  
-9.239284826  
-8.119220999  
-6.145196941  
-3.577066567  
-0.9325083193  
1.184338517  
2.289997055  
2.190138156  
1.050690875  
-0.6515630641  
-2.280087024  
-3.238650758  
-3.153324525  
-1.978265006  
0.004958386584  
2.288400702  
4.301074457  
5.579149333  
5.889709734  
5.274012311  
4.004857132  
2.480388542  
1.094391939  
0.1260176604  
-0.3195514343  
-0.3081900009  
-0.0219399734  
0.3223073718  
0.550018533  
0.5773947331  
0.4193095446  
0.1604267334  
-0.09516859935  
-0.2752701815  
-0.3735736099  
-0.455863663  
-0.6377972516  
-1.042387715  
-1.750620083  
-2.759659344  
-3.960672494  
-5.143513074  
-6.029803457  
-6.330058694  
-5.815149581  
-4.387692815  
-2.136235458  
0.6448965816  
3.482792542  
5.803906024  
7.053619403  
6.834565771  
5.030385247  
1.878641107  
-2.035864433  
-5.878430994  
-8.739171448  
-9.847578444  
-8.773152524  
-5.55595082  
-0.7254844214  
4.805284201  
9.949407313  
13.70650601  
15.4051223  
14.86030074  
12.4027305  
8.772051525  
4.906134331  
1.687855349  
-0.2780034981  
-0.79613802  
-0.08819969026  
1.317399532  
2.772260311  
3.709676594  
3.799479437  
3.013693347  
1.592360126  
-0.06833052093  
-1.5603993  
-2.589729627  
-3.043616042  
-2.985310185  
-2.588217632  
-2.043121814  
-1.478447521  
-0.9246943279  
-0.3337806708  
0.3593721252  
1.163226824  
1.978952545  
2.598342175  
2.756146374  
2.220253331  
0.8867809198  
-1.156713303  
-3.626630455  
-6.103470783  
-8.139642236  
-9.380307065  
-9.657503226  
-9.026737721  
-7.735131913  
-6.133709935  
-4.565122409  
-3.265298723  
-2.31102971  
-1.627903393  
-1.051058337  
-0.4129095969  
0.3761921498  
1.283849987  
2.162516001  
2.802227796  
3.007297257  
2.667270836  
1.796166789  
0.5272103678  
-0.9322454848  
-2.366215798  
-3.609962493  
-4.581992629  
-5.278255932  
-5.73434473  
-5.974424367  
-5.970652503  
-5.632251963  
-4.831006784  
-3.454951564  
-1.470072192  
1.034180808  
3.834551153  
6.605379578  
8.983516883  
10.64700438  
11.38371505  
11.13068628  
9.975945157  
8.127497903  
5.863868958  
3.483581697  
1.266757327  
-0.5469361594  
-1.768865878  
-2.270479407  
-1.999099245  
-1.001328377  
0.5547727075  
2.374454573  
4.063529297  
5.194935517  
5.40652091  
4.506312483  
2.551784438  
-0.128947737  
-2.99208566  
-5.404256654  
-6.809771011  
-6.891409879  
-5.673677191  
-3.531380019  
-1.094055042  
0.9302663519  
1.960941322  
1.71725588  
0.3028330153  
-1.826238373  
-4.001007912  
-5.543621815  
-5.971271324  
-5.13570151  
-3.255123772  
-0.8308583337  
1.521173099  
3.266711134  
4.112164881  
4.075768736  
3.451470771  
2.68310468  
2.196208449  
2.247481024  
2.843202662  
3.751741612  
4.601086589  
5.022702612  
4.788096541  
3.889406466  
2.537527936  
1.082257632  
-0.1128538132  
-0.7931198033  
-0.8880820746  
-0.5145500947  
0.08935692798  
0.6695994946  
1.057393715  
1.225627267  
1.279051709  
1.383958581  
1.66800587  
2.133536585  
2.623172545  
2.856149043  
2.525482938  
1.420624911  
-0.4723121936  
-2.934728428  
-5.563578783  
-7.891312033  
-9.537343019  
-10.3361731  
-10.39272091  
-10.03986941  
-9.708261863  
-9.7516402  
-10.2900288  
-11.130452  
-11.80028298  
-11.69005786  
-10.26331422  
-7.264949889  
-2.856068779  
2.375478444  
7.540361945  
11.67583517  
14.00890927  
14.17378413  
12.31577902  
9.04922173  
5.282295148  
1.963070343  
-0.175783172  
-0.7979588369  
-0.02015174627  
1.665033968  
3.567564642  
5.018218941  
5.556984204  
5.036907793  
3.620221521  
1.680314067  
-0.3474713229  
-2.110559392  
-3.430923988  
-4.318643998  
-4.912057692  
-5.375366477  
-5.797641193  
-6.133533233  
-6.207918575  
-5.781492042  
-4.651407358  
-2.748543072  
-0.1948492641  
2.700935639  
5.508868081  
7.783334328  
9.17456517  
9.511637538  
8.833774268  
7.364869276  
5.444526539  
3.440872766  
1.672698491  
0.3609019851  
-0.3840968487  
-0.5459999816  
-0.1731875453  
0.6470867452  
1.800408811  
3.142837773  
4.493895377  
5.638647238  
6.349697225  
6.43081878  
5.772523785  
4.400880527  
2.498707739  
0.384318808  
-1.553973593  
-2.953878889  
-3.579439049  
-3.394679645  
-2.585125754  
-1.51603312  
-0.6353467643  
-0.3470062917  
-0.8907152848  
-2.263972539  
-4.210813926  
-6.282719794  
-7.956125576  
-8.774387687  
-8.474707496  
-7.064639063  
-4.826900604  
-2.251196244  
0.08840773268  
1.67753944  
2.189102968  
1.561700167  
0.01002289274  
-2.033519284  
-4.029122407  
-5.462556153  
-5.966986857  
-5.404120633  
-3.886438116  
-1.737689244  
0.5958200579  
2.659000151  
4.097404193  
4.735078944  
4.602568549  
3.909960062  
2.974208887  
2.121576473  
1.592255662  
1.473188222  
1.677282469  
1.974340876  
2.06475537  
1.675053646  
0.648139266  
-0.9976589799  
-3.057980915  
-5.184125049  
-6.966182704  
-8.035273987  
-8.157381594  
-7.293810903  
-5.612923884  
-3.451164105  
-1.234969607  
0.6154152709  
1.775857767  
2.081331233  
1.549946359  
0.3667689562  
-1.164305483  
-2.68661165  
-3.859557404  
-4.417790428  
-4.212958318  
-3.234720547  
-1.610685922  
0.4139464893  
2.515721661  
4.348763964  
5.6116198  
6.115110696  
5.83661202  
4.944269436  
3.77758502  
2.77968914  
2.389949399  
2.919928996  
4.445926772  
6.752791608  
9.354146022  
11.5945063  
12.81419909  
12.5358043  
10.61895305  
7.333869935  
3.323816626  
-0.5421848126  
-3.391345849  
-4.583368941  
-3.892275512  
-1.577758698  
1.679049462  
4.960276812  
7.364206721  
8.252138267  
7.415802456  
5.115760805  
1.981286662  
-1.194546356  
-3.698131405  
-5.0992982  
-5.352436467  
-4.766089759  
-3.856574339  
-3.139855986  
-2.936060471  
-3.255813829  
-3.808400584  
-4.12879007  
-3.778121453  
-2.545145771  
-0.5738803224  
1.633524566  
3.347635937  
3.838896314  
2.628816552  
-0.3184559634  
-4.531454384  
-9.121733163  
-13.00810842  
-15.21038969  
-15.12510974  
-12.70026656  
-8.456888854  
-3.351940815  
1.475017695  
4.995560099  
6.54138743  
5.940860159  
3.512633741  
-0.06958432631  
-3.989858303  
-7.510560169  
-10.13558055  
-11.67607907  
-12.21415637  
-11.99318893  
-11.28398259  
-10.27748994  
-9.038689177  
-7.529420314  
-5.680997072  
-3.479813842  
-1.026882573  
1.455036244  
3.67088735  
5.340630586  
6.290830019  
6.515298814  
6.181301394  
5.578278898  
5.027108071  
4.782010581  
4.959089001  
5.514921557  
6.279906005  
7.031234422  
7.576914293  
7.819813526  
7.77991347  
7.569824464  
7.336633058  
7.195393275  
7.181516363  
7.24066868  
7.258798246  
7.118541164  
6.757311474  
6.201823452  
5.563345644  
4.994254173  
4.622875593  
4.493582984  
4.538547126  
4.596010713  
4.471867814  
4.023159962  
3.231299265  
2.233792029  
1.296626043  
0.730691932  
0.7774828269  
1.503359543  
2.742484299  
4.11460096  
5.119526177  
5.2833088  
4.311118961  
2.196234754  
-0.7539756534  
-3.988824992  
-6.864074857  
-8.826038695  
-9.572213739  
-9.136271316  
-7.868455847  
-6.316111896  
-5.042024766  
-4.439843211  
-4.608084403  
-5.326037051  
-6.141759249  
-6.544635772  
-6.165495395  
-4.935669039  
-3.147520465  
-1.389611681  
-0.3706069278  
-0.6840069473  
-2.588432561  
-5.877324278  
-9.887042449  
-13.65058205  
-16.15802679  
-16.6491568  
-14.84980106  
-11.07685707  
-6.174041604  
-1.290587891  
2.436717792  
4.206579956  
3.785544622  
1.578448775  
-1.487421092  
-4.233866105  
-5.581376331  
-4.874653914  
-2.087406329  
2.155800649  
6.749656266  
10.4226649  
12.10584185  
11.24869329  
7.99052269  
3.136870154  
-2.05262589  
-6.204397945  
-8.202269031  
-7.485229813  
-4.189621776  
0.9005425922  
6.576062129  
11.5306594  
14.70018463  
15.51933359  
14.03017293  
10.82224709  
6.832920055  
3.074201306  
0.368204365  
-0.8362508904  
-0.5234882171  
0.9545482321  
3.033721509  
5.124527001  
6.76950439  
7.727729291  
7.972635524  
7.620734922  
6.830793343  
5.718802478  
4.322645312  
2.626775659  
0.6308382847  
-1.573100203  
-3.754852008  
-5.560775031  
-6.59409175  
-6.539230292  
-5.288083576  
-3.020224375  
-0.2006025715  
2.516050473  
4.453295003  
5.106087501  
4.299174247  
2.257935255  
-0.4364152526  
-3.000257849  
-4.668312928  
-4.917810242  
-3.629072859  
-1.133073817  
1.870369284  
4.501662111  
5.943659644  
5.667436096  
3.577289591  
0.03512387059  
-4.239914694  
-8.364727908  
-11.52127104  
-13.15637869  
-13.09929279  
-11.57014355  
-9.08544313  
-6.295256537  
-3.803246857  
-2.020987295  
-1.093127364  
-0.9059037482  
-1.166083669  
-1.518584488  
-1.66373477  
-1.440279302  
-0.8550096712  
-0.05833894387  
0.7186400242  
1.241091247  
1.336752164  
0.9346153514  
0.07061067711  
-1.133915481  
-2.508058944  
-3.867544051  
-5.041311721  
-5.885456344  
-6.287931652  
-6.170925038  
-5.497014214  
-4.281037766  
-2.604063896  
-0.6215044249  
1.443356324  
3.325916269  
4.765849193  
5.5632712  
5.631276192  
5.02900946  
3.962904446  
2.751381024  
1.758263721  
1.309373853  
1.61243516  
2.700795461  
4.416314216  
6.437359406  
8.346701814  
9.724105134  
