-5.525596536  
-3.660627056  
-1.719740129  
-0.2846267082  
0.2438167025  
-0.2403494743  
-1.52258737  
-3.134152266  
-4.487113233  
-5.037700877  
-4.432845143  
-2.602908151  
0.2194172182  
3.553864738  
6.783262249  
9.291410621  
10.59651526  
10.45265868  
8.900635305  
6.260159848  
3.066208244  
-0.03844200264  
-2.435000309  
-3.660161223  
-3.510956917  
-2.099066037  
0.1614003255  
2.635784184  
4.607436423  
5.444312445  
4.7545295  
2.490534974  
-1.028381291  
-5.185508702  
-9.213432918  
-12.38054199  
-14.16667592  
-14.37868994  
-13.17324769  
-10.98177282  
-8.362321651  
-5.826100009  
-3.694221696  
-2.030064227  
-0.66726471  
0.6790990672  
2.259266202  
4.149648302  
6.179771679  
7.955137387  
8.972582653  
8.791998174  
7.207019981  
4.355308681  
0.7271954471  
-2.935966585  
-5.826449563  
-7.283006416  
-6.967604713  
-4.953056145  
-1.696814946  
2.08807476  
5.622948233  
8.256208943  
9.603626955  
9.601737712  
8.469929351  
6.605500196  
4.453855978  
2.397566989  
0.6942620722  
-0.5292699743  
-1.241589719  
-1.457870434  
-1.205956856  
-0.5228867945  
0.5210740062  
1.790132008  
3.068347955  
4.082490213  
4.565333373  
4.34205269  
3.407375556  
1.958590042  
0.3619400788  
-0.9464221152  
-1.597552682  
-1.419030969  
-0.5081458073  
0.7834174676  
1.955903046  
2.527808152  
2.206477577  
1.001358285  
-0.7651306109  
-2.559838591  
-3.824211738  
-4.180349317  
-3.583757867  
-2.363396002  
-1.126705676  
-0.5548273393  
-1.154363078  
-3.051878564  
-5.907412737  
-8.985733712  
-11.37083622  
-12.25829562  
-11.22967714  
-8.414603605  
-4.480278487  
-0.4443769566  
2.63320919  
3.981855635  
3.366561582  
1.166775613  
-1.740482374  
-4.256987818  
-5.410005411  
-4.656854476  
-2.04919413  
1.793989394  
5.89177861  
9.213461756  
10.99202815  
10.93628753  
9.276522576  
6.637454726  
3.791841451  
1.387235579  
-0.2560869631  
-1.207505669  
-1.833605221  
-2.593356988  
-3.804418947  
-5.473456695  
-7.258187998  
-8.578241502  
-8.834690874  
-7.6554762  
-5.07184445  
-1.554318435  
2.1124867  
5.077081422  
6.704310431  
6.792111855  
5.640395937  
3.942141109  
2.530993472  
2.073115588  
2.814239184  
4.47625152  
6.346265599  
7.532465093  
7.299398526  
5.363348423  
2.0382019  
-1.828033045  
-5.11319407  
-6.793721791  
-6.303079071  
-3.74886777  
0.0932909933  
4.015669708  
6.770605438  
7.488513731  
5.978315522  
2.803332197  
-0.8996400297  
-3.802555459  
-4.843156663  
-3.601416036  
-0.4637355043  
3.48701779  
6.825042247  
8.263989832  
7.106790051  
3.508837591  
-1.539597741  
-6.512957235  
-9.838098435  
-10.41132324  
-7.973383579  
-3.215787958  
2.420716533  
7.193224157  
9.605684455  
8.881997066  
5.20987668  
-0.3226578742  
-6.075685609  
-10.37554175  
-12.03359263  
-10.69884923  
-6.934815481  
-2.003340697  
2.565418243  
5.46972938  
6.034832318  
4.386150732  
1.349175592  
-1.87876767  
-4.164283556  
-4.828313305  
-3.858781828  
-1.878484398  
0.1121653963  
1.120171003  
0.5332254274  
-1.65103109  
-4.818744962  
-7.955683279  
-10.00585285  
-10.24438657  
-8.532437866  
-5.364930711  
-1.695716295  
1.396616708  
3.083330836  
3.068139374  
1.678520637  
-0.2655607857  
-1.758164833  
-1.979987423  
-0.6046128262  
2.07078883  
5.217953587  
7.762499652  
8.762907082  
7.751450826  
4.917368139  
1.066396681  
-2.632281054  
-5.027395531  
-5.36651006  
-3.547405491  
-0.1544836547  
3.732460377  
6.893016189  
8.365593621  
7.758406566  
5.369478596  
2.078055035  
-0.9536958898  
-2.667259891  
-2.453665604  
-0.3456941316  
3.003275678  
6.541585912  
9.164656755  
10.06712948  
8.987252533  
6.268610748  
2.727194579  
-0.6237752215  
-2.895001824  
-3.582107575  
-2.686555973  
-0.6681180109  
1.741665551  
3.791329366  
4.936998604  
4.972148357  
4.026909385  
2.453599112  
0.6548745285  
-1.072916436  
-2.620864452  
-4.047395259  
-5.474324182  
-6.951160103  
-8.352794887  
-9.362246412  
-9.555303948  
-8.561432389  
-6.241086305  
-2.807784973  
1.161401534  
4.845238424  
7.398707004  
8.206130082  
7.08215789  
4.348663804  
0.754522955  
-2.742578784  
-5.265713173  
-6.286947473  
-5.786212865  
-4.247275115  
-2.490344523  
-1.394770973  
-1.601790915  
-3.294270734  
-6.125194275  
-9.318013486  
-11.90589626  
-13.0322533  
-12.21608002  
-9.498642007  
-5.427700289  
-2.595518332  
-4.388317419  
-4.706691351  
-3.563520558  
-1.397804728  
1.086324456  
3.152808781  
4.26247109  
4.225632008  
3.234460875  
1.771418201  
0.4302650588  
-0.2874784242  
-0.1327305527  
0.8247888673  
2.24137359  
3.635161161  
4.563403795  
4.77963326  
4.318022287  
3.478132153  
2.717176238  
2.487498648  
3.074139877  
4.486049695  
6.4358505  
8.413446487  
9.828818725  
10.17804966  
9.181315787  
6.852630888  
3.484574917  
-0.4413041711  
-4.385447816  
-7.879488539  
-10.6151473  
-12.47136656  
-13.48095625  
-13.75869213  
-13.42406291  
-12.55047266  
-11.15953928  
-9.259590112  
-6.908658493  
-4.271290343  
-1.639272411  
0.6010422506  
2.052351428  
2.418159757  
1.606593606  
-0.2112141273  
-2.613936556  
-5.018446676  
-6.823750232  
-7.570945674  
-7.071851575  
-5.465674597  
-3.183033728  
-0.8239022702  
1.017536381  
1.930740478  
1.816279872  
0.9230823647  
-0.2188129893  
-0.953666457  
-0.7006278932  
0.8580599666  
3.657032854  
7.233558727  
10.82730813  
13.56998771  
14.71464904  
13.84226088  
10.98825811  
6.653109433  
1.69224539  
-2.88647935  
-6.164685807  
-7.531302165  
-6.820072315  
-4.332814941  
-0.7457308241  
3.072769415  
6.281671235  
8.265493447  
8.760523352  
7.880839001  
6.044520222  
3.827800976  
1.792745915  
0.3381526075  
-0.3870688866  
-0.4897147154  
-0.2638204445  
-0.07545796199  
-0.2395877659  
-0.9264064182  
-2.121955338  
-3.648515904  
-5.231050327  
-6.582913916  
-7.48100392  
-7.807886209  
-7.552812892  
-6.77955465  
-5.580690373  
-4.041198068  
-2.228088479  
-0.2097789493  
1.905813499  
3.936069583  
5.614890787  
6.625830973  
6.676979206  
5.599464901  
3.438092788  
0.499051219  
-2.671398965  
-5.384077775  
-6.962436022  
-6.917938395  
-5.095888412  
-1.746301403  
2.507008377  
6.79774448  
10.218064  
12.03676308  
11.87559299  
9.795288488  
6.268014829  
2.045207738  
-2.040671068  
-5.283926752  
-7.265434778  
-7.922937375  
-7.518094647  
-6.517440199  
-5.428731994  
-4.644845022  
-4.341412995  
-4.454779697  
-4.73982969  
-4.882230855  
-4.624026699  
-3.860084324  
-2.675210335  
-1.313128937  
-0.09153659994  
0.7055049701  
0.920730917  
0.5719785097  
-0.1583757988  
-0.9868126034  
-1.621739361  
-1.85459187  
-1.619584495  
-1.004476194  
-0.2115407055  
0.5160376392  
0.9770082181  
1.077384781  
0.8588050872  
0.4832736988  
0.1814650942  
0.1822569885  
0.645158318  
1.614465084  
3.005867872  
4.626112305  
6.217534523  
7.514227562  
8.296031273  
8.42956692  
7.890360555  
6.764720319  
5.233161452  
3.538811451  
1.944854494  
0.686003251  
-0.07940114737  
-0.3079747373  
-0.09057445093  
0.356722249  
0.7342892831  
0.7297731641  
0.1049180004  
-1.222875948  
-3.128960731  
-5.280559738  
-7.195956232  
-8.356362692  
-8.345754063  
-6.981640273  
-4.397233436  
-1.044916203  
2.389068062  
5.143367253  
6.575111509  
6.33582385  
4.478177765  
1.45864182  
-1.970548001  
-4.954578156  
-6.762519813  
-6.983195611  
-5.633110768  
-3.143408201  
-0.2278052051  
2.330724086  
3.911522446  
4.236170219  
3.441396041  
2.021487626  
0.6567845572  
-0.01916349286  
0.3593991941  
1.752738856  
3.708469979  
5.492348218  
6.320737423  
5.624702361  
3.262534839  
-0.3900706414  
-4.507889076  
-8.03012607  
-9.962529434  
-9.679803649  
-7.136268451  
-2.916605432  
1.895932114  
6.002422645  
8.244633324  
7.932802452  
5.048629121  
0.2619048633  
-5.246911252  
-10.1088585  
-13.14097952  
-13.66502407  
-11.67859748  
-7.831087684  
-3.214962  
0.9621845982  
3.724916583  
4.592999654  
3.684630782  
1.635245689  
-0.635297108  
-2.228301574  
-2.54571979  
-1.456557586  
0.6972950366  
3.249440529  
5.454917948  
6.746734895  
6.915593114  
6.154485006  
4.958177723  
3.91860201  
3.493003284  
3.830217147  
4.718603278  
5.674519152  
6.138681695  
5.707434825  
4.311532649  
2.272219564  
0.2076236281  
-1.182997894  
-1.383218144  
-0.2762188871  
1.768785493  
3.980929901  
5.42417411  
5.311869499  
3.293753026  
-0.3862308235  
-4.923065149  
-9.173634648  
-12.00330674  
-12.64520722  
-10.95302369  
-7.460398294  
-3.222617998  
0.5111950289  
2.689602908  
2.785496503  
0.9498100449  
-2.058257384  
-5.139889772  
-7.23214785  
-7.662035038  
-6.358504315  
-3.851077737  
-1.057893628  
1.060555632  
1.858605006  
1.24596111  
-0.2752051838  
-1.791911674  
-2.318265638  
-1.170746036  
1.753283143  
5.895974827  
10.19199468  
13.40653519  
14.54495762  
13.19359802  
9.67299246  
4.947837595  
0.3213861666  
-2.983952158  
-4.218308011  
-3.336089346  
-0.9902029495  
1.707384028  
3.574973518  
3.76611525  
2.052110957  
-1.112133791  
-4.757077139  
-7.739223163  
-9.132278083  
-8.532728615  
-6.176801373  
-2.834349314  
0.475505339  
2.840434636  
3.753842465  
3.252182743  
1.847834643  
0.2906162842  
-0.7465153196  
-0.9358310049  
-0.414924808  
0.2863201938  
0.4824314819  
-0.3599148641  
-2.364410215  
-5.142069927  
-7.889977069  
-9.663048377  
-9.723008162  
-7.835660724  
-4.401776237  
-0.3640366398  
3.087180311  
4.911981001  
4.584610051  
2.291772882  
-1.110049642  
-4.370317079  
-6.262382061  
-6.000714247  
-3.511981625  
0.5362500852  
4.961582966  
8.470585139  
10.10016826  
9.542240871  
7.237603549  
4.206056063  
1.672983939  
0.625120575  
1.454023319  
3.815291087  
6.755200834  
9.061008616  
9.710534025  
8.259519275  
5.025540155  
0.9980322431  
-2.499044467  
-4.276532348  
-3.716814824  
-1.02166056  
2.821484807  
6.350283961  
8.113737176  
7.169311383  
3.419860931  
-2.328055916  
-8.608554763  
-13.76420893  
-16.48087124  
-16.20921884  
-13.33044616  
-9.009864167  
-4.788224304  
-2.049610832  
-1.546805684  
-3.14568862  
-5.876089662  
-8.272890043  
-8.893096045  
-6.834932876  
-2.083890466  
4.432272  
11.10136682  
16.11633244  
18.03970902  
16.26218377  
11.20921942  
4.231115769  
-2.787692117  
-7.976921839  
-10.0170616  
-8.502969202  
-4.031058498  
2.005692355  
7.84206893  
11.84944118  
12.97662723  
11.000002  
6.524716196  
0.7563115126  
-4.872441812  
-9.100143192  
-11.14567357  
-10.85037603  
-8.633547446  
-5.297719276  
-1.759258007  
1.208832366  
3.150816272  
3.982910369  
3.933284143  
3.404987192  
2.815719631  
2.465725064  
2.467336642  
2.745091217  
3.092715865  
3.259204029  
3.033459808  
2.303866183  
1.081348471  
-0.512879201  
-2.284752203  
-4.016015049  
-5.510932255  
-6.631463764  
-7.315576783  
-7.577070537  
-7.488284321  
-7.149702566  
-6.653316236  
-6.048973741  
-5.324309045  
-4.407168718  
-3.19437365  
-1.602325327  
0.3740813645  
2.6145082  
4.859223489  
6.742339666  
7.872673142  
7.945701856  
6.855557486  
4.769641395  
2.134035224  
-0.40466643  
-2.150446971  
-2.546055413  
-1.345817185  
1.281149089  
4.756069629  
8.213440875  
10.71626511  
11.50813515  
10.23163642  
7.047839256  
2.617129956  
-2.059829928  
-5.901469135  
-8.035032059  
-8.035694894  
-6.046699897  
-2.74467189  
0.8421959807  
3.61367979  
4.697517118  
3.686666928  
0.7483999848  
-3.424121851  
-7.802886823  
-11.30428111  
-13.07821233  
-12.72718859  
-10.39612129  
-6.710790057  
-2.585513326  
1.042857595  
3.477620239  
4.446480239  
4.155585533  
3.199483402  
2.355177774  
2.322474999  
3.489193166  
5.793190958  
8.725321289  
11.47552793  
13.1805876  
13.19926058  
11.32921135  
7.894510071  
3.669786246  
-0.3431032066  
-3.222320874  
-4.423099797  
-3.967935678  
-2.461286342  
-0.9121105172  
-0.4086206328  
-1.740771457  
-5.090168653  
-9.894451239  
-14.94508301  
-18.70665977  
-19.77371655  
-17.3303965  
-11.46738878  
-3.245253341  
5.534314972  
12.79840514  
16.78452223  
16.56215312  
12.33218139  
5.403031918  
-2.162015372  
-8.130765951  
-10.7507369  
-9.265850609  
-4.14265346  
3.066111947  
10.18209733  
15.04748579  
16.16019924  
13.10515765  
6.652639861  
-1.500588875  
-9.260030364  
-14.76184639  
-16.9029818  
-15.61132696  
-11.78179738  
-6.91387772  
-2.581765365  
0.08168494918  
0.7170987248  
-0.2156224478  
-1.680086796  
-2.498366425  
-1.818368713  
0.5533434471  
4.069692786  
7.638395803  
10.02259292  
10.30286126  
8.235426348  
4.377841006  
-0.0655178677  
-3.628334715  
-5.06791692  
-3.786744421  
-0.04683416906  
5.095758806  
10.11472242  
13.48769866  
14.16478679  
11.87999624  
7.209873573  
1.369551167  
-4.177049228  
-8.158631548  
-9.845336112  
-9.199856639  
-6.798594423  
-3.570247992  
-0.4578193535  
1.87217084  
3.17680771  
3.60418298  
3.515109548  
3.246609715  
2.922096372  
2.389246124  
1.311216711  
-0.6280471943  
-3.493078333  
-6.944078322  
-10.23918269  
-12.41109824  
-12.56938381  
-10.22661884  
-5.529409164  
0.6989267397  
7.135811235  
12.31325831  
15.04087977  
14.76239715  
11.72741833  
6.918292265  
1.751475527  
-2.35320253  
-4.398540443  
-4.096262912  
-1.925050247  
1.053205527  
3.554183431  
4.488776096  
3.302739241  
0.1333671258  
-4.258490215  
-8.748480066  
-12.20774207  
-13.84072145  
-13.39569808  
-11.19001301  
-7.956596593  
-4.576663821  
-1.79600549  
-0.01994940666  
0.7526266455  
0.8485435196  
0.7366388903  
0.8173535156  
1.264850461  
1.975690173  
2.634998781  
2.866973494  
2.407125292  
1.22877682  
-0.4234484965  
-2.104037982  
-3.312945922  
-3.663151024  
-3.008907089  
-1.490592994  
0.5164324819  
2.527061351  
4.099061782  
4.959643884  
5.065364587  
4.581181483  
3.794268499  
2.999919132  
2.403434797  
2.071502474  
1.94461597  
1.89740169  
1.81617584  
1.658890596  
1.472855031  
1.365241096  
1.442346421  
1.746897162  
2.223409197  
2.729248253  
3.089029447  
3.170400012  
2.948373836  
2.528061386  
2.11107797  
1.913752377  
2.066244509  
2.532689939  
3.088147728  
3.369548417  
2.990862208  
1.687296389  
-0.5611540743  
-3.473809392  
-6.508344904  
-8.991248054  
-10.30453403  
-10.07211743  
-8.28572951  
-5.326772639  
-1.872040103  
1.292010801  
3.491861571  
4.358629198  
3.929249331  
2.624717001  
1.110804785  
0.08321070021  
0.04287027608  
1.130755709  
3.073592479  
5.258377838  
6.914362536  
7.348636185  
6.164988857  
3.400530515  
-0.4614407014  
-4.607534914  
-8.107121371  
-10.1618748  
-10.32162966  
-8.606098873  
-5.498923696  
-1.816542821  
1.510809101  
3.684868046  
4.24430119  
3.173690333  
0.8889202947  
-1.89409918  
-4.368223934  
-5.861637495  
-6.018662221  
-4.885429148  
-2.878773153  
-0.6501401907  
1.113936638  
1.895807544  
1.495719511  
0.08334218643  
-1.861627657  
-3.700329038  
-4.830611702  
-4.868438217  
-3.760171865  
-1.792470081  
0.5020823771  
2.513354648  
3.743186674  
3.956771088  
3.248806413  
2.004260269  
0.7669490513  
0.05840490555  
0.2052782206  
1.230816373  
2.845287946  
4.538435324  
5.74407906  
6.023622581  
5.209166215  
3.459998825  
1.214409502  
-0.9472600441  
-2.48368086  
-3.059041528  
-2.641461359  
-1.502467757  
-0.1191599645  
0.9875568471  
1.424914093  
1.054121331  
0.02984259027  
-1.257959065  
-2.318848422  
-2.727687168  
-2.266362991  
-0.9955985725  
0.7651572726  
2.541093369  
3.853060998  
4.366187271  
3.98841364  
2.889305456  
1.436605539  
0.07484637878  
-0.8119108422  
-1.00816514  
-0.5129882822  
0.4864170736  
1.69903045  
2.838939721  
3.719182595  
4.298410983  
4.66681724  
4.980269893  
5.370296137  
5.865897604  
6.358496283  
6.625376896  
6.405568444  
5.502476558  
3.876699092  
1.693946366  
-0.6933314271  
-2.830615748  
-4.290039597  
-4.804976638  
-4.367933038  
-3.258109086  
-1.984604759  
-1.15607142  
-1.310168009  
-2.749822025  
-5.433835838  
-8.956237133  
-12.62538196  
-15.62643804  
-17.2270164  
-16.97204924  
-14.81477344  
-11.14585814  
-6.709035188  
-2.421865262  
0.8532692703  
2.527974209  
2.4374212  
0.8790546582  
-1.471745537  
-3.747448594  
-5.125283115  
-5.049901407  
-3.379580342  
-0.4151509133  
3.195500527  
6.648178358  
9.211040818  
10.42283097  
10.20210974  
8.837102066  
6.863562552  
4.873832312  
3.322009396  
2.390729526  
1.963524904  
1.710048701  
1.251693181  
0.3458142222  
-0.9812663777  
-2.405912199  
-3.400341077  
-3.420175893  
-2.122564255  
0.4644425181  
3.888367472  
7.364693606  
9.995001411  
11.04451803  
10.18706586  
7.630743212  
4.073521365  
0.4940014747  
-2.160286372  
-3.285848301  
-2.830503914  
-1.318992131  
0.3204057065  
1.077967891  
0.2296586844  
-2.374759604  
-6.205597589  
-10.17486132  
-12.95635554  
-13.40690497  
-10.95347369  
-5.817218592  
1.004978673  
8.003585757  
13.58632257  
16.54123838  
16.38661962  
13.49663684  
8.963562819  
4.242492787  
0.6943760633  
-0.8252123914  
-0.2012830019  
1.951796324  
4.536223791  
6.362793419  
6.554699673  
4.828908514  
1.566069106  
-2.346114945  
-5.834074851  
-8.008352171  
-8.453986516  
-7.344714516  
-5.348567012  
-3.365998572  
-2.198713546  
-2.268393708  
-3.483193662  
-5.29451366  
-6.917723155  
-7.632685141  
-7.053450191  
-5.270235962  
-2.814767763  
-0.4648027951  
1.038593006  
1.257058737  
0.2078078725  
-1.65082484  
-3.594254696  
-4.90192408  
-5.124065364  
-4.247839958  
-2.702570782  
-1.201870207  
-0.4790487398  
-1.010301588  
-2.82449124  
-5.467805997  
-8.137079213  
-9.936826871  
-10.17244197  
-8.580268398  
-5.417780474  
-1.385498684  
2.590783707  
5.643201279  
7.216869982  
7.215996001  
5.999566015  
4.236276941  
2.673703507  
1.901070633  
2.181403395  
3.400498168  
5.138257917  
6.827784805  
7.942794272  
8.151299629  
7.391996711  
5.860588094  
3.92438912  
2.003819421  
0.4631246041  
-0.4592348901  
-0.6708035344  
-0.2062122953  
0.8091555631  
2.192017082  
3.720362771  
5.142956943  
6.193147579  
6.621204878  
6.249448615  
5.038638547  
3.140410489  
0.9063739376  
-1.166047254  
-2.549857063  
-2.840165288  
-1.894972082  
0.08589734164  
2.580513508  
4.869908053  
6.238874322  
6.193355336  
4.624054239  
1.858607235  
-1.421478805  
-4.378629681  
-6.27165227  
-6.682107469  
-5.640118121  
-3.607192463  
-1.320912319  
0.4471755652  
1.139759252  
0.5854735694  
-0.961861433  
-2.926641324  
-4.618622776  
-5.469921335  
-5.219284244  
-3.981659029  
-2.183175416  
-0.3902958297  
0.9008790956  
1.436392021  
1.274823061  
0.732891995  
0.2302410342  
0.09553705156  
0.4108298193  
0.9570214448  
1.285370495  
0.8920773995  
-0.5671262562  
-3.103076262  
-6.32868035  
-9.535121282  
-11.89025285  
-12.69626188  
-11.62072581  
-8.821913875  
-4.923671793  
-0.8451708527  
2.460829079  
4.277701686  
4.31781736  
2.780721778  
0.2642971825  
-2.435413545  
-4.566233547  
-5.625267506  
-5.467226228  
-4.292088962  
-2.530680139  
-0.6788162231  
0.8579151219  
1.85835283  
2.297392502  
2.287205976  
1.985765658  
1.518311003  
0.9457869058  
0.2889966423  
-0.4105927158  
-1.030957454  
-1.349238462  
-1.083026928  
0.01285558207  
2.027812999  
4.804440826  
7.920249546  
10.76414887  
12.69505457  
13.23678494  
12.24462804  
9.982617963  
7.076841782  
4.350375804  
2.586272614  
2.291457768  
3.537014695  
5.927457406  
8.710631139  
10.99478777  
12.0052978  
11.3019378  
8.892224635  
5.211270846  
0.9818119927  
-2.995399305  
-6.052789307  
-7.806289092  
-8.207973253  
-7.499530838  
-6.097034243  
-4.455037889  
-2.956441974  
-1.856258197  
-1.281346629  
-1.265264061  
-1.786988333  
-2.787521268  
-4.156178887  
-5.699848781  
-7.123439175  
-8.050585094  
-8.09891384  
-6.999023801  
-4.721181243  
-1.559878954  
1.868757111  
4.737442581  
6.210219952  
5.684993067  
3.002185444  
-1.452619107  
-6.797072991  
-11.85135646  
-15.43955293  
-16.70837992  
-15.36822936  
-11.78137187  
-6.866806886  
-1.846545107  
2.093384085  
4.12801552  
4.010255285  
2.118873503  
-0.6715042477  
-3.25488428  
-4.612096605  
-4.090741029  
-1.571710652  
2.515113661  
7.318092246  
11.78763903  
14.92973922  
16.02355554  
14.75712662  
11.26387472  
6.069954718  
-0.01990026452  
-6.065779119  
-11.13872493  
-14.45345112  
-15.47962181  
-14.02589604  
-10.28736419  
-4.84225766  
1.416432969  
7.419963062  
12.12107405  
14.71486424  
14.8310413  
12.64086576  
8.836493657  
4.472284512  
0.6986865038  
-1.543545555  
-1.781599465  
-0.1412677884  
2.69591152  
5.702858982  
7.82463801  
8.306493399  
6.927996194  
4.06627519  
0.5651890603  
-2.549024581  
-4.413103165  
-4.618203811  
-3.348372201  
-1.316818077  
0.4815788548  
1.120186817  
0.07527406541  
-2.569479763  
-6.121287339  
-9.48461365  
-11.51048451  
-11.37441993  
-8.857624769  
-4.437081282  
0.8467358177  
5.702144723  
8.976623546  
9.998224785  
8.758502143  
5.881393545  
2.394329588  
-0.6170533478  
-2.352849446  
-2.527926932  
-1.415213499  
0.3019108106  
1.807565496  
2.458169165  
2.004769328  
0.6563702367  
-1.033258524  
-2.408572612  
-2.99164651  
-2.691743128  
-1.864171441  
-1.191933026  
-1.427862909  
-3.086519248  
-6.195942336  
-10.20216469  
-14.06978115  
-16.55673649  
-16.58258074  
-13.57644548  
-7.694726205  
0.1626813634  
8.547443292  
15.81533595  
20.53619677  
21.84638732  
19.64861104  
14.61055709  
7.972163933  
1.222847313  
-4.259573992  
-7.514147183  
-8.175912422  
-6.498515592  
-3.23285142  
0.592196872  
3.924437089  
5.918029032  
6.093804471  
4.408669716  
1.234326758  
-2.73866658  
-6.647129453  
-9.625021906  
-10.97066517  
-10.2868189  
-7.571019968  
-3.237344723  
1.941246691  
6.967885684  
10.81493874  
12.63939196  
11.97340594  
8.842771129  
3.779214113  
-2.28291374  
-8.205100798  
-12.89142766  
-15.5224497  
-15.71785396  
-13.58943944  
-9.676963304  
-4.791764703  
0.1832479938  
4.4810378  
7.579258677  
9.247855794  
9.520739944  
8.619226933  
6.864278146  
4.608673239  
2.202927277  
-0.01186334951  
-1.705727735  
-2.579763897  
-2.416597073  
-1.153559754  
1.048863552  
3.780401073  
6.426739632  
8.295739211  
8.801064394  
7.651788227  
4.983244537  
1.373473464  
-2.278932752  
-4.995001492  
-6.009507474  
-5.028831188  
-2.364546415  
1.112691646  
4.20000269  
5.711817688  
4.849770167  
1.477365082  
-3.792353506  
-9.732829458  
-14.83107896  
-17.71176038  
-17.53110259  
-14.22053591  
-8.505259577  
-1.692735564  
4.702457131  
9.380786667  
11.59812198  
11.32434125  
9.180893905  
6.189343229  
3.421791688  
1.670810367  
1.243428218  
1.936397168  
3.185468767  
4.322505203  
4.840963466  
4.573331146  
3.721180335  
2.735378494  
2.099883908  
2.107111202  
2.714253144  
3.537963126  
3.991812928  
3.516286724  
1.815120363  
-0.9925140988  
-4.365208232  
-7.487038675  
-9.52265364  
-9.892585555  
-8.472547234  
-5.645678227  
-2.187574207  
0.977822048  
3.068255644  
3.680175699  
2.892968834  
1.207823653  
-0.6529225404  
-2.011491993  
-2.469322443  
-2.027667922  
-1.054034981  
-0.1114016714  
0.2822430017  
-0.1289888656  
-1.22926677  
-2.572770806  
-3.563422504  
-3.705971164  
-2.832224356  
-1.21169406  
0.5044822872  
1.497237382  
1.082252233  
-1.004519082  
-4.445355277  
-8.372824686  
-11.6007582  
-12.99016134  
-11.83532599  
-8.141338131  
-2.693034873  
3.121077069  
7.688301891  
9.645718774  
8.305297515  
3.897227182  
-2.448959739  
-8.987412244  
-13.82517496  
-15.44321516  
-13.11911848  
-7.130904611  
1.313759187  
10.39853482  
18.17465036  
23.05675779  
24.20299964  
21.68283065  
16.40033874  
9.809873091  
3.514662558  
-1.136717989  
-3.351011153  
-3.020765155  
-0.6696017141  
2.752538463  
6.154259841  
8.586453327  
9.455232811  
8.622339339  
6.385123603  
3.35817588  
0.2973800472  
-2.087144915  
-3.288755254  
-3.104923857  
-1.667999088  
0.5932526672  
3.050213322  
5.010248523  
5.867501249  
5.240879186  
3.071108209  
-0.3468806314  
-4.409558023  
-8.325712894  
-11.29107181  
-12.67832789  
-12.19526304  
-9.966951789  
-6.514588622  
-2.630183101  
0.8238742601  
3.137657478  
3.936588385  
3.270775232  
1.582828475  
-0.4381422758  
-2.073987039  
-2.801190101  
-2.452393792  
-1.265602567  
0.1947966309  
1.221139616  
1.192917196  
-0.2174502655  
-2.927830846  
-6.455044993  
-10.04597067  
-12.88988123  
-14.34603595  
-14.11705998  
-12.31721771  
-9.419048792  
-6.100459074  
-3.044592149  
-0.7572179743  
0.5429655211  
0.9326109472  
0.697477348  
0.1899759477  
-0.3140641326  
-0.7066664067  
-1.055595841  
-1.529334281  
-2.271215726  
-3.274675632  
-4.312855578  
-4.957715475  
-4.692287548  
-3.085348414  
0.027610092  
4.420788033  
9.461796924  
14.22146569  
17.68924407  
19.03853832  
17.86690612  
14.33855646  
9.181430845  
3.53131178  
-1.340837224  
-4.347406085  
-4.862618996  
-2.88420004  
0.9673934872  
5.61346668  
9.801565688  
12.43327128  
12.84692431  
10.97992263  
7.368770568  
2.989987358  
-1.011691962  
-3.631542111  
-4.265148621  
-2.851845988  
0.1333311276  
3.830769424  
7.242658084  
9.502103232  
10.08923171  
8.937108154  
6.404739811  
3.134131084  
-0.1584712256  
-2.890298384  
-4.756058677  
-5.768890578  
-6.193691093  
-6.403223125  
-6.711429028  
-7.243888742  
-7.890721005  
-8.357488119  
-8.294640978  
-7.457671271  
-5.83800539  
-3.713322584  
-1.592867562  
-0.06976566775  
0.3738422573  
-0.456461189  
-2.371908073  
-4.825633292  
-7.059034511  
-8.329286278  
-8.14842852  
-6.456631677  
-3.669656469  
-0.5783635221  
1.87518446  
2.879997409  
2.0107901  
-0.6251044459  
-4.397042423  
-8.317463351  
-11.31751363  
-12.54983635  
-11.62771718  
-8.729453634  
-4.53852463  
-0.04071227068  
3.75768806  
6.10417707  
6.686039894  
5.677641015  
3.643931753  
1.339769961  
-0.5254630788  
-1.48255355  
-1.399947166  
-0.4637709008  
0.9394570269  
2.386355352  
3.564294524  
4.352333713  
4.813533593  
5.111722586  
5.394121394  
5.692648343  
5.887449186  
5.750113082  
5.051181483  
3.689274236  
1.787998166  
-0.283970544  
-1.987477087  
-2.765201097  
-2.224532706  
-0.2892448664  
2.735086983  
6.21051611  
9.322448785  
11.29754549  
11.61809417  
10.16689508  
7.258075122  
3.545078895  
-0.1645699911  
-3.129836437  
-4.865095812  
-5.243004334  
-4.486214266  
-3.058938315  
-1.499727667  
-0.2522851207  
0.4530362552  
0.6351894769  
0.5136984202  
0.4008515306  
0.5773157586  
1.194414687  
2.232392052  
3.521197755  
4.807780674  
5.839464793  
6.43143013  
6.496871052  
6.036210818  
5.099091386  
3.742915432  
2.010784917  
-0.05947869366  
-2.399912214  
-4.869847761  
-7.231880584  
-9.167289789  
-10.33712216  
-10.4760915  
-9.490279338  
-7.523116535  
-4.96042774  
-2.363189692  
-0.3402166862  
0.6057454922  
0.2137519565  
-1.459615704  
-4.049548688  
-6.976909921  
-9.600491869  
-11.38349523  
-12.02611098  
-11.52693025  
-10.15826062  
-8.366535191  
-6.631029681  
-5.324628635  
-4.617350619  
-4.447677432  
-4.56465502  
-4.622131848  
-4.292337862  
-3.363145501  
-1.791634555  
0.2973525022  
2.660983066  
5.015733774  
7.115325518  
8.805262214  
10.04024797  
10.8640771  
11.36382896  
11.61723456  
11.65253976  
11.43439955  
10.87987247  
9.898418946  
8.442193246  
6.549744905  
4.367964531  
2.14309721  
0.1800744897  
-1.221830552  
-1.842042719  
-1.601794448  
-0.5993965019  
0.8949906078  
2.488688831  
3.752516935  
4.325251118  
4.010986163  
2.842282338  
1.087910905  
-0.8032004985  
-2.31299952  
-2.99445722  
-2.603364476  
-1.182486055  
0.9311380648  
3.184690786  
4.957433938  
5.738552606  
5.282793201  
3.694317601  
1.407829764  
-0.9336998802  
-2.672502218  
-3.343334696  
-2.829186925  
-1.412292359  
0.3017542091  
1.56906357  
1.747283256  
0.5148336687  
-2.003051435  
-5.247367885  
-8.38007931  
-10.53695778  
-11.10095956  
-9.908625141  
-7.320399138  
-4.127504576  
-1.320130841  
0.2127964367  
-0.04179310528  
-2.059788227  
-5.284177483  
-8.794496972  
-11.58761278  
-12.87994137  
-12.33443687  
-10.14088347  
-6.926654222  
-3.53131837  
-0.7231292302  
1.046504813  
1.768745016  
1.843724405  
1.903244459  
2.555021926  
4.140379162  
6.59199081  
9.442743627  
11.98331503  
13.51326555  
13.59662726  
12.23017687  
9.86202404  
7.24975422  
5.203714486  
4.302282212  
4.677974076  
5.951176253  
7.339570698  
7.912067948  
6.906325645  
4.005791093  
-0.5166354878  
-5.838891305  
-10.80541587  
-14.25291355  
-15.3454727  
-13.81552725  
-10.03758943  
-4.915008573  
0.3815269056  
4.740317778  
7.399521128  
8.117717898  
7.180805915  
5.25509964  
3.143563712  
1.528368057  
0.7808250907  
0.8918497928  
1.532889017  
2.214126568  
2.477855414  
2.058794205  
0.9603140912  
-0.5715219503  
-2.1577164  
-3.434178138  
-4.182383205  
-4.397810726  
-4.276148704  
-4.127313  
-4.251793932  
-4.824584076  
-5.826286096  
-7.042352568  
-8.126998456  
-8.707246754  
-8.491603773  
-7.349829898  
-5.343054097  
-2.701544293  
0.236226262  
3.100287356  
5.558706794  
7.364684222  
8.377020812  
8.559309015  
7.967663228  
6.735230074  
5.056380346  
3.167743738  
1.321058785  
-0.2545027093  
-1.396055744  
-2.044935195  
-2.263192486  
-2.216031965  
-2.117527439  
-2.151139758  
-2.389362969  
-2.742692707  
-2.963019239  
-2.71078229  
-1.673016856  
0.3016166659  
3.096540662  
6.292429513  
9.227900706  
11.15036032  
11.42058149  
9.712617735  
6.145996777  
1.302984005  
-3.883935136  
-8.349835762  
-11.1621836  
-11.75770446  
-10.08250107  
-6.59456606  
-2.128995766  
2.332511515  
5.918166899  
8.072966183  
8.658409379  
7.92339389  
6.366316063  
4.541875808  
2.880587005  
1.579940918  
0.5975132636  
-0.2617124686  
-1.205237876  
-2.31937568  
-3.496828834  
-4.455758955  
-4.844895422  
-4.395245173  
-3.059481284  
-1.082001087  
1.034000163  
2.6595308  
3.233076393  
2.450211969  
0.383513935  
-2.5123953  
-5.518195654  
-7.855904708  
-8.918998539  
-8.452390815  
-6.623455676  
-3.960749431  
-1.180868681  
1.039086281  
2.267902701  
2.437746881  
1.835453179  
0.9735884062  
0.388354212  
0.4361790874  
1.160965619  
2.279011692  
3.287282565  
3.657139878  
3.044776784  
1.442459382  
-0.7861291837  
-3.003841174  
-4.502459661  
-4.743373534  
-3.554857553  
-1.216285496  
1.604322458  
4.044795993  
5.316085773  
4.957283025  
2.994974186  
-0.04721742327  
-3.295695573  
-5.787051302  
-6.761038858  
-5.894728745  
-3.404260252  
0.01796250994  
3.411037935  
5.833420234  
6.641546461  
5.673811362  
3.285308851  
0.2260837923  
