-3.084152379  
-5.058048424  
-6.812815511  
-7.796105325  
-7.64570542  
-6.325482401  
-4.156024267  
-1.723693361  
0.3059107703  
1.409274815  
1.385520838  
0.4318673654  
-0.9163194353  
-1.965460186  
-2.106464119  
-1.039473063  
1.096614531  
3.737328937  
6.049462186  
7.184673137  
6.549912302  
4.007683914  
-0.05917150053  
-4.840446552  
-9.320933004  
-12.56277336  
-13.96009574  
-13.38850516  
-11.20718542  
-8.119186079  
-4.940241621  
-2.353188332  
-0.7257407828  
-0.04444312318  
0.02340801467  
-0.0287737402  
0.2594558901  
1.155923713  
2.662811974  
4.548651194  
6.464689707  
8.095010417  
9.279503572  
10.0612322  
10.64043415  
11.25426803  
12.03172043  
12.8846855  
13.48520692  
13.34825354  
12.00006641  
9.177648329  
4.988402135  
-0.03351662051  
-5.006977811  
-8.908764781  
-10.84948208  
-10.33883353  
-7.456432138  
-2.868886513  
2.321029503  
6.856258231  
9.65989957  
10.12532989  
8.275942325  
4.74588256  
0.5860616874  
-3.048114644  
-5.235118807  
-5.551514266  
-4.183788909  
-1.85520397  
0.4095341997  
1.610431543  
1.090753895  
-1.248079575  
-4.900134917  
-8.891728876  
-12.06143932  
-13.4009851  
-12.35684089  
-9.004099218  
-4.041839723  
1.388663153  
6.010252955  
8.752799762  
9.035492813  
6.910281518  
3.02947456  
-1.548611309  
-5.656240535  
-8.328458384  
-9.042879734  
-7.823562126  
-5.187308905  
-1.957424763  
0.9927965866  
2.987408845  
3.713929944  
3.26493677  
2.052460484  
0.6319934737  
-0.5009121109  
-1.073211583  
-1.104874742  
-0.8686443345  
-0.7583078178  
-1.114992343  
-2.074321363  
-3.489238988  
-4.957064961  
-5.943465496  
-5.962743954  
-4.753843491  
-2.391851465  
0.7048924731  
3.878042291  
6.412521434  
7.742799768  
7.61699637  
6.166669178  
3.860406294  
1.356772779  
-0.6955194603  
-1.845691975  
-1.957602014  
-1.219799248  
-0.04982885881  
1.070787353  
1.771571451  
1.916111481  
1.630181793  
1.225960866  
1.051147813  
1.31983543  
1.990640375  
2.742964991  
3.06878381  
2.455848491  
0.6028778378  
-2.409312001  
-6.057972426  
-9.464410739  
-11.61355726  
-11.64887429  
-9.154487241  
-4.333601842  
1.98156095  
8.50426968  
13.81207208  
16.72311114  
16.62176788  
13.63641632  
8.61317496  
2.888964471  
-2.073378244  
-5.08358823  
-5.541231409  
-3.581023157  
-0.006776580248  
3.962542092  
7.055924814  
8.313359831  
7.342576723  
4.398647382  
0.2715291608  
-3.974549909  
-7.322860665  
-9.085680725  
-9.06231651  
-7.534210028  
-5.112201452  
-2.498228315  
-0.2482005876  
1.382888135  
2.465591847  
3.290902977  
4.182927552  
5.306027399  
6.544282501  
7.504088672  
7.644696483  
6.492916289  
3.864052985  
0.004240356792  
-4.407291303  
-8.410896564  
-11.0348223  
-11.59658952  
-9.938079646  
-6.511494633  
-2.278737065  
1.553096634  
3.882523313  
4.042056018  
1.999226851  
-1.636082275  
-5.802989195  
-9.320287601  
-11.25103355  
-11.1836705  
-9.338694332  
-6.467044025  
-3.575027056  
-1.568699195  
-0.9380483939  
-1.588724917  
-2.880051511  
-3.858489987  
-3.608869811  
-1.604081879  
2.068034505  
6.682621928  
11.07491213  
13.99685132  
14.51819702  
12.33923035  
7.90868178  
2.303160088  
-3.097238477  
-7.034030934  
-8.757999957  
-8.251471116  
-6.210300109  
-3.789300821  
-2.193350804  
-2.24874149  
-4.097759522  
-7.120779272  
-10.11650126  
-11.68640581  
-10.70167459  
-6.702042208  
-0.09616860693  
7.904580578  
15.60245054  
21.28382063  
23.69954354  
22.40856282  
17.88239822  
11.34429958  
4.399565101  
-1.423468947  
-5.079011545  
-6.235877  
-5.276209565  
-3.077772904  
-0.6650620639  
1.148237363  
2.006965664  
2.077175298  
1.914522021  
2.195657695  
3.414243109  
5.651715362  
8.503638675  
11.18674748  
12.78883916  
12.57535411  
10.24812879  
6.069171554  
0.8082674322  
-4.468269976  
-8.698905763  
-11.12226858  
-11.47517225  
-10.03624773  
-7.509073703  
-4.789631985  
-2.696567294  
-1.749464112  
-2.059127999  
-3.35346913  
-5.117211508  
-6.788776849  
-7.943951026  
-8.406787704  
-8.258058867  
-7.749446977  
-7.163959382  
-6.679177995  
-6.285424054  
-5.788242529  
-4.892738978  
-3.337427269  
-1.027785399  
1.880176326  
4.97869542  
7.69396134  
9.434223624  
9.755533018  
8.494455738  
5.827585202  
2.240107407  
-1.587318699  
-4.940787419  
-7.239310382  
-8.160750261  
-7.696860488  
-6.127837342  
-10.06255239  
-13.25596874  
-15.08287902  
-15.13381953  
-13.3311723  
-9.975066299  
-5.704161976  
-1.37230933  
2.135630986  
4.107491161  
4.17674746  
2.418455177  
-0.6612583068  
-4.244961812  
-7.406543228  
-9.34613034  
-9.594992083  
-8.133498066  
-5.386931799  
-2.097264234  
0.8952468021  
2.899071178  
3.574508204  
3.030553495  
1.782894777  
0.5814941626  
0.1569986411  
0.9629442865  
2.996020839  
5.756557702  
8.370683674  
9.84568821  
9.386387907  
6.676512915  
2.034227834  
-3.615387301  
-8.954584937  
-12.62017806  
-13.58640996  
-11.47044165  
-6.666108513  
-0.2599240682  
6.252528828  
11.37088305  
13.99795846  
13.73110695  
10.95036434  
6.677693274  
2.251125891  
-1.08555609  
-2.551021581  
-2.039195104  
-0.1122563983  
2.221261488  
3.870392028  
4.049463201  
2.563614113  
-0.1018285751  
-2.91980656  
-4.646729231  
-4.233268428  
-1.191003413  
4.202453942  
10.92793171  
17.47610029  
22.253047  
24.0199121  
22.23633008  
17.207273  
9.993013425  
2.113206013  
-4.863750389  
-9.72400706  
-11.88909599  
-11.50083827  
-9.298759436  
-6.341016837  
-3.663557855  
-1.984526221  
-1.539584223  
-2.087289696  
-3.06782646  
-3.85135023  
-3.988215669  
-3.378547862  
-2.309754434  
-1.355969636  
-1.178025659  
-2.292205469  
-4.88243951  
-8.713258543  
-13.16703288  
-17.39031498  
-20.50304983  
-21.8098681  
-20.95724816  
-18.00096153  
-13.37638957  
-7.790699559  
-2.072732808  
2.979798304  
6.724288678  
8.751761493  
8.918564307  
7.340209764  
4.359375208  
0.4969344486  
-3.610731594  
-7.288709911  
-9.914301502  
-11.01494428  
-10.35806185  
-8.011026706  
-4.349125681  
0.002166768638  
4.288527547  
7.790273382  
9.990579294  
10.70397552  
10.12665573  
8.788462556  
7.413023807  
6.719167167  
7.215927464  
9.048168147  
11.93840701  
15.24501757  
18.12479371  
19.75807662  
19.57576864  
17.42551539  
13.62972549  
8.917090495  
4.24357604  
0.549187153  
-1.48523476  
-1.616374873  
-0.1039057201  
2.355283122  
4.807835176  
6.293165237  
6.096526934  
3.940182683  
0.06271778291  
-4.834380796  
-9.759636176  
-13.67967644  
-15.77866379  
-15.66232134  
-13.45382439  
-9.757297113  
-5.499033193  
-1.688958988  
0.8341448513  
1.605932903  
0.6347573627  
-1.629604202  
-4.445301048  
-7.001236245  
-8.648148738  
-9.070803746  
-8.351763793  
-6.909924064  
-5.335136098  
-4.172488265  
-3.72608348  
-3.946980554  
-4.444052271  
-4.617542392  
-3.874859616  
-1.859397885  
1.384185959  
5.367663747  
9.261942928  
12.12063444  
13.15966425  
12.00657501  
8.838576408  
4.36011936  
-0.3802501575  
-4.282981045  
-6.513062336  
-6.740666045  
-5.230329956  
-2.748353628  
-0.3150844726  
1.121349463  
0.9868467133  
-0.7378752866  
-3.516390623  
-6.436780533  
-8.515226021  
-9.024090327  
-7.736247698  
-5.003532282  
-1.640908961  
1.347960682  
3.114537977  
3.264313094  
2.008912325  
0.1159762821  
-1.33283485  
-1.30134576  
0.8393257721  
5.065644524  
10.6570947  
16.3727189  
20.7981171  
22.75638826  
21.65445095  
17.65548345  
11.62317346  
4.856182514  
-1.301511309  
-5.849395507  
-8.394508538  
-9.208670999  
-9.065229396  
-8.914454235  
-9.510031574  
-11.11480792  
-13.38724293  
-15.48921041  
-16.38090069  
-15.20476795  
-11.62840993  
-6.027503866  
0.5594445848  
6.698594392  
10.97134801  
12.40045741  
10.7565062  
6.645598693  
1.347131435  
-3.551113123  
-6.610025633  
-6.949507675  
-4.488907061  
0.05164953579  
5.383520222  
10.03853342  
12.79265359  
12.99642691  
10.7189517  
6.674272875  
1.968113804  
-2.244061426  
-5.075804975  
-6.110041147  
-5.432394572  
-3.508171706  
-0.9649554906  
1.631287075  
3.925590409  
5.803709515  
7.307253482  
8.485114516  
9.2563108  
9.353192895  
8.37998155  
5.972660516  
2.000966035  
-3.270705834  
-9.139175523  
-14.57326397  
-18.46223783  
-19.93145052  
-18.62301334  
-14.84214088  
-9.508441072  
-3.913710839  
0.6463077269  
3.252434404  
3.631225532  
2.220954521  
0.006946181709  
-1.824858856  
-2.304499548  
-1.025798846  
1.694850758  
4.908985864  
7.353508711  
7.894968977  
5.953656831  
1.761611754  
-3.641367357  
-8.685576203  
-11.74408835  
-11.65355352  
-8.114843684  
-1.83853365  
5.621315527  
12.30263939  
16.40995714  
16.85054205  
13.56345352  
7.536192999  
0.5016356363  
-5.590830675  
-9.164061103  
-9.477057914  
-6.81934087  
-2.378012073  
2.175302206  
5.240750814  
5.808211312  
3.769541434  
-0.07351139675  
-4.3039182  
-7.385268027  
-8.192044488  
-6.396860257  
-2.584963273  
1.942785338  
5.613944028  
7.128333033  
5.92036035  
2.383607559  
-2.221721901  
-6.15475213  
-7.753122846  
-5.987281576  
-0.8307734647  
6.675846933  
14.69370247  
21.10810648  
24.14585194  
22.89790813  
17.58739725  
9.501778481  
0.6119403969  
-7.003307816  
-11.75084309  
-12.95580775  
-11.00648815  
-7.175496266  
-3.180817711  
-0.6283232543  
-0.5098311451  
-2.909012844  
-6.999612854  
-11.32837915  
-14.2882263  
-14.63145541  
-11.86503316  
-6.410319517  
0.515229786  
7.251521642  
12.17199282  
14.13718661  
12.79261471  
8.62980361  
2.803517737  
-3.228638828  
-8.12838887  
-11.03247567  
-11.74068186  
-10.69152283  
-8.74814802  
-6.873813304  
-5.805891724  
-5.83138039  
-6.729379353  
-7.88927207  
-8.556522392  
-8.11860137  
-6.333562451  
-3.425470258  
-0.01654954796  
3.079652775  
5.133958749  
5.753560013  
5.025393213  
3.501321132  
2.026922869  
1.466869347  
2.414374256  
4.978838639  
8.722475785  
12.7702173  
16.06235634  
17.67340349  
17.09815892  
14.41466432  
10.27097568  
5.697430178  
1.800881627  
-0.564789956  
-1.049203515  
0.1016039621  
2.139288247  
4.064760378  
4.957347758  
4.276575497  
2.039762483  
-1.182082408  
-4.449443987  
-6.761581489  
-7.387097734  
-6.110712888  
-3.315634795  
0.1264531222  
3.123615573  
4.70454585  
4.322684342  
2.025832841  
-1.562965857  
-5.446304194  
-8.569086731  
-10.14779308  
-9.905764572  
-8.139658054  
-5.598347255  
-3.21765103  
-1.801337474  
-1.755692024  
-2.965636189  
-4.851906524  
-6.587272614  
-7.396160913  
-6.834272513  
-4.952149237  
-2.286497127  
0.3181123517  
1.996949854  
2.164789408  
0.7260951473  
-1.87564539  
-4.78677719  
-7.008427308  
-7.710509528  
-6.492375559  
-3.506434175  
0.5926170333  
4.852668595  
8.313310029  
10.28418035  
10.52464535  
9.272853827  
7.123975049  
4.807076746  
2.940796112  
1.850269384  
1.501913771  
1.568992986  
1.594940525  
1.189582685  
0.1857989571  
-1.297489163  
-2.903534297  
-4.173819691  
-4.717957571  
-4.353702921  
-3.167287319  
-1.475361654  
0.2931868011  
1.748809028  
2.669156081  
3.057204586  
3.111393533  
3.123037249  
3.343048233  
3.870388116  
4.605020285  
5.282867221  
5.578822838  
5.238277817  
4.1872069  
2.579055693  
0.7602894843  
-0.8337209506  
-1.815728418  
-1.968586523  
-1.310560294  
-0.0835320852  
1.328655648  
2.520504739  
3.180869886  
3.166231122  
2.510855451  
1.377962647  
-0.02262527943  
-1.514549155  
-3.000980695  
-4.461250059  
-5.904376962  
-7.304024574  
-8.547242987  
-9.423712383  
-9.665547304  
-9.026662779  
-7.373861323  
-4.755426665  
-1.419878485  
2.22498358  
5.701418929  
8.570991848  
10.52877169  
11.45378807  
11.40352819  
10.56026634  
9.153285268  
7.387218771  
5.401209206  
3.268982972  
1.032477394  
-1.251667893  
-3.477391799  
-5.484245636  
-7.086130326  
-8.122336724  
-8.509164651  
-8.269823541  
-7.529191021  
-6.474857412  
-5.300211937  
-4.152906967  
-3.10950177  
-2.185424667  
-1.373333566  
-0.6896325772  
-0.2041989727  
-0.03497269587  
-0.304571608  
-1.074426874  
-2.284915092  
-3.731688618  
-5.096702646  
-6.031359518  
-6.266629882  
-5.710332057  
-4.491998851  
-2.932227491  
-1.440800484  
-0.3763825492  
0.08158986338  
-0.001311829415  
-0.3405437708  
-0.5460920291  
-0.2840023184  
0.5756497351  
1.885630799  
3.259824093  
4.217935184  
4.388450295  
3.693318269  
2.436859991  
1.250668088  
0.897245975  
1.990088283  
4.726613602  
8.736229753  
13.11433052  
16.65195888  
18.20099946  
17.06019846  
13.24977227  
7.570306234  
1.408854013  
-3.660197026  
-6.358221696  
-6.112320546  
-3.251721959  
1.084009258  
5.304862146  
7.886629009  
7.874797764  
5.206382984  
0.7369221996  
-4.042721233  
-7.509921659  
-8.467369788  
-6.565020739  
-2.440803846  
2.472990539  
6.41771696  
7.896756582  
6.187335661  
1.602501425  
-4.5873016  
-10.54972191  
-14.47328512  
-15.14531916  
-12.33525409  
-6.860213718  
-0.316832557  
5.425687989  
8.79963891  
8.991429136  
6.131785581  
1.17652833  
-4.462507098  
-9.394949417  
-12.66751549  
-13.97998905  
-13.64393349  
-12.32444445  
-10.68379695  
-9.077519376  
-7.426401958  
-5.313958312  
-2.2658808  
1.908294096  
6.861392327  
11.66462096  
15.01824259  
15.6633324  
12.85786612  
6.743862694  
-1.541943861  
-10.08062367  
-16.66433723  
-19.42833261  
-17.42475844  
-10.95151365  
-1.522539129  
8.521764327  
16.65097778  
20.8368636  
20.09411142  
14.71248716  
6.122473151  
-3.549175166  
-12.08585147  
-17.76081372  
-19.72335141  
-18.09761642  
-13.79782996  
-8.151231543  
-2.469906847  
2.289282723  
5.685463034  
7.757488218  
8.843178773  
9.34921189  
9.568780275  
9.60902389  
9.435185632  
8.986886563  
8.294484912  
7.529805841  
6.961106563  
6.830503021  
7.212100524  
7.92303432  
8.541146789  
8.538983365  
7.492162426  
5.28251582  
2.209388691  
-1.049008546  
-3.627734114  
-4.763618675  
-4.080252601  
-1.762141706  
1.456026937  
4.495853247  
6.277038709  
6.081402656  
3.81176327  
0.04988880916  
-4.115197462  
-7.437319927  
-8.926382034  
-8.184387318  
-5.547657041  
-1.983835416  
1.224008562  
2.900514825  
2.365890364  
-0.3416134097  
-4.481278502  
-8.854484036  
-12.19163712  
-13.54886911  
-12.58268805  
-9.617284818  
-5.49364701  
-1.26500799  
2.147298564  
4.216767161  
4.909264021  
4.596318234  
3.834158681  
3.10520551  
2.626866504  
2.299909471  
1.809264235  
0.8272550491  
-0.7726066448  
-2.787651863  
-4.705960212  
-5.876128243  
-5.766500104  
-4.213175191  
-1.554091384  
1.415410084  
3.665189821  
4.263231754  
2.705717961  
-0.8738381646  
-5.696567396  
-10.54351144  
-14.11202722  
-15.40775161  
-14.0428594  
-10.34271668  
-5.228606332  
0.07991842465  
4.439493154  
7.108107811  
7.916692684  
7.240468926  
5.795260526  
4.34397301  
3.425045087  
3.19965032  
3.464095025  
3.808547927  
3.847384391  
3.421333581  
2.686047171  
2.049620969  
1.984108414  
2.788912932  
4.40631207  
6.372328573  
7.935472979  
8.31062673  
6.980043148  
3.929722205  
-0.2730558994  
-4.601535751  
-7.860375766  
-9.05325053  
-7.703961777  
-4.020465279  
1.156661971  
6.606316308  
11.09570173  
13.74229131  
14.2489526  
12.93767624  
10.5785415  
8.081562729  
6.16526765  
5.120377827  
4.749359019  
4.49648572  
3.713135553  
1.954151899  
-0.8087411382  
-4.13840262  
-7.268551527  
-9.37573158  
-9.88680505  
-8.707776726  
-6.287253938  
-3.487179103  
-1.303083619  
-0.5305647977  
-1.494817171  
-3.938312063  
-7.106283081  
-10.00036382  
-11.71208639  
-11.72093828  
-10.0552842  
-7.263521321  
-4.209530423  
-1.767104501  
-0.521526289  
-0.5812322505  
-1.561791124  
-2.74272004  
-3.337606227  
-2.780312195  
-0.927477436  
1.890165258  
4.980293569  
7.520689648  
8.825984613  
8.556908798  
6.803861056  
4.024090002  
0.8642334635  
-2.061235771  
-4.353649  
-5.912524401  
-6.894487507  
-7.574019728  
-8.167880866  
-8.697034477  
-8.943746038  
-8.523798385  
-7.048323718  
-4.314056336  
-0.4476499113  
4.056001323  
8.424783942  
11.80713605  
13.51513692  
13.23354313  
11.12453382  
7.791282819  
4.109277354  
0.9773126711  
-0.9342703286  
-1.360457873  
-0.4908938901  
1.119531303  
2.746239555  
3.731821946  
3.688968133  
2.607906098  
0.8392404949  
-1.036649066  
-2.407751781  
-2.831293813  
-2.174692439  
-0.6553271966  
1.229243202  
2.85525517  
3.661371023  
3.314319145  
1.80354471  
-0.5599637672  
-3.23629306  
-5.610023174  
-7.157852128  
-7.582106935  
-6.874018318  
-5.292412215  
-3.26829645  
-1.26658877  
0.3527389003  
1.433081082  
2.051154119  
2.47121418  
3.038817968  
4.047497337  
5.620096754  
7.642538867  
9.772569136  
11.52349502  
12.39975986  
12.04421928  
10.35184766  
7.513323555  
3.972610216  
0.3093492866  
-2.918873167  
-5.325187421  
-6.785287867  
-7.442288492  
-7.622527968  
-7.690867847  
-7.895989553  
-8.261952033  
-8.568458588  
-8.432609715  
-7.468671857  
-5.471963468  
-2.559340012  
0.7916007392  
3.831622086  
5.741082232  
5.886102729  
4.047653181  
0.5433069874  
-3.809469267  
-7.890738648  
-10.58553191  
-11.11095928  
-9.26058673  
-5.484663056  
-0.7734797247  
3.627210215  
6.585120518  
7.421604222  
6.115992531  
3.307730869  
0.09285818664  
-2.323559824  
-3.011219585  
-1.614503084  
1.525597953  
5.465801183  
8.941626954  
10.74773679  
10.1003437  
6.872129664  
1.631611948  
-4.519227815  
-10.25384683  
-14.37941995  
-16.13740485  
-15.36310978  
-12.46895797  
-8.271748646  
-3.729475016  
0.3257489259  
3.3798257  
5.306828814  
6.313247376  
6.792181235  
7.146817958  
7.644106622  
8.341059599  
9.09618168  
9.648894179  
9.729840513  
9.160907513  
7.913896212  
6.115758492  
4.007831515  
1.879429266  
-0.0005467198112  
-1.436148092  
-2.333367862  
-2.707113287  
-2.672345808  
-2.424396956  
-2.209559824  
-2.283644341  
-2.857494952  
-4.03471231  
-5.755814227  
-7.769939375  
-9.654662689  
-10.89415514  
-11.00723053  
-9.695754721  
-6.968775697  
-3.196126946  
0.9395011945  
4.593557205  
6.980419103  
7.602527797  
6.415952603  
3.873671842  
0.8223479276  
-1.725767961  
-2.882129182  
-2.145255512  
0.4447486173  
4.311268188  
8.506643776  
11.98722594  
13.91168434  
13.86919441  
11.96825405  
8.764098417  
5.056585823  
1.632207101  
-0.9609269749  
-2.53265858  
-3.233902982  
-3.423278626  
-3.478773423  
-3.632823831  
-3.895361311  
-4.090747066  
-3.98629873  
-3.451294752  
-2.571811799  
-1.663941464  
-1.170148973  
-1.474008284  
-2.707334482  
-4.634184849  
-6.672364318  
-8.062279249  
-8.133706143  
-6.576137097  
-3.606738416  
0.04104287191  
3.324023012  
5.233732244  
5.164072696  
3.168116594  
-0.0008931281892  
-3.099057363  
-4.798009891  
-4.158286741  
-1.006088493  
3.92837184  
9.178318783  
12.97821345  
13.83928393  
11.07387756  
5.086025105  
-2.684595568  
-10.1657332  
-15.28545284  
-16.63459671  
-13.94030344  
-8.186923495  
-1.332535632  
4.298088253  
6.754082725  
5.094134561  
-0.2914606978  
-7.781619433  
-15.02055355  
-19.652399  
-20.05937909  
-15.86697224  
-8.055766986  
1.351962487  
9.925258743  
15.56956164  
17.14427311  
14.75985412  
9.670651618  
3.813259376  
-0.8458986954  
-2.934024315  
-2.064990262  
1.114802545  
5.224151352  
8.670217176  
10.2089461  
9.35092039  
6.482609664  
2.676640004  
-0.7270604372  
-2.611716665  
-2.47031799  
-0.5567467373  
2.242082028  
4.756586282  
5.97417717  
5.408054938  
3.265273537  
0.3595713247  
-2.193277541  
-3.383545345  
-2.671320216  
-0.1776774298  
3.360727592  
6.852428467  
9.230600455  
9.815186423  
8.531260161  
5.911051752  
2.885016005  
0.4411601061  
-0.7241386408  
-0.4410495823  
0.8922114936  
2.470512116  
3.383548548  
2.948794389  
0.9585525491  
-2.242748304  
-5.873330617  
-8.976243958  
-10.73482555  
-10.73247406  
-9.070913483  
-6.313139794  
-3.278446811  
-0.7661207871  
0.6951358855  
0.9890368472  
0.4035786761  
-0.5144754849  
-1.183401273  
-1.206202008  
-0.5102568215  
0.6365790553  
1.731448691  
2.21983816  
1.689209886  
0.006675438447  
-2.641395101  
-5.813146632  
-8.948091308  
-11.52518866  
-13.18872271  
-13.80638669  
-13.45221272  
-12.33476947  
-10.70747975  
-8.798052877  
-6.779361703  
-4.781708185  
-2.926607817  
-1.353087081  
-0.2128815055  
0.3719394841  
0.3739486548  
-0.08282123696  
-0.7080249369  
-1.093352677  
-0.8214320752  
0.3937478785  
2.582207455  
5.458326314  
8.458484055  
10.87731364  
12.06883018  
11.65245266  
9.656202716  
6.544725027  
3.113932755  
0.2769600023  
-1.197004485  
-0.9108333888  
1.038501188  
4.085733954  
7.366646064  
9.98045359  
11.26382983  
10.98962714  
9.426144301  
7.236562628  
5.249666966  
4.175218761  
4.356781922  
5.644492347  
7.433069924  
8.857528352  
9.087334344  
7.625611429  
4.514891477  
0.3769884476  
-3.735255751  
-6.637674036  
-7.379756877  
-5.564179263  
-1.518993051  
3.738702188  
8.748193739  
11.99703133  
12.35044026  
9.393973593  
3.586391254  
-3.827908754  
-11.12914197  
-16.57236797  
-18.85313633  
-17.45772641  
-12.79892453  
-6.099142943  
0.9451214874  
6.620831303  
9.647265415  
9.489648737  
6.452442167  
1.53330187  
-3.910528504  
-8.577390276  
-11.59083196  
-12.71430806  
-12.35275741  
-11.3506816  
-10.66004203  
-10.99023276  
-12.55520177  
-14.99845972  
-17.51681864  
-19.13807821  
-19.05739219  
-16.91862983  
-12.94626119  
-7.883687743  
-2.758879492  
1.443980527  
4.09677932  
5.118919832  
4.98366749  
4.537151713  
4.690716864  
6.089976472  
8.872176937  
12.59413906  
16.35655306  
19.08482693  
19.87481853  
18.29022746  
14.51464926  
9.309548755  
3.793161038  
-0.8865958523  
-3.879158514  
-4.854938654  
-4.058816228  
-2.184517761  
-0.1195561496  
1.349518685  
1.773382794  
1.144578357  
-0.1541307322  
-1.527607242  
-2.401027005  
-2.421662766  
-1.56064818  
-0.08615673455  
1.571828977  
3.005943419  
3.990469959  
4.55369213  
4.938409482  
5.470400417  
6.391024376  
7.724174347  
9.234395309  
10.49686069  
11.05521395  
10.60702539  
9.142992371  
6.98075844  
4.672848778  
2.81600806  
1.829155244  
1.783042196  
2.349986786  
2.900954025  
2.723819193  
1.29022383  
-1.523570284  
-5.345195483  
-9.385282281  
-12.66987726  
-14.35354074  
-14.0089524  
-11.79231423  
-8.422739487  
-4.975165672  
-2.549757672  
-1.924085413  
-3.302472661  
-6.246358789  
-9.810229156  
-12.83968549  
-14.33433466  
-13.7570992  
-11.19009965  
-7.289238326  
-3.057112544  
0.4859554069  
2.620868343  
3.132879519  
2.3352526  
0.9126607006  
-0.3543764299  
-0.883200349  
-0.496061065  
0.5316394356  
1.596701887  
2.019897378  
1.332113468  
-0.5095650987  
-3.056026991  
-5.478667103  
-6.826299654  
-6.342075619  
-3.734310548  
0.6907038526  
6.080701496  
11.26067046  
15.05827936  
16.63033603  
15.69053702  
12.57220784  
8.113376044  
3.407187404  
-0.5002011754  
-2.871168004  
-3.424256513  
-2.336411339  
-0.1172579917  
2.587960885  
5.193472969  
7.30246952  
8.738504978  
9.486213183  
9.582653733  
9.016425497  
7.684395739  
5.429041555  
2.143549552  
-2.099017984  
-6.950805978  
-11.77866698  
-15.76049318  
-18.07254231  
-18.11676348  
-15.71769815  
-11.22213864  
-5.460989964  
0.4262665992  
5.261595212  
8.119530925  
8.557513893  
6.719915551  
3.286367978  
-0.7199973036  
-4.209007608  
-6.306172352  
-6.563794838  
-5.045759028  
-2.26928304  
0.9715861115  
3.84392716  
5.704488238  
6.255289141  
5.588091421  
4.1143405  
2.41054233  
1.031379032  
0.3480927272  
0.4576336443  
1.183330572  
2.158973056  
2.963738138  
3.262814638  
2.910331566  
1.986060952  
0.7596039772  
-0.4017181516  
-1.149299262  
-1.257215638  
-0.6837177092  
0.4244785114  
1.78132934  
3.044747501  
3.906653326  
4.163746823  
3.752103028  
2.742164275  
1.303248647  
-0.3456365179  
-1.981374258  
-3.407183493  
-4.46576268  
-5.041398128  
-5.061555323  
-4.506458245  
-3.428110073  
-1.971109765  
-0.380994852  
1.014770124  
1.861044297  
1.859504649  
0.8639690383  
-1.043229027  
-3.524671536  
-6.031810886  
-7.920441013  
-8.614925034  
-7.77852775  
-5.43876117  
-2.023755556  
1.711755068  
4.860442664  
6.59414343  
6.389991044  
4.18464657  
0.4080063787  
-4.118243816  
-8.391694643  
-11.49048867  
-12.80895487  
-12.1986429  
-9.974422857  
-6.787169141  
-3.405978664  
-0.480831454  
1.638605445  
2.972047724  
3.847659968  
4.736849383  
6.045217168  
7.933964063  
10.23452596  
12.48633305  
14.08436656  
14.48486866  
13.39721744  
10.89477917  
7.405691446  
3.586490642  
0.122287739  
-2.477395235  
-4.016876756  
-4.640176236  
-4.738023124  
-4.772042992  
-5.081453818  
-5.743731911  
-6.540942645  
-7.044834401  
-6.79023177  
-5.47304297  
-3.098734192  
-0.02332558117  
3.133561542  
5.67830958  
7.072539533  
7.122615079  
6.061479605  
4.49024555  
3.19424478  
2.891468779  
3.994769814  
6.465744591  
9.808052285  
13.20223258  
15.73809598  
16.67029583  
15.61750011  
12.64700643  
8.226213519  
3.066232399  
-2.084308489  
-6.626073939  
-10.22045381  
-12.80106673  
-14.49812342  
-15.51784134  
-16.03032984  
-16.10933066  
-15.74112935  
-14.88882057  
-13.57442491  
-11.93462403  
-10.21825745  
-8.720037751  
-7.674374581  
-7.153218842  
-7.014354887  
-6.929203998  
-6.488822976  
-5.354457664  
-3.398059106  
-0.777372027  
2.089110201  
4.646224984  
6.386749593  
7.032594724  
6.645850186  
5.624674206  
4.578511251  
4.120572109  
4.647147029  
6.181243143  
8.338518638  
10.43278279  
11.69011761  
11.50244933  
9.636190686  
6.325703841  
2.21968874  
-1.801927873  
-4.879930399  
-6.414012087  
-6.211717718  
-4.505454101  
-1.841422477  
1.112151608  
3.765532574  
5.747015177  
6.939813825  
7.416693893  
7.313021251  
6.701708768  
5.53016703  
3.651282683  
0.938452699  
-2.564420978  
-6.527827347  
-10.31909751  
-13.11185372  
-14.10358971  
-12.77725439  
-9.117902096  
-3.701613977  
2.389178579  
7.813810173  
11.3188208  
12.0783511  
9.924039982  
5.391306156  
-0.4337195158  
-6.219095916  
-10.74839874  
-13.22707511  
-13.4432902  
-11.74328706  
-8.843480539  
-5.553968052  
-2.513047106  
-0.02159205133  
1.974946751  
3.765514022  
5.672439075  
7.856204218  
10.20541989  
12.35512796  
13.82461998  
14.21784423  
13.40390838  
11.60145668  
9.327077365  
7.220459781  
5.808309508  
5.295872642  
5.468873578  
5.750610562  
5.4026571  
3.802953025  
0.7029387669  
-3.632163906  
-8.457961072  
-12.75806876  
-15.55954861  
-16.25113837  
-14.79343864  
-11.74415745  
-8.083451932  
-4.893401506  
-2.997974248  
-2.686335179  
-3.617022337  
-4.940806224  
-5.605943881  
-4.746319045  
-2.021956001  
2.205936567  
6.930881066  
10.77837728  
12.42163567  
11.00611363  
6.447885247  
-0.4908645066  
-8.376740065  
-15.48011764  
-20.23855264  
-21.67094741  
-19.62210103  
-14.77071376  
-8.406598501  
-2.050831396  
2.964229517  
5.832478334  
6.437624393  
5.308106668  
3.39220963  
1.7328692  
1.145055982  
1.989782716  
4.1028297  
6.88623344  
9.522331015  
11.23792301  
11.53766676  
10.34143098  
7.993016301  
5.146523581  
2.570094693  
0.9263419639  
0.5905877959  
1.55381289  
3.432014825  
5.575233713  
7.24470477  
7.811107275  
6.923128768  
4.603958123  
1.251313749  
-2.459746584  
-5.747734406  
-7.926442501  
-8.584855674  
-7.695740936  
-5.619877546  
-2.999821752  
-0.5681894294  
1.07753397  
1.667384765  
1.356460605  
0.6893657506  
0.4314771679  
1.309290152  
3.735234909  
7.605022331  
12.24102236  
16.5156569  
19.13445929  
19.00568658  
15.58933717  
9.11587039  
0.5970593276  
-8.389460585  
-16.09162339  
-21.04290192  
-22.45723526  
-20.43962354  
-15.94561603  
-10.49786825  
-5.74237155  
-2.97697774  
-2.793858898  
-4.942136049  
-8.447687216  
-11.94651037  
-14.12180534  
-14.10481645  
-11.7149269  
-7.470269468  
-2.377022034  
2.422024254  
6.015735534  
7.985287714  
8.47500372  
8.060371711  
7.472339409  
7.28639189  
7.694558911  
8.445299174  
8.972132364  
8.660287385  
7.147276461  
4.53795278  
1.44324671  
-1.184865924  
-2.374141437  
-1.499607775  
1.434789  
5.710090497  
10.04805637  
12.97264091  
13.26781188  
10.383871  
4.6553581  
-2.748825683  
-10.13647929  
-15.77210052  
-18.3770493  
-17.49291268  
-13.59462851  
-7.920623667  
-2.078451314  
2.444270061  
4.706090894  
4.542087279  
2.533524146  
-0.2600201106  
-2.704532304  
-3.987927201  
-3.873120171  
-2.72606123  
-1.318085847  
-0.481664326  
-0.7494933529  
-2.111536074  
-3.981751638  
-5.391117481  
-5.34223948  
-3.201783135  
1.009539394  
6.537495223  
12.06353658  
16.07687094  
17.33382679  
15.25722128  
10.14533238  
3.120090255  
-4.172809012  
-10.02027536  
-13.11440636  
-12.89772362  
-9.680310526  
-4.501701637  
1.209267344  
6.062984261  
9.090302568  
9.963239766  
8.99958314  
6.968536951  
4.777742836  
3.15516646  
2.433001749  
2.49846785  
2.914491096  
3.153150824  
2.847357815  
1.963412458  
0.8288744406  
0.004739946127  
0.04866585732  
1.256959318  
3.482902338  
6.104759953  
8.16635883  
8.65414424  
6.826272951  
2.488542398  
-3.875048527  
-11.16594205  
-17.91842229  
-22.66382406  
-24.30861581  
-22.41908983  
-17.33326212  
-10.07168398  
-2.076823926  
5.142046107  
10.35877387  
12.88277319  
12.65516961  
10.17819121  
6.314789955  
2.028205847  
-1.859794368  
-4.828232136  
-6.702751905  
-7.595120765  
-7.775148341  
-7.52921155  
-7.055435084  
-6.425315899  
-5.613457371  
-4.571316965  
-3.306356398  
-1.929082613  
-0.645577344  
0.3036002668  
0.7349080145  
0.6070450187  
0.06378762126  
-0.5875450676  
-0.960963829  
-0.715393042  
0.3235598369  
2.086529946  
4.258384761  
6.35799704  
7.87931594  
8.451545702  
7.96721779  
6.634374595  
4.930984531  
3.469732978  
2.81014811  
3.273699493  
4.819514359  
7.02281967  
9.169198594  
10.4434164  
10.16258363  
7.988066179  
4.054091731  
-1.027511715  
-6.293171898  
-10.65443496  
-13.16762563  
-13.27528813  
-10.95518427  
-6.736942014  
-1.581388865  
3.346335049  
6.951728553  
8.464578144  
7.609352544  
4.653481179  
0.3269143189  
-4.361389423  
-8.360555432  
-10.80922754  
-11.20798084  
-9.498140427  
-6.038011052  
-1.492771594  
3.327357412  
7.638551331  
10.8260989  
12.53274896  
12.68386767  
11.45654574  
9.21067115  
6.403975099  
3.510384454  
0.9540019566  
-0.9370030102  
-1.958529129  
-2.045245751  
-1.275240281  
0.135379244  
1.851454022  
3.45601263  
4.508256405  
4.619140261  
3.53399803  
1.205129753  
-2.165633704  
-6.131705693  
